-6.406385514459800312e-02
-1.057544596710955354e-01
-9.808132320450013708e-02
3.836843549581985258e-01
-1.513490200431792942e-01
2.678790552574392692e-01
-1.942576104498381362e-01
8.110702202320840826e-02
5.141575392002881717e-01
-7.983722443355811826e-01
-6.285422977198713568e-01
-6.088359711012070186e-01
8.340073075125058466e-01
3.158005747340819624e-02
5.005373199726734779e-01
-9.570702732749156727e-01
-5.238269943691735708e-01
-2.214251989261883935e-01
6.675454471148254409e-01
7.523679330512169638e-01
-6.796118953200929180e-01
-1.388974760979766465e-01
-1.537714943057746364e-01
-1.234515628838832590e-01
-1.184336770728304788e-01
6.906759578871703997e-01
-4.667056682249550725e-01
6.652717938035233036e-01
8.354271469926792815e-01
6.672650288425958642e-01
-5.032208122806096640e-01
-2.727263467099645400e-01
3.944388857653642333e-01
-1.678919881969476169e-01
8.538370237031616128e-01
-9.797851176751715130e-01
9.864269765133673040e-01
-5.696735853211958300e-01
-2.554871654058747943e-01
-2.376378137909771482e-01
2.536856592587459769e-01
8.905038209889661882e-01
-7.558022479912862579e-02
-2.565332116242236005e-02
6.970029837166666908e-01
-9.823273834468242427e-01
-5.093302200294536064e-01
3.516045664772757817e-01
-5.693133705119928223e-01
3.132710673809719903e-01
-1.884537654016829045e-01
-2.851747544524285694e-02
-5.000343157551778717e-01
7.219987733684964937e-01
-8.561169937451786893e-01
6.323202546724366879e-01
-7.338423611103839228e-01
6.318539627821340154e-01
9.686076787514001918e-01
7.432206522639455137e-01
3.460647411778452476e-01
-2.586487622153801347e-01
5.297564725739434266e-01
-4.375399577184320155e-01
8.917381241743347342e-01
3.838785027714730624e-01
5.126658573349567316e-01
2.729187438687803446e-01
3.146647660198542695e-02
9.391190083893778962e-01
-7.458453653640519931e-01
9.951483755738617099e-01
-8.497779924343940028e-01
3.648131173860651444e-01
-1.205404079145251384e-01
-8.268210894589975712e-01
2.482805352294548129e-02
-7.538435772228879728e-02
5.870678139257139438e-01
-6.695637116582249249e-01
4.807041797306084163e-01
3.135528192519148050e-01
-2.563967574142651529e-01
-9.809868365411718028e-01
-7.811695080615477238e-02
-7.045209508283574174e-01
-1.259606591765227712e-01
3.120581142027989419e-01
4.849209840556967244e-02
-3.590618301021295533e-01
5.692815053481634635e-01
-6.669735492518529263e-01
1.667352970381119626e-02
-8.510265465096435999e-01
-7.727193435839323499e-01
9.834488451725227343e-01
1.689821399959325898e-01
1.036741652546666614e-01
6.675207357216714765e-01
-9.130263763646317976e-02
6.722715706268360680e-01
5.689459687149598377e-01
-5.044717170735149026e-01
-6.498476883314345809e-01
-8.710578079972226551e-01
4.480860285752750194e-01
-4.509011599658834246e-01
7.561707380201174722e-01
7.307807602421811932e-01
-6.380971874492311624e-01
9.522521616861354676e-01
-5.238967344375589086e-02
7.034365091300216477e-01
1.445682654893361008e-01
-8.140671040074425324e-01
7.782327227332841435e-01
-8.126132167641575421e-01
-9.227474113792690780e-01
4.206869806547643975e-01
7.114988906740054020e-01
-6.444608119797450296e-01
-9.728291839686591391e-01
-1.605860619849752702e-01
4.976457371950302466e-01
2.913230687954704301e-02
3.926577080916191509e-01
-3.378191902650937717e-01
1.635122065732876884e-01
-2.900420521789970341e-01
3.146446938852545117e-01
-8.083585285555761057e-01
1.009252041996777649e-02
4.095297875269705568e-01
2.217089302228383296e-01
3.643173145713791694e-01
6.314299629059751950e-01
-3.581859307538945991e-01
4.750846384044262738e-01
2.482358712349852503e-01
-2.630717105135700340e-01
8.191328102671198153e-01
-1.086209902645933756e-01
-6.092981813978233241e-01
9.115882404625661461e-01
-4.023899589448858283e-01
-1.014301930173999722e-01
-3.410407746111925320e-01
-6.269665393258234687e-01
4.393507149810980117e-01
1.421085606655794198e-01
-8.086615501923541949e-01
6.939557969442564644e-01
-5.017345530594363723e-01
-6.692257268270953574e-01
-2.617358594657008819e-01
6.252177415291246820e-01
7.307009006841689303e-01
3.033829322432688436e-01
-6.128277002232147552e-01
4.761301067902670159e-01
-5.109994050875463767e-01
-3.424168236793794229e-01
-3.488247287831096610e-01
-8.272460580236185024e-01
1.227029084562922812e-01
-7.656192283295215617e-02
-5.210338369913998235e-01
8.591268308616708538e-01
-9.095944276595537836e-01
-3.854803152235970476e-01
8.201921659019983935e-01
4.216325798459694685e-01
9.589991509173658724e-01
-3.365262870909360160e-01
6.534976837563906127e-01
-7.119996604095306658e-01
3.440990781680892674e-01
-8.102849068919100173e-01
-1.414010873847408867e-01
-4.686472690172143185e-01
-8.921856451384913012e-01
-2.840333680824425056e-01
4.366022616290845537e-01
9.377170128644709557e-01
-6.334253060074217512e-01
8.178017802431989391e-01
-3.948926308312243894e-01
-7.822183095019885624e-01
9.767770610692687594e-01
1.284943157980609207e-01
7.778072849463892879e-01
-8.342881729137308078e-01
-8.864771583670820743e-01
1.552715328380480653e-01
-8.009914095498766873e-01
-2.783699996469062299e-01
9.778418695164594610e-01
3.172136192569603441e-01
4.865126219973958666e-01
-8.966972507588586438e-01
7.694539984339072713e-01
-4.320744118661525857e-01
-2.689879683456568582e-01
-8.993590824780723914e-01
1.762459071219968365e-03
2.761680375709314461e-01
-8.102520838403652892e-01
1.103820111248530189e-01
4.259704756397069136e-01
-2.054510444214814324e-01
-8.046837018885382165e-01
3.313017905466706381e-01
7.279746765593109181e-01
3.377022197012466975e-01
-6.887051684875511448e-01
-3.201245962369196896e-01
4.265499747909649031e-01
-8.298533859370764709e-01
-4.612779822235069105e-03
-5.701763008532059196e-01
4.703334404683690018e-02
-1.913529920693177733e-01
4.664828750645961808e-01
-8.285542245987331800e-01
-2.037031952725709694e-02
2.287214477435544069e-01
-3.200664293320754084e-01
1.025376104248487685e-02
5.552890083256465381e-01
-6.734856837963323350e-01
-5.792005934206463369e-01
-4.408262764608470441e-01
-1.371227419358695965e-01
-3.772497011350002261e-01
-2.557633435778539077e-01
-5.894962793295499548e-01
-2.072729655994098863e-01
-6.262457035844239961e-01
2.551878693938585130e-01
-1.955934516348591945e-01
2.406739556668324731e-02
-5.365822645277982250e-01
-6.755527587920799881e-01
-5.795161450237442669e-01
-8.469489035401174259e-01
-9.416774564054037899e-01
5.081767557559675463e-01
6.316468217926272111e-01
7.649863016322793197e-01
-4.982815994491929246e-01
7.533640335900049223e-01
7.275455715367462606e-01
3.793880687436783639e-01
8.288474475246028206e-01
-7.025633177418491027e-01
-1.394992757169888353e-01
-9.137840782473962697e-01
-5.836242735730723386e-01
4.995060705676543922e-01
7.225960033667340188e-01
2.737954858658127044e-01
4.230980969175761608e-01
1.758903082379803529e-01
-2.244621318819639555e-01
-5.388330544077670758e-01
