-1.000000000000000000e+00
1.000000000000000000e+00
-1.000000000000000000e+00
-1.000000000000000000e+00
-1.000000000000000000e+00
-1.000000000000000000e+00
1.000000000000000000e+00
5.600887849767405280e-01
-9.423450255154781630e-01
-8.647159686836558556e-01
3.674209126036270812e-01
-1.000000000000000000e+00
1.000000000000000000e+00
7.699564804399459117e-01
1.000000000000000000e+00
1.000000000000000000e+00
-1.000000000000000000e+00
1.000000000000000000e+00
-8.637543840919270632e-01
-1.000000000000000000e+00
1.000000000000000000e+00
3.470673500944816414e-01
1.000000000000000000e+00
6.407983399101929711e-01
-8.048056632910935981e-01
-1.000000000000000000e+00
-1.000000000000000000e+00
1.554005421886233140e-01
8.473806270275119346e-02
6.924284617154998767e-01
-5.971257494442435698e-01
-1.000000000000000000e+00
-2.445017928323482970e-01
-1.000000000000000000e+00
4.802346337312043412e-01
-1.000000000000000000e+00
-1.000000000000000000e+00
1.000000000000000000e+00
6.239159982037273400e-01
2.507391291154823509e-01
9.644728941292932678e-01
2.444693436163860034e-01
8.149874447336848959e-01
-1.000000000000000000e+00
-5.479976227000659117e-01
-1.000000000000000000e+00
-4.318261660657838341e-01
1.000000000000000000e+00
1.000000000000000000e+00
5.386843366775467823e-01
1.547990119343750637e-01
-1.353239201648422929e-01
-1.000000000000000000e+00
-1.000000000000000000e+00
1.000000000000000000e+00
2.051221153410080766e-01
-1.000000000000000000e+00
-1.000000000000000000e+00
-1.000000000000000000e+00
1.000000000000000000e+00
1.000000000000000000e+00
-1.000000000000000000e+00
1.000000000000000000e+00
-1.000000000000000000e+00
7.808376425361502893e-01
1.000000000000000000e+00
-1.000000000000000000e+00
-4.862092667557215142e-01
-1.000000000000000000e+00
-1.000000000000000000e+00
-1.000000000000000000e+00
-1.000000000000000000e+00
1.000000000000000000e+00
1.000000000000000000e+00
1.000000000000000000e+00
-1.000000000000000000e+00
6.120600306031118709e-01
-1.000000000000000000e+00
-9.938583356767625165e-01
-2.612755304484482011e-02
1.855007175721929968e-01
-1.000000000000000000e+00
1.000000000000000000e+00
1.000000000000000000e+00
7.270265107611209032e-01
-2.193809826913972749e-01
-1.794973175125166298e-01
-1.000000000000000000e+00
1.000000000000000000e+00
3.008025212475551324e-01
3.288030039385105852e-01
-1.614751531477323088e-01
-1.000000000000000000e+00
-3.389836201775211499e-01
-1.000000000000000000e+00
-1.000000000000000000e+00
-1.584873660407893903e-01
5.975651056500652647e-01
-5.159391215584283596e-01
-1.000000000000000000e+00
-1.000000000000000000e+00
1.000000000000000000e+00
-1.000000000000000000e+00
-1.309813947797522360e-02
1.000000000000000000e+00
1.000000000000000000e+00
-8.429483342982450056e-01
-1.815857412574430896e-01
5.656848118649744350e-01
-1.000000000000000000e+00
1.000000000000000000e+00
1.000000000000000000e+00
-1.000000000000000000e+00
-1.000000000000000000e+00
-1.000000000000000000e+00
-6.121678952609450608e-01
5.161788806539613361e-01
-1.000000000000000000e+00
-7.730071087547277786e-01
1.000000000000000000e+00
1.000000000000000000e+00
2.092429839800719060e-01
-1.000000000000000000e+00
1.000000000000000000e+00
7.830337767529564896e-01
-3.456623538272813878e-01
1.000000000000000000e+00
1.000000000000000000e+00
1.000000000000000000e+00
-1.000000000000000000e+00
5.167941151107656728e-01
-7.569336793142151798e-01
1.000000000000000000e+00
8.934119895147691892e-01
1.000000000000000000e+00
5.490501657117921042e-01
1.000000000000000000e+00
-1.126981688877782828e-01
-1.000000000000000000e+00
-1.000000000000000000e+00
-1.000000000000000000e+00
-1.000000000000000000e+00
1.000000000000000000e+00
1.000000000000000000e+00
-1.000000000000000000e+00
-1.000000000000000000e+00
-8.465671862776802392e-01
-1.000000000000000000e+00
-1.000000000000000000e+00
9.810316059619303974e-01
-7.779868396415039467e-01
-7.378963183470561571e-01
-1.000000000000000000e+00
1.000000000000000000e+00
-7.817367338410912136e-01
1.000000000000000000e+00
-1.000000000000000000e+00
1.667792661168643331e-01
-1.000000000000000000e+00
1.000000000000000000e+00
1.993546150896352565e-01
-8.547538952056044081e-02
-7.580307686032276004e-01
1.000000000000000000e+00
6.531121167505126168e-01
9.451417473015483184e-01
1.000000000000000000e+00
2.988462335824744187e-01
1.000000000000000000e+00
1.000000000000000000e+00
9.601867730065511974e-01
1.000000000000000000e+00
1.392457829659776714e-01
1.000000000000000000e+00
-7.749554633057845754e-01
-1.781880252126970543e-01
-1.000000000000000000e+00
-1.000000000000000000e+00
-1.000000000000000000e+00
-1.000000000000000000e+00
9.209740731618036857e-01
1.000000000000000000e+00
7.825204530822073012e-01
-1.000000000000000000e+00
1.000000000000000000e+00
1.000000000000000000e+00
-1.000000000000000000e+00
7.331790546370045014e-01
1.180156335099505904e-01
-1.000000000000000000e+00
-2.402025847705924200e-02
1.000000000000000000e+00
-1.000000000000000000e+00
8.532258690285101643e-01
9.901802625569644523e-02
1.000000000000000000e+00
1.000000000000000000e+00
3.862028099347714072e-01
1.000000000000000000e+00
-3.461305396947311763e-02
-1.000000000000000000e+00
5.685381651177280338e-01
9.146388895882019421e-01
1.000000000000000000e+00
-3.671524684960052465e-01
1.000000000000000000e+00
-1.000000000000000000e+00
7.396219240378306692e-01
-9.094333087850205999e-01
-7.346124733927259509e-01
-3.066202338046547515e-01
2.495426180285190698e-01
-1.000000000000000000e+00
1.000000000000000000e+00
-8.767955309376638251e-01
-1.000000000000000000e+00
3.602982420242109018e-01
-1.000000000000000000e+00
-1.000000000000000000e+00
-6.427736200597600202e-01
-1.267320167439121847e-02
-1.000000000000000000e+00
1.045962638138866474e-01
4.548416709785369494e-01
-2.644935705996424025e-01
-1.000000000000000000e+00
-4.231840833584118444e-01
-9.824856712775716927e-01
2.052676930751577977e-01
5.875481695934652304e-01
3.412078161296515644e-01
-1.000000000000000000e+00
1.000000000000000000e+00
-1.000000000000000000e+00
9.666884816617804521e-01
-1.000000000000000000e+00
1.000000000000000000e+00
1.000000000000000000e+00
1.000000000000000000e+00
-6.785411526116846836e-01
1.000000000000000000e+00
-3.075025838921497945e-01
1.000000000000000000e+00
1.000000000000000000e+00
-7.985320039843187834e-01
1.000000000000000000e+00
1.000000000000000000e+00
1.000000000000000000e+00
2.608462012674250818e-01
-1.000000000000000000e+00
1.000000000000000000e+00
1.000000000000000000e+00
1.000000000000000000e+00
1.000000000000000000e+00
-1.000000000000000000e+00
-2.802547764525443741e-01
-6.078388429694759898e-01
9.018900128358393609e-01
-2.561582726835815449e-01
-2.576987816239781903e-01
1.000000000000000000e+00
-1.000000000000000000e+00
1.000000000000000000e+00
3.402699207069473930e-01
-7.107750550917038002e-01
