-4.928470111857332636e-01
-6.660021507880640179e-01
1.000000000000000000e+00
-1.004293597511591862e-01
-2.456376984528965690e-01
9.620758777741653667e-01
8.607155956276828501e-01
-1.000000000000000000e+00
-7.209699576679196031e-02
-1.000000000000000000e+00
-4.601351392440482524e-01
2.139443546534354201e-01
-1.362261991369428937e-01
1.000000000000000000e+00
1.000000000000000000e+00
4.504021906380157869e-01
-5.456765492766617598e-01
9.659377901653065646e-01
-3.385870411743816533e-01
-8.219604189775588932e-01
-8.184125078957802391e-01
2.978010510441537750e-01
-2.253322671163937585e-01
-1.000000000000000000e+00
-9.261052065306535352e-01
8.677461235212029500e-01
4.704976210233149381e-01
7.155609704686105577e-01
1.000000000000000000e+00
1.000000000000000000e+00
-1.000000000000000000e+00
7.484691365539530850e-02
1.000000000000000000e+00
4.168458267445124821e-01
-1.845736975646388167e-01
-9.912446649923121189e-01
4.034553304843036675e-02
5.541085487695764922e-01
-1.000000000000000000e+00
-1.000000000000000000e+00
7.129293040661847936e-02
1.000000000000000000e+00
2.696617228551790868e-01
1.000000000000000000e+00
8.398942257813218903e-01
1.000000000000000000e+00
-8.423288518906475453e-01
-5.971892960749262125e-01
1.000000000000000000e+00
-8.062652705879229664e-01
5.386132690352241070e-01
-2.778227314817112159e-01
-5.862208447230607966e-01
-1.000000000000000000e+00
5.370478286810413948e-01
-3.943413323968201212e-01
6.732175394195948348e-01
4.274628063817330625e-01
5.113165228690991215e-01
5.443511623402830235e-01
8.362545714337873415e-01
-1.000000000000000000e+00
8.490377270177693614e-01
-1.000000000000000000e+00
6.420294754468500176e-02
-8.697591255630464646e-01
1.000000000000000000e+00
-4.538798550921168129e-01
-4.300123980941810142e-01
-1.445780150443107814e-01
6.937780853260897551e-01
-2.982842111851741196e-01
7.871204282861061774e-01
-4.254738835094906690e-01
9.251228391328527589e-01
-2.427671920375249481e-01
8.289857981884904969e-01
1.017110437496230868e-01
-1.530276627746347540e-01
4.156542028261722699e-01
6.611694676130028814e-01
-3.490289993580441008e-01
1.000000000000000000e+00
3.697797651154274834e-01
1.000000000000000000e+00
7.755671658854979000e-02
-6.839595613545693675e-01
-9.088358267088036957e-01
1.000000000000000000e+00
-1.000000000000000000e+00
1.558444019713088879e-01
-7.080135752815130967e-01
-5.571336209904422798e-01
-1.000000000000000000e+00
-8.231575670130713007e-01
9.416088720998594397e-01
4.393586527641453188e-01
4.899441398103537848e-02
5.578580898299811963e-02
3.857184688797811178e-01
2.182192954874839774e-01
2.426274839616408552e-01
3.987743977338102930e-01
-8.228568980179340464e-01
-5.052240101122936755e-01
-1.000000000000000000e+00
6.402252960215335520e-01
-8.894252646291782582e-01
6.076131044539820891e-01
-1.000000000000000000e+00
-9.037436758861772113e-02
-8.435195828573434085e-01
-5.571888187842668483e-01
1.000000000000000000e+00
1.358565167849069277e-01
7.166457172239921736e-01
1.563652260375161251e-01
-4.875567022634541559e-02
-6.697825677260333954e-01
6.679436674378849137e-01
-9.887690607153303279e-01
-9.081644398640411620e-01
2.307037586913895932e-01
3.858958965539787678e-01
-1.000000000000000000e+00
-6.897708111782010487e-01
-4.494774055592891115e-01
1.000000000000000000e+00
-4.175457438326199977e-01
-7.261933897089117851e-01
3.718919690426035762e-01
6.352996409925736332e-01
-8.758381383709579193e-01
-1.000000000000000000e+00
5.233727736892661575e-01
-9.190420807617070142e-01
-8.925217680240666862e-01
7.757046500921966903e-01
1.000000000000000000e+00
9.165995787793348448e-01
-1.098937963901468473e-01
-1.000000000000000000e+00
-9.597489412809578901e-02
-2.527390234779018918e-01
4.044298165502471232e-01
5.379027091836664498e-01
-2.812399756422470087e-01
-1.536988307023918754e-01
-1.000000000000000000e+00
6.344606535471646325e-01
-6.303283699920616545e-01
-9.449540110876843979e-01
9.939878819557634859e-01
1.000000000000000000e+00
1.000000000000000000e+00
-2.727646639770533454e-01
3.562067764416803617e-01
3.022229173666729496e-02
3.843036210376762352e-01
2.021707525076208434e-01
6.619607347489830929e-02
-5.819480269420560514e-01
-1.000000000000000000e+00
3.246292603974643143e-01
3.710545882322535682e-01
3.702690294858503872e-01
-1.473777214618166020e-02
-5.422288281427054546e-01
6.076933807413837929e-01
-4.616523497551676680e-01
-1.000000000000000000e+00
1.616409196754595712e-01
4.774118052872065032e-01
3.626779392306789807e-01
1.000000000000000000e+00
8.503454160094336967e-02
-8.287678540715721631e-01
-1.430896580787510697e-01
-1.000000000000000000e+00
6.981278847493177508e-01
1.000000000000000000e+00
5.348830785335478843e-02
-1.000000000000000000e+00
1.000000000000000000e+00
9.719531609638254466e-01
1.000000000000000000e+00
1.000000000000000000e+00
-1.000000000000000000e+00
-2.643288505628054175e-01
8.087060968661365923e-01
1.059470770928145900e-01
-5.066706612043316849e-01
-1.199765168430537154e-01
1.000000000000000000e+00
-5.792737662620346395e-01
3.469679016457560827e-01
-1.000000000000000000e+00
-3.506268550794782168e-01
-1.000000000000000000e+00
6.385210222936674729e-01
-1.296930421294900659e-02
3.196791746815750290e-01
-7.264152843145719185e-01
-8.344363664291872817e-01
8.466581255153236008e-01
1.020312066351578562e-01
4.717989815790422092e-01
-1.000000000000000000e+00
-3.669033809135733293e-01
1.000000000000000000e+00
-7.093220871111336479e-01
4.508150474017980081e-03
7.232864839471010443e-01
1.000000000000000000e+00
4.168450494134525730e-01
7.956715304599584204e-01
-1.000000000000000000e+00
4.850540620715013684e-01
9.968572636536494613e-01
-3.852746525228594177e-01
-5.449615736236556041e-01
1.000000000000000000e+00
-2.428352986811690428e-01
-2.998555026295224302e-01
1.000000000000000000e+00
1.000000000000000000e+00
-1.000000000000000000e+00
5.375042074017577498e-01
4.140067308669087565e-03
4.865104251859366791e-01
-5.416639569830441481e-01
1.000000000000000000e+00
-1.000000000000000000e+00
4.685391312595910129e-02
6.452613411775790508e-01
-6.129447385692112782e-01
2.985212145425955033e-01
9.726125712331474826e-01
4.295589344627805950e-01
1.000000000000000000e+00
-7.097361031486146277e-02
-3.166526078982798698e-01
9.151231466837792539e-01
7.511100065060842823e-01
-1.000000000000000000e+00
2.929568475774626535e-01
-1.000000000000000000e+00
3.438214893273732198e-01
1.000000000000000000e+00
-1.000000000000000000e+00
1.000000000000000000e+00
9.205819909316836913e-02
9.037161477650899055e-01
6.701140783414327728e-03
-1.000000000000000000e+00
-1.884147537773066539e-01
1.781989237947458893e-01
6.353591249839651844e-01
-5.563503859672433993e-01
1.845773865246419509e-01
-1.000000000000000000e+00
2.431472071718853156e-01
-3.641226765345122462e-01
-9.323031655957335628e-01
-2.664905132858419456e-01
