-2.528986829805019543e+00
6.523604984512280103e-01
1.648751755376045569e+00
-3.184226663035214955e+00
-7.602011141656617177e-01
2.747524599918580446e+00
-1.000000000000000000e+00
2.691973930500638490e-01
8.992747570937684731e-01
-1.336077110141166147e+00
6.109840978499644359e-01
3.174827675731163090e+00
2.082024709688728326e+00
-1.356206374383211788e+00
1.395016564372674406e+00
6.563084105504621846e-01
3.813351395622501361e+00
2.953235479598563806e+00
2.597510020744490777e+00
4.282864691613337271e+00
2.182385823164112448e-01
2.396258549019150585e+00
4.490068924323976418e+00
5.646920544689579824e-01
-2.246535845100806394e+00
-2.603893649797521359e+00
-1.000000000000000000e+00
-9.507000175243667250e-01
4.950341423127595508e-01
-4.498331019388229768e-01
1.188623649172830365e+00
-2.538551581279041569e-01
3.710332085194048557e-01
2.569857798084944633e+00
-2.484748701208510102e-01
-1.196063479220051740e+00
-2.328391688118394143e+00
1.957762656688764036e+00
-2.045092881742534896e+00
5.835527881625323765e+00
-9.035487516614173487e-01
2.906669045255241279e-01
-1.000000000000000000e+00
4.110709926761403898e-01
-5.739973791980832463e-01
-1.146665354937314030e-01
1.413600125378237760e+00
7.781362789429822069e-01
-6.772635553244794604e-01
2.605606779537031237e+00
2.123934293028380271e-03
-4.907464244639749396e+00
2.235466616338039891e-01
1.000000000000000000e+00
2.248018347984975129e+00
1.313371596683926334e+00
1.867220625297273395e-01
2.309559462089303405e+00
1.635666634701785860e+00
4.400886146639201302e-01
-2.356428870825743260e+00
5.603475082272226793e-01
1.709965725289372074e+00
2.396303019980553728e+00
4.689758025173469846e+00
-3.767625557080964693e-01
2.477448048374737422e+00
7.069616164676690850e-01
3.341028555008883072e-01
-1.260567515227447810e+00
-1.015553593602566584e+00
-1.099044228959175307e+00
-3.808443433949403323e-01
-6.517948130156530073e-01
-1.380743048476564816e-01
3.128298274695923809e+00
7.960666991214628840e-01
1.365547805891145661e+00
-9.296265180928553473e-01
8.517981496786375395e-01
-1.425662052719776751e+00
-2.744663146079190597e+00
4.072519461904740012e-01
-1.428208526856833638e+00
-1.000666090966471300e+00
1.000000000000000000e+00
-1.000000000000000000e+00
8.405834213379445030e-01
2.214173260530487575e+00
-1.255614126003963049e+00
6.347166219434521306e-01
-8.305426181921244932e-01
-2.946391836668860176e-02
-3.238464198812971429e+00
3.591433322839665543e-01
1.720703729753340294e+00
6.750185173690521623e+00
1.710513325195277545e-01
3.874379927565995807e+00
1.372562846957742222e-01
2.156333475844861569e-01
-3.042137016972029095e-01
5.721426968997258555e-01
6.464376852282471830e-01
1.067015884554772143e+00
1.149256787125248591e+00
-2.136034168011823109e+00
-4.158399073978761296e-01
-1.519280507068156538e+00
1.021186099934768610e+00
2.492888983477335785e+00
1.564152784515136840e+00
1.790126489467036119e+00
-2.424626206649388216e+00
2.822970046627046870e-01
1.786882450351831020e+00
1.283278099335781741e+00
-4.242579331573137935e+00
9.893799796848034012e-01
-1.639321706244551535e+00
-1.000000000000000000e+00
-8.037668092537102460e-01
-4.496382205302519530e+00
-2.404097976557642902e+00
2.096681550562547791e+00
-5.388350277395434595e+00
4.011016776708130394e+00
6.485122785948019164e+00
-1.119356973207913386e+00
-1.143871057317735307e+01
2.018129818069482884e-01
1.414244646983093157e+00
-6.767370033156055342e+00
3.467943006510653792e+00
2.418903782698189175e+00
8.078417300808422574e-01
1.593202523868449960e+00
4.223727916970978491e-01
4.231875936390027348e+00
3.380778545376826205e+00
-1.695104178031510589e+00
-1.869811140214935330e-01
1.184748999083807597e+00
-9.002694243428549514e-01
2.893281846727310258e-01
-3.206314972759384041e+00
2.095263650632112062e-01
6.060888866701070743e-01
-2.963080787465401489e+00
4.237677338476678379e+00
-7.286231772102668813e+00
-5.213782830999925011e+00
9.653691729648501418e-01
6.736160995467860069e+00
1.455492193254771305e+00
2.346536023161354678e-01
-5.979365771953146780e-01
1.037658420215525901e-03
1.530590489200008175e+00
-6.252624890185206619e-01
-1.681811067372943169e+00
1.798518783251095599e+00
2.346212470299291919e+00
2.070568041061360276e-02
-1.617059424309877480e+00
1.000000000000000000e+00
5.204732144024924345e+00
2.683294359540516982e+00
1.241554379417662446e+00
-2.561888682672578188e+00
-4.587245515294321230e+00
6.980556337798162758e+00
-2.685339614352313387e-01
1.994234212428545483e+00
1.086057310644200413e+00
-1.419111339174277120e-01
-1.651372116873482399e-01
1.372964009112033423e+00
-1.400346500371476566e+00
2.760669112605522724e+00
1.026743827425680822e+00
-3.905135802736163231e-01
-1.080031463904898237e+00
-3.878067605833483977e-01
6.000181115986957803e-01
4.571315203105510427e+00
-8.216864212980093951e-01
-3.542454485857507773e+00
-4.064095416050089504e+00
1.966356603588539365e-01
-1.353582428939278826e+00
2.031767574736463189e+00
9.572186372600688387e-01
-5.172687575439115504e-01
5.209601220282287670e+00
4.534876514705854511e-02
1.706573825539356992e+00
4.392552178589117062e+00
-9.357261545837511907e-01
3.722132239449432167e-01
-1.000000000000000000e+00
-7.581004049178385884e-03
5.723930136348754916e-01
4.710605332940097867e+00
2.576595997811661043e+00
5.325091877035087462e-01
6.266628852462730048e-01
1.455026606763928143e+00
-2.259028162987427812e+00
-3.129615403650456429e-01
1.217546873519002926e+00
-2.553482723573158086e+00
4.228476574929484144e+00
-7.103224995409095355e-01
-6.708098555957315856e-01
1.419882616795193453e+00
4.938588813760975693e-01
5.278307245772203338e+00
3.842863475765891046e+00
-2.053416803865318330e-01
1.220134854366489829e+00
-1.000000000000000000e+00
-4.513008201560554156e+00
-2.381742916111810437e+00
2.927309317160851521e+00
-1.270547544746784663e+00
1.297578898704170314e+00
-2.616646787358539727e-02
1.000000000000000000e+00
-1.677562939965230759e+00
1.089477757107434552e+00
-3.061094629541879719e+00
5.979842525985407109e-01
-4.734392648879632404e+00
4.676876583999481918e-01
-1.631374632163423044e+00
2.572105305140943265e+00
-6.195852138923525487e-01
6.495704350057379450e+00
6.704956722554343607e+00
2.884861797725133403e+00
4.235465973230426506e+00
-9.377308835439204238e-01
-3.815787867382260945e+00
2.629534048087938114e+00
-9.246660975954954509e-01
-2.709870903356473848e-01
5.189080279430914544e+00
1.588238262468001372e-01
1.211590076389778670e+00
-3.318085009360425275e+00
-1.940825035129690068e+00
4.226993365597138563e+00
-1.028485309537347625e+00
1.000000000000000000e+00
-1.000000000000000000e+00
1.016427378858422159e+00
2.850217325111444655e+00
1.979396586973009686e+00
-1.141386662522098305e+00
1.139641378465714672e+00
-4.882117025487149320e+00
7.217170315341114861e-01
1.880873626771951024e+00
-3.282411505909013538e+00
