5.924026284046661761e-01
-9.917544341182071843e-01
2.608121662266600360e-01
-3.562909897309145535e-01
1.740247803564505258e-01
-6.507019713178874287e-01
8.635993201497855765e-01
-1.425350455696854368e-01
6.169025424197172036e-01
-4.281156759656781219e-01
8.905651693182072837e-01
-6.674717879116858210e-01
2.499457008275263181e-01
-1.093089992495268614e-01
-3.438890705316790530e-01
-7.586907012875012679e-01
5.541125676213760620e-01
-5.819540043549089603e-01
6.620311491484442978e-01
1.366045477680162268e-01
-8.921277442157220516e-01
-1.531858886295074385e-01
-3.461436210703712213e-01
-8.398082310954968488e-01
3.534616273817632326e-01
9.909194376805767757e-01
-5.321798856028256974e-01
-5.565493160517642757e-02
-9.328686480023880012e-01
6.110262676567150830e-01
-9.625600873104103172e-01
5.248347456499973251e-01
2.587305151481245069e-01
-3.851425207744825219e-01
-5.236752054698645686e-01
-5.915060189176524208e-01
-4.084276949615983643e-01
3.140027737195625335e-01
3.892933718473607918e-01
1.027954866049922700e-01
8.016063790406213752e-01
5.605692748851878182e-01
8.964764591001068705e-01
1.498182706769046746e-01
9.472825621027780585e-02
-7.352241508308057227e-01
-4.986501783097101459e-01
6.932657177076828603e-01
-7.656258946922225306e-01
8.392075475108475846e-01
-8.369894617772966061e-01
8.408876343548612464e-01
5.939504766187064799e-01
7.624946837554460455e-01
8.215260611538737212e-01
3.259375061888378777e-01
-6.824746955028397899e-01
-3.405549930167379724e-01
-5.710955075833132888e-01
-3.068431487435807625e-02
8.918547528037938932e-01
-4.630021514683393402e-01
-6.803501532393132489e-01
8.502812154994978666e-01
8.239989429862135673e-01
-1.477628497000995633e-01
4.397753302102034301e-01
-1.048272518512127771e-01
-3.171228608003187066e-01
-6.764249154606993830e-01
-3.360072905295068413e-01
6.363620160007816828e-01
-9.238487946113005389e-01
-8.956443819426518349e-01
-3.616978987638153065e-01
-2.997653379081579583e-01
-1.203986170975444026e-01
-2.649618317048381133e-01
-9.179322797125977207e-01
-6.116350678369439908e-01
-1.827968274301043916e-01
-8.479616854922642499e-01
-3.492271136449982549e-01
-4.191610473560267724e-01
7.921870343644767942e-01
2.888276848938593488e-01
6.795514756856235739e-01
-6.795971769660429374e-01
4.246171152993845066e-01
9.746924233936240523e-01
3.123582057493365927e-01
9.731827147709504189e-01
-4.320155198033648336e-01
-4.081814140965907001e-01
4.144589415384978270e-01
-4.072530350980223535e-01
-6.184794432508560202e-01
-8.273930130198428046e-01
8.339247923104200488e-01
5.941029758331626276e-01
1.105502556712874007e-01
-6.727030408528986705e-01
-8.488616027410187392e-01
2.799718549373204635e-01
-1.513804339981961178e-02
-6.888275676796027369e-01
-7.146734583343523628e-01
-7.589503527078347300e-01
1.238466739250445592e-01
3.566475576174221729e-01
5.258953087479409927e-01
6.916516145705520202e-01
1.616462312189519412e-01
5.454536858497274210e-01
-9.109259793040991315e-01
-4.032908299335618008e-01
4.417087486942241625e-01
7.229199326352016008e-01
2.616424218103152732e-01
-7.342655374165283355e-01
-6.034300365593117110e-01
2.915608297539338256e-01
-1.455662975636604628e-01
-3.089762048923212490e-01
3.028114395586498642e-01
-5.477511767492879713e-01
-1.239711755262564719e-01
-3.110976450511726554e-01
-2.351347357343556155e-01
2.298977203553160820e-01
-6.544225102897827107e-02
-6.864853522185296875e-01
-6.186356045584386898e-01
8.700440665614921354e-01
7.370468467524926570e-01
1.536941845337074231e-01
-3.026608111914317334e-01
6.016492023656647703e-01
-5.988589752200439431e-01
-5.091663532813694992e-02
8.856638256485145355e-01
7.306541950131089092e-01
-1.102103039114332717e-02
4.342394082157956525e-01
-1.346213260111477350e-01
-1.978628809376583586e-01
9.847583159252937257e-01
-8.712754315086241874e-01
2.633490678303833654e-01
8.475343995900832539e-01
-7.134432157762136129e-01
8.510953997395531712e-01
-2.616743975134292466e-01
7.191907604897966877e-01
-2.257013507859420010e-01
2.402521097657339677e-01
4.086248745496234847e-03
5.250524895433015260e-01
-3.966073861215284602e-01
-3.524085091798117020e-01
-7.422655524969410390e-01
-8.283356448895029533e-01
4.166717764374272548e-03
8.958502299331025931e-01
4.123262404651661939e-02
4.394707027475965866e-01
-5.217104416653453036e-01
2.084334288528033596e-02
6.055190442016831209e-01
2.104134019401346922e-01
-7.385673051456225213e-01
-1.474993635231263145e-01
-5.731273587302798678e-01
9.458600473527853936e-01
-7.307459955307689103e-01
5.693990367472454572e-01
-2.992803658551057566e-01
-3.907569964137693752e-01
5.401163152415140445e-01
-6.641716972823230591e-01
-7.409552169276878431e-02
-1.742747787183436259e-01
-5.892181707776302790e-01
-5.519016128068965354e-01
-5.271468664473082377e-01
5.443216872369260884e-03
6.193692776357428986e-01
-2.781537556292179580e-02
-7.764121803431349722e-01
1.156449926879643542e-02
4.895130775217388930e-01
-2.805664021274436593e-01
-5.074383978013943253e-01
3.986497025253827875e-01
2.274007507502446845e-01
2.247286323724548840e-01
1.613642299802420244e-01
3.441460847635402498e-01
-9.756400823998516714e-01
6.558347640098924902e-01
-9.964325164798095713e-01
-5.927977724473452170e-01
4.129520704572662293e-01
6.048493399092726985e-01
-7.158717775039364906e-01
8.410189063721256186e-01
5.909176393945660966e-01
4.308816840716502838e-01
-1.866300687664570468e-01
-2.433268224823814663e-01
-6.364286138155650363e-01
-7.580912195652407259e-01
6.344367566696489380e-01
-5.354323891977319505e-01
3.729006961300820322e-01
-3.747130739227269025e-01
-6.530077753593055423e-01
-4.429647397905878137e-01
-8.070959278743896625e-01
-5.898680165630665329e-02
-6.407077379375079040e-01
1.840758239564965759e-01
7.103103643942898504e-01
3.893345802146619405e-02
-8.043709978651421011e-01
4.303424858233138028e-01
1.406998686333968962e-01
6.113677385788922614e-01
-5.341672996588211486e-01
3.739403427398615420e-01
2.384782989278524390e-01
-9.875865375842907135e-01
-4.878677985525008420e-01
4.070921185325138136e-01
-3.957286393253833801e-02
4.556449347239079906e-01
-7.198996793226970503e-01
3.010641023426696705e-02
-5.887330543034110519e-01
-1.829446886470342815e-01
2.634384982003499243e-01
-8.587688586291188919e-01
5.717013747348556052e-01
8.117428834832196571e-02
9.497288733030828656e-01
-4.257512854391849455e-01
-5.753384124837790381e-01
8.269613827762134495e-01
1.291282895838037348e-01
-7.421131780367664632e-01
-9.339887684374239551e-01
-9.604095966520287408e-01
-2.016210805242748538e-01
-5.629119272399685237e-02
7.404483700694248771e-01
-4.594465506314939773e-01
-8.200222960617402634e-01
-4.412793321746695252e-01
6.307014969894841894e-01
9.811448361049373013e-01
-5.591942257194917332e-01
-5.860654956245923142e-01
6.407122970807588302e-01
7.571232106323704247e-01
-3.017215612615395948e-01
