1.000000000000000000e+00
1.000000000000000000e+00
-1.000000000000000000e+00
3.621184169381327922e-01
-3.763325390899321943e-01
2.889587278346574806e-01
1.000000000000000000e+00
4.444404274400278743e-01
-1.000000000000000000e+00
-1.000000000000000000e+00
-3.164785770898699280e-01
1.000000000000000000e+00
-7.389326479619818810e-01
-1.000000000000000000e+00
7.133157645071316333e-01
-1.000000000000000000e+00
1.000000000000000000e+00
-1.000000000000000000e+00
3.687793218840992315e-01
-1.000000000000000000e+00
-1.000000000000000000e+00
-1.000000000000000000e+00
-1.000000000000000000e+00
1.000000000000000000e+00
-1.000000000000000000e+00
-8.349307829420062887e-01
-8.714427282009965525e-01
1.000000000000000000e+00
-1.000000000000000000e+00
-7.937813272943072818e-01
1.000000000000000000e+00
1.000000000000000000e+00
1.000000000000000000e+00
-1.046434586227246721e-01
-9.249183214945642106e-01
1.000000000000000000e+00
-1.000000000000000000e+00
-1.000000000000000000e+00
1.000000000000000000e+00
4.368213418994686403e-01
-1.000000000000000000e+00
-1.000000000000000000e+00
-5.517463655487497842e-01
-1.000000000000000000e+00
1.000000000000000000e+00
7.918991790443790091e-01
-1.000000000000000000e+00
-1.000000000000000000e+00
-1.000000000000000000e+00
-1.000000000000000000e+00
9.578433059643074454e-01
1.497517705405142507e-01
1.000000000000000000e+00
1.000000000000000000e+00
3.145877015354029416e-01
1.000000000000000000e+00
1.000000000000000000e+00
1.000000000000000000e+00
-1.000000000000000000e+00
1.000000000000000000e+00
-1.000000000000000000e+00
-1.000000000000000000e+00
-1.000000000000000000e+00
-1.000000000000000000e+00
1.574686650697620927e-01
-3.752015545820714948e-01
1.000000000000000000e+00
1.000000000000000000e+00
1.000000000000000000e+00
9.441670440844285306e-02
1.000000000000000000e+00
1.000000000000000000e+00
-1.000000000000000000e+00
-5.225062970253714634e-02
-1.000000000000000000e+00
-1.000000000000000000e+00
1.000000000000000000e+00
-1.000000000000000000e+00
1.000000000000000000e+00
-8.189890790597083026e-01
1.000000000000000000e+00
1.000000000000000000e+00
-6.241261529886943382e-01
-1.914205963475211769e-01
-3.454001401504935842e-01
1.000000000000000000e+00
-4.493790541959603591e-01
-1.000000000000000000e+00
1.000000000000000000e+00
-1.000000000000000000e+00
-1.000000000000000000e+00
-1.000000000000000000e+00
-1.000000000000000000e+00
-1.000000000000000000e+00
1.000000000000000000e+00
1.000000000000000000e+00
1.000000000000000000e+00
-1.000000000000000000e+00
5.844326261440713211e-03
-1.000000000000000000e+00
-1.473649771603919856e-01
-1.000000000000000000e+00
1.000000000000000000e+00
-1.000000000000000000e+00
-2.713393390063540966e-01
-8.573681045658915201e-01
-5.940867625134105268e-02
1.000000000000000000e+00
1.000000000000000000e+00
-1.000000000000000000e+00
1.000000000000000000e+00
-1.000000000000000000e+00
-1.000000000000000000e+00
1.000000000000000000e+00
1.000000000000000000e+00
-2.915961720626315534e-01
1.000000000000000000e+00
1.000000000000000000e+00
4.479046934195926033e-01
1.000000000000000000e+00
5.395884617472566092e-01
-5.607399704782911609e-01
-1.000000000000000000e+00
4.152325066895141692e-01
1.000000000000000000e+00
1.000000000000000000e+00
1.000000000000000000e+00
-7.568637753535780721e-01
-5.338601362792474991e-03
-5.359129984842163630e-01
6.298169217581550683e-01
-8.295732293866930895e-01
1.000000000000000000e+00
-1.000000000000000000e+00
-1.000000000000000000e+00
-1.342160249590064192e-01
-1.000000000000000000e+00
-1.000000000000000000e+00
-5.864226583251268554e-01
4.006876078658618834e-01
1.000000000000000000e+00
-1.000000000000000000e+00
-1.000000000000000000e+00
6.306745487040837927e-01
1.000000000000000000e+00
-1.000000000000000000e+00
-1.000000000000000000e+00
-7.087094269669960145e-01
1.000000000000000000e+00
5.744482430310142718e-01
-1.000000000000000000e+00
1.000000000000000000e+00
-1.000000000000000000e+00
-1.000000000000000000e+00
-1.000000000000000000e+00
-1.000000000000000000e+00
-2.671187862873064534e-01
-1.000000000000000000e+00
8.294772873272449054e-01
-1.000000000000000000e+00
5.430785378909961381e-01
-1.000000000000000000e+00
7.684695693620147150e-01
9.028789376697641256e-01
-1.000000000000000000e+00
-1.000000000000000000e+00
9.134985310592003138e-02
-1.000000000000000000e+00
1.000000000000000000e+00
-1.000000000000000000e+00
1.000000000000000000e+00
-1.000000000000000000e+00
1.000000000000000000e+00
1.000000000000000000e+00
-1.000000000000000000e+00
-8.271464511031756395e-01
-1.000000000000000000e+00
9.317267796810453362e-01
1.000000000000000000e+00
1.000000000000000000e+00
-3.360074502642739214e-01
-4.305833278192955360e-01
2.098663029486248499e-01
1.000000000000000000e+00
1.000000000000000000e+00
1.000000000000000000e+00
-1.000000000000000000e+00
1.000000000000000000e+00
1.932590010534052105e-01
4.608542111843457745e-01
-1.000000000000000000e+00
4.360838737445704716e-02
-1.000000000000000000e+00
-1.000000000000000000e+00
-9.268078049451322631e-01
1.000000000000000000e+00
1.000000000000000000e+00
5.997610602675294000e-01
-8.669149422899238289e-01
5.632100221521809669e-01
1.000000000000000000e+00
1.000000000000000000e+00
-1.000000000000000000e+00
1.000000000000000000e+00
5.816981630035724660e-01
-1.000000000000000000e+00
-1.000000000000000000e+00
9.694961242397084344e-01
-1.000000000000000000e+00
-1.000000000000000000e+00
-1.000000000000000000e+00
8.928550362458964607e-01
-1.000000000000000000e+00
9.250593945730078982e-01
1.436424357300371546e-01
-1.000000000000000000e+00
-1.000000000000000000e+00
-1.000000000000000000e+00
1.000000000000000000e+00
1.000000000000000000e+00
1.000000000000000000e+00
1.000000000000000000e+00
1.000000000000000000e+00
1.000000000000000000e+00
1.000000000000000000e+00
-1.000000000000000000e+00
1.000000000000000000e+00
1.000000000000000000e+00
-1.000000000000000000e+00
-1.000000000000000000e+00
-9.279433210515446451e-01
1.335529915894408948e-01
1.000000000000000000e+00
1.000000000000000000e+00
-3.136821160204644743e-02
1.000000000000000000e+00
1.000000000000000000e+00
-6.244767023524070426e-01
3.522354521084000711e-01
1.000000000000000000e+00
1.000000000000000000e+00
-7.713062819947695825e-01
1.000000000000000000e+00
3.042736689475734058e-01
-1.000000000000000000e+00
1.449452419619154941e-01
-1.000000000000000000e+00
5.538778006388319630e-01
-1.000000000000000000e+00
6.615941976604285957e-01
-4.835224797999242430e-01
1.000000000000000000e+00
1.779127113000576466e-01
1.000000000000000000e+00
-1.000000000000000000e+00
1.000000000000000000e+00
-1.000000000000000000e+00
-1.000000000000000000e+00
1.000000000000000000e+00
1.000000000000000000e+00
-6.398029721226884403e-01
-9.973650047547977238e-01
-1.000000000000000000e+00
-1.000000000000000000e+00
-1.000000000000000000e+00
