1.000000000000000000e+00
-1.091493179352618359e-01
-1.000000000000000000e+00
-1.000000000000000000e+00
1.000000000000000000e+00
1.124470873838043783e-01
-1.945612338477302750e-01
-1.000000000000000000e+00
-5.950960717950838363e-01
-1.000000000000000000e+00
-2.839411562306192183e-01
-9.503754146377462186e-01
7.951325222772346324e-01
-1.000000000000000000e+00
-8.765335799760506363e-01
1.000000000000000000e+00
-1.000000000000000000e+00
-1.000000000000000000e+00
-1.000000000000000000e+00
4.626686175938427015e-02
1.000000000000000000e+00
1.730277888303731193e-01
1.424027596174526344e-02
-3.057685842372617202e-01
-1.000000000000000000e+00
-1.000000000000000000e+00
4.715577429750097971e-02
-1.000000000000000000e+00
5.187084887397190869e-01
1.000000000000000000e+00
8.795645736121779912e-01
7.936253943650743992e-01
1.000000000000000000e+00
1.000000000000000000e+00
-3.559089699334282431e-01
2.956691637859371058e-01
3.431257144352010124e-01
1.000000000000000000e+00
1.000000000000000000e+00
-1.000000000000000000e+00
1.000000000000000000e+00
7.961219727800771251e-01
-3.359390163665582074e-01
4.390570734265786257e-01
1.000000000000000000e+00
-2.862925409392038656e-01
1.000000000000000000e+00
-1.000000000000000000e+00
-1.000000000000000000e+00
-1.000000000000000000e+00
1.000000000000000000e+00
1.000000000000000000e+00
1.000000000000000000e+00
-9.869356699548170742e-02
1.000000000000000000e+00
7.838314089471692947e-01
1.000000000000000000e+00
1.000000000000000000e+00
-1.000000000000000000e+00
1.000000000000000000e+00
4.655190138041165326e-03
1.000000000000000000e+00
1.000000000000000000e+00
-1.000000000000000000e+00
-3.527673690057734346e-01
-1.000000000000000000e+00
-2.875702304734550907e-02
-1.000000000000000000e+00
-1.000000000000000000e+00
1.000000000000000000e+00
1.000000000000000000e+00
-1.000000000000000000e+00
-9.732104361183924190e-01
6.177816165516153424e-01
9.092306556913152260e-01
1.000000000000000000e+00
4.527044516065135138e-01
-8.153657163437383337e-01
1.000000000000000000e+00
9.560832383196783413e-01
1.000000000000000000e+00
-2.301312744164902835e-01
-1.000000000000000000e+00
-1.000000000000000000e+00
-1.000000000000000000e+00
-1.000000000000000000e+00
-6.371893886274152541e-01
-1.000000000000000000e+00
1.000000000000000000e+00
-1.000000000000000000e+00
1.000000000000000000e+00
-1.000000000000000000e+00
-1.000000000000000000e+00
1.000000000000000000e+00
1.000000000000000000e+00
-1.000000000000000000e+00
1.000000000000000000e+00
2.479248662262257263e-01
4.207623804451253169e-01
9.803959768359731264e-01
9.786647668424131030e-01
-5.134782955246743885e-01
-4.389951309197376306e-01
-1.000000000000000000e+00
-1.000000000000000000e+00
9.778637782809571632e-01
-2.069199304306216236e-01
-1.000000000000000000e+00
-8.601489286022854230e-01
9.461808650654589536e-01
1.000000000000000000e+00
-1.000000000000000000e+00
7.545011737775939586e-01
-1.000000000000000000e+00
3.527360310151095302e-01
1.000000000000000000e+00
-1.720810845559841429e-01
1.000000000000000000e+00
-1.000000000000000000e+00
4.822078925598372035e-02
-1.000000000000000000e+00
-2.863175372689382714e-01
1.710526484038294992e-01
2.428120090299483724e-01
-1.230490046560285267e-01
1.000000000000000000e+00
1.000000000000000000e+00
5.889664454935974458e-01
-5.735501373001794523e-01
-7.699432085731452435e-01
-5.796638722281572953e-01
1.000000000000000000e+00
-1.000000000000000000e+00
-1.000000000000000000e+00
5.713687492706884807e-01
1.000000000000000000e+00
1.000000000000000000e+00
-1.000000000000000000e+00
-1.000000000000000000e+00
-7.652923489780399935e-02
-3.204602410157137982e-01
-1.000000000000000000e+00
1.000000000000000000e+00
2.597486318368775193e-01
3.316842559515039701e-01
1.000000000000000000e+00
1.000000000000000000e+00
1.000000000000000000e+00
-9.458816978956325894e-01
-1.000000000000000000e+00
1.342108647293327461e-01
-8.224787465639977757e-01
4.660343870453464987e-01
-1.438539397196318959e-01
1.514362421169924700e-01
-1.000000000000000000e+00
1.270175445386910740e-01
1.000000000000000000e+00
-1.000000000000000000e+00
1.000000000000000000e+00
-8.223458978526219099e-01
3.645438835960147506e-01
-4.886411063195134075e-01
1.000000000000000000e+00
-6.334802645808965682e-01
-7.285821492063642157e-01
-1.000000000000000000e+00
8.932164461161091751e-01
9.943753341908604382e-01
5.318587907339265008e-01
-6.019191311251095300e-01
-1.465546708377952756e-01
1.000000000000000000e+00
-6.103634234004040593e-01
2.247395965022729314e-01
1.000000000000000000e+00
4.463488570494751340e-01
8.062667974275602445e-01
-1.000000000000000000e+00
1.398405176149228879e-01
-3.411102612318428484e-01
8.333823896890034666e-01
-4.920584843320074953e-02
-6.431549629216651298e-02
-1.000000000000000000e+00
1.000000000000000000e+00
6.434117415376157112e-01
-5.462362417815116444e-01
1.930037906827948291e-01
-1.000000000000000000e+00
1.000000000000000000e+00
1.000000000000000000e+00
-1.000000000000000000e+00
-7.390782977676411125e-01
1.000000000000000000e+00
-1.000000000000000000e+00
5.930645997627819188e-01
-7.124841862554419647e-01
1.000000000000000000e+00
1.000000000000000000e+00
-1.000000000000000000e+00
-9.974947257268894640e-01
-1.000000000000000000e+00
-1.000000000000000000e+00
-6.993096826278962785e-01
1.000000000000000000e+00
-7.244542709804430158e-01
-4.522548307144923507e-01
1.000000000000000000e+00
-2.976569614874235992e-01
1.000000000000000000e+00
6.644549915447696131e-01
1.000000000000000000e+00
1.000000000000000000e+00
-1.000000000000000000e+00
-7.826392108481043941e-01
1.253702019894296082e-01
1.000000000000000000e+00
-9.085748189287177201e-01
2.537198903060045030e-01
1.000000000000000000e+00
1.000000000000000000e+00
1.000000000000000000e+00
-1.517866230181162956e-01
1.000000000000000000e+00
-7.667939670160464072e-01
-1.000000000000000000e+00
1.000000000000000000e+00
1.000000000000000000e+00
-1.202360368759111120e-01
1.000000000000000000e+00
1.000000000000000000e+00
9.548765874474701709e-01
-1.000000000000000000e+00
-3.149478960187240273e-01
-1.000000000000000000e+00
-1.000000000000000000e+00
-6.689020160658072367e-01
-7.068918546680272863e-01
9.713027990818370316e-01
-7.486674779785666978e-01
-1.915982459445160213e-01
1.000000000000000000e+00
8.671407036698914883e-01
1.000000000000000000e+00
-1.000000000000000000e+00
-1.000000000000000000e+00
1.000000000000000000e+00
1.000000000000000000e+00
-8.816022233585419920e-01
1.000000000000000000e+00
-1.000000000000000000e+00
-5.406509672316983650e-02
1.000000000000000000e+00
1.000000000000000000e+00
-4.341896412820348550e-01
-1.000000000000000000e+00
7.861152878007832134e-01
7.488016944188998769e-01
5.926925484697397328e-01
1.000000000000000000e+00
1.000000000000000000e+00
2.279154272559495986e-01
1.938280155025862150e-02
-1.000000000000000000e+00
