-2.948801648507926032e-02
-8.984337073166994703e-01
-1.309341664905214753e-01
-1.000000000000000000e+00
-9.960305075842867950e-02
-5.909557912980734073e-02
1.000000000000000000e+00
-1.000000000000000000e+00
1.000000000000000000e+00
-5.259573015220497805e-01
9.333875721671081038e-02
-1.000000000000000000e+00
2.682656831818336363e-01
-1.746274190249197389e-01
-1.000000000000000000e+00
1.000000000000000000e+00
-6.358587198833334231e-01
5.069261737963431935e-02
1.000000000000000000e+00
-6.667721663876773341e-01
-2.226875518762327921e-01
2.249087778473208843e-01
-1.000000000000000000e+00
-1.000000000000000000e+00
9.189536708523482478e-01
-7.559106638841683878e-02
1.000000000000000000e+00
-8.175828378010916442e-01
1.000000000000000000e+00
2.875865077339556097e-01
1.000000000000000000e+00
-1.000000000000000000e+00
-1.931455923603586089e-01
-1.000000000000000000e+00
3.302075208981627430e-01
1.000000000000000000e+00
4.583927838409933564e-01
-4.324947475400673924e-01
1.000000000000000000e+00
1.000000000000000000e+00
7.378379618164503384e-01
6.654661284802099175e-02
-9.038230347411306820e-01
4.613191504039239610e-01
-1.000000000000000000e+00
2.476023023553159397e-01
6.280952722827696233e-01
8.056462983645735765e-01
-3.468350927779726423e-01
-2.448604713647750675e-01
1.000000000000000000e+00
4.166540945650676342e-01
-4.061417379783931469e-01
-3.137180443283998921e-02
-2.469574230313198449e-01
5.945829778192801562e-02
-5.691201709595381519e-01
4.433651372550679870e-01
-4.011366343050914995e-02
-1.000000000000000000e+00
9.862707320019690194e-01
4.037242143305921349e-01
4.368493929761250172e-01
8.350874264981358319e-01
-1.000000000000000000e+00
1.000000000000000000e+00
3.282543974125855524e-01
-8.713633761224535146e-01
1.000000000000000000e+00
-1.917932900036758426e-01
-1.000000000000000000e+00
-5.621180791438442625e-01
1.000000000000000000e+00
-1.000000000000000000e+00
-4.962965433189916453e-01
9.009392108830787116e-01
-3.667658129708097903e-01
1.000000000000000000e+00
-2.653168218109937526e-01
2.444560204328729558e-01
1.000000000000000000e+00
-8.997059583605859778e-04
5.924582034571586053e-01
4.651868021257750119e-01
7.807365412726965381e-01
6.326737787250349410e-01
7.688628488051443277e-01
-1.000000000000000000e+00
-8.969695456775665932e-01
-1.877231816923145558e-01
2.055719498358843378e-01
7.140454666985563970e-01
-7.317033693415733175e-01
-1.270222384445180985e-01
1.000000000000000000e+00
-6.607978319243336118e-01
-3.757339854823316116e-01
5.465965939496011394e-01
9.322096700177131545e-01
-6.081856681255144448e-01
8.312772339152997292e-01
1.388020915681007494e-01
1.000000000000000000e+00
-8.261957673999518192e-01
-1.907797753525870277e-01
-6.957246888989301326e-01
-6.160152293273464252e-01
1.000000000000000000e+00
-7.734407571427717176e-01
1.000000000000000000e+00
5.453171823252611627e-01
-6.813999882091037463e-02
-5.571147220530710265e-04
7.204735442274445845e-01
-8.458719684556308405e-01
-3.108871832848889571e-01
-1.000000000000000000e+00
-6.089154475053492055e-01
-3.465049144890182120e-01
-6.104094148338797821e-01
-5.791857427004976078e-01
-1.000000000000000000e+00
1.000000000000000000e+00
1.000000000000000000e+00
1.000000000000000000e+00
-3.195728903115480080e-02
3.758052571472054737e-01
1.000000000000000000e+00
-1.000000000000000000e+00
1.000000000000000000e+00
1.000000000000000000e+00
-4.926543095855074328e-01
1.000000000000000000e+00
-6.717166138182592006e-01
1.000000000000000000e+00
-8.983206070146042554e-01
-6.230265427285974766e-01
-9.819253386260899941e-01
2.429757119272704102e-01
-1.000000000000000000e+00
-4.554692984766890440e-01
7.527275784079903165e-01
2.356913940543328145e-01
1.000000000000000000e+00
-1.944542757187583959e-03
-1.456510873097303094e-01
1.000000000000000000e+00
5.103083871170626118e-01
5.375641031660702840e-01
6.330986279072421397e-01
4.921124902802935797e-01
1.000000000000000000e+00
8.012998335573109365e-01
-6.342565481885742429e-01
1.000000000000000000e+00
3.829763407633012262e-01
-5.346999614596474881e-01
4.683636416613046194e-01
-1.000000000000000000e+00
-3.855755133545284430e-01
-7.681238548150752798e-01
-1.000000000000000000e+00
1.000000000000000000e+00
9.440556781264815012e-01
2.973554867312218075e-01
-1.845141390981692719e-01
-2.293030035181325421e-01
4.203898504960974503e-01
3.842172382197854841e-01
-7.000674580822234816e-01
-8.507835452973906420e-01
-1.000000000000000000e+00
-6.823703201506361449e-01
-3.321670780641148291e-01
3.502167001306455418e-03
8.492137627635112374e-01
-1.000000000000000000e+00
-5.080152631659431428e-01
-1.000000000000000000e+00
-7.460762424990745600e-01
-7.215633559940120012e-01
6.137318014809416411e-01
-8.700850732490559292e-01
-4.513067253206020091e-01
-1.000000000000000000e+00
2.718213523916139795e-01
-1.000000000000000000e+00
-1.000000000000000000e+00
-1.000000000000000000e+00
-9.603512657854302859e-01
-1.370751638859993848e-01
-4.933957607014500257e-01
6.284836385498180356e-01
1.123951545870274238e-01
1.000000000000000000e+00
-1.000000000000000000e+00
3.070911891232659396e-01
-6.130361738866898502e-01
7.150544148905583208e-01
1.375324471177115093e-01
1.000000000000000000e+00
-3.028306364305479170e-01
-5.694752050188289783e-01
-8.512456870643836382e-03
9.037916569161197344e-03
-1.000000000000000000e+00
1.000000000000000000e+00
-1.123532687556780818e-01
1.480761225113022550e-01
6.230518340952080347e-01
-1.000000000000000000e+00
-1.401632650373971778e-01
4.578355693317139874e-01
1.653725816032396434e-01
-1.000000000000000000e+00
-3.768391833391038226e-02
-8.282415175251374162e-01
-1.000000000000000000e+00
-1.000000000000000000e+00
4.263382252790539617e-01
9.442350928068825588e-01
9.459331294235679977e-01
9.305078931062382708e-02
-4.131315068993880457e-01
-2.420526420144741842e-02
-2.045690294701966727e-01
2.591870908907243365e-01
-7.758776196201271347e-01
1.000000000000000000e+00
-4.250424822341636322e-01
1.517735723907054357e-02
-6.993361594177309737e-01
-1.461174193720813363e-01
8.468226525050612796e-01
1.000000000000000000e+00
-4.042509972272100294e-01
-1.571977980880367998e-01
3.842662561485088446e-02
8.838909099085996424e-01
-4.621246083793639770e-01
-1.000000000000000000e+00
7.346106706728059432e-01
2.130612143363411759e-01
1.575544973655371717e-01
-1.000000000000000000e+00
5.127773889693332254e-01
-1.000000000000000000e+00
9.524441548951690928e-01
-7.937732267243094997e-01
7.946746170623180117e-01
-7.455088217119462124e-01
4.297921397440949143e-01
-1.000000000000000000e+00
1.000000000000000000e+00
1.000000000000000000e+00
7.365057481911363446e-01
6.128449262370273543e-01
1.000000000000000000e+00
5.077990674111132474e-01
9.918049296525293101e-01
1.000000000000000000e+00
1.829965328371196964e-01
2.214290283490181199e-01
3.825363537522588064e-01
-3.393889627772901374e-01
