-1.077610325063165231e-01
1.000000000000000000e+00
-1.000000000000000000e+00
2.335561023641155032e-01
1.000000000000000000e+00
7.308219519510594786e-01
-1.000000000000000000e+00
1.000000000000000000e+00
1.000000000000000000e+00
1.000000000000000000e+00
7.674323990733405987e-02
1.000000000000000000e+00
1.000000000000000000e+00
9.223113666398791155e-01
-6.507113256721509531e-01
-2.287069392971350368e-01
6.855929420821187392e-01
1.000000000000000000e+00
1.000000000000000000e+00
1.000000000000000000e+00
-6.721122589392349855e-01
-1.000000000000000000e+00
1.000000000000000000e+00
-1.000000000000000000e+00
-1.000000000000000000e+00
4.441375534638529743e-01
1.000000000000000000e+00
-5.032647998713013493e-01
1.000000000000000000e+00
1.000000000000000000e+00
1.073267680927932899e-01
1.000000000000000000e+00
1.000000000000000000e+00
-1.000000000000000000e+00
1.000000000000000000e+00
-1.000000000000000000e+00
1.000000000000000000e+00
1.000000000000000000e+00
8.812601568332023572e-01
1.000000000000000000e+00
-1.000000000000000000e+00
8.894936019896925172e-01
-1.000000000000000000e+00
-4.208835676063071851e-01
6.265177299333658523e-01
-1.000000000000000000e+00
1.000000000000000000e+00
-1.000000000000000000e+00
-5.868420416181505672e-01
-1.000000000000000000e+00
1.000000000000000000e+00
9.478509940382090493e-02
-5.490340205600905410e-01
1.997484776934630446e-01
1.000000000000000000e+00
-1.000000000000000000e+00
-1.000000000000000000e+00
-1.000000000000000000e+00
1.879487177666262498e-01
1.000000000000000000e+00
1.000000000000000000e+00
1.000000000000000000e+00
1.000000000000000000e+00
6.101660019144166114e-01
-6.242748598851346475e-01
1.263687539138961258e-01
-1.000000000000000000e+00
-7.713458575926167571e-01
1.000000000000000000e+00
-1.000000000000000000e+00
1.000000000000000000e+00
1.000000000000000000e+00
5.456825489170586962e-01
1.000000000000000000e+00
-1.000000000000000000e+00
1.000000000000000000e+00
4.099652563681625006e-01
-1.000000000000000000e+00
-1.000000000000000000e+00
-3.925657895337613112e-01
1.000000000000000000e+00
9.778161005937299199e-01
-8.839714111839435118e-01
1.000000000000000000e+00
-7.161138101409442180e-01
1.000000000000000000e+00
-1.000000000000000000e+00
1.000000000000000000e+00
-1.000000000000000000e+00
-5.289991268687705972e-01
-1.000000000000000000e+00
-1.000000000000000000e+00
1.000000000000000000e+00
8.277725556807933316e-01
1.000000000000000000e+00
1.000000000000000000e+00
-8.339169334134965972e-01
-1.000000000000000000e+00
1.000000000000000000e+00
1.000000000000000000e+00
1.000000000000000000e+00
-3.159358574652710860e-01
-1.000000000000000000e+00
-7.317095496305537905e-01
1.000000000000000000e+00
-1.000000000000000000e+00
1.000000000000000000e+00
-1.352690923668852796e-01
1.000000000000000000e+00
8.058914258986042967e-01
1.000000000000000000e+00
1.000000000000000000e+00
-1.000000000000000000e+00
1.000000000000000000e+00
-1.000000000000000000e+00
1.000000000000000000e+00
-1.000000000000000000e+00
-1.000000000000000000e+00
-1.000000000000000000e+00
9.226887647858658115e-01
1.000000000000000000e+00
-5.277033257360557172e-01
-1.000000000000000000e+00
1.000000000000000000e+00
-1.000000000000000000e+00
1.000000000000000000e+00
-1.000000000000000000e+00
1.000000000000000000e+00
-1.308433419734700287e-02
1.000000000000000000e+00
-1.000000000000000000e+00
1.000000000000000000e+00
1.000000000000000000e+00
-1.000000000000000000e+00
8.218855207268298546e-01
5.465412935653561899e-01
-1.000000000000000000e+00
1.000000000000000000e+00
3.147935527476573014e-01
-1.000000000000000000e+00
2.929612924035982502e-01
1.000000000000000000e+00
-1.000000000000000000e+00
8.032401970651794620e-01
1.000000000000000000e+00
8.385986999729636571e-01
6.633507931179554173e-01
1.000000000000000000e+00
-3.949244756908356635e-01
-1.000000000000000000e+00
1.000000000000000000e+00
-1.000000000000000000e+00
-6.833447724943263468e-01
-5.534718254112369618e-01
-1.127877513806386789e-01
-1.000000000000000000e+00
1.000000000000000000e+00
1.000000000000000000e+00
-9.398366526543593391e-01
-2.712501430978419004e-01
-1.000000000000000000e+00
-1.000000000000000000e+00
-1.000000000000000000e+00
1.000000000000000000e+00
-1.000000000000000000e+00
-7.532170998936716932e-01
1.000000000000000000e+00
1.000000000000000000e+00
1.000000000000000000e+00
3.095102144369338282e-02
-1.000000000000000000e+00
9.582788495012014574e-01
-1.000000000000000000e+00
-1.000000000000000000e+00
-9.283342315224429875e-02
-2.134840186568113252e-01
-1.823565176796089204e-01
-1.000000000000000000e+00
-1.000000000000000000e+00
1.000000000000000000e+00
-5.156615438108305138e-01
1.000000000000000000e+00
1.000000000000000000e+00
1.000000000000000000e+00
2.660689756848040322e-01
4.761306196208978658e-01
1.000000000000000000e+00
1.000000000000000000e+00
-1.000000000000000000e+00
1.408809449564615290e-01
1.000000000000000000e+00
8.409927358070844461e-01
-8.161080704609033898e-01
-1.000000000000000000e+00
-1.000000000000000000e+00
-1.000000000000000000e+00
2.463076453178330016e-01
-1.000000000000000000e+00
1.048351668760057753e-01
6.111700294592928850e-01
1.000000000000000000e+00
9.019832949259132260e-02
-2.757998026486592202e-01
1.000000000000000000e+00
1.000000000000000000e+00
1.000000000000000000e+00
1.774367911813916621e-01
1.000000000000000000e+00
1.000000000000000000e+00
-5.021783648495850017e-01
-3.451158481668754607e-01
1.000000000000000000e+00
-1.000000000000000000e+00
-2.338610352067254095e-01
1.857871449375727568e-01
1.000000000000000000e+00
1.000000000000000000e+00
1.000000000000000000e+00
1.000000000000000000e+00
-1.000000000000000000e+00
4.325785919564348880e-01
-1.000000000000000000e+00
-1.000000000000000000e+00
8.280660824314901580e-01
-1.000000000000000000e+00
1.000000000000000000e+00
1.000000000000000000e+00
-8.439580558837954660e-01
-1.000000000000000000e+00
1.000000000000000000e+00
-1.000000000000000000e+00
1.000000000000000000e+00
-7.537122207719764155e-01
1.000000000000000000e+00
-1.000000000000000000e+00
6.987973795800528354e-02
-1.000000000000000000e+00
-1.668934612877902013e-01
-3.021556807598382854e-01
-1.000000000000000000e+00
-1.000000000000000000e+00
-1.000000000000000000e+00
1.000000000000000000e+00
-1.000000000000000000e+00
-1.000000000000000000e+00
-1.000000000000000000e+00
3.531943571294238193e-01
1.000000000000000000e+00
1.000000000000000000e+00
1.000000000000000000e+00
-1.000000000000000000e+00
-5.492296008136565710e-01
1.000000000000000000e+00
-1.000000000000000000e+00
-3.031441080459196247e-02
1.000000000000000000e+00
5.033772657577461063e-01
-6.857385406220453117e-01
1.000000000000000000e+00
-1.000000000000000000e+00
1.000000000000000000e+00
-2.362639990916030053e-01
1.000000000000000000e+00
1.000000000000000000e+00
-5.527188619421303795e-01
