1.000000000000000000e+00
-1.024374918092758602e-01
1.000000000000000000e+00
-1.000000000000000000e+00
-1.000000000000000000e+00
1.000000000000000000e+00
-1.000000000000000000e+00
-2.225781383521709955e-01
-1.000000000000000000e+00
5.642024080985779122e-01
-1.911048471377616575e-01
1.000000000000000000e+00
1.000000000000000000e+00
-1.000000000000000000e+00
-1.000000000000000000e+00
1.000000000000000000e+00
1.000000000000000000e+00
-7.995482450620398085e-01
2.795054309685821581e-01
1.000000000000000000e+00
4.243538024104751005e-01
-5.536614316318808626e-01
-1.000000000000000000e+00
5.948681198179299745e-01
1.000000000000000000e+00
-1.000000000000000000e+00
1.000000000000000000e+00
-1.000000000000000000e+00
-4.999128528803566951e-01
-1.000000000000000000e+00
6.548041305663399037e-01
-1.000000000000000000e+00
1.000000000000000000e+00
1.000000000000000000e+00
-1.000000000000000000e+00
-1.000000000000000000e+00
-1.000000000000000000e+00
-1.000000000000000000e+00
7.690727930779309718e-01
-1.000000000000000000e+00
1.000000000000000000e+00
-1.000000000000000000e+00
-1.000000000000000000e+00
-1.000000000000000000e+00
1.000000000000000000e+00
-1.000000000000000000e+00
1.000000000000000000e+00
1.000000000000000000e+00
-1.000000000000000000e+00
3.581637039337635109e-01
-1.000000000000000000e+00
1.000000000000000000e+00
1.000000000000000000e+00
1.000000000000000000e+00
1.000000000000000000e+00
-1.000000000000000000e+00
1.000000000000000000e+00
1.000000000000000000e+00
1.000000000000000000e+00
-5.197531963807738853e-01
-1.000000000000000000e+00
-2.729773511516909723e-01
1.000000000000000000e+00
1.000000000000000000e+00
1.000000000000000000e+00
1.000000000000000000e+00
-1.000000000000000000e+00
1.000000000000000000e+00
-1.000000000000000000e+00
1.000000000000000000e+00
-9.086386870756001377e-01
-8.479175642725245154e-01
-1.000000000000000000e+00
-1.000000000000000000e+00
1.000000000000000000e+00
1.000000000000000000e+00
1.000000000000000000e+00
1.000000000000000000e+00
1.000000000000000000e+00
-3.134835163832281335e-01
-1.000000000000000000e+00
1.000000000000000000e+00
3.500452013881377722e-02
-1.000000000000000000e+00
-1.000000000000000000e+00
-1.000000000000000000e+00
1.000000000000000000e+00
8.236938594229991084e-01
1.000000000000000000e+00
-6.799785753148632761e-01
-1.000000000000000000e+00
1.000000000000000000e+00
-1.000000000000000000e+00
-1.000000000000000000e+00
1.000000000000000000e+00
-1.000000000000000000e+00
-8.169410444189552090e-01
2.697983247555677533e-01
-7.481477939505312147e-01
-1.000000000000000000e+00
1.000000000000000000e+00
1.000000000000000000e+00
1.000000000000000000e+00
4.205976251808243305e-01
1.000000000000000000e+00
-1.000000000000000000e+00
-1.000000000000000000e+00
2.812081571454287943e-01
7.646737708205773032e-01
-1.000000000000000000e+00
-1.000000000000000000e+00
1.000000000000000000e+00
-1.000000000000000000e+00
1.000000000000000000e+00
-1.000000000000000000e+00
1.000000000000000000e+00
1.000000000000000000e+00
8.519939686027782066e-01
1.000000000000000000e+00
1.000000000000000000e+00
-1.000000000000000000e+00
1.000000000000000000e+00
-1.000000000000000000e+00
1.000000000000000000e+00
-8.272869696570568365e-01
-1.000000000000000000e+00
1.000000000000000000e+00
1.000000000000000000e+00
-1.000000000000000000e+00
2.744748864430057722e-02
1.000000000000000000e+00
-1.000000000000000000e+00
1.000000000000000000e+00
1.000000000000000000e+00
1.000000000000000000e+00
-1.000000000000000000e+00
-1.000000000000000000e+00
1.000000000000000000e+00
1.000000000000000000e+00
-9.023723031896291324e-02
7.423680604085455825e-02
1.000000000000000000e+00
1.000000000000000000e+00
3.980572815181490087e-01
1.000000000000000000e+00
1.000000000000000000e+00
-6.698941108144726986e-01
-1.000000000000000000e+00
-1.000000000000000000e+00
1.000000000000000000e+00
7.808460719550435192e-01
3.497817581915183549e-01
-1.000000000000000000e+00
-1.779486607971840773e-01
9.520270996724512491e-01
1.000000000000000000e+00
1.000000000000000000e+00
-1.000000000000000000e+00
-1.000000000000000000e+00
1.000000000000000000e+00
-1.000000000000000000e+00
1.000000000000000000e+00
-1.000000000000000000e+00
-1.000000000000000000e+00
-4.402986735075761215e-01
-1.000000000000000000e+00
1.000000000000000000e+00
-1.000000000000000000e+00
2.874191621450459810e-01
1.000000000000000000e+00
-6.566900777820326995e-01
-7.184131608588106843e-03
-1.000000000000000000e+00
1.000000000000000000e+00
9.605372555329928508e-01
-1.000000000000000000e+00
1.000000000000000000e+00
-9.949221132130851020e-01
-1.000000000000000000e+00
-1.000000000000000000e+00
1.000000000000000000e+00
1.000000000000000000e+00
-1.000000000000000000e+00
1.000000000000000000e+00
8.991479408634173165e-02
1.000000000000000000e+00
1.000000000000000000e+00
-1.000000000000000000e+00
-2.640754947909790262e-01
-7.562431696207524423e-01
1.000000000000000000e+00
-4.787302233536268048e-01
1.000000000000000000e+00
2.139675827276930065e-01
-1.000000000000000000e+00
1.000000000000000000e+00
5.113714101010636837e-01
1.000000000000000000e+00
1.401982378841581944e-02
-8.322791821959707459e-01
-1.000000000000000000e+00
-1.000000000000000000e+00
-1.000000000000000000e+00
-5.215343027773213791e-01
-1.000000000000000000e+00
-1.000000000000000000e+00
-1.000000000000000000e+00
1.000000000000000000e+00
-1.000000000000000000e+00
1.000000000000000000e+00
-7.061761704103488579e-01
7.684324404281643872e-01
8.494242416955049002e-01
1.000000000000000000e+00
4.784873344507107884e-01
9.674732661752403207e-01
-1.000000000000000000e+00
-4.311165871457143250e-01
1.000000000000000000e+00
9.852759229582839229e-01
-1.000000000000000000e+00
-1.000000000000000000e+00
-1.000000000000000000e+00
1.000000000000000000e+00
-5.790717153762896530e-01
1.000000000000000000e+00
-2.827131360683470263e-01
1.000000000000000000e+00
-1.000000000000000000e+00
1.000000000000000000e+00
-1.000000000000000000e+00
5.642337959247176737e-01
9.713579311177507059e-01
1.000000000000000000e+00
-7.749053268848643539e-01
-1.000000000000000000e+00
-1.000000000000000000e+00
-5.874947167072812615e-01
-1.000000000000000000e+00
1.000000000000000000e+00
1.000000000000000000e+00
-2.953505352791263583e-02
5.845066821796778278e-01
1.000000000000000000e+00
1.000000000000000000e+00
1.000000000000000000e+00
7.036890027135266346e-01
1.000000000000000000e+00
1.000000000000000000e+00
-1.000000000000000000e+00
-1.000000000000000000e+00
5.999264358636160477e-01
-9.616553050509650813e-01
1.000000000000000000e+00
4.914591376933330480e-02
-1.000000000000000000e+00
1.000000000000000000e+00
1.000000000000000000e+00
-1.000000000000000000e+00
-1.000000000000000000e+00
8.451653386084870268e-02
-1.000000000000000000e+00
1.000000000000000000e+00
-1.000000000000000000e+00
7.628556300669726564e-01
