5.665668515368613711e-01
6.105369041212146408e-01
-1.000000000000000000e+00
-6.190905790809686504e-02
-9.125923456722861982e-03
1.000000000000000000e+00
-2.239983390757926962e-01
-7.352270368680645651e-01
-1.000000000000000000e+00
1.000000000000000000e+00
1.000000000000000000e+00
-7.728507096285672784e-01
-1.000000000000000000e+00
1.000000000000000000e+00
-6.713929050654434683e-01
-3.810882346671895515e-01
-7.318060199194824644e-01
8.308896842392279325e-01
3.254670282428830941e-01
-8.547434390053236797e-01
-1.000000000000000000e+00
9.894867734358190337e-01
1.441196391248518172e-01
-6.729293550347904551e-01
-9.055140669867580705e-01
-5.937339484690598024e-01
-1.000000000000000000e+00
1.996623154605748907e-01
3.668695552726404241e-01
1.000000000000000000e+00
5.316568604641095375e-01
1.000000000000000000e+00
1.000000000000000000e+00
5.394589993014031748e-01
4.814877072105487876e-01
9.788379557464166325e-02
-1.000000000000000000e+00
-5.025258515210084820e-01
-5.790451568381604908e-02
-7.930929136832916004e-01
-1.212815496200996268e-01
3.741104754949020617e-01
-3.656097481520790282e-01
6.112300718400938138e-01
-8.949464517947369746e-01
2.043146793415893114e-01
-1.000000000000000000e+00
3.736981130195066170e-01
1.000000000000000000e+00
-8.472142056322449211e-01
-9.087727681676425195e-01
7.845614948089907337e-02
-4.770393138455977233e-01
1.009217760676807130e-01
3.541966520776036464e-01
-8.320850834356354753e-01
-3.259371521760097146e-01
1.000000000000000000e+00
-1.000000000000000000e+00
-3.125076958912584857e-01
-1.311995876721363530e-01
1.000000000000000000e+00
-1.000000000000000000e+00
5.102318458608117169e-01
-7.009214965118844010e-01
-5.793289248194919416e-01
-4.338451040768818157e-01
-2.105852825408760509e-01
3.956358480518828991e-02
-9.592505253014467215e-01
-2.460925520197353722e-01
5.835271676354768233e-02
-3.972520475567549170e-01
7.151831936787179655e-01
-3.584020501679206494e-01
-1.000000000000000000e+00
-5.141544618440710979e-01
4.647017205745445079e-01
6.053480064257427129e-01
5.819577308346889355e-01
1.000000000000000000e+00
-4.055531193471642037e-01
-1.000000000000000000e+00
-9.125656730767107705e-01
-8.447967575733069667e-01
7.095036978579865039e-01
-1.000000000000000000e+00
3.373555814344656456e-01
3.059883145942601246e-01
1.000000000000000000e+00
-1.000000000000000000e+00
-2.762202952230419228e-01
-4.999656531185947550e-02
-3.894444222033128788e-01
1.000000000000000000e+00
-1.790417316906118828e-01
-8.335667868445753026e-01
-6.785505292099067720e-01
-1.000000000000000000e+00
1.000000000000000000e+00
1.000000000000000000e+00
-6.052673273024485878e-01
1.000000000000000000e+00
-9.006460247076453207e-02
-1.000000000000000000e+00
2.427510334298527139e-01
-6.384529563188415247e-02
6.334753879031156387e-01
-1.436028546950543494e-01
3.588183805096045731e-01
5.386715659826080138e-01
6.047150005772802261e-01
-7.814460494862625062e-01
1.000000000000000000e+00
-5.426439378161118654e-01
-8.934030019612366758e-01
-4.393737571442524747e-01
9.888089944593909664e-01
-5.316413851456671669e-01
-6.788678562962835450e-01
5.899257178752848052e-01
3.165340376788080556e-01
4.918066600072696914e-01
1.920419386357670177e-01
-3.502244800252727330e-01
-8.084824949296378627e-01
-6.538155395421418881e-01
-3.817648047864821148e-01
1.426773763289148622e-01
-7.099335636311032705e-01
-1.616102765523135254e-01
-1.000000000000000000e+00
4.505063935047197710e-01
6.775378441077488656e-01
-5.039927352172515196e-01
-6.818323641905086330e-01
4.421143120164170992e-01
-8.010552511244588558e-01
-2.141022673326107295e-01
5.772885536513006066e-02
-9.969126723276529045e-01
1.000000000000000000e+00
9.446288905875681596e-01
4.243434948090052394e-02
7.393787335767223468e-01
5.771826394606416333e-01
1.000000000000000000e+00
8.107118057312302506e-01
1.000000000000000000e+00
-4.088553652139423900e-01
3.925539707571801262e-01
2.997316815370731358e-01
4.166661989724775861e-01
-6.869045950047869553e-01
1.849151838088844979e-01
-8.764175422238791313e-01
7.434849906875318215e-01
-2.178134497015247195e-01
-8.904040059920569350e-01
-4.019034914046474283e-01
1.943058515294977528e-01
1.000000000000000000e+00
1.000000000000000000e+00
1.000000000000000000e+00
-9.215252905066615430e-01
6.868844029931873152e-01
7.425197578812821053e-01
-4.222333691733194394e-01
-7.298476608119903730e-01
-1.000000000000000000e+00
2.338143560153154721e-01
-5.776184953962212321e-01
9.904924542350503902e-01
-1.000000000000000000e+00
9.960272051465992593e-01
2.733348485178558329e-01
-1.374803260187640319e-02
-3.471022324365603540e-01
6.543979807365960522e-01
4.915728371365519767e-01
9.013878908008904345e-01
-1.000000000000000000e+00
6.928720073250027589e-01
6.211798391559050225e-01
1.646248268709349372e-01
-3.983593916934295986e-01
1.059932461036294793e-02
-9.057448023118465086e-01
-1.000000000000000000e+00
-6.863088629887200698e-01
-6.188031435355112464e-01
-1.000000000000000000e+00
-1.000000000000000000e+00
-1.000000000000000000e+00
-5.944712421199429553e-01
-1.728777115197066561e-01
-6.071879024936364111e-01
7.596822949039285788e-01
7.968777712125625357e-01
8.152960930972921183e-01
1.000000000000000000e+00
6.017791036686519490e-01
1.000000000000000000e+00
-1.000000000000000000e+00
-1.000000000000000000e+00
1.000000000000000000e+00
1.086732115243607133e-01
3.495621761011709072e-01
-4.919004679654361833e-01
5.600180908486414033e-01
-8.371239467658070366e-02
-1.000000000000000000e+00
-3.222416712242848202e-02
4.920762304733521386e-01
6.394342981936596004e-01
-1.125137866197865044e-01
2.187862842198131652e-01
8.382855410344591807e-01
5.128515771580166582e-01
-3.442360000208853354e-01
-3.368954520155269527e-01
1.278656316290367467e-01
7.287461139515347686e-01
8.025307275108950478e-01
1.000000000000000000e+00
-4.905342594520475386e-01
-3.684898098551170342e-01
8.274816765594896761e-01
-7.680947315965457323e-01
1.000000000000000000e+00
6.561451083504086235e-01
4.027917760930700419e-01
-1.000000000000000000e+00
7.495193100508159567e-01
-5.202550024447905042e-01
-7.210023680874348972e-01
4.674110018200705596e-01
1.000000000000000000e+00
-9.336970012904106664e-01
-7.802504610717538869e-01
-5.413365076654050867e-01
1.000000000000000000e+00
1.000000000000000000e+00
5.962901766481039090e-01
7.381436763160609260e-02
-7.897734322644837102e-01
-1.000000000000000000e+00
-8.647287181530761702e-01
4.132105558768752740e-01
7.076957791527751507e-01
-6.746192814735054721e-01
-6.757289394091365864e-01
-4.817595347113499682e-01
-1.000000000000000000e+00
-6.259442783433647461e-01
-1.000000000000000000e+00
7.083830082892297320e-01
8.114865907261625821e-02
-1.372745712692197140e-01
-5.826584832532866187e-01
-5.214398122104602074e-02
6.416437078922596626e-01
6.890985090548289449e-01
-1.106722286171180070e-01
5.048061992072507831e-01
