-1.000000000000000000e+00
-2.074227692872961937e-01
9.602505465148147845e-01
4.031512603400908556e-01
8.757334205055382625e-01
-5.072554807682549960e-01
-2.512014123627388518e-01
-1.933195373465612654e-02
-5.350322116560966013e-01
2.018189477011644861e-02
-8.124441732284981565e-01
-6.001162302471483301e-01
6.621525061631553521e-01
-1.143726026525304640e-02
2.069282666969404216e-01
1.268267737707193810e-01
3.841517492064090433e-01
-2.167193579404469439e-02
5.917772273654751114e-01
-1.232636128132125197e-01
-1.147700452600564081e-01
-7.152284398810737631e-01
2.590518008903420211e-01
-1.157804410073206558e-01
9.375065159517717017e-01
7.319139252309114774e-02
1.000000000000000000e+00
-5.534493452959396986e-01
2.875291336890326566e-01
9.315392159545223816e-01
-3.794510278695353289e-01
-1.000000000000000000e+00
6.983224601678001964e-01
-4.722770486098347154e-01
1.049689765769916683e-01
-5.986945545172445149e-02
3.735224065627344991e-01
8.131807298631925640e-01
1.000000000000000000e+00
-8.242033344457138089e-01
-9.876115473598947592e-01
3.883270337103629788e-01
-9.133122953957468759e-01
3.322886635719703996e-01
7.332633732916395974e-01
-1.148564532739022592e-01
-3.905747931694576458e-01
2.812243105622933559e-01
-5.293491065587518918e-03
-1.000000000000000000e+00
-8.383327746214732645e-01
-8.206728522101682799e-01
-9.515882612345586411e-01
2.326583975131303883e-01
-9.183818790681999022e-01
-4.858844578457397478e-01
8.210886905727576845e-01
1.000000000000000000e+00
5.775522562638579771e-03
4.659836497756741913e-01
-9.123562628230541538e-01
-3.443382904961056479e-01
6.322952519223286050e-01
-5.776229192763896458e-01
-8.094204598348997415e-01
1.000000000000000000e+00
-3.376771039737875291e-01
1.000000000000000000e+00
-3.669767634154617042e-01
1.000000000000000000e+00
8.920145175527023351e-01
-1.059687940173112963e-01
3.510630681512167950e-01
-6.846548148210616080e-01
1.000000000000000000e+00
8.962463713219563921e-01
3.044742978536807421e-01
-1.900194446622071875e-01
-5.071830704147205493e-01
1.000000000000000000e+00
-9.297974868952851857e-01
9.675248330574175437e-01
1.337859102265999134e-01
-4.986810158851029406e-02
-7.206205937080705226e-01
1.000000000000000000e+00
-6.223100947355053592e-01
-2.493278793837836460e-01
1.000000000000000000e+00
-6.776144553304079832e-01
-1.924929159518637967e-01
1.000000000000000000e+00
-2.179469348521443639e-01
9.522661644120862245e-01
-7.621957874880094241e-01
8.171259631417517877e-01
1.000000000000000000e+00
1.077607076130779884e-01
-3.478527477884352237e-03
8.635679757865495354e-01
7.539937024313740910e-01
1.484099341690728324e-01
1.000000000000000000e+00
2.106021444690167055e-01
-1.000000000000000000e+00
-3.288070196390853184e-01
1.945197605319579637e-01
-8.845370249575119637e-01
-1.000000000000000000e+00
7.490888508483726227e-01
3.881522013494231871e-01
-6.414636137671043681e-01
3.595094835250838283e-01
-5.182898485553897316e-01
9.507822476240606058e-01
4.440079112471075895e-01
7.790013778990900750e-02
6.100204767865485822e-01
-7.940913161295135581e-01
-8.169664775628098230e-01
-8.694935751126660062e-01
2.150381960190625996e-01
4.057720654790157866e-01
-4.620886721142019038e-01
-1.000000000000000000e+00
9.397778573259358836e-01
4.852833226435218084e-01
-1.513347022175577372e-01
-4.966095167551232148e-01
-9.045123990084245058e-01
9.750424781306663569e-01
-9.939433128853725208e-02
8.641305123963993751e-02
1.664090511046825149e-01
-5.988492583589648532e-01
2.977172372852888715e-01
-1.000000000000000000e+00
-3.785645758245010928e-01
2.045956117953682263e-01
-3.198547069400869969e-01
7.935781639440910862e-01
-7.916172391827274168e-01
-6.517235941825179069e-01
-5.221188970108545657e-01
8.892322911344556768e-01
-1.030999891554342796e-01
8.503762604935640734e-01
1.000000000000000000e+00
2.849177000646416769e-01
-4.730487676315425771e-01
-8.285959272310807755e-01
1.936192237652458736e-01
1.127853678510258861e-01
9.495624359973375839e-02
4.901021675029744173e-01
5.324565983164208927e-01
4.845992934967595644e-01
-4.354127456751082370e-01
9.927344468333842986e-01
1.000000000000000000e+00
6.299267401646353459e-01
1.672070056243681879e-01
-1.462676401347837718e-01
9.089421192929822979e-01
3.205508045897362823e-01
1.705454046486898356e-01
9.283290438891986796e-01
7.049124644565516462e-01
7.242628037387333073e-02
3.661057511684384647e-02
-8.496931359339698897e-01
-1.000000000000000000e+00
5.993878063055462224e-01
8.959877046380055887e-01
4.751416143951930904e-01
1.321990494518208159e-01
-5.125008855275263731e-01
7.551962885872853803e-02
1.000000000000000000e+00
1.000000000000000000e+00
-8.767400592909502244e-01
6.558764971400543597e-01
-3.816990855904025537e-01
3.134559475130054285e-01
-1.375830314685685951e-02
-2.676455038209620829e-01
1.000000000000000000e+00
-8.719676751889822164e-01
8.139181608194288042e-01
-8.572816407377661374e-01
-5.878258021003304190e-01
-7.259919328797719285e-01
1.030856703956550824e-01
-2.535288682797065540e-01
9.484171132659058312e-01
-2.860641485993724586e-01
-5.103003288142979876e-01
4.940921849238679719e-01
-3.395234525890401533e-01
-1.050959986650936706e-01
1.000000000000000000e+00
-9.351151661870769072e-01
6.264871062274544045e-01
-5.058194753480766970e-01
5.710018406410988234e-01
3.536365823588272228e-01
-7.524074331792700576e-01
-9.189741860202709223e-01
-2.331873250149569810e-01
-2.372443592458772788e-01
1.000000000000000000e+00
-9.865766383911265258e-01
1.000000000000000000e+00
6.677495380392719504e-01
-8.691550786835966491e-01
-1.000000000000000000e+00
3.786122181433542178e-01
-3.223867219845939491e-01
4.951782804100894886e-01
4.034361222283608939e-01
-8.275201497616317958e-01
-5.891751407962768639e-01
-1.000000000000000000e+00
1.000000000000000000e+00
-1.659929405906459543e-01
-5.578374263280887480e-01
-1.000000000000000000e+00
3.192457673942168395e-01
-2.066354510444050885e-01
1.190590238249660260e-01
-3.799151464576278059e-01
-3.372700406983057952e-01
-8.805999190567375123e-01
8.560266505902773826e-01
3.750931277329143665e-01
3.605809296443882594e-01
2.988169108504667992e-01
5.325164900123724454e-01
3.582720001369998908e-01
-1.000000000000000000e+00
-1.289820937150829572e-01
-4.594254481641653065e-01
9.986978254400333821e-01
-7.672719423382239334e-01
-6.399434471163398808e-01
-8.877990390915873054e-01
9.138076284382257164e-01
-2.378077400081282100e-01
6.497184647286213810e-02
-1.000000000000000000e+00
-8.068069280988481307e-01
8.383968833493690154e-01
-3.825509073542663341e-01
-7.168618307226872766e-01
7.792638441342381039e-01
6.200588643872884109e-01
1.000000000000000000e+00
6.433888349185350464e-01
-1.048150523194999462e-01
7.672208033384309012e-01
-4.372281306394925071e-01
-1.000000000000000000e+00
4.835543735542537913e-01
8.720099138944625849e-01
9.554384969795124416e-01
