-1.000000000000000000e+00
-1.000000000000000000e+00
-1.000000000000000000e+00
1.000000000000000000e+00
3.894483101719487528e-01
5.236979720310694919e-01
-1.000000000000000000e+00
1.000000000000000000e+00
1.000000000000000000e+00
1.000000000000000000e+00
1.000000000000000000e+00
1.694158733998857302e-01
-1.000000000000000000e+00
-8.464544050630196104e-02
-1.000000000000000000e+00
1.000000000000000000e+00
1.000000000000000000e+00
-1.000000000000000000e+00
-1.000000000000000000e+00
-3.325005835756221773e-01
1.000000000000000000e+00
-1.000000000000000000e+00
5.824568374507094193e-01
-1.000000000000000000e+00
-1.000000000000000000e+00
1.354585535609902358e-01
-1.000000000000000000e+00
-1.000000000000000000e+00
1.000000000000000000e+00
1.000000000000000000e+00
-1.000000000000000000e+00
1.000000000000000000e+00
1.000000000000000000e+00
1.000000000000000000e+00
-1.000000000000000000e+00
-1.000000000000000000e+00
-8.419395129259055199e-01
1.000000000000000000e+00
-1.000000000000000000e+00
1.000000000000000000e+00
1.000000000000000000e+00
-4.443033184224791654e-01
2.152653908152772910e-01
1.000000000000000000e+00
1.000000000000000000e+00
2.870710210965143894e-01
5.553106620775568603e-01
1.000000000000000000e+00
6.020811358231239474e-01
-1.000000000000000000e+00
-1.000000000000000000e+00
-1.000000000000000000e+00
-7.113947083275227179e-01
-1.000000000000000000e+00
-1.000000000000000000e+00
7.395551902805872491e-01
1.000000000000000000e+00
1.000000000000000000e+00
1.000000000000000000e+00
-4.081065549784868018e-02
5.337878224384194903e-01
1.000000000000000000e+00
-1.000000000000000000e+00
1.000000000000000000e+00
1.000000000000000000e+00
-1.000000000000000000e+00
-4.413157612173700395e-01
-4.733363347494541906e-01
1.000000000000000000e+00
2.691824942120039088e-01
1.000000000000000000e+00
-2.274916178397161648e-01
5.314176748020411623e-01
-1.000000000000000000e+00
-1.000000000000000000e+00
-1.000000000000000000e+00
-6.744819022085162263e-01
1.000000000000000000e+00
-1.000000000000000000e+00
-1.000000000000000000e+00
-1.000000000000000000e+00
-3.800462963834891905e-01
-7.033355662791711538e-01
-1.000000000000000000e+00
1.000000000000000000e+00
-1.000000000000000000e+00
1.000000000000000000e+00
-1.000000000000000000e+00
1.000000000000000000e+00
-1.000000000000000000e+00
-1.000000000000000000e+00
-5.678792466180904164e-01
1.000000000000000000e+00
-1.000000000000000000e+00
-5.912653466815662173e-02
-8.777300063611248593e-01
1.555928044470359373e-01
1.000000000000000000e+00
-2.680568482214660264e-01
1.000000000000000000e+00
1.000000000000000000e+00
-7.108707172802229968e-01
-1.000000000000000000e+00
2.317356540931625464e-02
4.744337281792825323e-01
-9.809208476383630693e-01
1.000000000000000000e+00
1.000000000000000000e+00
-1.000000000000000000e+00
1.000000000000000000e+00
-1.000000000000000000e+00
-4.855637223702782279e-01
1.000000000000000000e+00
-8.957862683158701600e-01
-6.239448807228232807e-01
-8.257733107122351424e-01
-1.000000000000000000e+00
-1.000000000000000000e+00
-1.000000000000000000e+00
-7.544738763914448088e-01
-1.000000000000000000e+00
1.000000000000000000e+00
1.000000000000000000e+00
1.878565705475097047e-01
1.000000000000000000e+00
-1.000000000000000000e+00
-1.000000000000000000e+00
6.254776643167259120e-03
1.904895895491184321e-01
-4.605905537106047554e-02
1.000000000000000000e+00
-3.713466599329440232e-01
-1.000000000000000000e+00
2.839654506593321526e-01
1.000000000000000000e+00
1.000000000000000000e+00
2.337556465888773749e-01
-1.000000000000000000e+00
-1.000000000000000000e+00
1.000000000000000000e+00
9.406548287306648604e-01
1.000000000000000000e+00
1.000000000000000000e+00
1.000000000000000000e+00
-1.000000000000000000e+00
-1.000000000000000000e+00
-1.000000000000000000e+00
7.380918703497552080e-02
-1.000000000000000000e+00
1.000000000000000000e+00
1.000000000000000000e+00
-1.000000000000000000e+00
1.000000000000000000e+00
-8.913493046458428326e-01
-1.000000000000000000e+00
-1.000000000000000000e+00
-4.431451735021111338e-01
-8.557149430571686644e-01
-9.214379512396243532e-01
-1.000000000000000000e+00
9.119781645845664864e-01
1.000000000000000000e+00
1.000000000000000000e+00
-1.000000000000000000e+00
9.594513029816731375e-01
5.397221587771677820e-01
-9.353840142300451355e-03
-1.000000000000000000e+00
5.622079823773149521e-01
-2.694042213264715713e-01
-1.742804711133391082e-01
1.000000000000000000e+00
-1.000000000000000000e+00
1.000000000000000000e+00
6.149371233797600311e-01
-2.807349897948050454e-01
-1.392691717729654943e-02
1.000000000000000000e+00
1.000000000000000000e+00
-6.692860938321515407e-01
1.000000000000000000e+00
-1.000000000000000000e+00
1.000000000000000000e+00
7.705172725216217211e-01
-1.000000000000000000e+00
-1.000000000000000000e+00
-2.721361527298460925e-01
-1.000000000000000000e+00
-1.000000000000000000e+00
1.719205767043046063e-01
-8.160611977445010323e-01
1.000000000000000000e+00
-1.000000000000000000e+00
-1.000000000000000000e+00
-1.000000000000000000e+00
9.153286156542934648e-01
-5.307565048706049948e-01
1.000000000000000000e+00
-1.000000000000000000e+00
7.774334237989766194e-01
8.087516192094856837e-01
1.806166504848434329e-01
-8.956971960040325254e-01
7.767542486480820685e-01
-1.000000000000000000e+00
1.000000000000000000e+00
-3.363485629043794223e-01
-3.453633900652469668e-01
1.000000000000000000e+00
1.000000000000000000e+00
1.000000000000000000e+00
7.128480549382214537e-01
-8.886438494891559792e-01
1.000000000000000000e+00
9.735574069318442270e-01
-6.288635575726331250e-01
-1.000000000000000000e+00
6.510301516635147445e-02
1.000000000000000000e+00
4.058816657902530878e-02
7.438240515378656825e-01
-1.000000000000000000e+00
1.000000000000000000e+00
-5.200742794987526230e-01
6.028366702891092554e-01
-1.000000000000000000e+00
1.000000000000000000e+00
-1.000000000000000000e+00
1.000000000000000000e+00
1.000000000000000000e+00
2.341590063253382592e-01
1.000000000000000000e+00
2.159421421547639275e-01
-1.303558141160823247e-01
1.000000000000000000e+00
-1.000000000000000000e+00
1.000000000000000000e+00
1.000000000000000000e+00
1.000000000000000000e+00
-1.000000000000000000e+00
1.000000000000000000e+00
-1.056305628424395460e-01
1.000000000000000000e+00
4.656180460326451165e-01
-1.000000000000000000e+00
1.000000000000000000e+00
-6.216713706177361409e-01
-1.000000000000000000e+00
-1.000000000000000000e+00
1.000000000000000000e+00
-1.000000000000000000e+00
-1.000000000000000000e+00
-1.000000000000000000e+00
-1.000000000000000000e+00
1.000000000000000000e+00
-1.000000000000000000e+00
-1.000000000000000000e+00
-5.166898839662614762e-01
-1.221587415924605402e-01
1.040014270765753368e-01
-8.375189990097688941e-01
5.413003431210910987e-01
-8.284480144537711421e-01
-8.469945909408878038e-01
-1.000000000000000000e+00
