-1.000000000000000000e+00
1.000000000000000000e+00
1.868261430791353650e-01
1.000000000000000000e+00
3.173957784850470754e-01
1.000000000000000000e+00
-1.000000000000000000e+00
-3.154107997688335718e-01
3.138293197224024667e-01
-3.442065163792011884e-01
1.000000000000000000e+00
-2.537993325356161511e-01
-2.646322999972773871e-01
-2.719530711078536056e-01
-1.000000000000000000e+00
1.000000000000000000e+00
1.000000000000000000e+00
-1.000000000000000000e+00
-1.000000000000000000e+00
-6.517804655661318947e-01
-8.591348451458722391e-01
-2.703744797386010146e-01
-5.402767997101314279e-01
-8.711079907899275110e-01
-5.639801490118889760e-01
-3.472894534966908253e-02
-6.884662352199012458e-01
-7.573264372168724279e-01
1.000000000000000000e+00
6.017380938498477772e-01
-7.999846352164516894e-01
1.000000000000000000e+00
7.613371988077322072e-01
9.312504585604663987e-01
1.000000000000000000e+00
-9.703525549878071477e-01
-1.000000000000000000e+00
-1.000000000000000000e+00
1.000000000000000000e+00
1.000000000000000000e+00
-1.000000000000000000e+00
-1.000000000000000000e+00
-1.000000000000000000e+00
1.000000000000000000e+00
6.338776078595531605e-01
2.807512047249206555e-01
-6.363599487588769144e-01
-1.000000000000000000e+00
6.969309222117343605e-01
1.429518027466098462e-01
1.001647832602982069e-01
2.699861395204489201e-01
1.977154756848263917e-01
-1.000000000000000000e+00
1.000000000000000000e+00
-5.724769014131259048e-01
-1.000000000000000000e+00
-5.401592860359298864e-01
1.000000000000000000e+00
1.000000000000000000e+00
-2.451327041264404483e-01
-1.000000000000000000e+00
-7.555943857421574261e-01
-1.000000000000000000e+00
-1.000000000000000000e+00
-1.000000000000000000e+00
6.831774486190733686e-01
-1.000000000000000000e+00
1.000000000000000000e+00
1.000000000000000000e+00
-5.041654229782914776e-01
1.000000000000000000e+00
-7.245255300285325939e-01
1.000000000000000000e+00
1.000000000000000000e+00
-7.653695124355927026e-01
7.294915079682542380e-01
5.941821317140835168e-01
-1.000000000000000000e+00
-6.220625868298845784e-01
8.511935603727458499e-01
-3.432099308478682165e-01
1.000000000000000000e+00
1.000000000000000000e+00
-2.904574509080715128e-02
3.699253638758627227e-01
-3.362617656429148782e-01
1.000000000000000000e+00
-2.985855603993075036e-01
-6.532062930670470280e-01
-7.710517660582815180e-01
9.507841448306479926e-01
1.000000000000000000e+00
1.000000000000000000e+00
-7.718217293957486680e-01
-1.000000000000000000e+00
9.161809855939267999e-01
3.053882177595975134e-01
-3.526831807012238418e-01
3.215689288060665785e-01
-9.331218596310537627e-01
1.398469340641245173e-01
4.164764464187314941e-01
-8.165465823799057388e-01
2.821131208839867677e-01
-7.103005994044675475e-04
-2.962823660593549846e-01
8.397237990534993646e-01
1.000000000000000000e+00
5.091122919457687912e-01
-6.505002627667382242e-01
-1.000000000000000000e+00
1.000000000000000000e+00
1.000000000000000000e+00
1.000000000000000000e+00
1.000000000000000000e+00
6.294377509093431744e-01
-1.000000000000000000e+00
-6.664286937713863601e-01
4.088397303195552834e-01
-2.395338324965314292e-01
-3.626777157399557749e-01
-6.724528062324730548e-01
3.315426313538904490e-01
-2.023548616040924675e-01
9.796264799636522635e-01
1.000000000000000000e+00
5.631584040545889458e-02
1.184698306194347239e-01
5.995198658216905896e-01
1.000000000000000000e+00
-1.000000000000000000e+00
1.000000000000000000e+00
1.000000000000000000e+00
9.220156361401092848e-01
-7.016085901545725534e-01
-3.365431163271068726e-01
-1.000000000000000000e+00
1.000000000000000000e+00
1.000000000000000000e+00
1.000000000000000000e+00
1.000000000000000000e+00
1.000000000000000000e+00
-1.000000000000000000e+00
-7.866277655585649509e-01
1.000000000000000000e+00
-1.078941703382967354e-01
6.976532039600169544e-01
1.000000000000000000e+00
1.000000000000000000e+00
1.000000000000000000e+00
8.864348276538087656e-01
-1.000000000000000000e+00
1.000000000000000000e+00
-4.978661983032469651e-01
-5.467418505942487350e-01
-6.956434986829158618e-01
9.583329488417652309e-01
1.000000000000000000e+00
-1.000000000000000000e+00
-1.000000000000000000e+00
-1.000000000000000000e+00
-1.000000000000000000e+00
-1.000000000000000000e+00
1.000000000000000000e+00
-1.000000000000000000e+00
1.000000000000000000e+00
5.027204663036579646e-01
1.000000000000000000e+00
1.000000000000000000e+00
-6.420758319568753425e-01
1.000958126728686004e-01
9.291165537931278529e-01
-1.000000000000000000e+00
1.000000000000000000e+00
2.593551083485617914e-01
1.000000000000000000e+00
-1.000000000000000000e+00
1.000000000000000000e+00
-1.796011683187348495e-01
4.633815824074016820e-01
1.000000000000000000e+00
-1.000000000000000000e+00
1.000000000000000000e+00
1.000000000000000000e+00
-1.000000000000000000e+00
1.000000000000000000e+00
-8.355891668900630176e-01
-1.000000000000000000e+00
1.000000000000000000e+00
-2.182191585409494206e-01
-1.000000000000000000e+00
-1.000000000000000000e+00
-1.000000000000000000e+00
4.381476974279168157e-01
-1.000000000000000000e+00
-1.000000000000000000e+00
-1.000000000000000000e+00
5.476554212805171407e-01
1.000000000000000000e+00
8.633019825484404830e-01
1.000000000000000000e+00
-6.875603344530200056e-01
-3.569570894805191852e-01
-4.265063021367492824e-01
3.034190506771781148e-01
5.571211052181520573e-01
-1.000000000000000000e+00
2.777516663623054716e-01
-1.000000000000000000e+00
5.554423353142823316e-03
8.615829132201179297e-01
9.857009502755337271e-01
-2.987413695609872355e-02
-1.608643513399089509e-01
5.575273875564319415e-01
1.000000000000000000e+00
8.615882332264782617e-01
5.644964357336745842e-02
7.455397651487976063e-01
-3.079111163301975207e-01
1.354999397488990676e-01
2.358437989931848611e-01
8.952586018300842108e-01
5.053370587307522976e-01
-1.000000000000000000e+00
-1.000000000000000000e+00
-3.377592975792190755e-01
-6.144205285619047663e-01
-3.452010794437556096e-01
-5.033835700073820973e-01
-1.000000000000000000e+00
6.524005348622929912e-01
-1.000000000000000000e+00
-9.059963349309699820e-01
-1.000000000000000000e+00
-1.000000000000000000e+00
-9.093837729978233586e-01
-1.000000000000000000e+00
-1.000000000000000000e+00
-1.000000000000000000e+00
-3.039668158958711563e-01
-5.978083915519265545e-01
9.086905384221823923e-01
-2.015904636386106619e-02
-5.542212787429099397e-01
-1.000000000000000000e+00
-1.000000000000000000e+00
4.327574277654732682e-01
-1.000000000000000000e+00
1.000000000000000000e+00
-6.191236148212048152e-01
-8.055047821652391304e-01
-1.000000000000000000e+00
-1.000000000000000000e+00
5.214570390935228117e-01
-1.000000000000000000e+00
3.783603207159828008e-01
8.620713864002628180e-01
4.174241547019762466e-01
-1.000000000000000000e+00
7.050446731273858347e-01
1.000000000000000000e+00
1.000000000000000000e+00
1.000000000000000000e+00
