-1.000000000000000000e+00
-5.377441078605912916e-02
-5.015086058810076519e-01
1.000000000000000000e+00
9.059562204250418693e-01
1.000000000000000000e+00
1.000000000000000000e+00
1.000000000000000000e+00
1.000000000000000000e+00
-7.440051417144868395e-01
4.559479216561626025e-01
-1.000000000000000000e+00
8.139561847363550040e-01
-2.280797982082471975e-02
4.266403121781888741e-01
-1.000000000000000000e+00
-1.000000000000000000e+00
-1.000000000000000000e+00
-5.864866018704351092e-01
1.000000000000000000e+00
-4.818088310386536843e-02
1.000000000000000000e+00
7.123904710608216506e-01
1.935752119559401851e-01
-1.000000000000000000e+00
1.000000000000000000e+00
-2.273638679261816842e-01
-4.098320958040680972e-01
-1.000000000000000000e+00
1.000000000000000000e+00
1.000000000000000000e+00
1.000000000000000000e+00
8.927928500760872188e-01
-5.785504263710607997e-01
6.906616443134711014e-01
6.032818596433440206e-01
-6.121820870395042746e-01
1.000000000000000000e+00
1.000000000000000000e+00
-1.000000000000000000e+00
1.000000000000000000e+00
-4.457882405831702366e-01
-3.199319902875918387e-01
4.424124753133843457e-01
1.000000000000000000e+00
1.357921496511393933e-02
1.000000000000000000e+00
-6.075946577462538745e-01
-5.794015494878124173e-02
1.000000000000000000e+00
7.323740826516209612e-01
-8.500344529072929589e-01
-1.000000000000000000e+00
-1.000000000000000000e+00
4.225243951961876743e-01
7.729093904294689343e-01
1.000000000000000000e+00
1.486119789587174722e-01
9.484547827344552706e-01
7.399324397480355753e-01
-1.000000000000000000e+00
1.000000000000000000e+00
-3.286682360399624248e-01
-1.000000000000000000e+00
-1.000000000000000000e+00
-3.745084817287653856e-01
-1.000000000000000000e+00
-1.000000000000000000e+00
1.000000000000000000e+00
1.854837061266034759e-02
1.639422110959330714e-01
7.020119599176051217e-01
3.915134052627682881e-01
-1.000000000000000000e+00
-6.187567991641453879e-01
-5.012196851231209838e-01
6.860720267275967066e-01
5.030524099778865832e-02
1.000000000000000000e+00
3.213952950668960140e-01
-2.344307283440729694e-01
1.000000000000000000e+00
1.000000000000000000e+00
-1.000000000000000000e+00
-2.975011622915013643e-01
-6.425455895110974147e-01
1.000000000000000000e+00
-1.000000000000000000e+00
1.000000000000000000e+00
-1.000000000000000000e+00
2.473584733182814244e-01
-1.000000000000000000e+00
1.000000000000000000e+00
1.000000000000000000e+00
1.000000000000000000e+00
1.000000000000000000e+00
-1.000000000000000000e+00
1.000000000000000000e+00
3.619989433322807759e-01
-1.000000000000000000e+00
2.174643371431118077e-01
1.000000000000000000e+00
1.473934622677983142e-01
2.781399440244616272e-01
-1.000000000000000000e+00
-1.000000000000000000e+00
-2.958125662474791473e-01
1.000000000000000000e+00
1.000000000000000000e+00
1.000000000000000000e+00
-1.000000000000000000e+00
-4.644892557624857865e-01
6.630015986057213873e-01
9.245864065747426697e-01
4.563624303842040431e-01
-9.836085980402702322e-01
1.000000000000000000e+00
-1.000000000000000000e+00
-1.000000000000000000e+00
5.371204902832668049e-01
1.000000000000000000e+00
-6.295925773646512402e-01
1.000000000000000000e+00
6.983767133913252323e-01
-1.000000000000000000e+00
1.000000000000000000e+00
-1.000000000000000000e+00
-1.000000000000000000e+00
-1.000000000000000000e+00
-1.000000000000000000e+00
-1.000000000000000000e+00
-1.000000000000000000e+00
1.000000000000000000e+00
1.000000000000000000e+00
-4.257318925219599759e-01
-1.000000000000000000e+00
1.000000000000000000e+00
-4.528222946254083503e-01
-1.000000000000000000e+00
1.000000000000000000e+00
-1.000000000000000000e+00
-1.000000000000000000e+00
-8.578451308271953790e-01
1.000000000000000000e+00
-1.000000000000000000e+00
-8.241133389614289095e-01
2.195232499326582598e-01
-5.044489045707047925e-01
-3.208704013426074697e-01
1.000000000000000000e+00
-1.000000000000000000e+00
5.046793072977074912e-01
-1.000000000000000000e+00
-8.410175540461344301e-01
3.843313423209285817e-01
-9.964237577268576507e-01
1.000000000000000000e+00
-1.000000000000000000e+00
1.000000000000000000e+00
1.000000000000000000e+00
1.000000000000000000e+00
1.000000000000000000e+00
1.000000000000000000e+00
-6.761427462350710904e-01
1.000000000000000000e+00
1.000000000000000000e+00
-5.992515582043647093e-01
-1.000000000000000000e+00
-7.551673511782348580e-01
1.000000000000000000e+00
-1.000000000000000000e+00
-1.000000000000000000e+00
1.000000000000000000e+00
-1.000000000000000000e+00
2.592610123384213594e-01
-3.248346820203625862e-01
-1.837280979153302907e-01
-5.206694379281102680e-01
-2.509153153965181793e-01
-8.053238735900236644e-01
-1.000000000000000000e+00
-1.000000000000000000e+00
7.935643810810173449e-01
-1.000000000000000000e+00
6.353313723312793426e-01
1.000000000000000000e+00
-1.000000000000000000e+00
1.000000000000000000e+00
1.000000000000000000e+00
-1.000000000000000000e+00
-4.852816549226259824e-01
1.000000000000000000e+00
-8.135314181792565602e-01
-1.000000000000000000e+00
-8.716435357351881574e-02
-1.000000000000000000e+00
5.153726185184730468e-01
-9.305425626128664973e-01
1.000000000000000000e+00
1.000000000000000000e+00
8.420996589908804619e-01
-7.383769576859433581e-01
1.000000000000000000e+00
1.884301181120262569e-01
-1.000000000000000000e+00
1.000000000000000000e+00
1.000000000000000000e+00
-1.000000000000000000e+00
6.923648121693819490e-01
-1.000000000000000000e+00
1.000000000000000000e+00
1.000000000000000000e+00
1.000000000000000000e+00
1.000000000000000000e+00
6.004927443759593420e-01
-1.000000000000000000e+00
-5.558394975789908710e-01
-1.000000000000000000e+00
-1.000000000000000000e+00
1.000000000000000000e+00
-1.000000000000000000e+00
-4.689336951237602635e-01
3.636369670023241740e-01
-9.956231409154547851e-01
-4.518163199078030212e-01
-2.151679156839649831e-01
-1.000000000000000000e+00
1.000000000000000000e+00
6.895476377702473014e-01
-4.513102932285539826e-02
5.906662406599367809e-01
2.141174412637615321e-01
1.000000000000000000e+00
-6.003672151381120869e-01
1.000000000000000000e+00
-1.000000000000000000e+00
1.000000000000000000e+00
5.299736838492811186e-01
1.000000000000000000e+00
-1.000000000000000000e+00
-9.991874566750357234e-01
-1.000000000000000000e+00
-7.905385551169309410e-01
1.000000000000000000e+00
-1.000000000000000000e+00
-1.866072654507566764e-01
-1.000000000000000000e+00
-3.149889463987320948e-01
-1.000000000000000000e+00
-1.000000000000000000e+00
-7.806408814757217485e-01
-1.000000000000000000e+00
9.658023228527410353e-01
-1.000000000000000000e+00
-7.375325070447174003e-01
6.154387190654120321e-01
8.386713096952806978e-01
-1.000000000000000000e+00
-8.164967340935586071e-01
-1.000000000000000000e+00
-1.693560650607904838e-01
4.518926692617086793e-02
-8.592660098248185996e-01
1.000000000000000000e+00
-1.000000000000000000e+00
