-4.575472410625381903e-01
4.015861141617858010e-01
-2.636315920103615706e-01
5.789081337588841691e-02
6.528009505624512432e-01
-6.889489472790462088e-01
1.000000000000000000e+00
-2.685252655012664302e-01
-9.020674035375964017e-02
8.342561489910083061e-02
6.820051562974664972e-01
-8.178132756616474097e-02
-2.090612313406057243e-01
5.555106691406037633e-01
4.858855889074498169e-01
7.959902248344397080e-01
-3.776104641512194604e-01
-1.964634890682798452e-01
-7.652286471013325375e-02
-4.358704354630549282e-01
-5.479244448380531374e-01
-8.023367445013915855e-01
3.223396194922227842e-01
6.148877780582850949e-01
-7.292431733589984644e-01
1.756337086416990267e-01
-1.000000000000000000e+00
4.052675838055503910e-01
-3.615134586824779728e-01
-8.138805569552272079e-01
2.562914102111295556e-01
-1.000000000000000000e+00
-6.082247381145901022e-01
6.129313650575087813e-01
-6.547637578128635560e-01
2.567893936923928422e-01
-5.302992556297194682e-01
7.400298179393849374e-01
1.960526515911173995e-01
4.302786053390429410e-01
-8.947043616383811848e-01
9.153786466019322443e-01
3.609337646774439801e-01
-3.515151900949020636e-02
1.000000000000000000e+00
5.830015246867625844e-01
-1.000000000000000000e+00
-5.280397668711549475e-01
1.765974618559045251e-01
-3.488541848088120290e-01
9.440114614377037583e-01
6.357097131090092557e-01
1.000000000000000000e+00
9.554642301348421629e-01
-1.000000000000000000e+00
1.668481451854037789e-01
5.616733341876047891e-01
-5.454564540504991399e-02
-4.651282090290906890e-01
9.454053562210888995e-01
8.156050031806818534e-01
9.587658531144100937e-01
-7.884291429272904939e-01
6.562400933718721685e-01
-5.101766622764609682e-01
2.634937724371577694e-01
-4.075125165074304778e-01
5.925690496257749462e-01
-9.991035272926536148e-01
-3.264063938417716138e-02
8.066897674943434016e-01
-2.351929482216115197e-01
4.648372934287252622e-01
7.024079826415432493e-01
9.313213396970656532e-01
8.632259014322931634e-01
-5.807429807426895962e-01
2.581608133218082912e-01
5.891981987775902763e-01
3.762230467619982477e-01
1.000000000000000000e+00
-9.049554878681462800e-01
-5.659632909662817291e-01
1.703599807704125890e-01
6.934687501225462736e-01
-4.076894264780897004e-01
4.199877470962740666e-01
-2.651462321306841119e-02
2.633011271347764914e-01
-8.111766732397676094e-01
7.655552033430883530e-01
-6.291356997782762139e-01
1.000000000000000000e+00
-8.678087482105161232e-01
7.144812804028370934e-01
-6.110181608827034427e-01
7.197272720613128172e-01
-6.451792836111416296e-01
-5.703159349732005445e-01
-3.005846129549660795e-02
-8.898949450733952826e-01
-3.865983863845441348e-01
1.484365572335819561e-01
7.108590387713467074e-01
1.650974693194209308e-01
-3.638295609171340317e-01
-4.354070376844016987e-01
9.826929187631234797e-01
-3.108872429248079605e-01
1.000000000000000000e+00
6.911406693258201894e-01
2.601367913150582911e-01
1.000000000000000000e+00
-6.187504319270042963e-02
-6.361439746650245919e-01
5.562505393655148289e-02
-4.357782605643034657e-01
1.914380328477989224e-01
-5.697132127024824300e-01
1.530916379193612009e-01
1.179497885532279078e-01
-5.668583222156451384e-01
-6.989416228085287841e-01
-9.867145082365835762e-02
-5.698908117544880803e-01
-9.384121249725105862e-01
-5.122106906280277094e-02
5.022351549087489264e-01
5.486154812272965309e-01
-3.960784242707691138e-01
-3.572026355910713491e-01
2.126480777259067700e-01
8.083428485056360913e-01
-2.468533454176671249e-01
1.000000000000000000e+00
4.688921703686732556e-03
9.189417500377586867e-01
4.725734869661302184e-02
9.922500651253296500e-01
3.439426704572006166e-01
-8.798899656440428707e-01
1.836822063127692140e-01
-5.992015205320608828e-01
-5.815564948375839815e-01
3.234695830804135142e-01
9.613790476918633310e-01
-6.722609926187625984e-01
-1.343141261674118958e-02
8.993672702301189759e-01
9.729734142492276749e-01
3.310843769580864571e-01
-8.698271638650153514e-01
7.136504149914069117e-02
-6.907872091898070721e-02
7.126963863173241265e-01
-1.699394013579123008e-01
5.447612188320207771e-01
-4.711742166743733140e-01
7.853088704764639161e-01
5.737875419940636768e-01
-6.547631947107217520e-01
-5.511993291864429878e-01
-3.050788494703304821e-01
-7.133519475065291937e-01
6.419806731282389212e-01
8.628097051283090124e-01
2.166657725173402049e-01
4.948703251476460618e-01
-5.725519592374495037e-01
4.504819930900245684e-01
-3.969164423856932356e-01
-8.395798955825912735e-01
3.904040160778514679e-01
-1.000000000000000000e+00
-2.379685676714184961e-01
-6.816374991639198022e-01
-4.362405291996838130e-01
-6.034515570753229419e-01
-1.459106411224591060e-01
-3.341846725471442348e-02
-1.553015645528394995e-01
-5.980617546670974338e-01
-3.576854891060969877e-01
-1.630172441764461411e-01
-5.181661253167515468e-01
-1.388189682694029869e-01
-2.541641123788629386e-01
-7.953663953203844728e-02
3.410856281548142466e-01
-8.518406549144257323e-01
-1.000000000000000000e+00
-4.782465537498141739e-01
-3.891671508420411207e-01
-9.757752005403821371e-01
-9.150142235695362114e-01
-7.969092330705700444e-01
-8.342673792149060130e-01
6.515481298886431905e-01
-5.788933548654759953e-01
-8.219357368227016014e-01
4.903244301955504980e-01
-3.556212428343343834e-01
4.796374681700439346e-01
1.511572960506288865e-01
3.477233401409520752e-01
7.401465405266016706e-01
-1.000000000000000000e+00
-1.000000000000000000e+00
-7.804394901277311725e-02
1.023384012604873217e-01
-5.810855271960695401e-01
-1.000000000000000000e+00
-8.726529106292892912e-01
4.224539691131723451e-01
-1.957100333094941025e-01
8.040336657977997792e-01
3.916245976388057493e-01
-3.698376985579454601e-01
1.000000000000000000e+00
-7.742113200936489026e-01
-3.658356277147762903e-01
5.444108108705902893e-01
-4.837756269121979980e-01
5.358579037987236671e-01
-7.337922568623274078e-01
5.472444933097238007e-01
9.100458095655907798e-01
1.000000000000000000e+00
-1.000000000000000000e+00
-2.012716262998006655e-01
-9.378373827439872024e-01
3.288956201130897039e-01
7.466887111701538959e-01
1.000000000000000000e+00
-8.603525881208576864e-01
-6.667891362021838297e-01
5.146868871192031847e-01
-9.070420707873922961e-01
8.208980401534928806e-01
-6.095465938159200237e-01
-2.142517491543260988e-02
1.000000000000000000e+00
-6.124460853572859520e-01
4.042756585307467621e-01
4.293213870058374404e-01
1.000000000000000000e+00
9.508248064056803450e-01
-2.701426319995190450e-01
1.000000000000000000e+00
-4.455416411957788814e-01
-6.742247198990147794e-02
-7.715578835771939037e-01
-1.914966711414487488e-01
1.000000000000000000e+00
-6.032804477895177264e-01
5.779395589522273724e-02
5.151092859061904283e-01
2.570911454743769475e-01
-1.000000000000000000e+00
-5.660893265243285288e-01
3.280308892097625328e-01
2.308090340141448760e-01
-3.415458571491281070e-02
9.176802806953832103e-01
6.432338599413864877e-01
