4.837226794082372106e-01
1.000000000000000000e+00
8.419935616725952032e-01
-9.550642353461078482e-01
1.000000000000000000e+00
-5.196148636643214136e-01
-3.459770954689780353e-01
1.000000000000000000e+00
-1.000000000000000000e+00
-3.215111225789613059e-02
-9.242548096927015733e-01
1.587840414781916953e-01
-1.000000000000000000e+00
1.000000000000000000e+00
-6.406769921409833923e-01
1.000000000000000000e+00
1.000000000000000000e+00
1.786418536706313454e-02
1.000000000000000000e+00
-6.201247919211008153e-01
-1.000000000000000000e+00
1.303869815516867092e-02
-3.462859257717523231e-01
-1.000000000000000000e+00
-7.502272718480880176e-01
3.941610395841114167e-01
1.000000000000000000e+00
1.000000000000000000e+00
-7.285766420876352845e-01
1.000000000000000000e+00
-4.762925270440026004e-01
1.000000000000000000e+00
-1.000000000000000000e+00
1.000000000000000000e+00
1.000000000000000000e+00
-4.964416861598643926e-01
3.436959614499732751e-01
1.000000000000000000e+00
-4.436042631947816339e-01
-1.000000000000000000e+00
-3.415349146322250729e-01
-1.000000000000000000e+00
1.000000000000000000e+00
1.000000000000000000e+00
9.647967732468152313e-01
-8.250370064646048718e-01
1.000000000000000000e+00
-1.000000000000000000e+00
-2.773449712081972329e-01
-1.000000000000000000e+00
6.900340855188680234e-01
-3.388873022331553297e-01
1.000000000000000000e+00
1.000000000000000000e+00
1.000000000000000000e+00
-2.450576054741657739e-01
-1.000000000000000000e+00
9.845937202962122825e-01
1.000000000000000000e+00
-1.000000000000000000e+00
-1.000000000000000000e+00
1.000000000000000000e+00
-1.000000000000000000e+00
1.000000000000000000e+00
3.279437520248902338e-01
1.369723264414968167e-01
1.000000000000000000e+00
-1.000000000000000000e+00
-1.000000000000000000e+00
-1.000000000000000000e+00
-1.000000000000000000e+00
1.000000000000000000e+00
-3.039120880310730577e-01
-7.835077065980089461e-01
7.893400832789599919e-01
1.000000000000000000e+00
9.372964120438858071e-01
8.029101826880546966e-02
-1.000000000000000000e+00
2.307114143433106612e-01
1.000000000000000000e+00
-8.743368681643912677e-01
1.343951253679901425e-01
6.877977451068619796e-01
1.000000000000000000e+00
6.706272426656365582e-01
4.013783733532609865e-01
1.000000000000000000e+00
1.000000000000000000e+00
1.000000000000000000e+00
1.000000000000000000e+00
-1.000000000000000000e+00
1.000000000000000000e+00
-1.000000000000000000e+00
-5.663464110529171647e-01
-1.000000000000000000e+00
-5.148507280314258416e-01
-6.016863781702819214e-02
1.000000000000000000e+00
-7.791183913518108239e-01
1.275339458837533302e-01
-1.951927795795215248e-01
-1.000000000000000000e+00
-4.229816306257842551e-01
1.000000000000000000e+00
-1.000000000000000000e+00
-1.000000000000000000e+00
1.000000000000000000e+00
-1.000000000000000000e+00
-8.389301441037108065e-01
2.979135833469776506e-01
4.063666966345346188e-01
1.000000000000000000e+00
-1.000000000000000000e+00
-3.388526779385983012e-01
9.271594828656759546e-01
-2.498427787930759258e-01
1.000000000000000000e+00
1.000000000000000000e+00
-1.000000000000000000e+00
-1.000000000000000000e+00
-1.000000000000000000e+00
-1.000000000000000000e+00
-1.000000000000000000e+00
3.169018752467442912e-01
1.000000000000000000e+00
1.000000000000000000e+00
1.000000000000000000e+00
2.820587687087227624e-01
1.000000000000000000e+00
1.000000000000000000e+00
-2.159473342731214052e-01
-1.000000000000000000e+00
4.876737962951220862e-01
5.912319206736516009e-01
-6.807778775026500639e-01
-1.000000000000000000e+00
-1.000000000000000000e+00
-3.849950126587310395e-01
-1.000000000000000000e+00
8.276698046013754029e-01
1.483934991323083152e-01
-1.000000000000000000e+00
-1.000000000000000000e+00
-1.000000000000000000e+00
-2.413309826825444926e-01
7.855616522055722806e-01
1.000000000000000000e+00
-1.000000000000000000e+00
-1.000000000000000000e+00
-1.000000000000000000e+00
-1.000000000000000000e+00
8.627572520920923083e-02
1.000000000000000000e+00
-1.000000000000000000e+00
-1.000000000000000000e+00
1.000000000000000000e+00
1.000000000000000000e+00
1.000000000000000000e+00
-9.587708940839175797e-01
-1.000000000000000000e+00
-8.451319195167188159e-02
-6.161275871636320289e-01
-3.596436636090589167e-01
-1.000000000000000000e+00
-1.000000000000000000e+00
-6.510150726880983285e-01
-4.264057706234722911e-01
1.000000000000000000e+00
1.000000000000000000e+00
-1.000000000000000000e+00
-1.966816008304558272e-01
-1.000000000000000000e+00
-3.212078588303521332e-01
3.360033527817425369e-01
9.652651310372077909e-01
-6.498746994617758954e-01
-1.000000000000000000e+00
1.000000000000000000e+00
1.000000000000000000e+00
4.240754551696258035e-01
-1.000000000000000000e+00
-1.000000000000000000e+00
6.000539119379983966e-01
-1.358891885089112406e-01
5.845631283511075749e-01
-5.287385004514792985e-01
5.824111801704968672e-01
1.000000000000000000e+00
8.432857876994819257e-01
1.000000000000000000e+00
-5.791017765102373094e-01
2.685328113671399120e-01
1.000000000000000000e+00
1.000000000000000000e+00
1.000000000000000000e+00
5.076630413899825278e-01
1.000000000000000000e+00
9.707388039427771176e-01
2.399741947718472268e-01
-1.000000000000000000e+00
1.000000000000000000e+00
5.705453327528096086e-01
-1.000000000000000000e+00
-1.000000000000000000e+00
-1.000000000000000000e+00
1.000000000000000000e+00
-1.061446134744957748e-01
-1.000000000000000000e+00
-1.000000000000000000e+00
-7.339890169118459262e-01
3.536434422130999566e-01
-1.000000000000000000e+00
-1.000000000000000000e+00
1.000000000000000000e+00
5.506192377032147478e-01
-1.000000000000000000e+00
1.000000000000000000e+00
-1.000000000000000000e+00
-3.776551085808721453e-02
7.452435442452620684e-01
-1.000000000000000000e+00
-7.907082613195226539e-02
1.000000000000000000e+00
1.000000000000000000e+00
1.000000000000000000e+00
2.328453544516695395e-02
-1.000000000000000000e+00
1.000000000000000000e+00
-1.000000000000000000e+00
-1.000000000000000000e+00
-9.038152354051125492e-01
4.095682895083139208e-01
-1.000000000000000000e+00
-3.763663071072551602e-01
-1.000000000000000000e+00
1.000000000000000000e+00
5.874091031556570863e-01
1.000000000000000000e+00
-5.289167665243423855e-01
1.000000000000000000e+00
1.000000000000000000e+00
1.000000000000000000e+00
1.000000000000000000e+00
-6.682489306332548562e-01
1.000000000000000000e+00
1.000000000000000000e+00
8.363179166897269923e-01
6.042833543215027081e-01
-5.780317176409910385e-02
1.000000000000000000e+00
-1.000000000000000000e+00
1.000000000000000000e+00
2.879577151907395938e-01
1.518482278400767882e-02
-1.000000000000000000e+00
-1.000000000000000000e+00
1.000000000000000000e+00
1.000000000000000000e+00
-1.000000000000000000e+00
9.063361883634941663e-01
8.330568431386685679e-01
1.000000000000000000e+00
-1.000000000000000000e+00
-4.649145471813060371e-01
