9.163484211381578426e-02
-8.494071722956466619e-01
-8.992699844633788020e-01
-9.710737124209751769e-01
-9.550192614726414897e-01
-1.325523888518010951e-01
1.457858437186517753e-01
6.336133217190612621e-01
1.000000000000000000e+00
-8.688204028153900804e-01
1.000000000000000000e+00
4.379702330819434941e-01
8.331548132009909402e-01
1.000000000000000000e+00
1.000000000000000000e+00
-1.000000000000000000e+00
1.000000000000000000e+00
-1.000000000000000000e+00
5.357892509415118631e-02
1.000000000000000000e+00
8.338315651352226077e-01
-1.743164346963596012e-01
1.387215545875131184e-02
1.000000000000000000e+00
1.000000000000000000e+00
1.000000000000000000e+00
-1.000000000000000000e+00
1.000000000000000000e+00
8.026968961197716856e-01
1.000000000000000000e+00
5.422314172127352672e-01
-6.411847473310809953e-01
9.321554523300681350e-01
-9.268184145557496478e-01
4.307752963942658164e-01
1.000000000000000000e+00
-6.609458757614863345e-01
3.916498283614198161e-01
-1.295171863354915576e-01
-1.000000000000000000e+00
1.000000000000000000e+00
-6.391854950210432706e-01
4.434800309664018725e-01
-2.601232066476461546e-01
-1.000000000000000000e+00
1.000000000000000000e+00
-1.000000000000000000e+00
3.212675486958890825e-01
-1.000000000000000000e+00
1.000000000000000000e+00
1.000000000000000000e+00
-1.000000000000000000e+00
-8.779631417339128774e-01
-7.124149683444440662e-01
2.956547098935673468e-01
-1.000000000000000000e+00
-1.000000000000000000e+00
1.000000000000000000e+00
-8.535541716301106030e-01
1.000000000000000000e+00
-3.346196132214809271e-01
1.925991596190560484e-01
1.000000000000000000e+00
1.000000000000000000e+00
1.000000000000000000e+00
8.144228634790485755e-01
-1.000000000000000000e+00
-9.485139458376833366e-01
1.000000000000000000e+00
-1.000000000000000000e+00
7.814368830548227285e-01
-5.898140529391917575e-01
1.000000000000000000e+00
1.000000000000000000e+00
-1.000000000000000000e+00
8.198254690305606385e-03
1.000000000000000000e+00
1.000000000000000000e+00
-1.000000000000000000e+00
9.987601626699488255e-02
9.535206385057803935e-02
-1.000000000000000000e+00
1.856803570047705909e-01
-4.783263881732099931e-01
-2.014976513501238742e-01
-1.000000000000000000e+00
9.353394284730249808e-01
-8.908938975756144213e-03
-4.199928159679251483e-01
1.000000000000000000e+00
-7.229805865696213862e-01
-4.829362158255424697e-01
-1.000000000000000000e+00
-9.409990310670484082e-01
9.291203774327174703e-01
1.000000000000000000e+00
1.000000000000000000e+00
1.000000000000000000e+00
1.000000000000000000e+00
-1.000000000000000000e+00
-1.000000000000000000e+00
-1.000000000000000000e+00
8.404806125949330076e-01
-1.000000000000000000e+00
-2.243722720197657561e-01
-5.783162277569295906e-01
7.759457137614332867e-01
-1.000000000000000000e+00
-6.681222784654389235e-01
-1.754525834241360549e-01
6.670209266521371916e-01
-9.597543444495602039e-01
-1.000000000000000000e+00
-1.000000000000000000e+00
-1.000000000000000000e+00
-3.809087018647683287e-01
4.917946625748712552e-01
-4.657169124228749402e-01
-1.000000000000000000e+00
1.368354245149254744e-01
-9.254415115174579043e-01
-1.000000000000000000e+00
1.000000000000000000e+00
1.000000000000000000e+00
-5.396136130940620834e-01
-6.222123780086145084e-01
1.000000000000000000e+00
8.235828162802558694e-01
1.000000000000000000e+00
-1.000000000000000000e+00
-2.560858498109566117e-01
1.000000000000000000e+00
1.000000000000000000e+00
5.136614082689983096e-01
1.000000000000000000e+00
1.742772399356768420e-01
-1.000000000000000000e+00
-5.507258728543290571e-02
6.142803046938801748e-01
6.087345090565167149e-01
5.608498801835051228e-01
-3.988313449268507394e-01
-1.000000000000000000e+00
1.000000000000000000e+00
-1.000000000000000000e+00
4.349285913195455322e-02
-1.000000000000000000e+00
6.737775898981932521e-01
-8.334678626650795508e-01
1.000000000000000000e+00
-9.808906409335416132e-01
-1.000000000000000000e+00
9.083807260811884721e-01
1.000000000000000000e+00
1.000000000000000000e+00
-1.000000000000000000e+00
3.717375034510657650e-01
-1.000000000000000000e+00
7.181825463389466258e-01
1.000000000000000000e+00
-8.994788289182075181e-01
-6.465629571707006695e-01
-8.680735367103395994e-01
-9.317878287477010524e-01
8.232935274443247131e-01
7.490984751422147259e-02
-1.000000000000000000e+00
-2.225542321433799930e-01
-1.000000000000000000e+00
-1.000000000000000000e+00
-4.872398024890344237e-01
1.000000000000000000e+00
-1.000000000000000000e+00
-1.000000000000000000e+00
1.000000000000000000e+00
1.000000000000000000e+00
-1.000000000000000000e+00
-3.982632428515290313e-01
1.983341761561559224e-01
-1.000000000000000000e+00
1.000000000000000000e+00
-1.000000000000000000e+00
-2.327580957334214329e-01
1.000000000000000000e+00
-1.000000000000000000e+00
-1.000000000000000000e+00
-8.166501376109530641e-02
4.653490501379089483e-01
3.272056899209294656e-01
1.000000000000000000e+00
4.093867359806457884e-01
7.501964573534136704e-02
-1.376610005878868837e-01
-1.000000000000000000e+00
1.000000000000000000e+00
1.000000000000000000e+00
3.406853660549320484e-01
-9.097433965201627837e-01
5.472291943534237646e-01
-1.000000000000000000e+00
-1.000000000000000000e+00
-6.308496841162338775e-01
1.000000000000000000e+00
1.000000000000000000e+00
1.000000000000000000e+00
-7.620340440271949900e-01
-1.000000000000000000e+00
-3.373509018793663383e-01
4.539946377468168093e-02
-1.000000000000000000e+00
5.274966214991512192e-01
-1.000000000000000000e+00
-2.200791323341629857e-01
1.000000000000000000e+00
-1.956338877206195148e-01
5.480814523546873041e-01
1.000000000000000000e+00
-1.944165537271170807e-01
1.000000000000000000e+00
-2.685526817097053653e-01
-1.000000000000000000e+00
-1.000000000000000000e+00
-1.000000000000000000e+00
1.000000000000000000e+00
-1.000000000000000000e+00
-1.000000000000000000e+00
-1.000000000000000000e+00
1.000000000000000000e+00
-1.405255370674969029e-01
8.244928967303000178e-02
-4.572870740159025171e-01
-2.482230566065437571e-01
9.302976592904608211e-01
-7.349746679014026451e-01
-1.000000000000000000e+00
-4.538650820692284871e-01
-1.000000000000000000e+00
-4.593052768211162151e-01
1.000000000000000000e+00
6.767916802299803747e-01
1.000000000000000000e+00
-1.000000000000000000e+00
4.803746401941256794e-01
-1.000000000000000000e+00
-5.001819690852115086e-01
-1.000000000000000000e+00
5.801982631476387819e-02
-6.107641229174403108e-01
8.315198594348089944e-01
-7.048156984241766843e-01
-1.000000000000000000e+00
-1.000000000000000000e+00
1.000000000000000000e+00
1.000000000000000000e+00
1.589527143693632016e-01
-1.000000000000000000e+00
1.000000000000000000e+00
3.971109170367492780e-01
1.000000000000000000e+00
-2.436797248888938894e-01
1.000000000000000000e+00
5.447408800562016928e-01
1.000000000000000000e+00
1.000000000000000000e+00
-2.823255697227837757e-01
