-1.000000000000000000e+00
7.791743336465073444e-01
1.846409310660729330e-01
-1.000000000000000000e+00
5.043918682621495453e-02
1.000000000000000000e+00
-1.000000000000000000e+00
-2.410959736132429754e-01
2.399817203008413058e-01
-1.000000000000000000e+00
-9.781629621281984210e-03
-1.000000000000000000e+00
1.000000000000000000e+00
-1.000000000000000000e+00
-1.000000000000000000e+00
7.960548531221554036e-01
8.652759006554265886e-01
-1.000000000000000000e+00
-2.896905028870904175e-01
-1.000000000000000000e+00
4.416715862697308537e-01
1.000000000000000000e+00
-1.000000000000000000e+00
1.000000000000000000e+00
-1.000000000000000000e+00
8.264838472600209984e-01
1.000000000000000000e+00
1.000000000000000000e+00
1.000000000000000000e+00
-1.000000000000000000e+00
-6.761894070412279023e-02
-1.000000000000000000e+00
1.000000000000000000e+00
1.000000000000000000e+00
-1.000000000000000000e+00
-6.072752786532148450e-01
-1.381410120710577782e-01
-8.653801410008452599e-01
1.000000000000000000e+00
1.000000000000000000e+00
-1.000000000000000000e+00
-1.000000000000000000e+00
1.000000000000000000e+00
-1.000000000000000000e+00
3.572796077178919116e-01
1.000000000000000000e+00
1.000000000000000000e+00
6.088558423373413575e-03
1.837205994200010739e-01
8.783286324884044260e-01
-4.659449629854525154e-01
-1.000000000000000000e+00
-8.698061525199696220e-02
-1.000000000000000000e+00
-7.522037845494602415e-01
-1.000000000000000000e+00
-1.000000000000000000e+00
1.000000000000000000e+00
7.873126062063589004e-01
-1.361806856959897338e-01
-1.000000000000000000e+00
-9.302863018808330553e-01
-1.000000000000000000e+00
1.000000000000000000e+00
1.000000000000000000e+00
-1.000000000000000000e+00
1.000000000000000000e+00
-1.000000000000000000e+00
9.369906390001141450e-01
1.000000000000000000e+00
1.000000000000000000e+00
1.000000000000000000e+00
7.693308976129527021e-01
-7.917398433047336814e-01
1.000000000000000000e+00
8.870008267199591678e-01
2.074966377780613769e-01
-7.297442623893275471e-01
-1.000000000000000000e+00
4.771622763936133049e-01
1.000000000000000000e+00
6.881131984524275769e-01
-1.000000000000000000e+00
4.676138592757321799e-01
1.000000000000000000e+00
1.000000000000000000e+00
-5.955908591806294838e-01
1.000000000000000000e+00
1.000000000000000000e+00
1.000000000000000000e+00
-5.780741765392427567e-02
-1.217144646659671925e-01
7.061261191699914619e-01
1.000000000000000000e+00
-1.000000000000000000e+00
8.755913235437040587e-01
-5.059568554522919648e-01
1.000000000000000000e+00
1.000000000000000000e+00
-1.000000000000000000e+00
-8.693296748867462842e-01
-1.525591889964624803e-01
1.000000000000000000e+00
1.000000000000000000e+00
-1.000000000000000000e+00
5.478388549538211194e-01
-9.992718046891576611e-01
1.000000000000000000e+00
-1.000000000000000000e+00
1.023611669749885378e-02
-1.000000000000000000e+00
-1.000000000000000000e+00
-1.000000000000000000e+00
1.493864873914272362e-01
1.941836603465397770e-01
-1.000000000000000000e+00
7.060409095770354970e-02
-9.347319785206963383e-01
-1.000000000000000000e+00
-1.000000000000000000e+00
-1.000000000000000000e+00
-1.000000000000000000e+00
-1.000000000000000000e+00
1.000000000000000000e+00
1.306574490777184794e-01
1.000000000000000000e+00
1.000000000000000000e+00
-1.000000000000000000e+00
-3.575440748974785254e-01
1.940615694734621199e-01
-5.721764910387734382e-01
8.110460299301647247e-01
1.000000000000000000e+00
1.000000000000000000e+00
1.000000000000000000e+00
2.174947188595202086e-01
1.000000000000000000e+00
1.000000000000000000e+00
1.000000000000000000e+00
-1.000000000000000000e+00
2.141127359553465226e-01
-1.000000000000000000e+00
-1.000000000000000000e+00
1.000000000000000000e+00
-1.000000000000000000e+00
-1.000000000000000000e+00
-2.301143413458989206e-01
-1.000000000000000000e+00
1.000000000000000000e+00
1.000000000000000000e+00
-1.000000000000000000e+00
-1.000000000000000000e+00
5.821452735765454412e-01
1.000000000000000000e+00
-9.016510811653642710e-02
-1.000000000000000000e+00
-1.000000000000000000e+00
7.520796690780320315e-01
3.651893409314415084e-01
1.000000000000000000e+00
-1.000000000000000000e+00
-6.076232796621470200e-01
-4.547793926609604021e-01
-1.000000000000000000e+00
7.262720923528149797e-01
-1.000000000000000000e+00
-5.891525097027284774e-01
-1.000000000000000000e+00
1.000000000000000000e+00
-5.158778467209248486e-01
-1.000000000000000000e+00
-8.204156128778833379e-01
1.000000000000000000e+00
-5.258681872955905945e-01
-4.711780893353333943e-01
-1.000000000000000000e+00
1.000000000000000000e+00
-1.000000000000000000e+00
5.682926669575836254e-01
-1.000000000000000000e+00
-1.160885445997072996e-01
-1.000000000000000000e+00
1.000000000000000000e+00
1.000000000000000000e+00
1.000000000000000000e+00
-8.571117350804152712e-03
1.092018326450033827e-01
-1.000000000000000000e+00
-1.000000000000000000e+00
7.715260863677522174e-01
1.259220234496980506e-01
-7.904436833148806851e-01
1.084249986317205039e-01
1.000000000000000000e+00
7.767374581313437609e-01
-1.000000000000000000e+00
-7.436823870740022491e-01
-6.428992897668653894e-01
-1.000000000000000000e+00
-1.000000000000000000e+00
-1.000000000000000000e+00
1.000000000000000000e+00
-2.641037612300600745e-01
1.000000000000000000e+00
-1.000000000000000000e+00
1.000000000000000000e+00
5.996769434486387551e-02
-1.000000000000000000e+00
-7.390113316359159246e-01
4.826170680337413810e-01
-9.481905595160449174e-01
-1.000000000000000000e+00
1.000000000000000000e+00
-8.826826371372291646e-01
1.000000000000000000e+00
-1.000000000000000000e+00
-2.340538819459672126e-01
-1.000000000000000000e+00
-4.858750926319032049e-01
1.000000000000000000e+00
7.310985015933584297e-01
1.000000000000000000e+00
1.000000000000000000e+00
1.000000000000000000e+00
-7.080178350812413868e-01
-1.000000000000000000e+00
8.910564577667579034e-02
-1.000000000000000000e+00
1.000000000000000000e+00
1.000000000000000000e+00
-9.300144916736430289e-01
1.000000000000000000e+00
5.426701315639416157e-01
3.049226869728256517e-01
-1.000000000000000000e+00
9.607120721687398834e-01
-7.480497288282744739e-01
1.000000000000000000e+00
-1.000000000000000000e+00
1.000000000000000000e+00
-1.000000000000000000e+00
4.002794009655501473e-01
9.101730018917105758e-01
1.000000000000000000e+00
-1.000000000000000000e+00
-1.000000000000000000e+00
-1.000000000000000000e+00
2.144489188834231008e-01
3.259299020799615310e-01
-1.000000000000000000e+00
-1.000000000000000000e+00
1.000000000000000000e+00
5.428625760949971069e-01
-8.236862584276174459e-01
7.764977346674762915e-01
1.000000000000000000e+00
8.239142708815583305e-02
3.176796402458623714e-01
4.829796557829284520e-01
1.000000000000000000e+00
1.000000000000000000e+00
-3.707214522164667958e-01
2.971933516759777127e-01
-6.992607663557011133e-01
1.000000000000000000e+00
