1.000000000000000000e+00
-1.000000000000000000e+00
-1.161148998603556137e-02
1.000000000000000000e+00
-1.000000000000000000e+00
1.000000000000000000e+00
-1.000000000000000000e+00
5.284581888912385228e-01
1.000000000000000000e+00
-1.000000000000000000e+00
-1.000000000000000000e+00
-8.922834835948156851e-02
-1.000000000000000000e+00
-1.000000000000000000e+00
1.000000000000000000e+00
5.445848279267685027e-02
-1.000000000000000000e+00
-1.164900708686101849e-01
-1.059331805846783769e-01
1.159510971702697457e-01
-1.000000000000000000e+00
-1.000000000000000000e+00
-1.000000000000000000e+00
-1.000000000000000000e+00
-7.715723126923813568e-01
-3.161940481857736240e-01
1.000000000000000000e+00
-1.000000000000000000e+00
-1.000000000000000000e+00
1.000000000000000000e+00
5.480027726854658221e-02
-8.457605356832108567e-01
-6.741968347198408207e-01
-1.000000000000000000e+00
-8.921835349974962526e-01
1.000000000000000000e+00
-1.000000000000000000e+00
-1.000000000000000000e+00
-3.001598851440513416e-01
-2.640687944042230395e-01
1.000000000000000000e+00
1.000000000000000000e+00
5.035889683985473875e-01
-1.000000000000000000e+00
-1.000000000000000000e+00
-1.000000000000000000e+00
-5.344053241180116709e-01
-1.000000000000000000e+00
1.000000000000000000e+00
1.000000000000000000e+00
4.308095166173596668e-01
-1.000000000000000000e+00
-9.635941004420577327e-01
-6.261948442023466121e-01
-1.000000000000000000e+00
-1.000000000000000000e+00
1.000000000000000000e+00
1.000000000000000000e+00
-1.000000000000000000e+00
-8.080171117313807994e-01
1.000000000000000000e+00
-1.000000000000000000e+00
1.713916066055307108e-02
-1.000000000000000000e+00
-1.000000000000000000e+00
7.753924761442818614e-01
-1.977919482989372035e-01
1.000000000000000000e+00
1.000000000000000000e+00
-1.000000000000000000e+00
7.507811914398214714e-01
-1.000000000000000000e+00
4.834504725614622855e-01
-1.000000000000000000e+00
-1.000000000000000000e+00
-1.000000000000000000e+00
-1.000000000000000000e+00
-4.441756777780263010e-01
9.097699938898536898e-01
-1.000000000000000000e+00
-1.000000000000000000e+00
-8.780956188805242313e-01
1.000000000000000000e+00
1.729211684256956594e-02
1.000000000000000000e+00
-4.008102313430882413e-01
-1.000000000000000000e+00
-7.765646933172194455e-01
-1.000000000000000000e+00
-1.000000000000000000e+00
-7.418900638072722931e-01
1.000000000000000000e+00
1.000000000000000000e+00
1.000000000000000000e+00
-1.000000000000000000e+00
-1.000000000000000000e+00
-1.000000000000000000e+00
-6.518301278354592387e-01
-1.000000000000000000e+00
-1.000000000000000000e+00
-1.000000000000000000e+00
1.000000000000000000e+00
-1.000000000000000000e+00
-1.000000000000000000e+00
-1.000000000000000000e+00
-1.000000000000000000e+00
1.000000000000000000e+00
-8.864781772596275200e-01
-1.000000000000000000e+00
-1.000000000000000000e+00
6.182542407440154708e-01
2.034389207155939683e-01
1.000000000000000000e+00
-1.000000000000000000e+00
-1.000000000000000000e+00
-9.572024911210837150e-02
1.000000000000000000e+00
8.638635583712825916e-01
-6.515817465454296631e-01
-1.000000000000000000e+00
1.000000000000000000e+00
-1.000000000000000000e+00
7.308831908982320602e-01
-1.000000000000000000e+00
1.000000000000000000e+00
1.000000000000000000e+00
1.000000000000000000e+00
1.000000000000000000e+00
-5.707395387040730128e-01
-5.570712634831880283e-01
6.240579463359763324e-01
1.000000000000000000e+00
1.000000000000000000e+00
1.000000000000000000e+00
-1.000000000000000000e+00
-1.000000000000000000e+00
-4.037385678723715010e-01
-7.594783733228744893e-01
-7.781210242445156799e-01
-1.885820333293727336e-01
-1.000000000000000000e+00
-1.000000000000000000e+00
1.000000000000000000e+00
1.000000000000000000e+00
1.000000000000000000e+00
7.423871291762458302e-01
-5.031901580758696424e-01
1.000000000000000000e+00
1.806382823782418101e-01
1.000000000000000000e+00
6.551311809926378960e-01
1.000000000000000000e+00
-1.000000000000000000e+00
-1.000000000000000000e+00
1.000000000000000000e+00
1.000000000000000000e+00
1.000000000000000000e+00
-1.000000000000000000e+00
-7.240379179369594853e-01
1.000000000000000000e+00
8.508967307072312636e-02
1.000000000000000000e+00
1.000000000000000000e+00
1.343753590178522472e-01
4.531215828407418322e-01
7.127815296545310098e-01
8.582363963803600893e-01
1.000000000000000000e+00
1.000000000000000000e+00
1.000000000000000000e+00
1.000000000000000000e+00
1.000000000000000000e+00
3.092002469902886963e-01
-5.820110753336851239e-01
1.000000000000000000e+00
-1.000000000000000000e+00
-8.642578928332766974e-01
1.000000000000000000e+00
5.451630326241130309e-02
-1.984247462127041728e-01
-1.000000000000000000e+00
-1.000000000000000000e+00
-1.000000000000000000e+00
-1.000000000000000000e+00
1.000000000000000000e+00
1.000000000000000000e+00
1.000000000000000000e+00
7.308863883864646915e-01
1.000000000000000000e+00
-1.207852074477957505e-01
-1.000000000000000000e+00
-1.000000000000000000e+00
1.000000000000000000e+00
-1.000000000000000000e+00
1.000000000000000000e+00
-1.000000000000000000e+00
1.000000000000000000e+00
1.000000000000000000e+00
-9.124313640714980522e-01
1.000000000000000000e+00
-6.633944873699612055e-01
-2.628075032844929826e-01
7.826506377046262841e-01
4.579390541911472212e-01
1.000000000000000000e+00
7.875052650720432146e-01
1.000000000000000000e+00
-1.000000000000000000e+00
1.276455937841642907e-01
-1.000000000000000000e+00
-1.000000000000000000e+00
-1.000000000000000000e+00
3.390083758790947699e-01
3.757328380045756866e-01
-1.000000000000000000e+00
-7.400566849841747619e-01
-1.000000000000000000e+00
1.000000000000000000e+00
1.000000000000000000e+00
1.244683249815977250e-01
-8.803655699000160206e-01
-1.000000000000000000e+00
-1.000000000000000000e+00
1.000000000000000000e+00
-1.000000000000000000e+00
-1.000000000000000000e+00
-1.000000000000000000e+00
-1.000000000000000000e+00
1.000000000000000000e+00
-1.000000000000000000e+00
4.478105375342896766e-01
-4.319379874240115713e-01
1.000000000000000000e+00
1.000000000000000000e+00
1.000000000000000000e+00
-1.000000000000000000e+00
-1.000000000000000000e+00
-1.000000000000000000e+00
-1.000000000000000000e+00
-4.556809514256221494e-01
1.000000000000000000e+00
-1.000000000000000000e+00
6.990887480905252360e-01
-6.751261741740312017e-01
1.000000000000000000e+00
-1.000000000000000000e+00
1.000000000000000000e+00
1.213902482610396127e-01
2.085318805761369187e-01
1.000000000000000000e+00
-1.000000000000000000e+00
1.777312582297354560e-01
-1.000000000000000000e+00
1.000000000000000000e+00
-1.000000000000000000e+00
-8.145834097626256654e-01
4.672349096407696356e-01
1.000000000000000000e+00
4.487312303446252537e-01
-4.549155576573875592e-01
-1.000000000000000000e+00
-1.000000000000000000e+00
-7.696120351730084685e-02
-1.000000000000000000e+00
1.000000000000000000e+00
