-3.717289094684788076e+00
-8.497897463448584876e-01
-1.672052369336082922e+00
-4.869588487372435992e-01
-1.020807166242292396e-01
3.272710525799782388e-01
2.551017739923789218e+00
-1.000000000000000000e+00
-1.267741780270652763e+00
-4.584023259067102063e-01
3.075420789186947168e+00
3.127633620868955688e+00
1.738071653711176223e-02
7.467878133355871917e-01
6.335411582840324574e-01
3.373362671634936305e+00
-6.859154970358483094e-01
2.896597958396155192e+00
-1.339709112147845493e+00
1.448220324597196740e+00
-1.943316904898597652e+00
1.049439147704893938e-01
-5.935283832283941408e+00
-1.000000000000000000e+00
3.668649104549323581e-01
3.472186979578628652e-02
6.413702382515151790e-02
2.926543153813758291e+00
4.519560050151150143e-02
3.098546398489518960e-01
6.940736278521585367e-01
-5.087985698973564119e+00
5.663123633915275734e-01
4.705532882695971919e-01
1.187558926424831407e+00
-2.987238771501626644e+00
2.884677227285072476e+00
3.336214496622439962e-01
1.000000000000000000e+00
-1.363360433767409452e+00
-7.626116158423050795e-01
4.043460478354488075e+00
1.354367666446413043e+00
1.189854375618367932e+00
1.000000000000000000e+00
-2.257912369554694876e-01
-3.021641577664275768e-01
-4.675769840295361801e-01
2.682080106568854205e+00
2.802784216632457248e+00
-3.474380795576118341e+00
2.737673466333829353e+00
1.000000000000000000e+00
-1.047265617576489616e+00
3.159106782876739850e+00
1.011000468873252345e+00
5.864129294622913990e-01
-1.931276459194685380e+00
2.410960302461816696e+00
1.470424950559645061e-01
7.496463515835254388e-01
-4.105852886476901720e-01
7.171362970776526957e-01
-9.701861954156426604e-01
6.744135248732132659e-01
2.078394321770419495e+00
-2.592825316518679202e+00
-1.224575980918616080e+00
-9.352588379200044155e-01
-4.793044855483887812e-01
-9.991977949424080130e-01
1.326969106055349679e+00
-2.111195850558744702e-03
-3.827791571576056873e-01
5.662579367044170420e-01
2.522053154766611627e+00
1.127661547781201312e+00
-3.508208532520780132e-01
1.000000000000000000e+00
-6.372586352598432757e-01
5.249079427030957090e-01
-1.730098425434027032e+00
3.702505608134526227e+00
-1.419498889482761594e+00
-1.795103321528067841e+00
-3.091494787049160475e-01
-7.017057021608189560e-01
-1.700905357571490972e+00
-8.702638771919141147e-02
5.027683936017378841e+00
1.544763534766598223e+00
-5.811705248265477408e-01
4.202557431051269887e+00
-2.552840157331051518e+00
5.460863737873585810e-01
6.989228755322263176e-01
4.934941603012521938e+00
-1.376974862415074163e+00
-2.217678504798070716e-01
2.816518880083425103e+00
4.168409422399820263e-01
-3.086644947508898618e-01
-8.946916746171272861e-01
1.985530023432994673e+00
-2.281362347313045547e+00
-9.649554593634370736e-01
3.480773642250308164e+00
-8.904985187303893213e-02
1.785109484012915804e+00
-4.701396625341477176e+00
2.511761520304809814e+00
-1.480538184055127493e+00
1.476108617808459478e+00
-1.247561572085232662e+00
-2.266321084074053083e+00
3.455222259529516116e+00
2.885419073744902363e+00
-1.589858641760480751e+00
-3.113766903731251645e+00
-1.312681231219930744e+00
1.550552215621590069e+00
-1.037684771558876395e+00
-2.687261910929533038e+00
-9.665561447034741738e-01
2.985780256598066451e+00
8.558031978731751588e-01
2.383746691651978278e+00
4.638188706719894028e-01
3.431605439393338841e+00
-3.611990183951556688e-01
2.544291832441661683e+00
2.107953357937326189e+00
-1.322127737936597658e+00
-4.311218122667928032e-01
2.314066990514305644e+00
-1.405428798020781134e+00
-1.579303516555508491e+00
-1.170873666878745167e+00
-1.372476756185426305e+00
6.978723138884207478e-02
-1.767761805838230504e+00
-1.000000000000000000e+00
4.422737621665223662e-01
6.719532602181520486e-01
7.699256766809753350e-01
-8.766534614534727821e-01
2.778469771166174329e-01
6.533244471913158824e-01
-3.580428420738986706e+00
7.638440818376839303e-01
-3.596337777325621765e+00
-2.131422360813466810e+00
1.036606989681279956e+00
2.281680423353669607e+00
-7.572226724287388633e-01
-9.845582940581246723e-01
-2.027662660041585685e+00
1.696371084607033008e+00
3.286309483092455519e-01
2.253689449758331520e+00
-4.200066680015944520e+00
2.175022733438416456e-01
2.420380946652493925e-01
7.622752948209539081e-01
-3.595406975786528125e+00
1.900870680415073677e+00
5.634592963050195635e-01
6.933612998587846965e-01
1.328134571968376143e+00
1.918707368744879016e+00
-1.611422216720632017e+00
1.649728206436685607e+00
8.841707115741567202e-01
3.341452330568529527e-01
2.413598723034590332e+00
-2.681007553085018369e+00
1.615913343756269160e+00
-1.581415722038895577e+00
1.999017514700326847e+00
7.035122438000235290e-01
-2.055069368786398343e+00
5.166861790738731308e+00
-5.204531301261309251e-01
3.596064136533601574e-01
1.374917549203599210e+00
1.836454250315176395e+00
4.118938144780143418e+00
4.511651559641093101e+00
7.252218855483114623e-01
9.981661690350273064e-01
1.159759070501564349e+00
-3.334381107717717008e+00
-6.623091086356625024e-02
1.393776996079873376e+00
2.479466623823768145e+00
-1.844335992530208745e+00
8.953973026052239881e-01
2.923057600407563683e-01
-1.000000000000000000e+00
3.056312357579706429e+00
-2.795353843463078469e+00
-4.479261811655075753e+00
-3.299439086697366630e-01
4.211093100268892275e-01
2.413664535798782929e-01
-2.307771337226208530e+00
2.201948934595560070e-01
-5.818789673948179808e-03
-2.954041603875790845e+00
-4.602988366764934725e+00
-3.674594054241714147e+00
3.148178579168419589e+00
2.508476134059063778e+00
-1.704240686750069456e+00
-3.429526443533245761e+00
-2.834478862812342737e+00
-8.391850205596961265e-01
-2.074986283027386857e+00
-2.888768810331907577e-01
4.810327586480978024e-02
-3.475848521013293890e+00
1.313404477741836329e+00
-3.803697260359768073e+00
-2.394446620349785171e+00
-1.328331689252649550e+00
2.290224617163378884e+00
2.161641444044438476e+00
3.266553675388548239e-01
3.794891531841774412e+00
2.522909826319185811e+00
5.213958283827073714e-01
-2.222090896342585609e+00
4.421536566543274871e-01
1.731209979103295771e+00
5.382874909564390187e-01
7.241209979543938857e-01
7.618234305656648164e-01
1.888089886649486626e+00
-3.193545197986094042e-01
1.229093610849867346e+00
-8.140301235347269238e-01
4.470658498034764783e+00
1.000000000000000000e+00
4.411639872837486709e-01
3.717644384437354788e+00
-5.809443823109490257e-01
5.507216150918690101e-01
5.545687048516192430e-01
-1.525722052942069640e+00
2.901489711573441710e+00
-9.221349823665896395e-01
-4.229132923522199050e+00
-2.090464443082288515e+00
-1.210063297938944515e+00
1.067665132798514271e+00
3.183299047359934519e+00
-3.992555480295694625e+00
1.000000000000000000e+00
-8.693884509270382033e-01
4.467861489358858407e+00
-1.000000000000000000e+00
-1.550037368052165299e+00
4.433765246795577042e+00
-6.937166663240225128e-01
5.728991997120753688e-01
