4.560073027375105004e-01
-1.000000000000000000e+00
-1.000000000000000000e+00
1.000000000000000000e+00
1.000000000000000000e+00
1.000000000000000000e+00
-1.164704459819114746e-01
1.000000000000000000e+00
1.000812567477112613e-01
1.000000000000000000e+00
-3.211714521525477206e-02
1.000000000000000000e+00
2.266133567955456729e-01
-6.523641086487628193e-01
-1.000000000000000000e+00
-5.387408410709007001e-01
-1.000000000000000000e+00
-6.584357730899911276e-01
-1.000000000000000000e+00
-1.000000000000000000e+00
-5.085734047677242797e-01
-2.666053085749865437e-01
-5.250250267811715776e-01
1.000000000000000000e+00
-5.273145599168079789e-01
-5.730419945552078786e-02
7.181111405845981288e-01
-3.176478251339779346e-01
-1.009241237297185956e-01
1.000000000000000000e+00
-1.000000000000000000e+00
8.062120453081407234e-01
1.000000000000000000e+00
-5.446024556583959342e-01
6.537928047145593613e-01
1.000000000000000000e+00
-1.000000000000000000e+00
-5.866047447708100382e-01
1.000000000000000000e+00
1.000000000000000000e+00
8.521495712530958722e-01
8.521647989175361593e-01
1.000000000000000000e+00
1.000000000000000000e+00
1.000000000000000000e+00
-1.000000000000000000e+00
-3.780609173771358744e-01
3.162845854820033886e-01
5.107301980810659003e-01
3.338132074473776356e-01
1.000000000000000000e+00
2.466709926467447467e-02
7.451617314141056880e-02
1.000000000000000000e+00
-1.000000000000000000e+00
-1.000000000000000000e+00
-1.000000000000000000e+00
-8.962986882788130938e-01
-1.000000000000000000e+00
-1.000000000000000000e+00
-1.119830031361639944e-01
8.103173260411877799e-02
2.123290152558467980e-01
1.000000000000000000e+00
-8.770142687986470786e-01
-1.000000000000000000e+00
-5.437153213955047137e-01
1.000000000000000000e+00
1.000000000000000000e+00
-9.247156480856540961e-01
-1.000000000000000000e+00
7.500767590764123582e-01
-3.109549206993557080e-01
1.000000000000000000e+00
1.000000000000000000e+00
1.000000000000000000e+00
1.000000000000000000e+00
1.000000000000000000e+00
-1.000000000000000000e+00
1.000000000000000000e+00
1.000000000000000000e+00
1.306224464177063727e-01
6.872652138792259002e-01
7.564979519588629353e-01
1.000000000000000000e+00
-1.911698124783836050e-01
-7.260970062485150311e-01
1.000000000000000000e+00
1.000000000000000000e+00
-1.000000000000000000e+00
1.000000000000000000e+00
-3.261112089082996990e-01
-6.511183036528293000e-01
1.000000000000000000e+00
-1.000000000000000000e+00
1.000000000000000000e+00
1.000000000000000000e+00
4.963798329202169513e-02
2.196886771466064481e-01
-3.970697777940446205e-01
-1.000000000000000000e+00
3.428944673517402286e-01
1.000000000000000000e+00
1.744793872216762187e-01
-1.000000000000000000e+00
-1.000000000000000000e+00
1.000000000000000000e+00
1.000000000000000000e+00
-2.910198728027325599e-01
1.000000000000000000e+00
1.000000000000000000e+00
-7.332272978129248386e-01
-9.432435521307263038e-01
-1.000000000000000000e+00
2.330199877369310002e-02
5.904852094511403582e-02
-1.000000000000000000e+00
1.000000000000000000e+00
1.000000000000000000e+00
3.247099871848704300e-01
1.000000000000000000e+00
1.000000000000000000e+00
-1.000000000000000000e+00
1.000000000000000000e+00
-9.583904590064047380e-01
1.000000000000000000e+00
4.981455379613687340e-01
2.914697848854761464e-01
-7.961455141113038536e-01
-1.000000000000000000e+00
1.210350104782659808e-01
-1.000000000000000000e+00
-1.334223852310851000e-01
3.252431840838629906e-01
1.000000000000000000e+00
-1.000000000000000000e+00
-6.529672991616932709e-01
-1.000000000000000000e+00
1.000000000000000000e+00
-1.000000000000000000e+00
9.682370613157489370e-01
-1.000000000000000000e+00
-1.000000000000000000e+00
-1.000000000000000000e+00
-1.000000000000000000e+00
-4.129613309772151020e-01
-1.000000000000000000e+00
-8.543584327534411438e-01
-7.809873514612889478e-01
-1.000000000000000000e+00
-6.027627080972679519e-01
-1.702656140601217505e-01
1.000000000000000000e+00
1.000000000000000000e+00
-1.000000000000000000e+00
1.000000000000000000e+00
-5.681500842415676544e-01
1.000000000000000000e+00
1.000000000000000000e+00
1.000000000000000000e+00
1.000000000000000000e+00
-1.000000000000000000e+00
-9.670162361554842656e-01
2.770956617371974073e-01
-6.539285441507773911e-01
1.039699144335726189e-01
1.000000000000000000e+00
-1.000000000000000000e+00
-2.074972528685992135e-01
1.000000000000000000e+00
-2.661963326903554750e-01
9.422605811207119819e-01
1.000000000000000000e+00
6.183447208615647783e-01
-9.005947333611122874e-01
-7.142151390267397204e-01
-6.174095995073217713e-01
2.407803195445699096e-01
1.000000000000000000e+00
-1.000000000000000000e+00
6.343180141210802425e-02
-5.096304931803310456e-01
-2.074401982208615713e-01
-1.000000000000000000e+00
1.000000000000000000e+00
8.742091800274027769e-01
-1.000000000000000000e+00
1.000000000000000000e+00
-3.406122867516977459e-01
6.665281068581851986e-02
-1.000000000000000000e+00
-4.391634693355450647e-01
-5.982506286430420150e-01
-5.417355054838729478e-02
1.000000000000000000e+00
-1.193541241895108573e-01
1.000000000000000000e+00
1.000000000000000000e+00
-1.000000000000000000e+00
-1.000000000000000000e+00
-4.023096396739170300e-01
-1.000000000000000000e+00
-1.000000000000000000e+00
-1.000000000000000000e+00
-1.000000000000000000e+00
-8.520152683302836261e-01
6.216221137495437921e-01
-9.732148367482114093e-01
-5.191484967110502335e-01
4.695589013981172899e-01
1.804051356064502176e-01
-3.196183698693133568e-01
7.253700983819921788e-01
-5.570292669196655888e-01
-8.571523283865790654e-01
1.000000000000000000e+00
1.000000000000000000e+00
1.709600940411913905e-01
1.000000000000000000e+00
-3.880960769222436824e-01
-1.000000000000000000e+00
1.000000000000000000e+00
-1.000000000000000000e+00
2.051057745310427283e-01
-5.258452517833672735e-01
9.807997979873606109e-01
-2.827343118584874082e-01
-5.088897078358756154e-01
8.875055089045262857e-01
-8.865019212773533885e-01
1.000000000000000000e+00
8.112653931527042950e-01
-1.000000000000000000e+00
1.000000000000000000e+00
1.000000000000000000e+00
-1.000000000000000000e+00
1.092285032563727887e-01
1.000000000000000000e+00
1.507780465127228631e-01
-1.000000000000000000e+00
-8.687153970590077989e-02
1.000000000000000000e+00
-1.304980404378475178e-02
1.000000000000000000e+00
1.000000000000000000e+00
-7.938792619439594134e-02
1.000000000000000000e+00
-1.000000000000000000e+00
-1.657047177806334481e-01
1.000000000000000000e+00
-1.000000000000000000e+00
-3.916687366005917048e-01
1.000000000000000000e+00
1.330945552497377893e-01
1.000000000000000000e+00
-9.036620570980620215e-01
9.890280807410192221e-01
9.600358793507952626e-01
1.816029933828775811e-01
-1.000000000000000000e+00
-1.000000000000000000e+00
1.000000000000000000e+00
-2.678841695480264073e-01
8.241505698854072470e-01
1.000000000000000000e+00
