-1.000000000000000000e+00
3.915283762833121628e-03
-1.000000000000000000e+00
-1.000000000000000000e+00
1.000000000000000000e+00
-1.000000000000000000e+00
-1.000000000000000000e+00
1.000000000000000000e+00
4.151865866926054971e-02
1.031205844708926733e-02
1.000000000000000000e+00
-7.109944361202971130e-01
1.589097177149745299e-02
1.000000000000000000e+00
7.160642362451223875e-01
1.000000000000000000e+00
1.000000000000000000e+00
1.000000000000000000e+00
1.000000000000000000e+00
-1.000000000000000000e+00
-1.000000000000000000e+00
1.000000000000000000e+00
1.000000000000000000e+00
1.000000000000000000e+00
4.142899139132103503e-01
-1.000000000000000000e+00
-5.366546382638721635e-01
-1.000000000000000000e+00
1.000000000000000000e+00
-1.000000000000000000e+00
-1.000000000000000000e+00
-3.947948493510740064e-01
-1.000000000000000000e+00
1.000000000000000000e+00
1.000000000000000000e+00
1.000000000000000000e+00
-1.000000000000000000e+00
1.000000000000000000e+00
-1.000000000000000000e+00
-3.553088824247394029e-01
1.000000000000000000e+00
1.000000000000000000e+00
1.000000000000000000e+00
1.000000000000000000e+00
1.000000000000000000e+00
1.000000000000000000e+00
1.000000000000000000e+00
1.000000000000000000e+00
2.647446086224818362e-01
1.000000000000000000e+00
-1.000000000000000000e+00
7.099591391274895358e-02
-1.000000000000000000e+00
1.000000000000000000e+00
1.000000000000000000e+00
1.000000000000000000e+00
-1.000000000000000000e+00
1.000000000000000000e+00
-1.000000000000000000e+00
3.053786025483801181e-01
1.000000000000000000e+00
-1.000000000000000000e+00
1.000000000000000000e+00
1.000000000000000000e+00
1.000000000000000000e+00
1.000000000000000000e+00
1.000000000000000000e+00
-1.000000000000000000e+00
-7.105534383391751696e-01
-1.000000000000000000e+00
-1.000000000000000000e+00
-7.515031520061085102e-01
-9.859871921315777055e-01
-1.000000000000000000e+00
-8.907061981933601658e-01
-1.000000000000000000e+00
-1.000000000000000000e+00
1.000000000000000000e+00
1.000000000000000000e+00
-2.428282009254278950e-01
1.000000000000000000e+00
4.590872504165857682e-01
-1.000000000000000000e+00
6.607794319903903535e-02
-1.000000000000000000e+00
-3.379801171712231156e-01
-1.000000000000000000e+00
-1.000000000000000000e+00
1.420012149977432081e-01
1.000000000000000000e+00
-1.000000000000000000e+00
8.027179709896259396e-02
1.000000000000000000e+00
-1.000000000000000000e+00
7.040857544454220962e-01
-1.000000000000000000e+00
-1.000000000000000000e+00
1.000000000000000000e+00
1.000000000000000000e+00
-1.000000000000000000e+00
1.000000000000000000e+00
1.000000000000000000e+00
-1.000000000000000000e+00
-1.000000000000000000e+00
9.050377306911117081e-01
-7.561019052612710789e-02
-1.000000000000000000e+00
-3.585711150653013712e-01
4.495064984499759220e-01
1.000000000000000000e+00
1.000000000000000000e+00
1.000000000000000000e+00
1.000000000000000000e+00
-1.000000000000000000e+00
7.131550965235425865e-01
1.000000000000000000e+00
-1.000000000000000000e+00
-1.000000000000000000e+00
-1.000000000000000000e+00
-1.000000000000000000e+00
1.000000000000000000e+00
-1.000000000000000000e+00
1.000000000000000000e+00
1.000000000000000000e+00
1.000000000000000000e+00
1.000000000000000000e+00
-1.000000000000000000e+00
-1.000000000000000000e+00
1.000000000000000000e+00
-1.000000000000000000e+00
1.000000000000000000e+00
-1.000000000000000000e+00
1.000000000000000000e+00
1.000000000000000000e+00
-1.000000000000000000e+00
-1.000000000000000000e+00
-1.000000000000000000e+00
-1.000000000000000000e+00
1.000000000000000000e+00
1.000000000000000000e+00
1.000000000000000000e+00
1.000000000000000000e+00
-6.638822896277686292e-01
1.000000000000000000e+00
1.000000000000000000e+00
-7.064638800126545881e-01
1.000000000000000000e+00
-1.000000000000000000e+00
8.186474799553608017e-01
1.000000000000000000e+00
1.000000000000000000e+00
-1.000000000000000000e+00
-1.964103938891276768e-01
1.000000000000000000e+00
1.000000000000000000e+00
-1.000000000000000000e+00
-1.000000000000000000e+00
1.000000000000000000e+00
-1.000000000000000000e+00
-1.000000000000000000e+00
-1.000000000000000000e+00
-1.929671613061973989e-01
-1.000000000000000000e+00
-4.288826066154428629e-01
-1.000000000000000000e+00
1.000000000000000000e+00
1.000000000000000000e+00
-9.075149862225018182e-02
-4.200199275616708916e-02
-1.000000000000000000e+00
-1.000000000000000000e+00
-1.000000000000000000e+00
-1.000000000000000000e+00
1.000000000000000000e+00
-1.000000000000000000e+00
8.121372447203036860e-01
-1.000000000000000000e+00
1.000000000000000000e+00
-1.000000000000000000e+00
-1.000000000000000000e+00
-1.000000000000000000e+00
-2.648224184955016436e-01
-1.000000000000000000e+00
-1.000000000000000000e+00
1.000000000000000000e+00
1.000000000000000000e+00
-1.000000000000000000e+00
9.989891035808200481e-01
-1.000000000000000000e+00
-1.000000000000000000e+00
1.000000000000000000e+00
1.000000000000000000e+00
4.462474267479619172e-01
-4.295089959788247480e-01
1.000000000000000000e+00
1.000000000000000000e+00
1.000000000000000000e+00
-1.000000000000000000e+00
1.000000000000000000e+00
1.000000000000000000e+00
5.391730161290286816e-02
1.000000000000000000e+00
1.000000000000000000e+00
1.000000000000000000e+00
-1.000000000000000000e+00
-1.000000000000000000e+00
6.476524605203812790e-01
1.000000000000000000e+00
1.000000000000000000e+00
-7.992336578218393051e-01
-1.000000000000000000e+00
1.000000000000000000e+00
1.000000000000000000e+00
8.160205512635658742e-01
-1.131330173810173312e-01
-1.000000000000000000e+00
1.000000000000000000e+00
1.000000000000000000e+00
-6.823803525646406076e-02
1.000000000000000000e+00
1.617302737596196804e-01
1.000000000000000000e+00
1.000000000000000000e+00
1.000000000000000000e+00
4.291592677973528058e-01
-7.053096259537340318e-01
-8.538803167223526502e-01
1.000000000000000000e+00
1.000000000000000000e+00
-7.107837867638355789e-03
1.000000000000000000e+00
-2.995064277075616399e-01
1.000000000000000000e+00
1.000000000000000000e+00
-1.000000000000000000e+00
1.000000000000000000e+00
3.281259976263118383e-01
3.162258700866416028e-02
-5.908524127959946526e-01
-1.000000000000000000e+00
-1.000000000000000000e+00
1.000000000000000000e+00
1.000000000000000000e+00
-4.572893731943634688e-01
1.000000000000000000e+00
1.000000000000000000e+00
-7.854570023952796021e-01
-8.441136978788772449e-01
1.000000000000000000e+00
1.000000000000000000e+00
1.000000000000000000e+00
-1.000000000000000000e+00
2.635789270346444724e-02
-1.000000000000000000e+00
-1.673563925734813385e-01
-1.000000000000000000e+00
6.450310197201629681e-01
1.000000000000000000e+00
1.000000000000000000e+00
-1.000000000000000000e+00
1.000000000000000000e+00
2.950571555365553156e-01
1.000000000000000000e+00
-4.555170998515297165e-01
-1.000000000000000000e+00
