-5.265837581666177325e-02
-7.199370194557531688e-01
2.459570167721905065e-01
-1.000000000000000000e+00
-5.696944112718194120e-02
2.048196596588522933e-01
-4.259647405708086865e-01
9.776039753215537420e-01
-6.550139285706579884e-01
-3.216622597290934582e-01
-3.997339405784652300e-01
2.457801336266032255e-01
-1.000000000000000000e+00
7.377267773376053883e-01
1.000000000000000000e+00
-8.373780551227389957e-01
-6.909889648105393967e-01
-2.682023740875931761e-01
-6.296106714583338260e-01
-1.000000000000000000e+00
8.561463496238770343e-01
3.090480990347084789e-01
-1.000000000000000000e+00
1.000000000000000000e+00
1.567962390875083933e-01
-1.000000000000000000e+00
3.720663108470682046e-01
1.000000000000000000e+00
1.332137770495725460e-01
9.492518066896371565e-01
4.670391176903325725e-01
-1.000000000000000000e+00
8.101931547232712472e-01
-4.930625144089610945e-01
2.621012457909284166e-01
-3.280027555089122249e-01
-7.254498773414290724e-01
1.000000000000000000e+00
-1.000000000000000000e+00
-7.431010194666056723e-01
-3.754948092849819119e-03
3.893247239920518687e-01
-1.000000000000000000e+00
1.176222706019981468e-01
3.833349542042827629e-01
4.772774978817244107e-01
-1.000000000000000000e+00
-7.933968540496167954e-01
7.415046459283169966e-01
-4.424392139094845966e-01
1.375081181370647609e-01
4.169106903540214515e-01
8.286140549519963594e-01
2.804224647407573823e-01
9.143216014990274143e-01
1.397860781747083947e-01
-3.156134531387430053e-01
1.000000000000000000e+00
-1.000000000000000000e+00
-1.000000000000000000e+00
-1.516611741848541417e-01
3.090953765032756206e-01
6.140453398797742768e-01
3.458138476187916921e-01
-3.883620261079875347e-01
-2.222907122965918081e-01
-1.484115879510842784e-01
7.112897472168462354e-01
3.584332348611416474e-01
-1.000000000000000000e+00
8.156527241239330817e-01
-9.177225962668920101e-01
-5.840893064900387621e-01
-1.238593650710347882e-01
-9.053393679011976225e-01
1.985259378663400964e-01
3.091320548941842716e-01
8.953297895686519459e-01
-2.980935673938664987e-01
3.167806204590228880e-02
2.375254957544181700e-02
6.315500791742378883e-01
-3.457067761930407990e-01
1.000000000000000000e+00
9.705952026113344733e-01
5.704921798124826804e-01
1.000000000000000000e+00
-9.672283282897633505e-01
7.321541230277417434e-01
1.000000000000000000e+00
2.595886681689267839e-01
-2.872506794388662854e-01
-6.340941181348211941e-01
4.697014542992690167e-01
4.961615173417772695e-01
-3.745096112932243537e-01
6.711875753446969739e-01
-8.496202245758734950e-01
-3.830220725607129673e-01
3.249793532199301005e-01
7.201648457966832728e-01
-2.349336539464794704e-01
5.838406155251363305e-01
9.451462146482574322e-01
-1.716289893872064987e-01
-2.941028031312429292e-01
-1.106090340748731027e-01
-1.000000000000000000e+00
-8.240548452789244749e-01
-5.972225278953644523e-01
3.138949481361889560e-01
-5.401560049458433710e-01
-1.000000000000000000e+00
8.241983890102901888e-01
6.925274394659999277e-01
-8.375643304886017937e-01
5.815314592905872493e-01
1.000000000000000000e+00
-6.735167822984065022e-01
-4.511226970855395368e-01
-1.000000000000000000e+00
-6.514411056841353798e-01
-2.139919105739511718e-01
-8.039549439380999640e-01
-6.399172806667259294e-01
3.273359233139205848e-01
1.000000000000000000e+00
-3.612418630810458886e-01
-5.360890059293339505e-01
-7.090445914023452145e-01
-3.567118448793125118e-01
-1.000000000000000000e+00
-8.816791515641373422e-01
2.873096694131603845e-01
-5.367333893226406971e-01
-1.926970174787869805e-01
5.527498477140204702e-01
6.705469924463975939e-01
9.391492016590452518e-01
1.000000000000000000e+00
-8.133377153133618531e-01
1.000000000000000000e+00
-7.699462447020557487e-01
4.848336432795604667e-01
-4.506535358494575538e-01
-5.568229034494660556e-01
-1.077022964270268890e-02
9.066844632212959221e-01
7.562055344030640391e-01
9.292476982265118757e-02
9.525447573446659266e-01
1.000000000000000000e+00
-1.870258891805078871e-01
6.632229517043788380e-01
-1.044045392807165795e-01
-4.219710433906102565e-01
7.518095003566669376e-01
-7.782905460646012408e-01
-1.000000000000000000e+00
-2.603167225538389751e-01
9.253722933795158756e-01
-6.014622179962070270e-01
-1.854717587549546409e-01
-3.445668566065962501e-02
-7.264737620402244023e-01
-5.847787168532694313e-01
1.000000000000000000e+00
-1.000000000000000000e+00
-9.235029082761687658e-01
-6.299045075898048740e-01
6.177904967764245026e-01
-8.343607695827682802e-01
-1.772837840976171364e-02
-7.492003719069688650e-01
-4.949397049380535041e-01
1.000000000000000000e+00
1.000000000000000000e+00
-9.642443394670239254e-01
6.127444666905681459e-01
-5.747891101696138705e-01
2.471930839680140934e-01
9.778848164582409908e-03
1.000000000000000000e+00
-5.207711471873865960e-01
5.794940647005458745e-01
-5.311343138078304937e-01
6.273981370627942367e-01
-2.108067602467715851e-01
1.812262509810841360e-01
6.287403772218451703e-01
3.388858559149785510e-01
-3.782316487652193082e-01
-1.186290775177484824e-01
-5.912981029470367744e-01
6.931502287804887086e-01
1.000000000000000000e+00
4.204824272621958681e-01
-1.323339214623724669e-01
1.000000000000000000e+00
9.950336985377004062e-01
-2.177176798972795535e-01
-2.460337470978005703e-01
-5.917297234318946719e-01
6.790545050262660753e-01
1.000000000000000000e+00
1.000000000000000000e+00
-8.678273289729754314e-01
1.138828406205580901e-01
8.040931170744323175e-01
4.469868109127239642e-02
1.405339988899279025e-01
-1.597539086605794800e-01
-6.642653636355655422e-01
-2.143163203591719190e-01
4.215167198775661150e-01
-1.000000000000000000e+00
-5.748764003761699382e-01
-1.000000000000000000e+00
1.000000000000000000e+00
-3.001334314168488948e-01
2.500907272069136100e-01
2.182747359160488454e-01
-7.225471922849791007e-01
-2.091794073775162799e-01
4.684718039976213944e-01
-1.358221617213909438e-01
6.758826808431843691e-01
-8.718462277678162842e-02
1.000000000000000000e+00
7.770560036657376823e-01
-5.703705316645346635e-01
9.443300137916588177e-01
-2.662230296040830613e-01
6.718271063234895202e-01
-7.339054270718657902e-01
2.470336574751504366e-01
-2.161823095276904638e-01
-1.000000000000000000e+00
6.256944478434205426e-01
-5.242335337895256409e-01
-5.781791555830816387e-01
2.984826795430579605e-01
-1.000000000000000000e+00
-1.000000000000000000e+00
6.785364578869107488e-01
-6.046509108801556565e-02
2.665212152497054010e-02
8.361266166975103165e-01
9.861274945230920075e-01
1.000000000000000000e+00
-2.045390381283076486e-01
-3.832356774511291864e-01
-7.619409871651674493e-01
-6.982783687634075420e-01
-7.275325313555789375e-01
4.923343633703396449e-01
7.730206522861717833e-01
-3.507300579650887151e-01
-1.585476268218432017e-01
-9.351829556864899029e-01
-3.173329615857518049e-01
-7.521786843900213348e-02
-8.156226560477184417e-01
-2.993173231502790355e-01
1.000000000000000000e+00
