6.388770879877014863e-02
-8.498740274106764137e-01
-2.643554019274563238e-01
3.408095900447549731e-02
8.034451005623821640e-01
-2.477423164554137802e-01
1.132417852179101736e-01
1.000000000000000000e+00
4.337640856061053540e-01
7.239978862593685061e-02
2.151419790274666788e-01
2.135725552548173312e-01
9.677931588411079478e-01
-8.385301040340809031e-02
-1.000000000000000000e+00
3.501133229116615286e-01
-8.981092937109105279e-01
1.331073896953527402e-01
-1.162032041440341779e-02
-2.947844870182798616e-01
8.787769692431977031e-01
7.139408090411543117e-01
2.431930773239676657e-01
-1.000000000000000000e+00
-4.224732925985355547e-01
-5.196717966787134380e-01
9.978729896139967304e-01
-1.201978520319504362e-01
-6.664996195512913335e-01
3.782747137156154960e-01
-7.706572377973908150e-01
-5.616927316119587621e-01
-1.000000000000000000e+00
-4.525140506027516274e-01
4.811760271515479470e-01
-2.956632663526792548e-01
5.409879881418233616e-01
5.643707771901480541e-01
-1.000000000000000000e+00
-2.402863625277605886e-01
1.000000000000000000e+00
-7.836120119291254404e-01
8.534027436951479029e-01
2.911645501304354067e-01
-1.000000000000000000e+00
8.809423420911370872e-01
7.685342405664707943e-01
-7.229163841418155823e-01
7.784413649835619786e-02
8.517881062232783851e-01
-6.534220591831285674e-02
7.181841014843779458e-01
-5.289651846290366333e-01
-4.533068279101282183e-01
-4.556272157161184166e-02
-4.999131909529215267e-01
1.000000000000000000e+00
8.064317607188651316e-01
2.531427361687157429e-01
2.139457956042818410e-01
-1.000000000000000000e+00
-7.698683389102418673e-01
-5.499312785121515113e-01
5.186230968987726175e-01
7.971502300501278615e-01
5.979935039310222411e-01
8.206320347399411741e-01
-1.860319308791140713e-01
9.779216262292353967e-01
9.796319083379063652e-01
5.779393745611958177e-01
-5.081610719774085627e-01
-8.541660873832213063e-01
9.456567141414902178e-01
8.711953687272895319e-01
3.436974164866286596e-01
5.692528879124605368e-01
-3.629669742971159963e-01
5.040307366368748099e-01
-4.815547507699360352e-01
-6.971242346428805359e-01
-9.051233970700627296e-01
4.493058048921201308e-01
-6.941193818384765457e-01
-4.639815995923787240e-01
1.000000000000000000e+00
-6.128131071504669958e-01
-8.986414500227153379e-01
1.000000000000000000e+00
-9.276857637500788289e-01
9.215483811250575474e-01
5.826664975014907988e-01
-4.809553905712735111e-01
1.114265690357574279e-02
-2.547261359005292825e-02
-2.653997320939602833e-01
4.366993324779189223e-03
7.574378572229658602e-01
2.743435517682542985e-02
-6.039259033006882937e-02
7.249883651077324576e-01
-3.886405239048187354e-01
6.521829271592649580e-02
7.885353667179073600e-01
-9.289368444332245511e-01
1.508076876495423324e-02
-7.098896362426410089e-01
6.015766689010046964e-01
2.516297231672781631e-01
8.329096039328551804e-01
-1.061985754158208395e-01
-8.480316712785382904e-01
-1.000000000000000000e+00
-6.635663264081090862e-01
-7.160971872751076273e-01
-7.242075448506999358e-01
2.260338457160582237e-02
4.259126647476836336e-01
-6.358359926929317840e-01
5.804920215159417030e-01
-3.043702968934061115e-01
4.925488012053875764e-01
-1.693366780564111440e-01
5.770041044914964168e-02
-8.128952034282639350e-01
-5.289550425360928232e-01
-8.863661281671917358e-01
6.928195610631022738e-01
-7.742104548433754729e-01
-7.848065438429476792e-01
-4.593534313245841716e-01
6.880192023530609102e-01
-3.678780860007986320e-01
7.754717199989233922e-01
6.632075073430487855e-02
2.504404616022199992e-01
-2.975518734312818658e-01
-7.463520989425165286e-01
-5.460057923890240250e-01
6.903785015488861365e-01
2.257690915285726074e-01
-4.874762409364217230e-01
1.000000000000000000e+00
-2.656770457326128598e-01
-8.919659807306923316e-01
9.479949835159788840e-01
1.000000000000000000e+00
1.000000000000000000e+00
-4.433793834918871024e-01
6.977275811171463893e-01
9.216834487139349275e-01
-5.755175213731965611e-01
4.944926361580642693e-01
4.859351737820494233e-01
-6.926265837887162213e-01
-3.513189115581409894e-01
-4.345151628674768229e-01
-6.859986001935711730e-01
4.216419996344942245e-01
5.860401769092136171e-01
-7.125421902863742218e-01
9.865492653994025751e-01
9.823934529969258200e-01
1.000000000000000000e+00
-2.470327867102866115e-01
-3.527122375746212235e-01
1.499203129854773664e-01
-9.256136097640308424e-01
5.892966119426601423e-02
3.856209919015312071e-01
1.166547219789899614e-01
-2.386646791062521089e-01
6.347072819789770781e-01
1.001351475193346108e-02
-9.790397550741515298e-01
-8.579945200749581335e-01
-1.000000000000000000e+00
-2.985667213798970931e-01
9.185198075224145775e-01
4.408258739769164158e-01
9.148045645050053576e-01
3.762320806016186125e-01
9.499872027026103893e-01
-7.544958667853760570e-01
4.248659613374450306e-01
7.344241222018819126e-01
1.199073138702595465e-01
2.241713138224765700e-02
3.255544750105441310e-01
3.963257693912070057e-01
-8.171922082664284659e-01
3.523847670114377273e-03
5.312942547423198381e-01
-9.930401291459050039e-01
2.522324991041415831e-01
5.671447609299760106e-01
7.705520791445978901e-01
4.087864818097950437e-01
3.740210330991222687e-01
-1.000000000000000000e+00
-5.264385883865980720e-01
4.780118010821787777e-03
-1.000000000000000000e+00
4.156983608208737468e-01
-4.607688642911178523e-01
3.912411468404572989e-01
4.796319446517677276e-01
6.586051518396309756e-01
7.237361432525875049e-01
-7.717250077735438030e-01
-5.145957878018718734e-01
4.873176981940665620e-01
-3.078867142036829652e-01
7.124076968274468680e-01
-2.206909523590994127e-02
-1.000000000000000000e+00
-4.147822206765143793e-01
4.322484066392768831e-01
4.701031774603294799e-01
5.960023408617738383e-01
-8.220072325114451406e-01
1.000000000000000000e+00
-1.000000000000000000e+00
-5.269116921450405222e-01
6.530827140138424358e-01
-4.611588906378658592e-01
2.655271708031348155e-01
1.000000000000000000e+00
3.500732834013788874e-01
-2.502528167741067122e-01
-1.000000000000000000e+00
-8.053550581127486563e-01
-1.000000000000000000e+00
9.753062356712116632e-01
6.675677911923107999e-01
-6.720669091634328129e-01
-9.102639891387938054e-01
5.955356354137320007e-01
9.534394131977570463e-01
-1.000000000000000000e+00
4.703703395895568740e-01
-7.871859658296960216e-01
1.000000000000000000e+00
-2.290152068753165127e-01
9.101822847394822613e-01
9.457126363436134664e-01
8.872033653437167988e-01
-1.549666606302879668e-01
5.182462009130084368e-04
-8.199116775198165286e-01
-1.615716561219145142e-01
-1.000000000000000000e+00
-1.605623745189070917e-01
-9.376002043124098684e-01
-7.386685112684826526e-01
-6.125867140190188742e-02
-5.615470475743744583e-01
9.143435572783422671e-01
6.057634417596422516e-01
-8.680300272923560101e-01
-2.468697060152590383e-01
5.936524268803480275e-01
2.014656209312094548e-01
1.636698812744241671e-01
-1.359681384574060736e-01
