-3.783013860839901099e-02
2.469412277700036018e-01
1.804963492876142106e-01
7.626126362625865740e-01
1.000000000000000000e+00
-1.000000000000000000e+00
1.000000000000000000e+00
9.074070451896609768e-02
-1.000000000000000000e+00
1.000000000000000000e+00
-1.000000000000000000e+00
2.754246218704938798e-01
7.366256388940135569e-01
1.000000000000000000e+00
-2.373402635493412349e-01
-1.000000000000000000e+00
-9.243417127522388643e-01
1.000000000000000000e+00
4.258206694072664833e-01
9.939353925468661366e-01
1.000000000000000000e+00
8.944066924844110700e-01
-1.000000000000000000e+00
-8.482100486023692598e-01
1.000000000000000000e+00
1.000000000000000000e+00
2.467854360999400809e-01
7.553235667880555670e-01
1.000000000000000000e+00
-1.000000000000000000e+00
2.894093555917957028e-01
-5.510348635470386780e-01
-1.980857451102628897e-01
6.586853985092362418e-01
-6.632981683735900136e-01
-9.111701522621510341e-01
1.000000000000000000e+00
1.000000000000000000e+00
-8.691488102528669435e-01
3.577173993786613715e-01
-9.017508231288966503e-01
7.776134033860281347e-01
-8.482593486769895996e-01
-1.000000000000000000e+00
-2.476334900530537120e-02
1.000000000000000000e+00
1.000000000000000000e+00
3.138063556503258855e-01
9.870743481570720679e-01
-7.828968638161879490e-01
-6.976059187538867778e-01
-9.749174839659471292e-01
1.000000000000000000e+00
-1.000000000000000000e+00
4.904218451876812268e-01
3.598158460899122946e-01
5.902801343954892088e-01
-1.000000000000000000e+00
-1.000000000000000000e+00
7.342553887340949048e-01
-1.000000000000000000e+00
1.680276620919970432e-01
-1.000000000000000000e+00
9.545415676646772374e-01
-1.000000000000000000e+00
-1.000000000000000000e+00
-1.307178778503115257e-01
6.004839354254698502e-02
-1.000000000000000000e+00
8.916084162863779916e-02
-6.787056444106405184e-01
-8.779080129565501878e-01
-1.000000000000000000e+00
-1.000000000000000000e+00
-5.557304486279111000e-01
1.000000000000000000e+00
-1.000000000000000000e+00
-1.000000000000000000e+00
5.176746414984890743e-01
1.000000000000000000e+00
-1.000000000000000000e+00
-9.612693140548994597e-01
-1.000000000000000000e+00
5.054153860051739944e-01
1.000000000000000000e+00
-1.000000000000000000e+00
4.625824677552520248e-02
-1.000000000000000000e+00
-2.908547851144929197e-01
1.000000000000000000e+00
-1.000000000000000000e+00
-4.086359427902185315e-01
-7.632367815561514890e-01
1.000000000000000000e+00
-1.000000000000000000e+00
1.000000000000000000e+00
9.570446285574201184e-01
-2.238533912264794035e-01
1.000000000000000000e+00
-1.000000000000000000e+00
1.000000000000000000e+00
1.000000000000000000e+00
4.143637347551418770e-01
1.000000000000000000e+00
-1.771240318496747901e-01
-1.941876241236332179e-01
-4.455995341393914067e-01
1.000000000000000000e+00
9.485947043885223362e-02
5.400901911741631256e-01
-5.763761026468054993e-01
-1.000000000000000000e+00
1.000000000000000000e+00
-1.212395261131636870e-01
-1.000000000000000000e+00
1.000000000000000000e+00
-1.000000000000000000e+00
1.000000000000000000e+00
7.281369076006691810e-01
1.000000000000000000e+00
-1.000000000000000000e+00
-1.000000000000000000e+00
1.000000000000000000e+00
-5.184804672380245449e-01
1.000000000000000000e+00
3.946735021011415490e-01
6.335047483931556256e-01
-1.000000000000000000e+00
1.000000000000000000e+00
-1.000000000000000000e+00
-8.009741542283072002e-02
5.355890300191415987e-01
-1.000000000000000000e+00
-6.262295873025027770e-01
-1.000000000000000000e+00
8.548105812392948755e-01
-1.000000000000000000e+00
1.000000000000000000e+00
-2.719695539239641580e-01
-7.679032175590150278e-02
-6.123901704420163794e-01
1.000000000000000000e+00
-1.000000000000000000e+00
9.289950019832975414e-01
1.567304618030901375e-02
-4.102317392202183832e-01
-7.691464820307785111e-01
1.241906867283937288e-02
8.863595908224921605e-01
4.136997350690106989e-01
1.000000000000000000e+00
1.000000000000000000e+00
-1.449273359134197747e-01
-1.000000000000000000e+00
-9.036977356070600154e-01
1.000000000000000000e+00
-9.020606277636807890e-01
3.621337383699936296e-01
-1.000000000000000000e+00
1.000000000000000000e+00
9.594447136854781233e-01
-1.216956401563573098e-01
8.847950662401300459e-01
-6.021272364440666269e-01
4.161704477118717826e-01
-7.093700048032408612e-01
-1.000000000000000000e+00
-1.000000000000000000e+00
-1.000000000000000000e+00
1.000000000000000000e+00
-1.000000000000000000e+00
1.000000000000000000e+00
5.103651243962449291e-01
-1.000000000000000000e+00
5.973396464345578361e-01
8.038721488548880023e-01
-2.779916795053058998e-01
-1.012142928251991147e-01
-1.000000000000000000e+00
-4.364761374784953407e-02
-1.000000000000000000e+00
3.428185976559792736e-01
1.000000000000000000e+00
-1.000000000000000000e+00
1.000000000000000000e+00
4.412491307059129841e-01
3.691974034924849768e-02
-3.379090793361443912e-01
-1.000000000000000000e+00
-1.000000000000000000e+00
-4.179395781240300978e-01
5.448362909885187122e-01
-1.000000000000000000e+00
-6.360201991373903851e-01
-1.000000000000000000e+00
6.984002114139913342e-01
1.000000000000000000e+00
4.605185660797992409e-01
1.000000000000000000e+00
1.000000000000000000e+00
-1.000000000000000000e+00
-1.000000000000000000e+00
1.000000000000000000e+00
-1.000000000000000000e+00
1.000000000000000000e+00
-9.240577672644655349e-01
4.915672655360096011e-01
1.002760837854510534e-02
-1.000000000000000000e+00
9.667580264738678819e-02
-1.000000000000000000e+00
-1.153676084958550341e-01
-1.000000000000000000e+00
1.000000000000000000e+00
1.000000000000000000e+00
-1.000000000000000000e+00
-9.842914497491717096e-02
1.000000000000000000e+00
1.780132247634718112e-01
1.067766045762857940e-01
-9.292475242127573587e-01
6.913528824975435638e-01
7.050959121256133999e-01
-1.000000000000000000e+00
-1.595899567617657944e-01
1.000000000000000000e+00
1.000000000000000000e+00
-1.000000000000000000e+00
1.000000000000000000e+00
8.650152800140917808e-01
1.000000000000000000e+00
9.762939857763472951e-01
-1.000000000000000000e+00
1.000000000000000000e+00
1.000000000000000000e+00
1.093728108287780332e-01
-1.000000000000000000e+00
1.000000000000000000e+00
-1.000000000000000000e+00
8.639877017067080223e-01
-1.013467574403636995e-01
-1.000000000000000000e+00
2.380793664533866205e-01
7.718965018215488971e-01
1.000000000000000000e+00
-2.648083954528134276e-01
-2.718950030103637339e-01
-1.000000000000000000e+00
1.000000000000000000e+00
9.415489934461661603e-01
5.207584646448208954e-01
1.630448598774497659e-02
-9.926991817523658224e-01
-7.355744279299680777e-01
9.471171759264724876e-01
1.000000000000000000e+00
1.000000000000000000e+00
-1.000000000000000000e+00
-6.140413617809492575e-02
1.000000000000000000e+00
-4.331652321259669147e-01
-4.430621246285576520e-01
-1.729814026837059038e-01
-5.694621745680965574e-01
6.670172644912177873e-01
