-1.000000000000000000e+00
-4.539422921093521079e-01
-1.000000000000000000e+00
1.000000000000000000e+00
-1.000000000000000000e+00
7.844057130911434861e-01
-1.000000000000000000e+00
1.280644938657996557e-01
1.348274323801129659e-01
2.381401474666571261e-01
-1.278756897689235783e-01
-7.876353361465302516e-01
1.000000000000000000e+00
-1.000000000000000000e+00
1.000000000000000000e+00
7.974136652209270482e-01
8.204095825516739549e-01
-6.625635710645250143e-01
4.057571542773756867e-01
-3.628619530711340024e-01
-1.000000000000000000e+00
-2.821969150043258656e-01
3.701095673148700471e-01
9.250051104262847490e-01
9.814967120810242918e-01
1.000000000000000000e+00
4.370521531335220811e-01
-5.973188798122697207e-03
-4.995627975346537131e-01
-1.381254245853822393e-01
-2.600976075016252498e-01
-6.158301203766853860e-01
-9.555409354484815931e-02
-1.000000000000000000e+00
1.292245230407147449e-01
5.466522059371208275e-01
1.313174249008930428e-02
-3.347531649800578046e-01
-1.000000000000000000e+00
1.000000000000000000e+00
1.147107320503151229e-01
4.679085448373576650e-02
1.940864267745283644e-01
5.433942329775898195e-01
3.311767783215746608e-01
1.000000000000000000e+00
6.980172838758132992e-01
-1.000000000000000000e+00
-3.513303107530560965e-01
6.949695687769466002e-01
1.000000000000000000e+00
6.364879931446505434e-01
-2.507548487419910543e-01
1.000000000000000000e+00
-4.766288130958369340e-01
1.000000000000000000e+00
2.232414553152322068e-01
-1.000000000000000000e+00
-5.587168688821331219e-01
1.000000000000000000e+00
1.000000000000000000e+00
-6.368041923097862433e-01
-1.000000000000000000e+00
-6.292302205632855916e-01
-7.130395271067100360e-01
2.594623442478269926e-01
3.789535043931570590e-01
1.000000000000000000e+00
-1.000000000000000000e+00
3.890089062783405049e-01
3.723466021301602424e-02
-4.943344808936238621e-01
7.063836155408611539e-01
1.000000000000000000e+00
8.496685389599374361e-01
-1.852977980389136636e-03
1.000000000000000000e+00
7.345435235180615141e-01
-1.953763084846495968e-01
1.000000000000000000e+00
-2.909243026753020045e-01
1.191492796956311606e-01
-1.000000000000000000e+00
1.000000000000000000e+00
1.000000000000000000e+00
-1.000000000000000000e+00
2.578197145895155806e-02
-5.417786832931632546e-01
1.000000000000000000e+00
4.379429845068023575e-01
-2.699352373918999515e-01
7.390673974406003488e-01
5.290175041471500972e-01
-5.019648635648192858e-01
-1.000000000000000000e+00
-3.418407564561636858e-01
-1.244012661274142006e-01
-1.000000000000000000e+00
1.629521989804076920e-01
-6.548302304603015322e-01
-8.272334716786927666e-01
1.000000000000000000e+00
-7.040418131221213294e-01
-3.643785294391879148e-01
1.000000000000000000e+00
-3.368204096241633749e-02
-9.968450966554316395e-01
2.244410213060895609e-01
-7.550633120181804436e-01
6.721957042830393192e-01
1.712027549550671213e-01
-8.375889209870122087e-01
2.078917110627023224e-01
-1.000000000000000000e+00
-1.000000000000000000e+00
5.412773835256945443e-01
-3.979320304364311056e-01
5.802174533066406514e-01
4.575294808002491331e-01
-7.066142539168178693e-01
-1.462966114648636129e-01
1.000000000000000000e+00
2.625656689068223137e-01
6.497409566070906362e-01
6.905099958266015525e-01
-7.859383773945629592e-01
-4.329912678337394238e-02
-9.208709911801780112e-01
1.000000000000000000e+00
4.768768121393984760e-01
-6.411900482303138915e-01
8.571269424006847659e-01
1.000000000000000000e+00
1.000000000000000000e+00
-1.000000000000000000e+00
1.000000000000000000e+00
-1.000000000000000000e+00
-9.845802441582762743e-02
9.083816778022569816e-01
-2.632347641552892359e-01
-6.929299922757381491e-01
-1.000000000000000000e+00
-1.000000000000000000e+00
8.531006590300318493e-01
1.816764894033662259e-02
-3.405804812263240056e-01
-1.916369061782089434e-01
-7.383176147574944670e-01
1.000000000000000000e+00
9.167596180339869782e-01
1.002048045502592633e-01
1.059085702700734988e-01
5.138569666034020766e-02
8.133982264208748925e-01
1.000000000000000000e+00
1.000000000000000000e+00
9.454449663296862205e-01
9.257575575843672855e-01
1.000000000000000000e+00
-4.056327184548513820e-02
1.000000000000000000e+00
-1.000000000000000000e+00
3.112782784304317651e-01
-1.000000000000000000e+00
1.000000000000000000e+00
1.000000000000000000e+00
-1.000000000000000000e+00
8.990092475307930320e-01
-1.071970017452070489e-01
8.975263067732290878e-01
1.000000000000000000e+00
-6.571329792582893958e-01
-9.690673814354786586e-01
1.153479178461379318e-02
2.251973830520835884e-01
5.955044434470013748e-02
-1.000000000000000000e+00
9.256068328725115535e-01
4.530555298184354984e-01
-5.714530502867591899e-01
-3.910377651618910377e-01
-7.994103761845668954e-01
-5.058781365635804939e-01
4.933356940896993503e-02
-3.586017208256500055e-01
-2.763534990387994106e-01
2.069203144259976757e-01
-2.888187846340979359e-01
8.114689246119509702e-01
-2.464028189514249068e-01
2.479090406357155052e-01
-1.000000000000000000e+00
6.980342595727118127e-01
4.642410293405614397e-01
-2.755380675532215773e-01
-4.717712195921870411e-01
-7.065301589650845315e-01
-8.632854849219978588e-01
-4.118914902426147329e-01
2.403408775653463891e-01
2.899154920562621029e-01
9.845564332618272907e-01
-2.835804384677633738e-01
3.792327510829884840e-02
-1.000000000000000000e+00
-8.397156963667087304e-01
-8.249923573734525561e-01
-8.308774299464536384e-01
1.000000000000000000e+00
-6.362461272492268005e-01
-1.000000000000000000e+00
-9.256117926475517788e-01
8.061776059114140747e-01
8.862201696331790668e-01
9.878169739968722940e-01
-1.000000000000000000e+00
-1.000000000000000000e+00
5.464280556178554571e-01
-2.541964863604304625e-01
9.013584917245310857e-01
-5.056270053945347565e-01
-9.354126453360394056e-01
-1.000000000000000000e+00
-8.092816778328257854e-01
-1.644612499294915431e-01
-1.000000000000000000e+00
-3.733595026284082796e-01
1.000000000000000000e+00
-9.889721465975451764e-01
1.000000000000000000e+00
-1.000000000000000000e+00
2.940187525753330533e-01
4.383403851858862499e-01
7.427146142776288595e-01
-6.353322470514382037e-01
-7.550923181065789525e-01
1.000000000000000000e+00
-4.180141796163607815e-01
-2.061635320032496055e-01
-3.498762429399321361e-01
1.000000000000000000e+00
-8.087881116891992850e-01
-5.688313669224325242e-01
-1.000000000000000000e+00
-1.705008316284528647e-01
-1.000000000000000000e+00
3.526788769715483163e-01
-1.000000000000000000e+00
2.001078861620204652e-01
8.419868102816197020e-01
-7.028418484700073021e-01
1.000000000000000000e+00
-1.000000000000000000e+00
3.825265703057385558e-01
1.000000000000000000e+00
2.339326553848606327e-01
1.000000000000000000e+00
1.000000000000000000e+00
3.303996949523430038e-01
3.966413581552769019e-02
1.000000000000000000e+00
3.274865660636739895e-01
5.183157030704499402e-01
9.007073602280084579e-01
1.803418707645609853e-01
