-9.480864515891140876e-02
1.938647350895359167e-01
1.908005989896400800e-01
5.311795302585397005e-01
-1.000000000000000000e+00
1.000000000000000000e+00
-1.000000000000000000e+00
-4.075254313364120584e-01
9.190377306352540687e-01
9.209038442438146621e-01
1.000000000000000000e+00
1.000000000000000000e+00
-1.000000000000000000e+00
1.000000000000000000e+00
-6.337961027585214957e-01
9.792892460456070758e-01
1.000000000000000000e+00
-6.220348781570093077e-01
-4.231750296328768424e-01
1.000000000000000000e+00
-1.000000000000000000e+00
1.000000000000000000e+00
1.696576405636892604e-01
1.000000000000000000e+00
1.000000000000000000e+00
-2.552928139838014365e-01
-5.195323250416822303e-02
7.853968975172809230e-01
-1.000000000000000000e+00
-6.231775549588998153e-01
1.000000000000000000e+00
2.156197691108093784e-01
1.000000000000000000e+00
-1.000000000000000000e+00
-2.044102335141841920e-01
-1.000000000000000000e+00
4.183258357159265750e-01
-6.845035213695727094e-03
4.010619722260178044e-02
1.000000000000000000e+00
1.000000000000000000e+00
-1.601053428167878989e-01
-9.393267053718306059e-01
-1.258779333195051975e-01
1.000000000000000000e+00
1.000000000000000000e+00
-1.000000000000000000e+00
-4.234123947494912166e-01
-9.623199831708769691e-01
9.829970634292872766e-02
-1.000000000000000000e+00
8.099386038903766405e-01
7.736052157602428814e-01
-8.150866513567643912e-01
5.622335571262098153e-01
3.525713043187784779e-01
1.000000000000000000e+00
4.932388312088415994e-01
-1.000000000000000000e+00
-1.571634345138568922e-01
-1.094942448198503726e-01
-6.450479438053138281e-01
-1.000000000000000000e+00
7.932966157905982918e-01
5.227440826250373540e-03
1.000000000000000000e+00
7.580553991605425423e-01
1.000000000000000000e+00
1.000000000000000000e+00
5.785996910261299586e-01
2.611068405082667132e-01
-1.000000000000000000e+00
-9.306535818751692224e-01
-1.000000000000000000e+00
1.000000000000000000e+00
-1.000000000000000000e+00
1.000000000000000000e+00
2.114270105347835771e-01
-1.000000000000000000e+00
1.000000000000000000e+00
1.000000000000000000e+00
-2.710685256355422901e-01
-1.000000000000000000e+00
-3.565347470584728784e-01
-1.000000000000000000e+00
7.001763806698606540e-01
1.000000000000000000e+00
-1.802419085195117177e-02
-1.000000000000000000e+00
-1.000000000000000000e+00
-1.000000000000000000e+00
-2.568160509052881402e-01
1.000000000000000000e+00
1.000000000000000000e+00
-9.301571156833901011e-01
1.000000000000000000e+00
1.000000000000000000e+00
9.335586189722415440e-02
-3.427930430071411683e-02
-1.000000000000000000e+00
-1.000000000000000000e+00
1.000000000000000000e+00
-1.341045823549860683e-02
-7.023752137824219588e-01
-1.000000000000000000e+00
1.000000000000000000e+00
1.000000000000000000e+00
-1.000000000000000000e+00
1.000000000000000000e+00
-1.000000000000000000e+00
3.363075797132729639e-01
-1.329881083218866777e-01
-1.000000000000000000e+00
1.000000000000000000e+00
1.239687322741441777e-01
1.000000000000000000e+00
-1.000000000000000000e+00
-1.000000000000000000e+00
1.000000000000000000e+00
4.442567492129451678e-01
-2.971735112876053853e-01
4.299314209035262069e-01
-9.417855476025652761e-01
-6.735751338032005542e-01
-6.411635675414599778e-01
3.307010792359447171e-01
1.000000000000000000e+00
-1.000000000000000000e+00
-1.000000000000000000e+00
-1.000000000000000000e+00
5.133620128607457866e-01
1.000000000000000000e+00
-1.000000000000000000e+00
-1.000000000000000000e+00
-7.292915286024813648e-01
-1.000000000000000000e+00
-6.791199070157536433e-01
7.802206246875981188e-01
1.000000000000000000e+00
1.000000000000000000e+00
1.000000000000000000e+00
5.108625180030397228e-01
4.238645112758348543e-01
1.000000000000000000e+00
1.000000000000000000e+00
1.703123744218355551e-01
1.000000000000000000e+00
-1.323634120417959137e-01
1.000000000000000000e+00
-1.000000000000000000e+00
1.000000000000000000e+00
7.030216301798930534e-01
1.000000000000000000e+00
-1.000000000000000000e+00
-1.000000000000000000e+00
-6.230862672176048500e-01
1.000000000000000000e+00
9.608786163745077769e-01
1.000000000000000000e+00
-1.000000000000000000e+00
-1.000000000000000000e+00
1.000000000000000000e+00
1.000000000000000000e+00
-2.508626258289425870e-01
3.435483278054668466e-01
-1.424185824867253425e-01
-7.998828081360087605e-02
-6.656439754017517973e-01
1.000000000000000000e+00
9.127804318000085626e-01
6.651668262077611304e-01
3.557634297361453868e-01
-7.700938495380764692e-01
-1.000000000000000000e+00
-6.505136621492801918e-02
-1.000000000000000000e+00
1.000000000000000000e+00
-1.000000000000000000e+00
1.000000000000000000e+00
5.484783815449012501e-01
8.249602666276079077e-02
1.000000000000000000e+00
1.000000000000000000e+00
-1.000000000000000000e+00
-1.000000000000000000e+00
-3.655475285466874835e-01
1.000000000000000000e+00
4.936570318603195062e-02
1.000000000000000000e+00
1.000000000000000000e+00
-2.402622044179036909e-01
1.000000000000000000e+00
1.000000000000000000e+00
1.000000000000000000e+00
-7.855602645533925621e-01
9.219226489825159687e-01
1.000000000000000000e+00
2.304573398404783924e-01
1.000000000000000000e+00
1.688615379351403045e-01
1.000000000000000000e+00
3.364912055972921201e-01
-7.465908386871094038e-01
4.262946454320015732e-03
1.000000000000000000e+00
-8.753189141232995407e-01
4.945562557593702335e-02
1.000000000000000000e+00
-1.000000000000000000e+00
-3.642576739700098543e-01
-1.000000000000000000e+00
-3.163192072329052973e-01
1.000000000000000000e+00
1.000000000000000000e+00
-1.255395430733952100e-02
-9.346650165801178023e-01
-1.000000000000000000e+00
9.841523241864179594e-01
-6.007371842154450858e-01
-1.000000000000000000e+00
-2.226065040785770721e-01
-1.000000000000000000e+00
9.212970627727811168e-01
1.000000000000000000e+00
1.000000000000000000e+00
1.000000000000000000e+00
6.896119068832095023e-01
-1.000000000000000000e+00
-1.000000000000000000e+00
4.556406389914887112e-01
-4.412228430153675163e-02
1.000000000000000000e+00
1.000000000000000000e+00
-1.000000000000000000e+00
7.031795949743151475e-01
-1.000000000000000000e+00
-1.000000000000000000e+00
-3.014771485597159129e-01
5.919935201263454294e-01
-8.784468353212571134e-01
-3.907117790678226732e-01
4.249820969131545834e-02
1.000000000000000000e+00
-1.000000000000000000e+00
1.000000000000000000e+00
-1.000000000000000000e+00
-4.829757194676618237e-01
7.031039222780244291e-01
1.000000000000000000e+00
6.736380127160346287e-02
-2.430981355837981694e-01
2.484332084588947165e-02
1.664693079207353321e-01
-1.000000000000000000e+00
-3.096747779972598424e-01
-1.000000000000000000e+00
-4.689102207184822069e-01
4.805391458913471636e-01
-1.000000000000000000e+00
-1.000000000000000000e+00
-1.000000000000000000e+00
-1.000000000000000000e+00
-1.000000000000000000e+00
5.115950405231888265e-01
-1.000000000000000000e+00
