-9.476933325635221728e-01
-3.070111902985106500e-01
3.395731533489161347e-01
-7.752939160481706615e-01
-9.014591064703534329e-01
-1.523038560445097445e-01
2.196531339924454596e-01
1.000000000000000000e+00
-1.000000000000000000e+00
9.303665258155455753e-01
-9.451327717941795381e-01
1.000000000000000000e+00
1.000000000000000000e+00
1.000000000000000000e+00
6.071012406646942861e-01
4.638920308084057975e-01
-1.000000000000000000e+00
-1.000000000000000000e+00
4.228466570677573699e-01
5.205973779775019405e-01
-3.586365541995812922e-01
-1.000000000000000000e+00
-6.515963721271591513e-01
-3.793663616958352636e-01
1.000000000000000000e+00
6.812674206224842433e-01
-1.000000000000000000e+00
3.911964678930514028e-01
-8.540545183008345642e-01
-7.179950532290033660e-01
1.000000000000000000e+00
1.000000000000000000e+00
-2.660535823917887233e-01
1.000000000000000000e+00
-1.000000000000000000e+00
-2.545952873141159589e-01
-3.204064440702131811e-01
3.635130587115531497e-01
-3.606552440243871449e-01
1.000000000000000000e+00
-2.601596166741095839e-01
2.607350704001432096e-01
9.794149877905184987e-01
5.473406549600998705e-01
-1.000000000000000000e+00
1.000000000000000000e+00
9.167756934382158551e-01
1.000000000000000000e+00
-3.188222235711482000e-01
1.654156434173030266e-01
-1.000000000000000000e+00
1.000000000000000000e+00
-9.177318103227449786e-02
1.000000000000000000e+00
1.000000000000000000e+00
-1.370819943808053165e-01
-4.139316690991545755e-03
2.448067681269816553e-02
7.781346667053834487e-02
5.613013246610163431e-01
4.481411564029760264e-01
8.231721598336867451e-01
-1.000000000000000000e+00
-1.000000000000000000e+00
-2.353220368230455328e-01
-8.307577203710412306e-01
-1.000000000000000000e+00
8.927256945288148948e-01
9.987160558865459947e-01
8.334941585796262764e-01
4.334822543470500111e-01
1.000000000000000000e+00
5.336990414719767761e-01
-8.978284484940231014e-01
-6.401325095285886890e-01
-1.000000000000000000e+00
-1.000000000000000000e+00
1.000000000000000000e+00
1.000000000000000000e+00
-1.000000000000000000e+00
-1.000000000000000000e+00
-1.000000000000000000e+00
-7.084785360454676217e-01
-3.325323823461329709e-01
1.000000000000000000e+00
4.167490357830977987e-01
2.270638519612331319e-01
-5.978617111042647814e-01
-1.000000000000000000e+00
6.201108124312915137e-02
-2.970602023245627610e-02
1.000000000000000000e+00
4.277218569695250272e-01
-2.017369618146731547e-01
6.318931761744508435e-01
-4.599791324705027051e-01
9.855066122066313827e-02
4.854857475997483851e-01
-1.000000000000000000e+00
-7.956452607681621103e-01
7.978689166800356780e-02
-1.000000000000000000e+00
8.853369734368563559e-01
4.154697083338966257e-01
-1.000000000000000000e+00
-2.400062265303861686e-01
1.000000000000000000e+00
2.633704815967292667e-01
-5.668054818345948931e-01
2.875633425504220408e-01
-8.509199314580633278e-01
-7.946079860837451658e-01
1.000000000000000000e+00
-5.349711323368184779e-01
-4.731637340915400003e-01
2.941067219150450551e-01
1.000000000000000000e+00
-2.487644020539014900e-01
3.802907524487342261e-02
5.345893753587133146e-01
-9.350966204199839815e-01
1.000000000000000000e+00
-7.459245211811842413e-01
-1.766912365370518767e-01
1.000000000000000000e+00
1.000000000000000000e+00
1.000000000000000000e+00
1.000000000000000000e+00
-1.000000000000000000e+00
-7.085671975127421085e-01
8.247539568596792270e-01
2.569236733652935367e-01
1.000000000000000000e+00
-9.324429028092737770e-01
1.000000000000000000e+00
-1.000000000000000000e+00
-1.000000000000000000e+00
-1.195572857843687498e-01
7.099025959182361234e-01
-4.037436346442464519e-01
1.000000000000000000e+00
1.568518525066549540e-01
2.405187562505960441e-01
1.000000000000000000e+00
1.727680736321575150e-01
4.570988025368487584e-01
-4.678708132923021790e-01
1.000000000000000000e+00
-2.067058960334987594e-01
-9.487657727284730669e-01
-7.050335715324413943e-01
-3.701584705281701915e-03
-2.589709868061560449e-01
1.000000000000000000e+00
2.183248732728499952e-01
4.405733698525111652e-01
1.251285401935839925e-01
-8.571246907820231353e-01
7.012439190932253652e-01
3.669395170133493700e-02
2.966253899322413012e-02
-9.734032418869291714e-01
4.552379649757232194e-01
-3.234509462284889669e-01
1.146337666798772637e-01
1.087906217671610332e-01
1.000000000000000000e+00
-6.008000214024667995e-01
-8.025038628742677815e-01
1.456746368240722789e-01
1.000000000000000000e+00
-1.000000000000000000e+00
-3.853227462533258540e-01
7.240092259007695485e-01
-4.204689816489516896e-01
2.378780827439528900e-01
-6.415338233894536391e-01
-5.661393160723358076e-01
3.463020259054218064e-01
2.506965676559647083e-01
-6.541857154691748111e-01
8.274818640464565167e-01
-3.171787701785033775e-01
3.120192799164566155e-01
1.000000000000000000e+00
-5.269063315954036764e-01
-1.000000000000000000e+00
1.000000000000000000e+00
1.000000000000000000e+00
4.053112422191285646e-01
9.622342684885845099e-01
9.955046210189117950e-01
-5.293718887361495984e-01
-8.194554027953211417e-01
-1.237277063071884342e-02
3.895169089783988015e-01
-2.634525115245438531e-01
-7.646491919077957888e-02
-2.756226151777340649e-01
1.000000000000000000e+00
7.110254876132535706e-01
-1.044775754351967567e-01
-8.911302493091608490e-01
5.856337871086391145e-01
-3.195956463734983544e-01
-1.000000000000000000e+00
-1.000000000000000000e+00
-1.000000000000000000e+00
-8.114365180510350051e-01
-3.054207573554268418e-01
4.688820400106437081e-01
4.780409857225206283e-01
6.354608839606116222e-01
-5.264179521732037514e-02
1.619994759590732691e-01
6.250311306807088130e-03
1.000000000000000000e+00
1.000000000000000000e+00
1.000000000000000000e+00
1.000000000000000000e+00
-9.494523554209963745e-01
-1.000000000000000000e+00
1.000000000000000000e+00
1.000000000000000000e+00
7.127289981835338573e-02
-6.404175296149193786e-01
-6.163367229377898493e-01
9.896623199200956789e-01
6.596486391357415657e-01
1.000000000000000000e+00
-7.799009888476067243e-01
-6.309784057415877001e-01
-1.000000000000000000e+00
9.214871982514127868e-01
-1.000000000000000000e+00
-6.712734779666305052e-01
1.437618331412728323e-01
-1.886068699479280797e-01
3.013740645310907240e-01
-2.433631967680867092e-01
2.506870847183463591e-02
-3.126319183040245919e-01
8.123163231071914847e-01
-7.065865314049351031e-01
-1.000000000000000000e+00
-6.931261028379400724e-01
-7.995880005847818550e-01
1.000000000000000000e+00
-1.000000000000000000e+00
-3.079710241690731820e-01
8.167345801222309909e-01
-4.722418174970021143e-01
6.789485602749181226e-01
-4.840104218514398315e-01
-1.347402914068387414e-01
1.004531244624262132e-01
-1.000000000000000000e+00
5.572432629964139128e-01
8.552322973831673059e-01
-5.543066426859770690e-01
-1.000000000000000000e+00
-7.557128697091699543e-01
2.449580418022415662e-01
1.000000000000000000e+00
2.287846078933731819e-01
