-1.000000000000000000e+00
-2.785205322276966822e-01
-9.642227127532798647e-02
-3.837856147720850597e-01
6.873062030697869584e-01
-1.000000000000000000e+00
1.000000000000000000e+00
1.000000000000000000e+00
-1.000000000000000000e+00
1.292021186454237469e-01
-1.000000000000000000e+00
4.852769587575737065e-01
-3.548065320283935731e-01
-1.993594348624891377e-02
4.163488752112700642e-01
2.079124964260614661e-02
4.734438957063389353e-01
-9.850407750285961050e-01
4.505312832642907050e-01
-1.000000000000000000e+00
1.000000000000000000e+00
2.201945598123020709e-01
9.322220228048475610e-01
-1.000000000000000000e+00
6.091214051322961787e-01
1.000000000000000000e+00
1.026743037402926273e-01
-8.619870680756466230e-01
1.000000000000000000e+00
1.000000000000000000e+00
-1.000000000000000000e+00
-1.000000000000000000e+00
-4.555560869549484249e-01
-2.398200491776430465e-01
9.204855318000468856e-01
1.000000000000000000e+00
-1.000000000000000000e+00
-2.178968319712271118e-02
9.658366381094902753e-01
6.466851246366289718e-01
-1.000000000000000000e+00
-1.000000000000000000e+00
-1.000000000000000000e+00
1.000000000000000000e+00
-1.000000000000000000e+00
3.516090382316388041e-01
1.000000000000000000e+00
-7.988501454519573164e-01
2.241982624711791328e-02
9.851912156841382551e-01
-4.894984670337443333e-03
-7.161288881875774726e-01
1.446784938265260334e-01
4.794055727746960316e-01
1.000000000000000000e+00
-9.515253565520092049e-01
1.000000000000000000e+00
2.553403903238425920e-01
1.000000000000000000e+00
-1.000000000000000000e+00
2.035111506929938030e-01
7.389867630932658304e-01
-4.934378686879159481e-02
6.729106017718732291e-01
1.000000000000000000e+00
8.930782262123094783e-01
6.855503044350674813e-02
-8.542918447788266922e-01
1.000000000000000000e+00
-3.677784456811792335e-01
-1.000000000000000000e+00
1.000000000000000000e+00
1.000000000000000000e+00
-5.289297759058531057e-02
-1.000000000000000000e+00
-1.000000000000000000e+00
-1.000000000000000000e+00
-9.392720838371786396e-01
-1.000000000000000000e+00
1.000000000000000000e+00
1.000000000000000000e+00
-1.112519290508418024e-01
6.283760059766092532e-01
2.215502685692648521e-01
-8.974725229482800604e-01
-4.695221994728138171e-02
-1.000000000000000000e+00
-4.975976872162328757e-01
-4.439071708707476027e-01
-1.000000000000000000e+00
2.579267531053829332e-01
1.000000000000000000e+00
-6.250836036113023297e-01
-1.000000000000000000e+00
1.000000000000000000e+00
7.829774933988837837e-01
7.871161881018415851e-01
-1.000000000000000000e+00
3.773049527417771110e-01
1.000000000000000000e+00
4.139604812188892868e-01
-9.146780868431914069e-02
1.000000000000000000e+00
1.000000000000000000e+00
-9.191294228238853226e-01
2.933787924722981444e-01
-1.000000000000000000e+00
-7.009842243371016135e-01
1.130007816530000930e-01
1.000000000000000000e+00
-9.784895889186373541e-01
1.000000000000000000e+00
7.780449300123877254e-01
1.395487344747128877e-01
-4.710066091180853398e-02
8.862605106088305984e-01
7.532257671259335874e-01
-1.000000000000000000e+00
1.000000000000000000e+00
-5.240579455416928267e-01
9.111167114901055353e-01
9.970287742992394175e-01
-1.000000000000000000e+00
2.284946531587935259e-01
-1.329596252794901234e-01
-5.709054666369020037e-01
4.116649308828485010e-01
3.171325728015277345e-01
-1.150998556060828237e-01
-4.502340894620258660e-01
-1.000000000000000000e+00
1.225691603162204490e-01
-1.000000000000000000e+00
1.000000000000000000e+00
8.790663378547445284e-01
-6.312637592855714352e-01
-7.309873404729554380e-01
-4.953388453267145164e-01
-2.050072965049739571e-01
1.298708093841847155e-01
-7.722317993792806590e-01
-7.112047517212229941e-01
1.000000000000000000e+00
-5.816825130860905357e-01
3.705082676227564598e-01
-1.405344595329771629e-01
1.000000000000000000e+00
-4.750172891441287737e-01
3.110443173449400911e-02
-3.806712453406564389e-01
-1.000000000000000000e+00
-3.262543744876698071e-01
-1.000000000000000000e+00
-8.334001473740215715e-01
4.298307690555275284e-02
-4.771509911328575271e-01
-1.000000000000000000e+00
1.870832767698157872e-01
-8.529821307339693348e-01
1.000000000000000000e+00
-3.093005416770164828e-01
4.151700525251372231e-01
9.808835867314263934e-01
-1.000000000000000000e+00
-1.000000000000000000e+00
1.466868797921594414e-02
7.140781358937731138e-02
1.000000000000000000e+00
-1.000000000000000000e+00
2.362772874642127263e-01
1.000000000000000000e+00
-1.000000000000000000e+00
-1.000000000000000000e+00
5.732501684926361030e-02
8.275177303489200664e-02
-9.087804670283771147e-01
-1.000000000000000000e+00
-1.000000000000000000e+00
1.000000000000000000e+00
-1.000000000000000000e+00
-1.000000000000000000e+00
1.000000000000000000e+00
-5.116882852696156281e-01
1.000000000000000000e+00
8.710068664456477316e-01
5.849631629799498800e-01
7.331587461702715469e-02
6.028830463768706238e-01
-1.000000000000000000e+00
-2.246835896593004644e-01
-3.554901972534199595e-01
-8.224379215650712283e-01
9.278220730589226140e-01
-6.709574575228677284e-01
-9.701201447561174085e-01
1.000000000000000000e+00
5.090834260300056702e-01
-9.459882825586751753e-01
9.168057307849086790e-02
-1.000000000000000000e+00
-6.461658276066386541e-01
1.000000000000000000e+00
-1.834120958922491607e-01
1.000000000000000000e+00
1.000000000000000000e+00
-8.255269427458675757e-01
7.023543045993663192e-01
-1.000000000000000000e+00
8.009623929198314007e-01
-5.589084100198505878e-01
-1.000000000000000000e+00
-6.370506232439024918e-01
-5.015958683782363314e-01
-2.526277922221596417e-01
-1.000000000000000000e+00
-1.000000000000000000e+00
2.291225413947764744e-01
-1.556368716298917043e-01
-1.000000000000000000e+00
3.843986096920867235e-01
7.375561144365287980e-01
-9.361719592121184874e-01
-5.415154634420482616e-01
6.942174616470256909e-01
-9.556364094437105328e-01
1.000000000000000000e+00
-7.942320793836508130e-01
7.393101394602337173e-01
4.983880473214606921e-01
7.342951846044573072e-01
-7.779109104512460515e-03
1.000000000000000000e+00
1.000000000000000000e+00
4.349431630395432791e-01
1.623356016046350880e-01
-6.639319234196949804e-01
-1.000000000000000000e+00
1.000000000000000000e+00
1.000000000000000000e+00
1.000000000000000000e+00
-1.000000000000000000e+00
1.000000000000000000e+00
-1.000000000000000000e+00
-1.000000000000000000e+00
-8.439184264444048456e-01
-1.000000000000000000e+00
3.087727901161676503e-01
4.479655341353558917e-01
5.891037915741751396e-01
6.195368304791379899e-01
1.738454362766002070e-01
-1.000000000000000000e+00
1.683692985042484214e-01
-1.000000000000000000e+00
-1.000000000000000000e+00
7.973121108361648224e-01
9.462061104833268121e-01
6.338769947597346910e-01
-4.338689639719893743e-01
-1.149634102563306115e-01
-7.746085537965341494e-02
-5.619511528910983156e-01
-1.000000000000000000e+00
-1.000000000000000000e+00
-4.050884852969577343e-01
