1.000000000000000000e+00
1.000000000000000000e+00
8.259521296122356304e-01
1.000000000000000000e+00
1.000000000000000000e+00
2.829002216854048513e-02
1.000000000000000000e+00
1.000000000000000000e+00
-1.000000000000000000e+00
8.127802093463608601e-01
7.045257327613165810e-01
-6.149398655127198410e-01
7.319428515074171138e-01
1.270973527265717440e-01
1.000000000000000000e+00
1.000000000000000000e+00
1.357735562309922428e-02
5.032552912683692092e-01
-1.000000000000000000e+00
-1.000000000000000000e+00
-7.291129799230313679e-01
1.000000000000000000e+00
5.120183032347622731e-01
1.000000000000000000e+00
-8.201956778648464841e-01
-1.000000000000000000e+00
6.317993319360080129e-01
1.000000000000000000e+00
-1.000000000000000000e+00
1.000000000000000000e+00
1.000000000000000000e+00
-1.000000000000000000e+00
1.000000000000000000e+00
-7.566159480462523179e-01
1.117159560426278786e-01
-2.462346132533393406e-01
-1.000000000000000000e+00
1.000000000000000000e+00
1.000000000000000000e+00
7.023609194671198708e-01
1.000000000000000000e+00
-1.000000000000000000e+00
1.000000000000000000e+00
1.000000000000000000e+00
1.000000000000000000e+00
1.000000000000000000e+00
1.000000000000000000e+00
-1.000000000000000000e+00
4.475019633011414477e-01
1.000000000000000000e+00
-7.256026587837401953e-01
-1.000000000000000000e+00
1.000000000000000000e+00
1.678602926093947234e-02
-1.000000000000000000e+00
-6.139636537434749464e-01
-1.000000000000000000e+00
-6.466859736314899409e-01
-1.000000000000000000e+00
1.000000000000000000e+00
-1.000000000000000000e+00
1.028104218694680938e-02
6.510418884008200013e-01
-1.000000000000000000e+00
2.488151808899063955e-01
-3.036725571679360636e-01
-1.000000000000000000e+00
1.000000000000000000e+00
-1.000000000000000000e+00
4.201828484643987394e-01
-1.000000000000000000e+00
-8.084038786137446309e-01
-1.000000000000000000e+00
-3.160515847098617215e-01
-1.000000000000000000e+00
1.000000000000000000e+00
1.000000000000000000e+00
1.000000000000000000e+00
5.867751432127830125e-01
1.000000000000000000e+00
-1.000000000000000000e+00
1.336746412120086713e-01
-3.094572291215241799e-01
2.344594821859435907e-02
-1.000000000000000000e+00
-4.236109319930147499e-01
4.049577243863197729e-01
-1.000000000000000000e+00
1.000000000000000000e+00
1.000000000000000000e+00
3.698477954699361248e-01
-1.000000000000000000e+00
-1.000000000000000000e+00
1.000000000000000000e+00
-1.000000000000000000e+00
-1.000000000000000000e+00
1.000000000000000000e+00
1.000000000000000000e+00
-1.000000000000000000e+00
-1.000000000000000000e+00
1.000000000000000000e+00
-1.000000000000000000e+00
2.633817209906502699e-01
1.000000000000000000e+00
1.425702799281971522e-01
-1.000000000000000000e+00
4.222749551654787492e-01
6.747233150492162324e-01
-2.317034919378124780e-01
1.000000000000000000e+00
1.000000000000000000e+00
-1.000000000000000000e+00
-3.835570780287933523e-02
-1.000000000000000000e+00
1.000000000000000000e+00
-1.000000000000000000e+00
-1.000000000000000000e+00
1.000000000000000000e+00
-5.427241210276534389e-01
-1.000000000000000000e+00
-9.690797318460854237e-01
-1.000000000000000000e+00
-1.000000000000000000e+00
-4.513645135571249245e-01
1.000000000000000000e+00
1.000000000000000000e+00
1.000000000000000000e+00
-2.661785527918139604e-01
1.000000000000000000e+00
6.456798065538433828e-01
-3.488202045416984309e-01
-1.000000000000000000e+00
1.000000000000000000e+00
1.000000000000000000e+00
1.000000000000000000e+00
1.000000000000000000e+00
-1.000000000000000000e+00
1.000000000000000000e+00
-1.000000000000000000e+00
-3.716046552397223035e-01
-1.000000000000000000e+00
1.000000000000000000e+00
-6.289262783049242023e-01
9.524572834888554995e-01
-3.394382496113186320e-01
-1.000000000000000000e+00
-6.204243398695881151e-01
5.497519891882260978e-01
1.190250715030460871e-01
1.000000000000000000e+00
1.000000000000000000e+00
2.511003619664655684e-01
1.000000000000000000e+00
2.361340170421445672e-01
-7.351902025672661933e-01
1.000000000000000000e+00
-1.000000000000000000e+00
-1.000000000000000000e+00
-1.789739173377065951e-01
1.000000000000000000e+00
-1.686550161906295031e-01
1.499566120876161257e-02
1.000000000000000000e+00
1.000000000000000000e+00
-1.000000000000000000e+00
-2.880656734419065890e-01
-1.000000000000000000e+00
-7.138608465801522529e-01
4.115622339410637265e-01
-8.598002759449721033e-01
1.000000000000000000e+00
-6.296339267913428905e-01
1.000000000000000000e+00
-1.000000000000000000e+00
-3.305707126886609504e-01
1.000000000000000000e+00
8.498520589179170415e-01
-1.000000000000000000e+00
1.000000000000000000e+00
-1.000000000000000000e+00
-1.000000000000000000e+00
1.000000000000000000e+00
-1.000000000000000000e+00
1.435251193361055666e-01
1.000000000000000000e+00
-1.000000000000000000e+00
1.000000000000000000e+00
1.000000000000000000e+00
-1.000000000000000000e+00
5.204378583690751903e-01
-1.000000000000000000e+00
1.000000000000000000e+00
-1.000000000000000000e+00
1.000000000000000000e+00
-7.731878455251497417e-01
1.000000000000000000e+00
1.000000000000000000e+00
1.000000000000000000e+00
-3.160237565906194313e-01
-1.000000000000000000e+00
-1.000000000000000000e+00
5.750723868094860247e-01
-8.125264767192745818e-01
1.000000000000000000e+00
1.000000000000000000e+00
-1.000000000000000000e+00
-9.077481458891667465e-02
-1.000000000000000000e+00
1.000000000000000000e+00
1.000000000000000000e+00
-1.000000000000000000e+00
1.000000000000000000e+00
1.000000000000000000e+00
-2.190487528927226313e-01
-6.682723098126266414e-01
-1.000000000000000000e+00
-3.345791303657735805e-01
5.628697364696673144e-01
1.000000000000000000e+00
-5.095759440262030981e-01
-5.020772429814441828e-01
1.000000000000000000e+00
1.000000000000000000e+00
-4.716121459443047836e-01
1.000000000000000000e+00
-1.000000000000000000e+00
-1.000000000000000000e+00
-1.000000000000000000e+00
1.000000000000000000e+00
1.000000000000000000e+00
9.459745473077068034e-01
2.212836053165118944e-01
1.000000000000000000e+00
1.000000000000000000e+00
-1.000000000000000000e+00
1.000000000000000000e+00
1.000000000000000000e+00
-7.550526342554768622e-01
9.323231815717436533e-02
8.726427510853012048e-01
4.870074551057492207e-01
9.167671688879130976e-01
-6.883172947355895577e-01
-1.000000000000000000e+00
1.000000000000000000e+00
-1.000000000000000000e+00
-2.242582352793105471e-01
-9.538764406610915625e-01
-7.012825721211553009e-01
-7.261342536493876620e-01
-5.326377520922283004e-01
-7.676789428394226178e-01
1.000000000000000000e+00
1.403606578693616935e-01
-1.000000000000000000e+00
8.611701093713647337e-01
-3.965363279438479105e-01
-1.000000000000000000e+00
-1.000000000000000000e+00
1.000000000000000000e+00
-1.000000000000000000e+00
-1.000000000000000000e+00
3.196922428888697709e-01
1.000000000000000000e+00
1.000000000000000000e+00
