5.562564025943685930e-01
1.000000000000000000e+00
1.000000000000000000e+00
-8.731272367711379045e-01
-1.000000000000000000e+00
1.195814616355531379e-01
1.000000000000000000e+00
1.215085176511805365e-01
-8.541929137576198539e-01
-1.114003835348471583e-01
-1.000000000000000000e+00
2.388719573427310339e-01
1.000000000000000000e+00
8.075504461660047983e-01
-9.194833593819018436e-02
1.000000000000000000e+00
-1.000000000000000000e+00
1.000000000000000000e+00
9.153804216016725448e-02
-5.737859352083762854e-01
2.058384579594575992e-01
5.285674776279962739e-01
-1.000000000000000000e+00
-1.000000000000000000e+00
6.828294172156452735e-01
-6.927294663515000117e-01
1.000000000000000000e+00
1.000000000000000000e+00
-1.000000000000000000e+00
1.000000000000000000e+00
-1.000000000000000000e+00
6.001285982114423767e-02
1.000000000000000000e+00
-4.383314195009248015e-01
1.000000000000000000e+00
-1.000000000000000000e+00
1.000000000000000000e+00
-5.512762430200498498e-01
2.691074258377904593e-01
-1.000000000000000000e+00
-1.000000000000000000e+00
-3.884421932640724773e-01
1.000000000000000000e+00
1.000000000000000000e+00
-1.000000000000000000e+00
-1.000000000000000000e+00
1.000000000000000000e+00
-1.000000000000000000e+00
1.000000000000000000e+00
8.722425452573512317e-03
-1.000000000000000000e+00
-4.663900020457256712e-01
-1.000000000000000000e+00
1.000000000000000000e+00
-1.000000000000000000e+00
1.000000000000000000e+00
8.626129263727594365e-01
-1.000000000000000000e+00
-5.626262219827845579e-01
-1.000000000000000000e+00
-1.000000000000000000e+00
-1.000000000000000000e+00
-1.000000000000000000e+00
1.000000000000000000e+00
-1.000000000000000000e+00
3.006449736408198792e-01
1.018717737408019186e-01
-1.997935856932004928e-01
9.687811517981584908e-01
-1.000000000000000000e+00
-1.000000000000000000e+00
1.000000000000000000e+00
2.432021983745141780e-01
-1.000000000000000000e+00
-9.639763402720761265e-01
1.000000000000000000e+00
-1.000000000000000000e+00
-8.813033137582582111e-01
2.936327828003577611e-01
-1.000000000000000000e+00
9.262466257020510740e-01
2.443931319088670229e-01
-7.217007453106205617e-02
-2.970601869417934249e-01
-1.000000000000000000e+00
1.000000000000000000e+00
-5.629935806273430599e-01
-5.266590061686270419e-01
-8.854223959100147034e-01
1.000000000000000000e+00
1.000000000000000000e+00
1.000000000000000000e+00
4.167054253226230576e-01
1.000000000000000000e+00
-7.754908387788432833e-01
-8.413130766308363206e-02
-1.000000000000000000e+00
1.000000000000000000e+00
-1.000000000000000000e+00
-1.000000000000000000e+00
1.000000000000000000e+00
-1.000000000000000000e+00
7.656281564581133292e-01
1.000000000000000000e+00
1.000000000000000000e+00
-1.000000000000000000e+00
9.801051278024395241e-01
-1.000000000000000000e+00
-1.000000000000000000e+00
-1.950453997828040520e-01
1.000000000000000000e+00
-7.465961812443904222e-01
-1.315099244636470655e-01
-1.000000000000000000e+00
2.462724828277972344e-01
-4.343933982106222835e-01
2.512484016457317004e-01
8.088418121683244033e-01
1.000000000000000000e+00
-4.767645703993358963e-01
3.529850281922631838e-01
-6.575256253676726725e-01
-1.000000000000000000e+00
1.000000000000000000e+00
1.000000000000000000e+00
-1.000000000000000000e+00
1.000000000000000000e+00
1.000000000000000000e+00
-1.000000000000000000e+00
1.000000000000000000e+00
-1.000000000000000000e+00
-1.000000000000000000e+00
-1.000000000000000000e+00
5.766362188606848349e-01
5.563135212212126923e-01
1.000000000000000000e+00
2.202568092916378228e-01
1.000000000000000000e+00
-8.506853776081779728e-01
-1.000000000000000000e+00
9.442879899002273314e-01
4.885642315644168621e-01
-1.000000000000000000e+00
-1.000000000000000000e+00
1.000000000000000000e+00
-8.883491837511559019e-02
-1.000000000000000000e+00
-1.000000000000000000e+00
-1.000000000000000000e+00
1.000000000000000000e+00
-2.723013925711181837e-01
-1.000000000000000000e+00
1.000000000000000000e+00
-1.000000000000000000e+00
1.000000000000000000e+00
7.593601248941518334e-01
-1.000000000000000000e+00
-1.000000000000000000e+00
-1.000000000000000000e+00
1.000000000000000000e+00
1.000000000000000000e+00
-9.950099356985225851e-01
2.872457699353297977e-01
1.000000000000000000e+00
-2.112939228773712264e-01
1.000000000000000000e+00
-8.876845989701582784e-01
1.000000000000000000e+00
-1.000000000000000000e+00
1.000000000000000000e+00
1.000000000000000000e+00
1.000000000000000000e+00
1.000000000000000000e+00
-1.543664148682688531e-01
-7.722966822782921792e-01
1.245211091032816242e-01
-1.115720658810250288e-01
1.000000000000000000e+00
1.000000000000000000e+00
3.646849845791320099e-01
3.596290669186630873e-01
-6.145014499746135339e-01
-8.410988802494072658e-01
-1.000000000000000000e+00
1.955334473941995332e-01
3.123750154438499349e-01
-1.000000000000000000e+00
2.214754198242685490e-03
3.264488434362866620e-01
-5.799603951455349904e-01
-1.000000000000000000e+00
1.000000000000000000e+00
-9.967872966354197617e-01
1.000000000000000000e+00
1.000000000000000000e+00
3.328100256632594567e-01
-1.000000000000000000e+00
-2.305909687725687385e-01
5.284352235445382018e-01
1.000000000000000000e+00
-1.000000000000000000e+00
-2.607689381277042417e-02
-1.954906304723394994e-01
1.000000000000000000e+00
1.000000000000000000e+00
6.438594021064472095e-01
8.017784690855656038e-02
6.312153815492551612e-01
1.000000000000000000e+00
-1.000000000000000000e+00
-9.149389645216989830e-01
-1.000000000000000000e+00
1.000000000000000000e+00
8.023517008535107076e-01
-1.000000000000000000e+00
1.000000000000000000e+00
1.935284831483763401e-02
-1.031357230076875298e-01
4.363540467383442145e-02
-1.000000000000000000e+00
-1.000000000000000000e+00
3.272148117038545800e-01
1.000000000000000000e+00
2.237331671870284033e-01
-2.214710214879455630e-01
-1.000000000000000000e+00
1.000000000000000000e+00
-8.576516806955059025e-02
-7.082891346251168896e-01
7.061479143549040938e-01
-1.000000000000000000e+00
-4.501204552085353860e-01
1.000000000000000000e+00
-1.000000000000000000e+00
-1.000000000000000000e+00
-1.000000000000000000e+00
-4.697660036615020074e-01
1.000000000000000000e+00
1.000000000000000000e+00
-9.762563968149277072e-01
-1.000000000000000000e+00
-4.435376132778324765e-01
7.563664836888956966e-01
1.000000000000000000e+00
3.630589481065285007e-01
1.000000000000000000e+00
-5.703706415226577064e-01
-2.419017673109549182e-01
-1.000000000000000000e+00
2.672741335261918927e-02
-5.322079259708034638e-01
-2.470106066805337064e-01
-1.000000000000000000e+00
5.343026904287573320e-02
8.900241798941121996e-01
-7.378495124769306468e-01
-3.909247570441496400e-01
-6.401926608156116583e-01
-4.952888900010947726e-01
7.814251708383530559e-01
1.000000000000000000e+00
8.088690996716842996e-01
-1.000000000000000000e+00
1.606337887785138641e-01
7.970142219130113004e-01
