1.000000000000000000e+00
-1.000000000000000000e+00
1.000000000000000000e+00
3.410304211991357359e-01
-9.804594483449389219e-01
5.285943315203267545e-01
-9.608649545077062593e-01
-3.096011541077450246e-01
-1.000000000000000000e+00
1.000000000000000000e+00
1.000000000000000000e+00
-1.000000000000000000e+00
-1.000000000000000000e+00
-6.376600408230570505e-01
1.000000000000000000e+00
-1.000000000000000000e+00
-1.000000000000000000e+00
-1.000000000000000000e+00
-1.000000000000000000e+00
1.000000000000000000e+00
6.531298749316102326e-01
-7.405707496837304893e-01
1.000000000000000000e+00
-1.000000000000000000e+00
-1.000000000000000000e+00
-1.000000000000000000e+00
1.417973318927601145e-01
5.834245313300145952e-02
-2.496044432242165989e-01
-1.000000000000000000e+00
1.989680522576311450e-01
-1.000000000000000000e+00
-1.000000000000000000e+00
-1.000000000000000000e+00
-7.437407342982709224e-01
2.529598572889413255e-02
1.000000000000000000e+00
4.554339051428021312e-01
-1.000000000000000000e+00
1.000000000000000000e+00
5.510487969381177020e-01
-6.260371134517819236e-01
6.575168180745527557e-02
-1.000000000000000000e+00
4.092607980797305922e-01
5.175800579202933793e-01
1.000000000000000000e+00
-1.000000000000000000e+00
2.504813890126429410e-01
1.000000000000000000e+00
1.000000000000000000e+00
1.961177017841986281e-01
-1.000000000000000000e+00
-3.929834955510445038e-01
-1.000000000000000000e+00
-1.000000000000000000e+00
-3.936752461756859445e-01
9.970303499249550949e-01
1.000000000000000000e+00
8.392706738667820021e-01
1.000000000000000000e+00
-1.000000000000000000e+00
1.000000000000000000e+00
-1.000000000000000000e+00
-1.000000000000000000e+00
1.000000000000000000e+00
1.000000000000000000e+00
-4.241486750294720665e-02
1.000000000000000000e+00
1.000000000000000000e+00
8.492238464726892255e-02
7.994037447662222240e-01
6.466434988973228659e-01
-1.000000000000000000e+00
-1.000000000000000000e+00
-1.000000000000000000e+00
-9.603794297669876467e-01
-3.601993211206649947e-01
1.000000000000000000e+00
-1.000000000000000000e+00
5.707647107502706874e-01
-1.000000000000000000e+00
7.410919502456614349e-01
-1.000000000000000000e+00
-7.418677107938169701e-01
6.504140932063697811e-01
1.000000000000000000e+00
-1.000000000000000000e+00
1.000000000000000000e+00
-1.000000000000000000e+00
1.000000000000000000e+00
-1.000000000000000000e+00
-1.000000000000000000e+00
-7.116646030758848607e-01
-1.000000000000000000e+00
-1.000000000000000000e+00
1.000000000000000000e+00
1.000000000000000000e+00
1.000000000000000000e+00
-7.853765597552140321e-01
-6.367856677765031392e-01
-6.876185050447610747e-01
-1.000000000000000000e+00
-7.410243719816934638e-01
2.488010712319888018e-01
-1.000000000000000000e+00
1.000000000000000000e+00
-8.836692051908572321e-01
1.000000000000000000e+00
1.000000000000000000e+00
1.000000000000000000e+00
-1.000000000000000000e+00
1.000000000000000000e+00
1.000000000000000000e+00
8.511687721170083654e-01
2.823646782595267135e-01
-1.000000000000000000e+00
-1.000000000000000000e+00
1.000000000000000000e+00
1.000000000000000000e+00
-1.417472537536257349e-01
1.000000000000000000e+00
-1.000000000000000000e+00
-1.000000000000000000e+00
-1.000000000000000000e+00
1.000000000000000000e+00
-9.400027440404588042e-01
-3.981119796235361719e-01
-5.354960892253840532e-01
-1.000000000000000000e+00
-7.208895818004058542e-01
-1.000000000000000000e+00
-1.000000000000000000e+00
6.709257897095977086e-02
1.000000000000000000e+00
-1.000000000000000000e+00
-9.230074394175253882e-01
-1.000000000000000000e+00
1.000000000000000000e+00
-1.000000000000000000e+00
-1.000000000000000000e+00
1.000000000000000000e+00
1.000000000000000000e+00
1.000000000000000000e+00
1.000000000000000000e+00
-1.000000000000000000e+00
5.421671520044646364e-01
1.000000000000000000e+00
-1.071415875687411479e-01
-1.000000000000000000e+00
-9.414126200524887134e-01
-1.000000000000000000e+00
-1.000000000000000000e+00
-2.871708566042693311e-01
3.061398172982314203e-01
1.000000000000000000e+00
1.000000000000000000e+00
9.732590306336774688e-03
4.831943795972102329e-01
-1.000000000000000000e+00
8.435212844415856948e-01
-4.745733091430376360e-01
-5.656315944287597652e-01
1.000000000000000000e+00
1.000000000000000000e+00
-1.000000000000000000e+00
-1.000000000000000000e+00
1.000000000000000000e+00
1.000000000000000000e+00
-2.088975577928461891e-01
-6.050593813871953941e-01
-6.116506661378846577e-01
-9.777605307655247158e-01
1.000000000000000000e+00
-1.000000000000000000e+00
-1.000000000000000000e+00
9.794794066659384679e-01
1.000000000000000000e+00
-1.000000000000000000e+00
1.000000000000000000e+00
6.720888458284834943e-02
1.000000000000000000e+00
-1.000000000000000000e+00
1.000000000000000000e+00
-1.000000000000000000e+00
-1.000000000000000000e+00
-1.000000000000000000e+00
6.312907109368837144e-01
7.757789959448272432e-01
-1.000000000000000000e+00
1.000000000000000000e+00
-1.000000000000000000e+00
1.000000000000000000e+00
-1.000000000000000000e+00
7.646999164290899653e-01
1.000000000000000000e+00
6.067049029856685927e-02
1.000000000000000000e+00
1.000000000000000000e+00
-1.000000000000000000e+00
1.000000000000000000e+00
1.000000000000000000e+00
-1.000000000000000000e+00
-1.000000000000000000e+00
1.000000000000000000e+00
-7.658129088814179530e-01
-1.000000000000000000e+00
-1.000000000000000000e+00
-1.000000000000000000e+00
-1.000000000000000000e+00
-1.000000000000000000e+00
1.000000000000000000e+00
1.000000000000000000e+00
1.000000000000000000e+00
1.000000000000000000e+00
6.425819743453661248e-01
-1.000000000000000000e+00
1.000000000000000000e+00
1.000000000000000000e+00
1.603490339505919682e-01
-1.000000000000000000e+00
1.000000000000000000e+00
1.000000000000000000e+00
-8.455598213730645130e-01
1.000000000000000000e+00
-1.000000000000000000e+00
-7.764168750866570212e-01
1.000000000000000000e+00
-1.000000000000000000e+00
-1.000000000000000000e+00
1.000000000000000000e+00
5.745746976902501579e-01
-1.000000000000000000e+00
-1.000000000000000000e+00
-5.520790205400611939e-01
1.000000000000000000e+00
-1.000000000000000000e+00
-1.000000000000000000e+00
1.000000000000000000e+00
-9.299887677626832438e-01
-1.000000000000000000e+00
1.000000000000000000e+00
1.000000000000000000e+00
1.000000000000000000e+00
1.000000000000000000e+00
-1.000000000000000000e+00
-1.000000000000000000e+00
-1.000000000000000000e+00
1.000000000000000000e+00
1.000000000000000000e+00
1.000000000000000000e+00
1.000000000000000000e+00
1.000000000000000000e+00
1.000000000000000000e+00
9.802604248163528933e-01
-1.000000000000000000e+00
-1.000000000000000000e+00
-1.000000000000000000e+00
-1.000000000000000000e+00
1.000000000000000000e+00
-4.858371217431132205e-01
1.000000000000000000e+00
1.000000000000000000e+00
-1.000000000000000000e+00
-1.000000000000000000e+00
