1.000000000000000000e+00
-1.000000000000000000e+00
-1.000000000000000000e+00
-3.374266732387078971e-01
5.808507019818212047e-01
-1.000000000000000000e+00
-9.780656648613034188e-01
-1.000000000000000000e+00
8.699533459628718823e-01
3.966025465441077591e-01
-1.000000000000000000e+00
6.970064603530361502e-01
3.701517893960559746e-02
-7.511063092361407456e-01
-5.304705676558691962e-01
-3.449287238380369658e-01
-4.289843944231439554e-01
-6.851447895162745549e-01
1.000000000000000000e+00
1.000000000000000000e+00
2.235539515719057180e-01
-1.000000000000000000e+00
-4.456542991270506793e-01
6.357485643725397928e-01
-1.000000000000000000e+00
-4.883014008379510384e-01
-1.000000000000000000e+00
1.000000000000000000e+00
1.000000000000000000e+00
-1.000000000000000000e+00
-1.000000000000000000e+00
-1.000000000000000000e+00
-9.461529462841421489e-01
1.000000000000000000e+00
1.000000000000000000e+00
4.048617105975584884e-01
3.349956478356013179e-01
-1.000000000000000000e+00
-1.000000000000000000e+00
5.205469001621771952e-01
7.443639734271300101e-01
1.000000000000000000e+00
-3.839560241374510019e-01
1.000000000000000000e+00
1.000000000000000000e+00
-1.000000000000000000e+00
-1.000000000000000000e+00
-4.367782361762856391e-01
3.565904397856571872e-01
1.612734290242850976e-02
-2.136159411144469278e-01
7.785200029580424674e-01
-1.000000000000000000e+00
1.000000000000000000e+00
-1.000000000000000000e+00
1.000000000000000000e+00
-1.000000000000000000e+00
1.000000000000000000e+00
-1.000000000000000000e+00
-8.283623608241008629e-02
-1.000000000000000000e+00
1.000000000000000000e+00
-1.000000000000000000e+00
2.110378955780989330e-02
-1.419144532835550920e-01
-4.905433027165245763e-01
-4.015484875891311978e-01
-1.000000000000000000e+00
1.000000000000000000e+00
1.000000000000000000e+00
1.000000000000000000e+00
1.000000000000000000e+00
-1.000000000000000000e+00
-1.000000000000000000e+00
-8.582461937697454246e-01
-5.018775623640835404e-01
8.570857638990574401e-01
-1.000000000000000000e+00
1.000000000000000000e+00
-2.148618141141576676e-01
1.000000000000000000e+00
-3.281613674345992826e-02
-1.000000000000000000e+00
-1.000000000000000000e+00
7.612674113977268009e-01
-1.000000000000000000e+00
-1.000000000000000000e+00
-1.000000000000000000e+00
1.000000000000000000e+00
1.059180507426149553e-02
1.000000000000000000e+00
4.756469824289545345e-01
-1.000000000000000000e+00
-9.282977488441930269e-01
1.000000000000000000e+00
-8.464721456135794186e-01
1.000000000000000000e+00
-1.000000000000000000e+00
1.000000000000000000e+00
2.159281435742406163e-01
5.835636465991803634e-01
-5.162267418400003915e-01
1.000000000000000000e+00
5.342859156593560144e-01
-4.533864230570379128e-01
4.626784176116895964e-01
-1.000000000000000000e+00
1.000000000000000000e+00
-8.791784428860971445e-02
-2.245509050623439862e-01
1.000000000000000000e+00
2.894137225839528149e-01
-6.807966466899406655e-03
1.000000000000000000e+00
-1.000000000000000000e+00
-1.000000000000000000e+00
1.256963419748672872e-01
3.459919148446433113e-01
-1.000000000000000000e+00
-1.000000000000000000e+00
2.169184059907451889e-01
-1.000000000000000000e+00
5.454441695269913737e-01
-4.595191897776131906e-01
6.587165578443450187e-01
5.960737825902187037e-01
1.000000000000000000e+00
-1.000000000000000000e+00
1.000000000000000000e+00
-1.000000000000000000e+00
-1.000000000000000000e+00
7.063598804622145400e-01
1.000000000000000000e+00
1.735777523812364609e-01
-1.000000000000000000e+00
1.000000000000000000e+00
-1.245954623027989427e-02
-2.481203123936339683e-01
1.000000000000000000e+00
-3.460926966755417666e-01
4.057789330728965860e-01
5.268199406077755942e-02
4.772689759645998842e-01
-1.000000000000000000e+00
-1.000000000000000000e+00
1.000000000000000000e+00
1.000000000000000000e+00
1.000000000000000000e+00
-7.700588153149507953e-01
8.263201686994604556e-01
3.048251624394235915e-01
-6.952169929626905720e-02
1.000000000000000000e+00
1.000000000000000000e+00
1.000000000000000000e+00
-1.598970392824782816e-01
1.000000000000000000e+00
-1.000000000000000000e+00
1.000000000000000000e+00
-7.276075671171630121e-01
-1.000000000000000000e+00
1.000000000000000000e+00
-1.000000000000000000e+00
-1.000000000000000000e+00
3.635394163935180556e-01
-8.749479701249347485e-01
-9.592843612994954583e-01
5.227362425138347701e-01
1.000000000000000000e+00
-1.000000000000000000e+00
1.000000000000000000e+00
-1.000000000000000000e+00
1.000000000000000000e+00
1.000000000000000000e+00
-1.000000000000000000e+00
1.000000000000000000e+00
-1.000000000000000000e+00
-7.169017409992015644e-01
-9.034581375926922231e-01
-2.480916668903632161e-01
-6.227192713546837455e-01
-1.000000000000000000e+00
7.218709731090477977e-02
-8.381243771349984328e-01
1.942461880439327881e-02
1.000000000000000000e+00
-7.589673990898404554e-01
5.699084885394605227e-01
-9.413645832661244883e-01
1.000000000000000000e+00
-6.307939113222493788e-01
-9.602406288367333342e-01
7.110912225423109412e-01
3.240849701959868101e-01
1.000000000000000000e+00
2.193821451291390612e-01
-1.000000000000000000e+00
-8.552134506374825529e-02
-9.860086750753657148e-01
-1.000000000000000000e+00
-6.021289767184265784e-01
2.146576670503809181e-01
1.000000000000000000e+00
5.547540064525644521e-01
1.000000000000000000e+00
-4.290292751755442890e-01
-1.000000000000000000e+00
1.000000000000000000e+00
1.000000000000000000e+00
-8.815345164963079849e-01
-1.000000000000000000e+00
1.000000000000000000e+00
-1.000000000000000000e+00
9.968597840476083327e-01
-1.000000000000000000e+00
6.586319717161588372e-01
-7.318535078916322822e-01
2.331049671633484976e-01
1.000000000000000000e+00
1.000000000000000000e+00
-4.518293634768744127e-04
-1.000000000000000000e+00
-3.134068121534028251e-01
-3.547294680904918840e-01
-6.228261348119619178e-01
-1.000000000000000000e+00
1.000000000000000000e+00
1.000000000000000000e+00
1.000000000000000000e+00
-1.000000000000000000e+00
-1.000000000000000000e+00
-1.000000000000000000e+00
1.000000000000000000e+00
-1.000000000000000000e+00
-1.000000000000000000e+00
-1.000000000000000000e+00
1.000000000000000000e+00
-9.480049317474669168e-01
1.000000000000000000e+00
1.000000000000000000e+00
1.000000000000000000e+00
3.882909749160642354e-01
1.000000000000000000e+00
2.374232440077466144e-01
-1.000000000000000000e+00
5.354863482142079301e-01
1.000000000000000000e+00
9.993106959935262879e-01
6.299288328172680806e-02
6.296842562909137353e-01
-4.996623381299974964e-01
-7.483929421972368434e-01
-5.493277733052308598e-01
8.084951983272482545e-01
-1.000000000000000000e+00
-6.711655949755439277e-02
1.000000000000000000e+00
-3.422601795766406774e-01
1.000000000000000000e+00
1.000000000000000000e+00
1.000000000000000000e+00
-1.000000000000000000e+00
1.000000000000000000e+00
1.000000000000000000e+00
-1.000000000000000000e+00
