-7.790891725653398270e-02
9.563376284798044136e-01
-1.000000000000000000e+00
-1.000000000000000000e+00
2.235836357832088339e-02
4.346350975386671922e-01
-7.465779098303608752e-01
-8.874132063208227672e-01
-4.061494714778379755e-01
4.967201395958724119e-01
2.281342057411648305e-01
2.348643740784234213e-01
-8.091703601205717522e-01
7.602327126419886616e-01
-1.000000000000000000e+00
-5.778082111598191739e-01
-2.268487385528390465e-01
-1.000000000000000000e+00
-7.814320445244300473e-01
-7.441797694189982160e-01
-1.864843207160375993e-01
1.413159471808304035e-01
5.913744046634636931e-01
-1.000000000000000000e+00
1.000000000000000000e+00
8.056710205828918614e-01
2.428168253536453491e-01
-1.000000000000000000e+00
1.000000000000000000e+00
5.534062505347917549e-01
5.510616883848293845e-01
2.036996985669751181e-01
2.107294763630139789e-01
6.557776525444816151e-01
-1.000000000000000000e+00
-2.314810351046013848e-01
1.000000000000000000e+00
-1.552604393704166974e-01
1.000000000000000000e+00
5.710578032953148586e-01
-8.437183799481151603e-01
5.753844478600171897e-01
-1.000000000000000000e+00
1.000000000000000000e+00
6.460016591383315188e-01
8.188942371459349001e-01
1.000000000000000000e+00
-9.251945618962760243e-01
-2.233422674420264542e-01
-1.000000000000000000e+00
9.428931468670329608e-01
4.816920466931404743e-01
6.239024731869163842e-02
-2.621389683508561497e-01
-2.131022356205434232e-01
2.009274687238692403e-01
1.000000000000000000e+00
-3.153428406126423944e-02
1.000000000000000000e+00
1.000000000000000000e+00
-1.857380501116485672e-01
-3.578379127163910933e-01
1.000000000000000000e+00
-8.378187805769056196e-01
1.000000000000000000e+00
1.000000000000000000e+00
-1.000000000000000000e+00
-1.000000000000000000e+00
-1.000000000000000000e+00
-4.348913530312847886e-01
-4.230947174268552824e-01
1.765449312594451481e-01
6.436711647979751483e-01
-8.331715633071157256e-01
3.207340671452839631e-01
1.000000000000000000e+00
-1.509996178444578119e-01
-2.667662012781610859e-01
7.560123467683377285e-02
1.000000000000000000e+00
-1.000000000000000000e+00
1.000000000000000000e+00
1.000000000000000000e+00
6.628082834861366290e-01
7.658802506956960965e-01
-1.812554566941930456e-01
-3.432034338137965879e-01
2.827443833281348962e-01
-7.468959174047287153e-01
1.000000000000000000e+00
2.445559198561302328e-01
-1.000000000000000000e+00
-1.000000000000000000e+00
1.000000000000000000e+00
-4.504214042944671981e-01
-7.174275886732497387e-01
1.000000000000000000e+00
-1.000000000000000000e+00
-4.944128536081714986e-01
7.786029950876267591e-01
1.000000000000000000e+00
1.000000000000000000e+00
9.816148191435190018e-01
-3.190539254220208232e-01
-1.000000000000000000e+00
-8.152314605384409774e-01
1.000000000000000000e+00
7.037598284805186566e-01
-1.000000000000000000e+00
1.000000000000000000e+00
1.000000000000000000e+00
-4.545001882129666715e-01
-1.000000000000000000e+00
4.327279493007258893e-01
1.000000000000000000e+00
8.103792835713212739e-01
-4.834295498519436407e-03
1.000000000000000000e+00
6.025030956970741647e-01
-9.008537688120552556e-01
-1.000000000000000000e+00
1.000000000000000000e+00
-1.162421618316917538e-01
-6.295254007871314839e-01
1.000000000000000000e+00
2.667715741952552122e-01
7.158094130664433008e-02
3.710304035054389216e-01
2.324415273216062228e-01
-1.000000000000000000e+00
1.776468972832030424e-01
-4.372643234287401093e-01
3.869422171089645923e-01
-1.000000000000000000e+00
-1.000000000000000000e+00
-1.000000000000000000e+00
-5.388768116785256357e-01
-1.642466642955930090e-01
1.000000000000000000e+00
-2.425052314525029118e-01
-5.239212745811024918e-01
2.567910268205050861e-01
-1.000000000000000000e+00
-1.000000000000000000e+00
7.404876556178261460e-01
-4.598800986239106603e-01
-8.923346730545629324e-01
-1.764435698357027515e-01
-1.000000000000000000e+00
-4.682095568859618862e-01
-8.262555372686445354e-01
-1.000000000000000000e+00
5.015945102397496580e-01
-9.594294924945254710e-01
-1.000000000000000000e+00
-1.183553317645525960e-01
-1.287981571509460021e-01
-7.079850320589358148e-01
-1.000000000000000000e+00
-5.898793005735893935e-01
-7.556477355077884095e-01
2.800054605429200816e-01
-8.927567556636214485e-01
9.464202008914992525e-01
-3.820708952960198412e-01
-1.000000000000000000e+00
2.662440747512132000e-01
-4.218034249302518024e-01
-6.990192021924188648e-01
1.000000000000000000e+00
8.004867405713270712e-01
6.856106177931564627e-01
-2.457152619387172887e-01
-2.379558496194132677e-01
-7.816496188187398442e-01
2.460472882891951985e-01
-1.869506276141844059e-01
-9.162625264396635494e-01
-5.043909649126441241e-01
-8.931320677493783666e-01
9.474007959198247342e-01
-8.550636395900563791e-01
-1.000000000000000000e+00
-6.083785896573171703e-01
-5.501643219529740447e-01
-9.830668002658404792e-01
-3.496324815353455406e-01
1.543471326892399409e-01
-1.000000000000000000e+00
1.000000000000000000e+00
1.000000000000000000e+00
8.342502598465776353e-01
2.311702649153656308e-01
-1.000000000000000000e+00
3.332746880514735888e-01
6.989621903377779555e-01
4.535977489084910275e-01
-4.160160800382601831e-01
1.000000000000000000e+00
-2.069515689592094088e-02
-4.369740070464915860e-01
-4.615857255383194468e-01
-4.849059122215778062e-01
-1.975487768599099581e-01
4.898334317848074271e-02
-7.414201799931333103e-02
7.335090873541083578e-02
1.000000000000000000e+00
-5.864864844626989093e-01
-6.109897424333987637e-01
1.000000000000000000e+00
3.220596263151874750e-01
-1.000000000000000000e+00
-5.703179184029698590e-01
-1.551945011707900335e-02
2.927827639589714037e-02
3.204908278214189665e-01
-6.319780296318127100e-01
1.000000000000000000e+00
-1.000000000000000000e+00
-1.000000000000000000e+00
-2.407857965777022713e-01
-1.580343499932218565e-01
-5.291494445539057789e-01
1.517954482352825707e-01
3.239758432211892192e-02
5.705605496605921090e-01
1.963046302974190693e-01
5.428405070725792481e-01
2.290139686176206890e-01
5.101829538455093793e-01
-8.966135628832276883e-01
-1.000000000000000000e+00
8.774728110714034024e-01
9.875830224232462484e-01
-1.000000000000000000e+00
1.000000000000000000e+00
4.253423043368302903e-01
5.862252647688140916e-01
2.872423715784822029e-01
1.994822548516461680e-01
7.521518077580897632e-01
1.000000000000000000e+00
1.000000000000000000e+00
-1.000000000000000000e+00
-6.476069750872115449e-01
2.835339046417912900e-01
-5.601454927657461003e-01
-9.812605065785962033e-01
-9.822369472386047740e-01
1.000000000000000000e+00
-1.000000000000000000e+00
-2.920223739415133135e-01
1.189442698805645016e-01
5.428894024362529436e-01
1.000000000000000000e+00
-3.763235751953672992e-01
-9.614988928351672071e-01
-6.095634553582576221e-01
-4.094653661492604346e-01
-5.916602738667264827e-01
-1.000000000000000000e+00
1.000000000000000000e+00
9.487486549517269996e-01
-1.000000000000000000e+00
