8.243338526015142609e-01
8.288877296670621453e-01
-1.000000000000000000e+00
-1.000000000000000000e+00
-1.000000000000000000e+00
-1.000000000000000000e+00
1.000000000000000000e+00
8.137094165292371173e-01
1.000000000000000000e+00
-1.000000000000000000e+00
1.000000000000000000e+00
1.000000000000000000e+00
-9.400351918229309378e-01
1.000000000000000000e+00
-4.228443253453139095e-01
1.000000000000000000e+00
1.000000000000000000e+00
3.175806447502721452e-01
1.000000000000000000e+00
1.000000000000000000e+00
2.945942287624063183e-01
8.251220609154490404e-01
-7.452808475964060042e-01
7.326892936633666586e-02
-4.828987417009205085e-01
1.000000000000000000e+00
-3.528684015940674601e-01
-1.000000000000000000e+00
1.000000000000000000e+00
1.000000000000000000e+00
1.000000000000000000e+00
5.477525841234680559e-01
1.000000000000000000e+00
1.553866360734579843e-01
-8.734911380057335251e-01
-1.601499725183954670e-01
5.415504159515844851e-01
-1.000000000000000000e+00
2.542209663719787738e-01
-1.000000000000000000e+00
-1.000000000000000000e+00
5.622570165549166665e-01
-8.372328097930703539e-01
-1.852783720857376082e-02
1.000000000000000000e+00
2.680622932430788974e-01
-3.888725854391843484e-01
4.750244864162089797e-01
-1.000000000000000000e+00
1.000000000000000000e+00
4.436516342056693318e-01
7.774193543040626153e-01
1.000000000000000000e+00
1.000000000000000000e+00
1.000000000000000000e+00
-5.852327569491506676e-01
5.012574748565102878e-01
1.000000000000000000e+00
-2.646686002667446580e-01
1.000000000000000000e+00
1.000000000000000000e+00
7.489014000414637717e-01
3.921441441503259462e-01
4.936484901590875163e-01
1.615546680504041932e-01
-1.000000000000000000e+00
1.120592445881686827e-01
1.000000000000000000e+00
9.470807922833276438e-01
-1.000000000000000000e+00
1.000000000000000000e+00
3.491907381646301989e-01
-4.857323587695847600e-01
1.000000000000000000e+00
1.762284178692774539e-01
-6.994878302638553036e-01
-2.157787586360133680e-01
-3.031619538547705162e-01
-2.233907060355283247e-01
-1.000000000000000000e+00
1.000000000000000000e+00
-1.000000000000000000e+00
-5.407349722318847141e-01
-1.000000000000000000e+00
4.607844624821832991e-01
-1.000000000000000000e+00
-3.426828453339997305e-01
-1.000000000000000000e+00
-1.000000000000000000e+00
-1.000000000000000000e+00
-3.024750529281328149e-02
4.426189102530426744e-01
1.000000000000000000e+00
1.000000000000000000e+00
1.000000000000000000e+00
-1.000000000000000000e+00
-1.684727400747473292e-01
-1.887793189359561197e-01
3.724330566808806697e-01
-1.000000000000000000e+00
4.166506615641406563e-01
-1.000000000000000000e+00
1.000000000000000000e+00
1.000000000000000000e+00
-7.196093422359830516e-01
-1.000000000000000000e+00
-1.000000000000000000e+00
1.000000000000000000e+00
-4.746509922018811722e-01
6.662063335113453943e-01
3.113214965862918238e-01
-6.615390238053465710e-01
1.000000000000000000e+00
1.000000000000000000e+00
5.457067457535512700e-01
-4.215721148797806350e-01
-1.000000000000000000e+00
4.655588908469262405e-02
2.915293491503380685e-01
3.418668328584749116e-01
1.000000000000000000e+00
7.649461197321860695e-02
2.969848931324111652e-01
-1.000000000000000000e+00
1.000000000000000000e+00
-1.000000000000000000e+00
-3.953310352778405812e-01
5.172808285775598591e-03
7.638941540771948535e-01
-7.900898364501618421e-01
-7.999217483070885093e-01
1.000000000000000000e+00
1.000000000000000000e+00
-1.164242545895607384e-01
-1.000000000000000000e+00
1.000000000000000000e+00
-2.545455971586151334e-01
7.288972065445596948e-01
7.891290044933603198e-01
-1.000000000000000000e+00
-7.550617039859923718e-01
-8.594093154557900238e-01
-3.558318364095280906e-02
6.715632462524396828e-01
1.000000000000000000e+00
1.000000000000000000e+00
5.646562577112095305e-01
1.000000000000000000e+00
-4.766876637597677324e-01
-1.188559403871287667e-01
3.545192543422521214e-01
-1.000000000000000000e+00
-1.000000000000000000e+00
1.000000000000000000e+00
-9.368478465172460634e-01
1.201218404702095177e-01
1.000000000000000000e+00
-7.365012505660403219e-01
4.411462309143248661e-01
1.000000000000000000e+00
-8.307744101554266347e-01
-1.000000000000000000e+00
-1.000000000000000000e+00
6.765763617815788722e-01
2.573919401800829343e-01
-2.091627487587248702e-01
8.686232705741786519e-01
-1.000000000000000000e+00
1.000000000000000000e+00
1.000000000000000000e+00
3.361919828022689738e-01
-4.565901480713219218e-02
5.150762387687248811e-01
1.000000000000000000e+00
-4.076230122033585590e-01
-1.000000000000000000e+00
1.000000000000000000e+00
3.103726381776796828e-01
-1.000000000000000000e+00
-1.000000000000000000e+00
1.000000000000000000e+00
5.451825227535689322e-02
1.000000000000000000e+00
1.000000000000000000e+00
7.485997364651941766e-02
-1.000000000000000000e+00
1.000000000000000000e+00
1.000000000000000000e+00
-8.705572525651774640e-01
6.911438825435466393e-01
3.988003981587521229e-01
1.000000000000000000e+00
1.000000000000000000e+00
1.365520358448140681e-01
1.000000000000000000e+00
-1.000000000000000000e+00
-1.000000000000000000e+00
-1.000000000000000000e+00
-3.778441739438243019e-01
-2.818793275836211087e-01
1.000000000000000000e+00
1.000000000000000000e+00
1.000000000000000000e+00
-9.929588716875616949e-01
-1.000000000000000000e+00
-7.952663993195638881e-01
-7.821486213689508027e-01
1.000000000000000000e+00
-1.000000000000000000e+00
2.444435017669097654e-01
-1.000000000000000000e+00
1.000000000000000000e+00
1.000000000000000000e+00
-1.000000000000000000e+00
-1.000000000000000000e+00
5.239573926128356929e-01
5.300505044699549417e-02
6.281416981941635447e-01
9.111932474636466051e-01
-8.744990738139802877e-01
-1.000000000000000000e+00
7.454587014938800493e-01
-2.546842064487317980e-01
9.265015672896933507e-01
9.275614365775678438e-01
-1.000000000000000000e+00
5.874775252592732144e-01
-1.000000000000000000e+00
1.000000000000000000e+00
-1.000000000000000000e+00
-1.655993321116491224e-01
-9.566804089365685826e-01
5.101427339702624408e-01
-2.974435581815154106e-01
3.103542634996703242e-01
1.000000000000000000e+00
1.000000000000000000e+00
-8.528375892898856225e-01
-7.826126610852834897e-01
2.969506472234745287e-01
-1.000000000000000000e+00
1.000000000000000000e+00
-1.000000000000000000e+00
-1.000000000000000000e+00
1.000000000000000000e+00
1.000000000000000000e+00
-1.000000000000000000e+00
-2.205677888180204160e-01
1.000000000000000000e+00
1.000000000000000000e+00
-4.429607508100967261e-01
-1.000000000000000000e+00
1.000000000000000000e+00
3.863058951134377139e-01
7.705211528858421088e-01
1.000000000000000000e+00
-7.808874996018885239e-01
-4.313165407836999643e-01
3.871884816688289099e-01
-5.368075570846631006e-02
-1.000000000000000000e+00
-1.000000000000000000e+00
1.000000000000000000e+00
-1.000000000000000000e+00
1.000000000000000000e+00
