1.203322885436688416e-01
-1.000000000000000000e+00
4.237983566724956574e-02
7.431577503432162946e-01
-1.000000000000000000e+00
-3.868781528158231620e-01
-1.000000000000000000e+00
-1.896940643126814874e-01
-1.000000000000000000e+00
5.415056677448399913e-01
1.000000000000000000e+00
-1.000000000000000000e+00
1.000000000000000000e+00
-9.872509863764561411e-02
7.391996179728224092e-01
-4.171295729692199306e-01
-1.000000000000000000e+00
-1.060420564565789370e-01
1.000000000000000000e+00
-1.000000000000000000e+00
6.894960596031500799e-01
-9.672155374270599015e-01
1.000000000000000000e+00
7.802632538368396986e-01
7.075013776169705171e-01
1.000000000000000000e+00
1.713337118298328132e-01
1.000000000000000000e+00
-9.025408505925276437e-01
-4.016909432114179612e-01
-5.053600403083019499e-01
1.669457597390256454e-01
-5.097123097229316890e-03
-4.333295965998240074e-01
1.000000000000000000e+00
1.000000000000000000e+00
-9.812228704328945783e-01
-1.000000000000000000e+00
-2.372148034440168529e-01
1.000000000000000000e+00
4.933630753074151887e-01
-9.672617390953039407e-02
1.000000000000000000e+00
3.091611024625334769e-01
-1.000000000000000000e+00
1.000000000000000000e+00
-1.000000000000000000e+00
3.584815882274805521e-01
3.389990416177562915e-02
-1.000000000000000000e+00
1.000000000000000000e+00
-5.935144306101858280e-02
-3.606543605125576146e-01
-6.349793977300861592e-01
-1.000000000000000000e+00
7.498969766242233881e-01
-1.000000000000000000e+00
1.946739598655659043e-01
7.850435388948051596e-01
-1.000000000000000000e+00
-1.000000000000000000e+00
-8.362356216936169817e-01
1.000000000000000000e+00
1.000000000000000000e+00
1.114259293396749895e-01
1.000000000000000000e+00
-1.000000000000000000e+00
-2.580994289188680568e-01
-6.183173178343852605e-01
-1.000000000000000000e+00
-1.000000000000000000e+00
1.000000000000000000e+00
-5.481402529284484793e-02
-1.000000000000000000e+00
7.324899343590574041e-01
-1.000000000000000000e+00
7.117428972309847168e-02
1.124646843705996435e-01
1.460470594733119798e-01
1.000000000000000000e+00
2.770154504518489991e-01
-1.000000000000000000e+00
1.468316534632148063e-01
-1.000000000000000000e+00
-1.873914750911643834e-01
-1.000000000000000000e+00
-1.000000000000000000e+00
-1.000000000000000000e+00
1.000000000000000000e+00
-1.000000000000000000e+00
-7.793177035502800720e-01
-2.362263285539758506e-01
1.000000000000000000e+00
-1.000000000000000000e+00
-6.811686208636582585e-01
1.000000000000000000e+00
-1.000000000000000000e+00
-1.000000000000000000e+00
-1.174658188846270379e-01
9.363999881770432854e-01
-1.000000000000000000e+00
1.000000000000000000e+00
-8.891576022797144097e-01
1.411281235672540157e-01
-1.000000000000000000e+00
1.000000000000000000e+00
-8.944144034071600524e-01
4.616503707652817035e-01
5.107647485900308482e-01
-1.000000000000000000e+00
-7.176987692925140827e-01
1.000000000000000000e+00
1.000000000000000000e+00
-1.000000000000000000e+00
1.000000000000000000e+00
1.288506873597160540e-01
-6.925393282591315591e-01
4.997949714073484095e-01
-2.039560502769206529e-01
-1.000000000000000000e+00
1.000000000000000000e+00
-2.237715822202388516e-01
-2.340878504460477405e-01
1.000000000000000000e+00
9.841789065314343610e-02
6.221088263396352680e-01
-1.000000000000000000e+00
-1.000000000000000000e+00
-9.995409453958421508e-01
9.820057419439390811e-01
1.000000000000000000e+00
-2.584312473176639813e-01
1.000000000000000000e+00
1.000000000000000000e+00
3.817433388616089940e-01
-6.070953369348452977e-02
-8.113991285322581515e-01
-1.000000000000000000e+00
-8.379680714953238185e-01
-4.307724301380631005e-01
1.000000000000000000e+00
-1.000000000000000000e+00
9.527746231112038666e-01
1.714993505745241453e-01
-1.000000000000000000e+00
1.000000000000000000e+00
-5.551348997456965195e-01
-3.593226161545789998e-01
-6.968659817344572405e-01
9.527894201236914995e-01
-1.000000000000000000e+00
1.000000000000000000e+00
7.874633053722295273e-01
1.000000000000000000e+00
-2.559875228068986264e-01
-1.000000000000000000e+00
-1.000000000000000000e+00
4.743072902530687251e-01
-4.785096633190968896e-01
5.557430000726670816e-03
-5.261106593084687866e-01
4.351919077438587413e-02
1.000000000000000000e+00
-1.000000000000000000e+00
4.334750852955657763e-01
4.239732829077532683e-01
5.349110421969377471e-01
1.000000000000000000e+00
-7.096844543849136766e-01
1.827119503412436563e-01
-9.515975641305162158e-01
1.000000000000000000e+00
4.860877467684310282e-01
1.000000000000000000e+00
1.000000000000000000e+00
1.000000000000000000e+00
-1.000000000000000000e+00
3.633800275760308285e-01
-1.000000000000000000e+00
4.666249743811921036e-01
-1.000000000000000000e+00
-6.425867658305842722e-01
-8.655973369853469102e-01
1.000000000000000000e+00
-1.488154827382844880e-01
1.000000000000000000e+00
-1.000000000000000000e+00
-1.000000000000000000e+00
-1.000000000000000000e+00
-1.000000000000000000e+00
-8.903922270582483867e-01
-3.155500291393187329e-01
1.000000000000000000e+00
1.000000000000000000e+00
5.082470668585116202e-01
-1.650941404818467850e-01
-1.000000000000000000e+00
-4.407657412129862839e-01
1.000000000000000000e+00
-7.741172026462499467e-01
6.997750684161088142e-01
9.281150780384447296e-01
-1.741791417384237484e-01
-1.000000000000000000e+00
-1.000000000000000000e+00
1.619003304051579994e-01
-1.000000000000000000e+00
5.608048985327287461e-01
-2.699627122724889139e-01
-1.000000000000000000e+00
-1.000000000000000000e+00
-1.000000000000000000e+00
-8.085851413156255330e-01
-1.000000000000000000e+00
5.647566262354539735e-01
9.048476315063405107e-01
8.735922756337707318e-01
1.000000000000000000e+00
-1.000000000000000000e+00
-2.141398832941146246e-01
9.128744032494620075e-01
-2.875106479507800183e-01
-2.601028076392908894e-01
-1.000000000000000000e+00
1.000000000000000000e+00
-1.000000000000000000e+00
3.050248653278198052e-01
1.000000000000000000e+00
1.000000000000000000e+00
-4.228306585946791651e-01
-2.231336325480751670e-01
-1.000000000000000000e+00
-5.445660307480436613e-01
7.685526201196368756e-01
-1.037769869623783592e-02
3.695160476278447348e-01
-3.148211706602788151e-02
1.000000000000000000e+00
1.000000000000000000e+00
-6.324439839872623148e-01
1.000000000000000000e+00
8.214255807790241670e-01
8.679889615403914016e-01
2.877735630293249969e-01
-2.305332746722242865e-01
2.284190745760283636e-01
-7.643281752436944521e-01
1.000000000000000000e+00
1.000000000000000000e+00
-6.535920189535701086e-01
-1.000000000000000000e+00
1.000000000000000000e+00
1.116384136467294397e-01
1.000000000000000000e+00
-9.845099844386682175e-01
1.000000000000000000e+00
4.972523606773973093e-01
1.000000000000000000e+00
-7.796110274935289519e-01
-1.000000000000000000e+00
1.000000000000000000e+00
-1.000000000000000000e+00
1.000000000000000000e+00
-1.000000000000000000e+00
7.502177129864633365e-01
