-7.717623032484128842e-01
4.846422250949545818e-01
1.000000000000000000e+00
-1.000000000000000000e+00
-7.732646771072586578e-01
-6.682152642208226689e-01
-9.616531322796173509e-02
-1.000000000000000000e+00
-7.308886983753369870e-01
9.364028308098927278e-01
1.000000000000000000e+00
1.000000000000000000e+00
4.461175387610809562e-01
-9.934570777491290583e-01
3.992610189717393787e-02
1.000000000000000000e+00
4.518879543782345909e-01
-6.989420772025629613e-01
-2.129173850178694150e-01
-1.000000000000000000e+00
5.370851813205568259e-03
-1.000000000000000000e+00
-1.000000000000000000e+00
1.000000000000000000e+00
9.852729183850221784e-01
6.595431497726148562e-01
7.628612373773168143e-01
3.320578917987762058e-01
-1.000000000000000000e+00
-7.840689348455490704e-01
-3.623926785575610765e-01
-9.341682906725377045e-01
-1.644794130171232660e-01
-1.000000000000000000e+00
1.000000000000000000e+00
1.000000000000000000e+00
3.612721847266623376e-01
-3.852290293918182451e-01
-4.739277293722169437e-01
-7.191890831936194051e-01
1.000000000000000000e+00
1.000000000000000000e+00
-4.581769912891638930e-01
1.000000000000000000e+00
1.000000000000000000e+00
-3.686593072290833550e-02
-1.000000000000000000e+00
1.000000000000000000e+00
8.416015105081516845e-01
1.016727385977184150e-01
2.615745432772255130e-01
6.745765483864305523e-01
-1.972672474611741888e-01
2.254996391617178353e-01
-1.000000000000000000e+00
-8.623728107146331201e-01
-1.000000000000000000e+00
1.000000000000000000e+00
-4.157948941754318062e-01
4.759537907158104542e-01
-1.000000000000000000e+00
6.693888229345867913e-02
-2.567619703927254693e-01
1.000000000000000000e+00
7.375806400240861871e-01
-1.000000000000000000e+00
-4.649822694347294227e-02
-1.000000000000000000e+00
-8.548158255243798465e-03
1.837408065472236895e-01
1.000000000000000000e+00
-1.832759814012709931e-01
-1.000000000000000000e+00
-7.565217893013027606e-01
-8.952662882382411702e-01
-1.000000000000000000e+00
-1.000000000000000000e+00
1.000000000000000000e+00
1.909229427802249246e-01
-1.933676084266020556e-01
6.709303716014798358e-01
9.093434496352218455e-01
-2.214883325362103361e-01
-6.372360058630368584e-01
-1.000000000000000000e+00
4.050322207217309511e-01
1.000000000000000000e+00
-1.000000000000000000e+00
1.000000000000000000e+00
1.000000000000000000e+00
-1.000000000000000000e+00
-7.506420144483659795e-01
-1.000000000000000000e+00
-1.000000000000000000e+00
3.460516953238423898e-01
1.000000000000000000e+00
1.000000000000000000e+00
1.000000000000000000e+00
6.758187348419950613e-01
-1.007545455042706539e-01
-1.000000000000000000e+00
-7.458629684955937478e-01
1.624307427582363239e-01
1.000000000000000000e+00
-1.000000000000000000e+00
8.376606621843230016e-02
3.462448048945529488e-01
-1.000000000000000000e+00
-1.000000000000000000e+00
8.399613997631997231e-01
8.910425742843802732e-01
1.000000000000000000e+00
-4.759776637756707451e-01
1.000000000000000000e+00
5.537923311956780559e-01
1.000000000000000000e+00
-1.000000000000000000e+00
-7.341468282209895335e-02
9.086403527481397013e-01
4.609976787634711970e-01
-1.000000000000000000e+00
-1.000000000000000000e+00
1.096205690630658314e-01
1.000000000000000000e+00
8.561444308571364292e-01
-8.858045905672348175e-01
1.000000000000000000e+00
-1.000000000000000000e+00
1.000000000000000000e+00
-4.936557496320549410e-01
1.000000000000000000e+00
-1.000000000000000000e+00
-9.190299648826842915e-01
-4.264827254323788064e-01
-1.000000000000000000e+00
-1.000000000000000000e+00
1.000000000000000000e+00
-2.480930146351788546e-01
-8.513795933761891810e-03
-2.628948696476758329e-01
-1.000000000000000000e+00
-2.301260969110591192e-01
-7.228301619674346590e-01
1.491229207217454888e-01
-1.466935638087285554e-01
-1.000000000000000000e+00
-5.618427025259311591e-01
1.000000000000000000e+00
9.410021932962714386e-01
1.000000000000000000e+00
1.000000000000000000e+00
-4.292146474817325474e-01
-6.657710725130631113e-01
-1.000000000000000000e+00
6.395038579976577431e-01
5.922590470782547190e-01
-6.402788701896449108e-01
-1.000000000000000000e+00
1.000000000000000000e+00
7.886428375915541800e-01
1.000000000000000000e+00
-3.300421197649034410e-01
1.000000000000000000e+00
-1.372240078149423170e-01
-1.000000000000000000e+00
-3.260382785813861761e-01
-1.000000000000000000e+00
1.000000000000000000e+00
1.000000000000000000e+00
-1.000000000000000000e+00
-1.000000000000000000e+00
-2.477861589714540624e-01
7.387634438204200293e-01
-7.282219052664956616e-02
-4.357193105147521006e-01
1.000000000000000000e+00
1.000000000000000000e+00
-1.295916540412681006e-01
1.000000000000000000e+00
1.000000000000000000e+00
-1.813311687295773023e-01
1.142777288122831247e-01
-1.000000000000000000e+00
-6.989395801218640791e-01
-6.466743098793940048e-01
-5.538665767664502360e-01
-8.882685542334978201e-01
1.000000000000000000e+00
-1.580233552991445467e-01
-7.582046134242463875e-01
1.000000000000000000e+00
7.991676881513283259e-01
-1.000000000000000000e+00
1.000000000000000000e+00
8.137489425947244115e-01
1.000000000000000000e+00
-1.000000000000000000e+00
-1.000000000000000000e+00
-2.693703035161088000e-01
1.000000000000000000e+00
6.456723859811228650e-01
1.795656414755040231e-01
-9.511500342793783869e-01
-1.000000000000000000e+00
1.000000000000000000e+00
1.000000000000000000e+00
-1.000000000000000000e+00
1.000000000000000000e+00
1.000000000000000000e+00
1.000000000000000000e+00
-3.044739527578995686e-01
-4.273153317950293406e-01
-2.709337680925612002e-01
-1.000000000000000000e+00
-1.000000000000000000e+00
-1.000000000000000000e+00
-1.000000000000000000e+00
5.696693230320097889e-01
-5.301171419069674595e-01
-6.711469905861300322e-01
1.000000000000000000e+00
-2.903747928432065528e-02
8.632416083500287218e-01
1.000000000000000000e+00
3.978831016892395711e-01
-4.742924812057514039e-02
1.000000000000000000e+00
-9.240067532056347455e-01
-2.691733594436167554e-01
2.619749603709700114e-01
8.333207065513654754e-01
1.000000000000000000e+00
-8.756744254621769974e-01
2.775490473491197818e-01
1.000000000000000000e+00
-3.512851400555455639e-01
-4.535099157795399183e-01
-1.000000000000000000e+00
-1.952857782470454051e-01
-5.262413323470896964e-01
4.883456727783053175e-01
-4.715067512921486959e-01
-1.000000000000000000e+00
-4.209580393472153181e-01
-1.000000000000000000e+00
1.722379777694638125e-01
-2.352922219676100157e-01
5.159925650685973642e-01
1.000000000000000000e+00
-1.651093595843389217e-01
-5.340707705858758203e-01
5.756005306287984014e-02
-6.350157383797916388e-01
7.238865648371828332e-01
-1.000000000000000000e+00
-1.000000000000000000e+00
1.000000000000000000e+00
5.032846733150853069e-01
1.666298262231498128e-01
3.399126566446074582e-01
5.790783806795463118e-01
1.000000000000000000e+00
1.000000000000000000e+00
1.000000000000000000e+00
-1.000000000000000000e+00
