1.000000000000000000e+00
-1.000000000000000000e+00
-1.000000000000000000e+00
8.732185207290831253e-01
1.000000000000000000e+00
-7.636642010831867777e-01
4.597220953810088329e-01
3.636432936714968922e-01
-1.490965945386831804e-01
1.000000000000000000e+00
-5.662586215802641876e-01
-5.084242823660354293e-01
6.734733614191168449e-02
1.941688588670786864e-02
-1.041725133481733456e-01
9.959802964415636062e-01
-3.630821104758880091e-01
5.125084801980844817e-02
-1.000000000000000000e+00
-1.000000000000000000e+00
-3.850169496214657094e-01
-1.375396603996008049e-01
-1.000000000000000000e+00
2.012077638978008176e-01
-1.871467722373980624e-01
-1.000000000000000000e+00
-4.147565606744859634e-01
5.881722873154916487e-01
1.000000000000000000e+00
-8.728493798881986621e-01
1.000000000000000000e+00
-3.530837549433238909e-01
-9.159888575950609901e-01
-1.000000000000000000e+00
9.548754299450989969e-02
-1.000000000000000000e+00
3.624541103626988114e-01
-1.000000000000000000e+00
-1.000000000000000000e+00
4.192275887140506363e-01
-1.092800313702118054e-01
-1.000000000000000000e+00
7.535625967829686633e-01
-5.326826823311966441e-01
3.621176660796177060e-02
7.353259262364193471e-01
-3.040807799585888427e-01
-1.000000000000000000e+00
-1.697265856699452513e-01
-1.000000000000000000e+00
-8.959587342243355845e-01
4.915942235508574676e-02
-1.000000000000000000e+00
1.000000000000000000e+00
-1.000000000000000000e+00
-9.053039239630527035e-01
-5.622552136104586040e-01
9.286463459001403908e-01
-1.000000000000000000e+00
1.000000000000000000e+00
4.571530698218801425e-01
6.264987167677966706e-01
-9.286055899774208200e-01
6.463668337616794712e-01
1.000000000000000000e+00
2.542164663502255451e-02
6.762959500313855399e-01
-1.000000000000000000e+00
-5.319916346420056064e-01
-1.000000000000000000e+00
1.000000000000000000e+00
-1.000000000000000000e+00
-1.530985221212999847e-01
8.332996252368385370e-01
2.735140412034131607e-01
5.901604896491148278e-01
1.000000000000000000e+00
1.000000000000000000e+00
-4.326707169583758894e-01
2.895300615018800983e-01
8.669593368825821988e-01
5.642479454362798741e-01
7.524482688653952867e-01
-8.186846350547352102e-01
-5.334370331881688188e-01
-1.000000000000000000e+00
1.000000000000000000e+00
-3.309771984244831433e-01
-7.250615768494781399e-01
1.000000000000000000e+00
8.377825781024321738e-01
6.888254796708221939e-01
1.000000000000000000e+00
3.684225508896915580e-01
-7.684549108734710643e-01
9.070969053475428368e-01
9.689766610505137212e-01
3.762642812245564627e-02
1.000000000000000000e+00
1.328520510962418744e-01
1.000000000000000000e+00
-2.013113083981709073e-01
-1.690286724170531052e-01
1.000000000000000000e+00
1.000000000000000000e+00
-1.000000000000000000e+00
3.727184534961652806e-01
-1.000000000000000000e+00
-4.023693773380210281e-02
-7.966123417286425923e-01
1.000000000000000000e+00
-1.000000000000000000e+00
-1.000000000000000000e+00
-1.937240735987283413e-02
-1.841944374184866506e-01
-2.021401671300731007e-01
-1.000000000000000000e+00
1.000000000000000000e+00
-1.000000000000000000e+00
-3.158748156695418419e-01
1.000000000000000000e+00
8.934634450501390823e-01
-1.000000000000000000e+00
-1.000000000000000000e+00
4.208548948586585681e-01
-2.303154009030353166e-01
3.288955537525883877e-02
1.000000000000000000e+00
-1.717888876577430279e-01
-1.000000000000000000e+00
2.967110730581565825e-01
8.364383680772036200e-01
-3.404769115202770369e-01
1.704822242246251673e-01
-1.000000000000000000e+00
-3.627305297529119787e-01
7.661740183122034420e-01
1.000000000000000000e+00
7.293034873240844540e-01
1.000000000000000000e+00
4.580196617440511486e-02
1.000000000000000000e+00
-1.000000000000000000e+00
-5.679287680652536086e-01
6.282120366178892690e-01
-2.112746937354605947e-01
-4.914494903239658985e-01
3.369989199331161478e-01
-8.711403592515037930e-01
8.004290927768862307e-01
5.133272617777701052e-02
1.267298602391263573e-01
1.000000000000000000e+00
7.067850453922805976e-01
4.669597612563696210e-01
9.163026803125950970e-02
-7.698089110334145335e-01
-4.559757596672932567e-01
-1.000000000000000000e+00
-1.000000000000000000e+00
1.000000000000000000e+00
9.538803088795949625e-01
-1.000000000000000000e+00
-1.000000000000000000e+00
5.012352845910308385e-01
6.467763660643095491e-01
5.432823519499156983e-01
9.304966770943716714e-01
2.305012061378119981e-01
-8.321816787656246550e-01
-7.509545172167126914e-01
-1.000000000000000000e+00
2.062003339052354001e-01
6.503343893512355534e-01
1.000000000000000000e+00
7.833092232219016626e-01
1.000000000000000000e+00
-5.566470469127382525e-02
-3.455886156440240997e-01
-7.343303402192135065e-01
3.263415739937290394e-01
1.000000000000000000e+00
-4.964019148905749468e-01
1.617524842127462392e-01
-1.000000000000000000e+00
5.623038203551329328e-01
1.000000000000000000e+00
-1.000000000000000000e+00
-1.000000000000000000e+00
-3.254601414934951698e-01
1.000000000000000000e+00
9.565196853970409085e-02
7.805453444691113907e-01
4.981162622269861839e-01
-6.962528555806228869e-01
-1.000000000000000000e+00
-1.000000000000000000e+00
5.333617160019348269e-01
-9.182638314467579388e-01
9.336851466490148077e-01
-8.512668756763032141e-01
-4.969654927985869275e-01
-3.229898546340210785e-01
-4.227474700683426789e-01
-5.695040447758994429e-01
-6.194196155338355103e-02
1.777413362915320483e-01
-7.864390069982307718e-01
-1.000000000000000000e+00
-9.281009145581164965e-01
-1.000000000000000000e+00
-6.646597306746653278e-01
8.846849574105069003e-01
-3.610403052010021652e-01
5.914744125248350137e-01
3.247732852790985447e-02
-8.903285191145184907e-01
8.733035372210146141e-01
-4.874606205228149136e-02
9.798320625628591518e-01
-6.210747592641427950e-01
5.307743496751193835e-01
-1.000000000000000000e+00
7.061588213548085635e-01
1.000000000000000000e+00
-5.959283590906641059e-01
-7.165269120356192456e-01
4.727221149711589021e-01
7.260084488588435248e-01
9.196020917668836780e-01
-6.668215096690133237e-02
1.629850119103969930e-01
-5.540092509272974697e-01
1.000000000000000000e+00
-3.413850334106661166e-01
2.272847232555061381e-01
5.872248903448064050e-01
-8.794348518414358828e-01
-3.659377043021799780e-01
-1.000000000000000000e+00
-1.000000000000000000e+00
9.141728873749053186e-01
5.821089162781718507e-01
-1.612395263821890246e-01
8.377544659737629074e-01
4.699750053525026949e-01
-8.434685897863358761e-01
1.000000000000000000e+00
1.000000000000000000e+00
-1.000000000000000000e+00
7.761451481884231729e-01
1.000000000000000000e+00
1.488029793062028983e-02
-7.671603156528522538e-02
-4.294982103692241981e-01
8.964095809900762823e-02
-1.000000000000000000e+00
-1.695930375570448012e-02
-7.887224562986421272e-01
3.515968619054143374e-01
4.686568150577187231e-01
3.270357070158816937e-01
6.472889802094095035e-02
-3.215582058366815987e-01
-4.107204174474420322e-01
