-7.751093400149600132e-01
-6.171403114213189767e-01
-1.000000000000000000e+00
3.131022654208464040e-01
7.204178172595818719e-01
-1.000000000000000000e+00
5.389310703444512018e-01
-1.000000000000000000e+00
6.678524116745221395e-02
8.288199765692976229e-01
-1.163245284615599395e-01
-6.138732519607839055e-01
-2.171707604375009704e-01
9.296902294153146507e-01
1.000000000000000000e+00
-6.795329276666959295e-01
-3.977157371177875156e-03
1.000000000000000000e+00
4.738018720412138229e-01
6.143252334771150958e-01
-1.199474517038281451e-01
5.577711493913944940e-02
1.000000000000000000e+00
-1.000000000000000000e+00
5.592648787541418809e-01
1.000000000000000000e+00
7.173491625437355967e-01
-5.866386798192646523e-01
1.000000000000000000e+00
1.000000000000000000e+00
3.248598619620554073e-01
-6.021100388837996586e-02
-3.675892196407931634e-02
-8.356015444489656163e-01
8.293959961169695694e-01
-1.000000000000000000e+00
1.000000000000000000e+00
-4.381440615650626924e-01
3.314097951974535050e-01
1.000000000000000000e+00
1.000000000000000000e+00
-1.000000000000000000e+00
1.000000000000000000e+00
2.331612754091936246e-01
1.000000000000000000e+00
1.000000000000000000e+00
5.212302629640126472e-01
2.867550661712723881e-01
5.345333489830930151e-01
5.410641817508538010e-01
6.671203907780287601e-02
9.047566101424615592e-01
-8.741683833644735557e-01
-9.493796367535990433e-01
-1.716473149065831927e-01
5.281311990353151353e-01
-3.838122073405159096e-01
-1.000000000000000000e+00
2.288514253860977066e-01
-1.000000000000000000e+00
-4.594406734628899702e-01
-9.039200394778185155e-01
-1.521433630360113920e-01
-3.797409202009565110e-01
-1.000000000000000000e+00
1.724834038822559146e-01
-9.482166385992281121e-01
-1.000000000000000000e+00
7.599637012071960296e-01
-2.185178062366687490e-01
-4.383877363894601586e-01
1.000000000000000000e+00
3.215072858509748777e-03
6.913721604178850733e-01
1.000000000000000000e+00
-5.033693846064412059e-01
-2.917903718387936385e-01
-8.169346492378366520e-01
1.000000000000000000e+00
-3.476429609733122650e-01
-6.310225756417231491e-01
1.292511009435464153e-01
-4.663847886025087597e-01
4.813393991913654801e-01
-1.000000000000000000e+00
-6.537537615868518337e-01
8.281229068189990272e-01
-1.000000000000000000e+00
2.799868611160616361e-01
7.355626119753294612e-01
-1.471590359232477496e-01
-6.665332821702096844e-01
6.848678354644447408e-01
1.000000000000000000e+00
-1.000000000000000000e+00
5.478365477220837887e-01
-7.066713369619814777e-02
-7.348494509825758136e-01
-1.000000000000000000e+00
-8.547176481569573880e-01
3.966307213551780730e-01
-4.418004106938111519e-01
1.000000000000000000e+00
-1.000000000000000000e+00
4.798861663798248411e-01
1.000000000000000000e+00
-1.000000000000000000e+00
3.041104410870774100e-01
-9.627567625346461488e-02
-4.270239314937107622e-01
5.554541059974359429e-01
6.736441264392234451e-01
2.890031367917451632e-01
2.718580078554427848e-01
-8.915266299984563325e-01
-9.138377208368608784e-01
-1.000000000000000000e+00
1.000000000000000000e+00
-5.548459520850520521e-01
-3.435880219931051194e-01
3.496861224162683968e-01
1.000000000000000000e+00
-3.122679871645714922e-01
8.578055611868119490e-01
5.450224410422375154e-01
1.399968188140001679e-01
-5.439411763069497141e-01
5.951354003059202702e-01
8.931282835531524356e-01
5.023180404953004885e-01
-8.703234784860074125e-02
-1.000000000000000000e+00
-1.028222265793892198e-01
1.000000000000000000e+00
-1.000000000000000000e+00
1.000000000000000000e+00
1.000000000000000000e+00
-1.000000000000000000e+00
1.000000000000000000e+00
1.000000000000000000e+00
8.962813476489059905e-01
2.378906093151733625e-02
-5.059544728393383650e-02
2.718941904620904570e-01
-1.000000000000000000e+00
-7.633199539111740206e-01
-6.869761419550499681e-01
-4.406140238136412313e-01
2.347361068420659169e-01
-1.000000000000000000e+00
-1.000000000000000000e+00
9.322048528203277229e-01
9.256913774389953498e-02
-1.960328072416479550e-01
6.674663414106372095e-01
-7.135396364419366311e-02
-3.547916256824417136e-01
2.563826493949930008e-01
9.422068508496466155e-01
-2.539682171774564345e-01
1.000000000000000000e+00
-9.274708048584704434e-01
-5.518717413665339411e-01
7.675401796460212811e-02
5.919045265214881169e-02
6.715878258405034995e-02
9.027667049691481260e-01
1.000000000000000000e+00
-5.908365464422258295e-01
-5.124868943462077553e-01
6.890097314258962768e-01
-5.851416643209537138e-01
5.534284533792415139e-01
1.847981601413805075e-01
9.037026904195463173e-01
3.395784158261742069e-01
-7.131093485589996561e-01
-1.000000000000000000e+00
5.293553101801774519e-01
-1.917589056783531865e-01
-1.000000000000000000e+00
-1.747023126321538555e-01
1.000000000000000000e+00
-6.915144828658459364e-01
5.281194204405097459e-01
1.000000000000000000e+00
2.120033402629787345e-01
2.598991265929296857e-01
1.000000000000000000e+00
-1.000000000000000000e+00
-1.000000000000000000e+00
-1.000000000000000000e+00
-1.000000000000000000e+00
-1.735925794509136644e-01
-7.053463497478316135e-01
7.579317053471317234e-01
8.289106958165264327e-01
3.164357548965897049e-01
-1.000000000000000000e+00
2.207376335327082550e-01
-8.973579680131507086e-01
2.732390580873585439e-01
-6.641701246579170270e-01
3.610802934445693779e-01
-6.955600605645738677e-01
5.610575910676038891e-01
1.000925137657726616e-01
-1.000000000000000000e+00
1.365357371816235954e-01
-2.866570882423771782e-01
-5.643677842227687869e-01
4.672363046007532716e-01
1.000000000000000000e+00
-2.466652931118809011e-01
7.267309564688504420e-01
-4.155899584362534593e-01
5.449118037655674707e-01
-5.822654720318773958e-01
1.000000000000000000e+00
3.135512663548777335e-01
2.438660164520434215e-01
3.076223795503665315e-01
-1.029447324760206506e-01
5.173529390103771552e-01
1.000000000000000000e+00
-1.000000000000000000e+00
-4.137303356539293042e-02
-2.020086510676041280e-01
-1.000000000000000000e+00
-7.206502827047390758e-01
9.221961650380318121e-01
-1.000000000000000000e+00
-6.590600271878310767e-01
-1.000000000000000000e+00
1.107696022414039749e-02
1.618993684643413311e-02
8.045264657504280770e-01
-9.470325840664770567e-01
7.826099850384611312e-01
-1.000000000000000000e+00
1.914057406455782484e-03
-3.685761379824190609e-01
1.000000000000000000e+00
1.000000000000000000e+00
2.007106729960461133e-01
1.000000000000000000e+00
-9.940773963349103237e-02
5.351381691797325590e-01
-1.000000000000000000e+00
7.371974926796942551e-01
-2.291670318633314274e-01
5.838057374400296151e-02
-1.000000000000000000e+00
7.632685464165498423e-01
-4.276031035127465518e-01
-1.000000000000000000e+00
7.053844796854562560e-01
7.551064244511048740e-01
1.000000000000000000e+00
-1.000000000000000000e+00
-7.740570550005989592e-01
-1.000000000000000000e+00
-1.000000000000000000e+00
-6.213323158397523471e-01
-5.411569786131742443e-02
