9.067002797143334236e-01
-8.272777188585830332e-01
1.000000000000000000e+00
8.394607227441135411e-01
-5.601984793968992626e-01
-6.839704494250475886e-02
9.888197148728250507e-01
1.000000000000000000e+00
1.000000000000000000e+00
-4.927158330928632646e-01
-3.070903792465520254e-01
3.325995767541725101e-01
-6.276876274481785201e-01
1.000000000000000000e+00
1.000000000000000000e+00
-1.000000000000000000e+00
-2.665092080231816762e-01
-1.000000000000000000e+00
-1.000000000000000000e+00
-1.000000000000000000e+00
-8.320104731654018870e-01
1.000000000000000000e+00
1.000000000000000000e+00
1.000000000000000000e+00
8.155080403452132920e-01
1.258969232897544366e-02
2.640344219924026792e-01
-1.000000000000000000e+00
1.000000000000000000e+00
3.812652195980049674e-01
8.856742323451427534e-02
-1.000000000000000000e+00
-1.000000000000000000e+00
-6.549317219546533231e-01
5.180219509692751689e-01
3.353184859508278048e-01
1.000000000000000000e+00
1.000000000000000000e+00
8.983777455660739708e-01
1.000000000000000000e+00
-1.942520035549619162e-01
-1.000000000000000000e+00
-2.060201816149609400e-01
-6.067471234305583661e-01
-1.000000000000000000e+00
-4.653558410457502292e-01
1.000000000000000000e+00
-8.993981565680106982e-01
-5.113458610455023923e-01
1.000000000000000000e+00
1.000000000000000000e+00
-1.000000000000000000e+00
-4.701364247667595420e-01
1.000000000000000000e+00
-6.126245331171065178e-02
8.005215488384226363e-01
1.000000000000000000e+00
-1.054128290551203939e-02
1.000000000000000000e+00
-9.776172557519213768e-02
-1.000000000000000000e+00
9.466054848216520767e-01
-6.792470407791295628e-01
-1.000000000000000000e+00
1.000000000000000000e+00
-4.312383846706838719e-01
8.641723262887839319e-01
-4.197986192725287058e-01
-1.000000000000000000e+00
-1.000000000000000000e+00
5.891365879126182481e-01
-2.224290288777177604e-01
9.448306671459489881e-01
-9.450856764992980885e-01
1.000000000000000000e+00
-2.589300159340888197e-01
1.000000000000000000e+00
-1.000000000000000000e+00
1.000000000000000000e+00
-6.927507788235454100e-01
-6.507292944341652730e-01
-1.000000000000000000e+00
7.605283235363529126e-01
1.000000000000000000e+00
-1.000000000000000000e+00
8.359801112935753009e-01
-4.350648894918969223e-01
-4.757726051348531993e-01
-1.000000000000000000e+00
-1.000000000000000000e+00
-9.192997906442837985e-01
1.000000000000000000e+00
-1.000000000000000000e+00
-1.000000000000000000e+00
3.049337231129256032e-01
6.620010574346532062e-01
-8.852085783082002113e-01
-3.107954025818873145e-01
1.000000000000000000e+00
-1.000000000000000000e+00
5.186244502587684657e-01
-1.000000000000000000e+00
-5.749057544493141325e-02
-1.000000000000000000e+00
-1.000000000000000000e+00
-1.000000000000000000e+00
-1.000000000000000000e+00
1.000000000000000000e+00
1.000000000000000000e+00
1.538213187380710334e-01
7.651140193876437845e-01
3.846408963576804507e-01
2.254463034983388292e-01
1.000000000000000000e+00
-1.000000000000000000e+00
-1.927359545445225253e-01
-2.189320165227284787e-01
1.000000000000000000e+00
9.230105776665121775e-01
-1.000000000000000000e+00
-1.970983065632100351e-01
1.000000000000000000e+00
-7.504234571319667868e-01
-1.000000000000000000e+00
-4.284826634597858064e-01
1.097953771960922253e-01
1.000000000000000000e+00
-1.065686604297882978e-01
2.596774723138081109e-01
-1.000000000000000000e+00
1.000000000000000000e+00
1.000000000000000000e+00
9.771034122729114202e-01
1.078740764610039427e-01
1.000000000000000000e+00
-1.000000000000000000e+00
-1.000000000000000000e+00
1.000000000000000000e+00
-5.435099919153343340e-01
-4.480289890925368002e-01
9.300461950153970925e-02
-2.325532321483040343e-01
-1.179984886775289343e-01
1.000000000000000000e+00
5.899712465387537685e-01
-3.784580820167091630e-01
-8.166595134159433389e-01
-1.000000000000000000e+00
-9.717975422752430648e-01
1.000000000000000000e+00
8.504402802363555391e-01
-2.417152353499377737e-01
2.650835666279931502e-01
1.252426659133343279e-02
1.000000000000000000e+00
-1.000000000000000000e+00
-9.761342264327308449e-01
-3.075358813863948715e-01
-1.000000000000000000e+00
-1.000000000000000000e+00
-1.663572148182745902e-01
1.000000000000000000e+00
4.265058793714653351e-01
5.187114366924074904e-01
-1.000000000000000000e+00
1.000000000000000000e+00
-6.081047524002480831e-02
1.000000000000000000e+00
-1.000000000000000000e+00
-7.144386906821411642e-01
1.000000000000000000e+00
1.000000000000000000e+00
-1.000000000000000000e+00
1.000000000000000000e+00
-9.519985008449164399e-01
-1.000000000000000000e+00
5.236246648756104349e-01
1.000000000000000000e+00
1.000000000000000000e+00
-8.609253443812724393e-01
-1.000000000000000000e+00
-8.366655805999541062e-01
2.446642563538147519e-01
-1.000000000000000000e+00
-1.000000000000000000e+00
5.383063286990739105e-01
8.067966881490453712e-01
-1.000000000000000000e+00
-6.738163130078131946e-01
1.000000000000000000e+00
7.705889329347146433e-01
1.000000000000000000e+00
-2.397155893915627889e-01
5.975630718209299364e-01
1.000000000000000000e+00
1.000000000000000000e+00
-1.000000000000000000e+00
-1.000000000000000000e+00
6.080349019343214145e-01
-1.000000000000000000e+00
3.408460683336009822e-01
-1.000000000000000000e+00
-1.000000000000000000e+00
-4.370526917285677548e-03
-1.000000000000000000e+00
6.057134040309268830e-01
1.000000000000000000e+00
-6.359008094665445920e-01
1.000000000000000000e+00
1.252234285069295794e-01
-1.000000000000000000e+00
3.070085823107524536e-01
1.000000000000000000e+00
2.250037129538875469e-01
1.000000000000000000e+00
1.000000000000000000e+00
9.021977339297548859e-03
1.000000000000000000e+00
1.053006727523511654e-01
-1.000000000000000000e+00
-6.047851264253744086e-01
3.859855286210389647e-01
1.166496327890339524e-01
9.275665184998662660e-01
-7.836026401339535319e-01
-1.000000000000000000e+00
-8.916428828850289090e-01
1.000000000000000000e+00
-1.000000000000000000e+00
1.000000000000000000e+00
-1.000000000000000000e+00
2.151647083381333370e-01
-1.000000000000000000e+00
9.780254517445182705e-01
1.000000000000000000e+00
1.000000000000000000e+00
1.000000000000000000e+00
-4.038749155112775213e-02
1.000000000000000000e+00
1.000000000000000000e+00
-1.000000000000000000e+00
-4.650505443701433150e-02
-1.000000000000000000e+00
1.000000000000000000e+00
1.000000000000000000e+00
2.880094869352277653e-01
1.000000000000000000e+00
5.275363350787827255e-01
-1.000000000000000000e+00
-1.926981191388941195e-01
1.000000000000000000e+00
-1.000000000000000000e+00
4.963122575718219576e-01
-5.368663052348205955e-01
-2.868521351714508061e-01
1.000000000000000000e+00
1.000000000000000000e+00
1.930209526122129149e-01
9.300990445789376615e-01
-5.364510981198498119e-01
-1.076003820205518879e-01
1.000000000000000000e+00
5.366708905404994345e-01
8.144848401485618172e-01
-1.222083367507063034e-01
