-5.067786940991172440e-01
-6.798035501546251247e-01
-9.947520946263765929e-01
-1.000000000000000000e+00
-8.836571109290325410e-01
-5.337926694594139487e-01
-8.267896859016876654e-01
1.000000000000000000e+00
4.224578552518010177e-01
-6.939022532750773742e-01
7.080697778779243556e-02
2.242230224215975287e-01
-5.946789546410409244e-01
-5.112269467042289683e-01
-6.715469138958318762e-03
9.748037987042674768e-01
-7.903904429541126486e-01
1.000000000000000000e+00
-1.000000000000000000e+00
-9.063933080811441556e-01
4.860727863141449667e-01
1.000000000000000000e+00
1.349308111573797042e-01
8.919233217129400870e-01
-4.065927378324782904e-01
6.069625539768108702e-02
-6.683540601740129983e-01
4.727112115719851460e-01
-4.167183497481463661e-02
-9.901386211561640227e-01
9.669489426514887853e-01
6.752070037272734915e-01
6.544696261578299978e-01
1.821953603065924465e-01
8.308753196892273429e-01
-1.865846655783987007e-01
2.572748339506765181e-01
-7.590168386490963037e-01
3.226201130786967575e-01
-5.518727525785640520e-01
9.650155493909804427e-01
1.000000000000000000e+00
8.806729192618401036e-02
-8.848490622551574702e-02
9.677416416453210601e-01
1.222695904432489211e-01
-1.000000000000000000e+00
4.513956835998480521e-01
-3.980897721028187064e-01
-3.804809189315361273e-01
1.000000000000000000e+00
-3.286120621402777164e-01
4.907053693878744571e-01
9.093836039883340661e-03
1.000000000000000000e+00
1.781692089953312852e-02
-5.231802381456707174e-01
-7.763446973547118990e-01
-4.859766806857002686e-01
8.772295083411971728e-01
6.307434607665423076e-01
8.497227138529517276e-02
-3.051675119609538189e-01
4.803492397865565255e-01
-2.736715128882421383e-02
5.713890234820246938e-01
6.518331262949874638e-01
3.509396367152921581e-01
-7.880485753270036753e-01
5.873253391223305364e-01
2.795054882445491273e-02
-7.748233932947756752e-01
-7.063444796599036568e-01
-4.973952541166768437e-01
-7.836172947404043132e-01
-3.204567637721944529e-01
1.590937732893127343e-01
9.396731673098421833e-01
5.488600739601703360e-01
-6.236851192232326646e-01
-6.173635737277090030e-01
1.525928822269926322e-01
-8.711834109225727873e-01
-2.893767815998016246e-02
-2.371591578446932136e-01
-1.183560415883420092e-01
6.442465748058991970e-01
1.000000000000000000e+00
9.007758195764390408e-01
-6.077233579844916189e-01
-3.562634427882287458e-01
-5.479189384188809520e-01
6.689483485970160181e-02
2.256111541343182036e-01
2.824009690502076175e-01
8.312844315149230390e-01
2.191906213159997563e-01
-9.937133067327641456e-01
-2.645173815639987325e-01
-9.902223846307256494e-01
1.481475441152554362e-01
3.547795478913087219e-01
8.445229429285552314e-01
-5.416161319021679521e-01
8.332085407695006829e-01
1.134334161327748003e-01
-9.552439540712880373e-01
-2.140412556517261589e-01
-4.225167716090767467e-01
-9.376162650480195371e-01
-2.187421547506434027e-01
1.454651347640818493e-01
7.011347832333330032e-01
-7.379321084641088380e-01
-8.889853478593634506e-01
8.013917683005018500e-01
8.328667627499308779e-02
-8.128807111790998796e-01
-1.629812777865213835e-01
-9.382779886704550876e-03
9.148376530790731653e-01
1.398771807223222474e-01
4.072000263690569444e-01
-1.000000000000000000e+00
-7.179047648159802009e-01
-2.132000574868064824e-01
-3.291061520814695385e-01
2.175663505160867484e-01
-2.274043756569565922e-02
1.660759046413295970e-02
-8.686751791869953276e-01
-3.202055911303580693e-02
1.000000000000000000e+00
-4.389697482025001207e-01
-8.364480653632766494e-01
-2.207835649252631871e-01
7.550651192644723952e-01
-5.508466527826862968e-01
1.000000000000000000e+00
-8.518395778795557760e-01
-6.179783342035454208e-01
6.266694680524420580e-02
5.488316721870902803e-01
-9.734451267035411082e-01
-6.412491398506414697e-02
5.448340076375591812e-01
4.891809203294381625e-01
7.514375836242557227e-01
-1.470235861595130533e-01
-3.205060289078391911e-01
3.125072448492933752e-01
3.533062849714376785e-01
7.947720635899002684e-01
5.290117160637917149e-01
-4.593900721144301702e-01
8.444472351546816746e-01
-9.283649992931402029e-01
4.129571931653952532e-01
-6.381502966027432500e-01
-4.649450806926314073e-01
-7.279389070611603785e-01
-3.561189944420344311e-01
1.000000000000000000e+00
-4.324370171236864291e-01
-3.417405151812362707e-01
-1.166225680700885281e-01
-1.000000000000000000e+00
3.100657100368870989e-01
-3.969707902780590381e-01
-1.063348275943829524e-01
-8.524305763061836849e-01
-1.774495464652516841e-01
6.833685462103487041e-01
-9.055105410091207618e-02
-1.000000000000000000e+00
-8.740150500070660300e-01
4.952668178367729546e-01
-1.027214478159477196e-02
6.125832422668218147e-01
-2.523946009423596593e-01
-6.842516127495665845e-01
-6.164819741809535181e-01
1.090271151348722878e-01
-3.932167773816741541e-01
-1.000000000000000000e+00
6.779061914313673221e-01
5.248549558084565358e-01
-8.087368439881998938e-01
3.220894421641740113e-01
9.591327289638265086e-01
-9.230664559001511282e-01
6.546415503853862949e-01
-2.718948905652696091e-01
6.926699764273847038e-03
-4.118314892895114099e-02
-5.980759447661561090e-01
6.768847531728676703e-01
-7.713651567272876708e-01
-9.993116741890231136e-01
1.619830787800027316e-01
-3.546984770144361310e-01
1.367503099635043462e-01
-8.092134861505080323e-01
4.566266095269702063e-01
4.423892076767310666e-01
2.346234336850563373e-01
2.809886390080689189e-01
-4.291401548506459385e-01
-8.492318807655798718e-01
-5.880344291167374227e-01
-2.773487688813842666e-01
-2.987792703941162253e-01
6.976006176506197587e-01
-2.043052648425935924e-01
-4.763420595753409259e-02
3.349167931108427698e-01
-1.000000000000000000e+00
6.200487904220564062e-03
1.000000000000000000e+00
7.178516553142595402e-01
1.209128294492800570e-02
-1.832355496124382643e-01
-1.000000000000000000e+00
1.000000000000000000e+00
6.468130930646274201e-01
8.058454468498770229e-01
-1.635542878318818616e-02
9.229824706358202846e-01
5.627269972756496763e-01
1.768471016651451677e-01
-7.230010403179460976e-01
-5.774196101380617563e-01
-6.060015073102444916e-01
4.975858982052483448e-01
7.248029650170635385e-01
-1.000000000000000000e+00
9.411263309838178159e-01
-4.025274376834588885e-01
6.390985799282959956e-01
9.928988688716483546e-01
-1.000000000000000000e+00
-4.672048129871045896e-01
3.843974394772335934e-01
-3.075644552454461778e-01
2.337443184389536022e-01
1.844780979135460242e-01
-5.185417949036155161e-01
4.395601050749131655e-01
-8.127330846720388635e-01
-2.470405419095327293e-01
-6.417002993739922001e-01
1.000000000000000000e+00
-7.846309806099205364e-01
-6.426260829729155688e-01
-2.899356957336862717e-01
-1.000000000000000000e+00
-6.579753603445905874e-01
2.136321328023508270e-01
-2.835048662882984072e-01
7.051321245757968814e-01
-6.446713001814297073e-01
5.015551400314937069e-01
-9.902935287056224833e-01
-5.892769741465064826e-01
3.515844469428766050e-01
