-7.661407656760657603e-02
-2.970241721072089391e-01
-1.000000000000000000e+00
1.000000000000000000e+00
-1.480883807591039103e-01
-7.995338100018889449e-01
-2.687371144367976528e-01
1.113439488799840005e-01
-1.000000000000000000e+00
8.843391476799400408e-01
-3.791182829597141701e-01
1.000000000000000000e+00
-1.000000000000000000e+00
3.631202765825451706e-02
5.624585278496618823e-02
1.000000000000000000e+00
9.059986154593810959e-01
-1.000000000000000000e+00
1.000000000000000000e+00
-1.000000000000000000e+00
-2.216378988679013062e-02
1.000000000000000000e+00
3.804644380716378782e-01
6.125704674376307723e-01
1.000000000000000000e+00
1.668950585383466301e-02
1.000000000000000000e+00
1.000000000000000000e+00
4.508643123422155785e-01
-1.000000000000000000e+00
-1.000000000000000000e+00
8.366275413914191494e-01
-1.000000000000000000e+00
-6.269940163583943571e-01
1.000000000000000000e+00
-9.988625740507041106e-01
-6.122601926476299861e-01
1.000000000000000000e+00
-4.578419739607134664e-01
-1.000000000000000000e+00
1.929694904983916270e-01
-1.000000000000000000e+00
-4.434344034641712895e-04
-8.166655157658109232e-01
1.000000000000000000e+00
-8.952831973894439521e-01
1.000000000000000000e+00
-2.545555664866135936e-01
-1.718736347459460800e-01
2.460184349754271360e-01
-1.000000000000000000e+00
1.510223533685528530e-01
-1.000000000000000000e+00
-9.848912759057193433e-01
-1.000000000000000000e+00
1.000000000000000000e+00
-1.000000000000000000e+00
1.000000000000000000e+00
-3.114389355056039754e-01
4.632237013789530788e-01
-1.000000000000000000e+00
1.000000000000000000e+00
1.000000000000000000e+00
-2.090974796388224144e-01
1.000000000000000000e+00
-1.000000000000000000e+00
1.000000000000000000e+00
-7.431876237533275864e-01
1.000000000000000000e+00
1.000000000000000000e+00
1.000000000000000000e+00
6.767574388240683581e-01
-6.302884881132696515e-01
2.238818677362561793e-01
-1.000000000000000000e+00
-1.000000000000000000e+00
-1.543595798537524821e-01
5.372595075781629870e-01
1.000000000000000000e+00
-1.000000000000000000e+00
-5.266962145464104683e-01
-5.568976927859654591e-01
1.000000000000000000e+00
5.871603043594578741e-01
5.882229604557551172e-02
-9.966956775579471906e-01
1.000000000000000000e+00
-1.000000000000000000e+00
-1.000000000000000000e+00
-4.518323047400992776e-01
1.000000000000000000e+00
5.677864245211361460e-02
8.423426773890866359e-01
-1.000000000000000000e+00
1.000000000000000000e+00
-1.000000000000000000e+00
9.211541536294671761e-01
1.000000000000000000e+00
-5.527138886726312705e-01
-5.149631498946882768e-02
-1.000000000000000000e+00
-3.783978304238820867e-01
-7.826220382503029649e-01
1.000000000000000000e+00
-1.000000000000000000e+00
-1.000000000000000000e+00
1.000000000000000000e+00
-1.000000000000000000e+00
1.000000000000000000e+00
1.000000000000000000e+00
-1.000000000000000000e+00
-1.000000000000000000e+00
9.692718739080300461e-01
9.548035023742091898e-01
-8.435573174412056563e-01
1.000000000000000000e+00
-1.000000000000000000e+00
1.000000000000000000e+00
-1.073190256788719710e-01
-6.701762961030316434e-01
1.000000000000000000e+00
-1.000000000000000000e+00
-3.599596948995673618e-01
-7.392544534769808218e-01
-2.161741771401921586e-01
-1.000000000000000000e+00
2.618934933976377888e-01
3.297958195382217905e-01
-2.333262892401902766e-01
-1.000000000000000000e+00
1.000000000000000000e+00
1.414337961601914995e-01
1.000000000000000000e+00
-3.805575469318726589e-01
1.000000000000000000e+00
1.000000000000000000e+00
1.000000000000000000e+00
1.000000000000000000e+00
1.000000000000000000e+00
1.000000000000000000e+00
-1.000000000000000000e+00
1.000000000000000000e+00
8.790962917524158815e-01
-7.192598445591300571e-01
-1.000000000000000000e+00
-1.000000000000000000e+00
1.000000000000000000e+00
-3.670087046091377037e-01
1.000000000000000000e+00
-9.591154163077797445e-02
1.000000000000000000e+00
-3.779212565816549851e-01
7.237378905739295654e-01
1.000000000000000000e+00
-1.000000000000000000e+00
-1.000000000000000000e+00
-1.000000000000000000e+00
-1.000000000000000000e+00
8.348088347196026549e-01
-1.000000000000000000e+00
1.000000000000000000e+00
-1.000000000000000000e+00
-1.000000000000000000e+00
1.000000000000000000e+00
1.000000000000000000e+00
-2.170376694413982399e-01
-5.545872154960307387e-01
7.017581131990644483e-01
-1.000000000000000000e+00
-1.000000000000000000e+00
1.000000000000000000e+00
4.282734692986724379e-01
1.000000000000000000e+00
-1.000000000000000000e+00
-1.000000000000000000e+00
2.208968407264026990e-01
1.000000000000000000e+00
8.943188203360651345e-01
5.713268021025847965e-01
-4.155806115549773860e-01
-1.000000000000000000e+00
1.000000000000000000e+00
-1.000000000000000000e+00
-1.619018753453194126e-02
1.000000000000000000e+00
-1.000000000000000000e+00
-1.000000000000000000e+00
-7.866908603343367723e-01
5.440515350343062551e-01
8.151223810493869459e-01
-1.272135716727518240e-01
1.000000000000000000e+00
-1.453440648701007643e-01
2.982345841283469134e-01
-1.000000000000000000e+00
-7.185373591578680941e-02
1.000000000000000000e+00
-1.000000000000000000e+00
1.000000000000000000e+00
-1.000000000000000000e+00
1.000000000000000000e+00
-9.370351202718674166e-02
-2.587508760156781440e-01
-4.038544035640872498e-01
-9.834429213150299720e-01
-4.721732753170626573e-01
1.000000000000000000e+00
-1.471015783500683738e-01
-8.959454344348457555e-01
-5.298240771455529075e-01
4.655313845797621752e-01
-1.000000000000000000e+00
1.000000000000000000e+00
7.022217582480684284e-01
-1.000000000000000000e+00
-4.286315138268732561e-01
1.000000000000000000e+00
-1.000000000000000000e+00
1.125247168958756205e-01
-2.230337087410963481e-02
-1.000000000000000000e+00
1.000000000000000000e+00
2.634520964553547229e-01
-3.257825438982588917e-01
-1.852401210592780068e-01
-1.000000000000000000e+00
1.000000000000000000e+00
-9.738183782084841589e-01
-1.000000000000000000e+00
1.000000000000000000e+00
1.000000000000000000e+00
-1.332968942326410167e-01
-1.000000000000000000e+00
-2.738980754893935998e-01
3.478949768815273735e-01
1.000000000000000000e+00
1.000000000000000000e+00
-1.000000000000000000e+00
-1.000000000000000000e+00
-1.000000000000000000e+00
6.715704921186893550e-03
-4.869447798460426191e-01
1.000000000000000000e+00
-8.770580209678217054e-01
-1.000000000000000000e+00
1.000000000000000000e+00
5.925093102360231567e-01
-6.176774130737764379e-01
-1.000000000000000000e+00
-1.000000000000000000e+00
-1.000000000000000000e+00
-8.526187054856718683e-01
1.000000000000000000e+00
1.000000000000000000e+00
9.593640695222109827e-01
-1.000000000000000000e+00
1.000000000000000000e+00
1.000000000000000000e+00
1.000000000000000000e+00
-1.000000000000000000e+00
-2.986846426013320954e-01
1.705812168505183024e-01
-8.500311944741070214e-01
-2.653762639717317795e-02
1.000000000000000000e+00
