4.359616103806484011e-01
-3.596408867579455659e+00
3.452960689202576594e-01
3.224188344180685672e-01
-1.623519480200784182e+00
-2.063388330687342176e+00
-3.824409731662279377e+00
-7.456931906336574656e-01
3.425872463378373478e+00
1.962626593894306382e+00
-7.065911581235518879e-01
6.804366710768903204e-01
-5.162471569821528661e+00
-1.290827289644347786e+00
-1.693875380003956321e+00
4.721921999238190004e-01
-6.904420356451588248e-01
1.272577960176145995e+00
-1.976689460744102345e+00
2.745971598200826591e+00
4.672796723473229830e-01
-2.408472309882750961e-01
-3.012799265513290692e-01
2.840416124222804317e+00
-4.423158971514746796e-01
-9.764235516119340597e-02
1.888369112773885528e+00
1.198459454752631714e+00
-9.342088800300731855e-01
9.843218762814134326e-01
-3.704306089786504330e+00
5.404182621574959988e-01
6.270716823920532423e-01
4.032587921284839005e+00
1.361168321660899405e-02
8.854882643021089184e-01
1.197767242471112548e+00
-9.619879534898793105e-01
8.068327422118295456e-01
-5.511946779014753606e-01
-1.595419048649428628e+00
6.737806522825118272e-02
-9.315642136899625614e-01
4.511060307805532799e-01
-3.053665578312919848e+00
1.121976428528621117e+00
-4.493743730373933598e-01
-5.416224348749281159e-01
2.233068191888058607e+00
-1.934723548643071944e-02
-3.772054402826543473e-01
-1.258003051802007111e+00
-1.541369838797723713e-02
-5.673326982890801728e-01
-9.089588714431101613e-01
-1.000000000000000000e+00
1.011649848484862113e-02
1.322117320540002972e+00
-2.410715463249225365e+00
-2.362371595100536403e+00
7.377105500258569482e-01
-1.746409755924624330e+00
1.385985512852948354e+00
-6.607194126444522198e-01
-1.375243576512999777e+00
-1.267893499103136534e+00
1.306508642919557817e+00
-4.778777934849531839e-02
1.728884850081235491e+00
-6.465509609497497312e-01
-4.804160403051143113e-01
-1.722259910951596584e+00
1.605439963057291308e+00
1.818994878946301963e+00
-2.559141532135069674e+00
2.100976116047298170e+00
-7.428119084666326977e-01
-3.218894913239115141e+00
3.923895550339813187e-01
-4.491444503846409475e+00
-1.983541537164867030e+00
6.323067610669488303e-01
5.306295516791735833e-01
1.294659187346538509e+00
6.908360399293329568e-01
7.649365149868440072e-01
-1.044583278023442308e+00
-1.514568098009357655e+00
-2.489063485511038287e+00
-7.803033556665885939e-01
-1.861112485579630160e+00
-2.660633295141539012e-01
8.670978248435672053e-02
1.420800647901187208e+00
-4.474347066520377170e-01
-5.824888388139548567e-01
8.768731758766237228e-01
-2.371495053072051107e+00
-1.985400929665540382e+00
2.529738159025247235e+00
9.859645580184734914e-01
-1.181417582824339618e+00
1.490063499868878871e+00
5.397522803362452493e+00
-1.237046208209443776e+00
-3.557636342341834457e+00
1.306364578241035801e+00
1.106607449584492642e+00
-2.208239740940420859e-02
-2.113585910834378634e+00
-4.425290840632061240e-01
-9.453694719736582819e-01
-1.123251411618445328e+00
7.296975607360201010e-03
2.388025438512966669e+00
-1.880899482126191735e+00
6.113523205027991958e-01
-1.171539361963984005e+00
1.296268347924918185e-01
2.691438092119566861e-01
-7.303150623451575285e-01
3.845420629332904294e+00
4.499045353571329287e-02
-1.559485191145124849e+00
-9.590952791410245482e-02
-1.135648453347205988e+00
-1.418886593119905726e-02
5.220084981008938918e-01
-7.989704392231227192e-01
2.061975927782542684e+00
-1.777506045296789683e+00
1.550504829254171879e+00
-6.896516521974773717e-01
-6.549140894418179482e-01
-4.567067731271529096e-01
-3.083990914594137767e+00
-4.740755310161115510e-01
-2.669253489246928623e+00
-2.839884862906085772e+00
1.236722035917518614e+00
-2.000519440570024954e-01
3.233624859340333280e-01
-1.164266326750528213e-01
7.391117194013014924e-01
1.445225945202024853e+00
1.558010779650028432e+00
-9.983973626048792127e-02
-4.245403111850618583e-01
8.689647971250646918e-02
-1.308180114403003191e+00
-1.547823502855549815e-01
-1.772506024916150169e+00
9.880091458092586931e-01
1.736727528053367831e+00
-4.439339108098860898e-01
1.795020592745648846e+00
1.665549079112273567e+00
8.016340860521711242e-01
-3.111431349325588513e-01
-1.077401559944614728e+00
2.636643333683668544e+00
-3.182690850906053193e+00
-1.774826609035016212e-01
8.992340686598974120e-01
-1.243144316862333287e+00
-9.817839325420076868e-01
-7.000537674356506201e-01
-2.102634345635697066e+00
1.208844503789392039e-02
5.499429156507503080e+00
-3.821036688527959857e+00
-2.196190891870223982e+00
1.494503751169099504e+00
-3.344113763020536978e-01
-6.117116852765172030e-01
4.527613426329702984e-01
2.820709517532105082e-02
-8.909854879728891508e-02
3.399985420712640760e+00
-6.690380381141295407e-01
5.449559778299173374e-01
-1.595622629330575082e+00
-1.742767700266011077e-01
8.216458208926391560e-01
9.393962814864111888e-01
-4.674102853126666623e+00
2.529322450755646656e+00
1.011292525946742904e+00
8.881716917565923852e-01
3.670134290595328808e-01
-1.000000000000000000e+00
-5.596520122499395455e-01
1.854943596745829426e+00
-5.939280611518632513e-01
6.940759912344398597e-01
1.000000000000000000e+00
4.433806832374458384e-01
-2.012178588580909810e+00
1.089765922462293091e+00
1.001591127854621011e+00
-1.847130671285268644e+00
4.455247796102838886e-02
-1.654283512069933959e-01
2.698081529796374500e-01
1.809510928896485460e+00
1.511404334563744900e+00
-3.270974528762465638e+00
-1.381100650598914015e-01
3.940564286579010256e-01
-1.652211456134621281e+00
-1.915680939887899559e+00
-1.000000000000000000e+00
-8.320332110368409140e-01
1.201330834631466615e+00
-1.116480105732864825e+00
-2.190446328963560507e+00
5.725371982382847502e-01
-1.334634761013566040e+00
-6.670555537883472441e-01
-9.415710018611345156e-01
4.560866733652632066e-01
-1.577109523868374330e+00
2.097948287122339828e+00
-9.694035557871246711e-01
-1.671039360910168803e+00
-1.192572398153851188e+00
7.717080392059144645e-01
-2.078352591830606055e+00
-6.691369253651164861e-01
-6.029076495977565564e-01
5.492211267361790661e-01
-3.126345392074003637e-01
7.242238284928771419e-01
-1.474661232303111080e-01
1.607236680008962582e+00
2.436366329501334693e+00
1.000000000000000000e+00
-9.030563373278220896e-01
-4.035293947011253657e-01
3.976259755771721860e+00
-3.679798129308939458e+00
-1.065077780953557651e+00
-5.952422303259576886e-01
-1.134302399758760460e+00
-3.843340654928531497e-01
1.141172480029966518e+00
-3.007088013514342961e-01
-1.731102259411681166e+00
3.821733446400715772e-01
1.293240842717177541e+00
-4.040025454335058885e-01
1.944770492015353902e+00
1.144127110665432268e+00
-1.483184056212911717e+00
-8.352339139647281252e-01
-6.307635846400773127e-01
-4.823994547224228491e-01
-6.934303522583609158e-01
-1.186761534014280084e-01
1.915060125474935315e+00
-1.467107007590475742e+00
-1.336993647262664231e-01
1.099424673431104615e+00
2.001827159764705044e+00
-2.148160698469648022e-01
