-1.000000000000000000e+00
1.000000000000000000e+00
-1.000000000000000000e+00
4.274681090968690533e-02
4.691411343656822774e-01
-1.000000000000000000e+00
1.000000000000000000e+00
1.000000000000000000e+00
1.000000000000000000e+00
-1.000000000000000000e+00
-8.872644245771401650e-01
-7.836760882164495179e-01
1.000000000000000000e+00
-4.483907248866969564e-01
1.000000000000000000e+00
1.000000000000000000e+00
-9.322735221908939884e-01
1.000000000000000000e+00
8.663401860477004668e-01
-1.000000000000000000e+00
-1.000000000000000000e+00
-1.000000000000000000e+00
-1.000000000000000000e+00
5.949748532374914411e-01
-1.000000000000000000e+00
-3.953525528306778281e-01
5.295234556639584200e-01
-4.020504623719465265e-01
8.240344100895492518e-01
-1.000000000000000000e+00
1.000000000000000000e+00
-6.218832151849629231e-01
1.542218356882116836e-01
7.215810089718188713e-02
1.000000000000000000e+00
4.368132615243949246e-01
-7.213419254845891970e-01
1.991791410920740191e-01
1.000000000000000000e+00
1.000000000000000000e+00
1.000000000000000000e+00
-4.060878199458974880e-01
-7.411836938257824192e-01
-1.310893368708352380e-01
1.000000000000000000e+00
1.000000000000000000e+00
-1.000000000000000000e+00
-1.000000000000000000e+00
2.364686426363465377e-01
-3.476217308026237074e-01
-1.499385876650619065e-01
1.000000000000000000e+00
-1.000000000000000000e+00
-1.000000000000000000e+00
-1.000000000000000000e+00
1.000000000000000000e+00
-8.674000379035005093e-01
1.000000000000000000e+00
6.686864768216835841e-01
4.493716552971571687e-01
-1.000000000000000000e+00
3.504520667823516900e-01
1.000000000000000000e+00
7.100082324445753379e-01
1.000000000000000000e+00
1.000000000000000000e+00
-1.000000000000000000e+00
1.000000000000000000e+00
-1.000000000000000000e+00
1.000000000000000000e+00
-1.633653235380515545e-01
-1.000000000000000000e+00
-7.150099337683261114e-01
-1.000000000000000000e+00
6.100357899032826658e-01
-3.390409193805665744e-01
-1.000000000000000000e+00
-1.000000000000000000e+00
-1.000000000000000000e+00
1.000000000000000000e+00
1.000000000000000000e+00
3.373002656076721784e-01
1.000000000000000000e+00
1.000000000000000000e+00
5.593889870754364946e-02
-3.942107594763645251e-01
1.000000000000000000e+00
2.998584749945985006e-01
-1.000000000000000000e+00
8.504566618703981451e-01
-9.206412600606279639e-01
-1.000000000000000000e+00
-1.000000000000000000e+00
-1.000000000000000000e+00
1.000000000000000000e+00
-1.335378923758910596e-01
-1.000000000000000000e+00
-1.000000000000000000e+00
1.000000000000000000e+00
1.244336093656821518e-01
-1.000000000000000000e+00
-1.000000000000000000e+00
-1.000000000000000000e+00
-6.712633317459493210e-01
1.000000000000000000e+00
-1.000000000000000000e+00
1.000000000000000000e+00
1.000000000000000000e+00
-1.000000000000000000e+00
1.000000000000000000e+00
-1.000000000000000000e+00
1.000000000000000000e+00
1.000000000000000000e+00
-1.000000000000000000e+00
5.971216259073296451e-01
-8.026025425719011119e-01
-1.000000000000000000e+00
1.000000000000000000e+00
7.448044655216610188e-01
-1.000000000000000000e+00
-1.000000000000000000e+00
-1.000000000000000000e+00
1.000000000000000000e+00
1.000000000000000000e+00
-1.000000000000000000e+00
-2.026192433907951784e-01
-1.444350536424797715e-01
5.744024037877770716e-03
-1.000000000000000000e+00
-3.786758747411856918e-01
-1.000000000000000000e+00
1.000000000000000000e+00
-2.066977251114127112e-01
5.418279787597102271e-02
-1.000000000000000000e+00
1.000000000000000000e+00
9.438061986886479016e-01
-7.445240997922791815e-01
-1.000000000000000000e+00
-9.195694649179935176e-01
1.000000000000000000e+00
-7.469946760551393616e-02
1.000000000000000000e+00
1.000000000000000000e+00
1.000000000000000000e+00
1.000000000000000000e+00
4.804154274406389202e-01
-1.000000000000000000e+00
-7.536558119300573733e-01
-1.000000000000000000e+00
-1.071279272489697454e-01
1.546151661752405149e-01
7.527515961196016292e-01
-1.000000000000000000e+00
5.308210774137089860e-01
-9.495338290158292782e-01
1.984444397403699600e-01
-7.993278710863918057e-01
-3.698242639398229281e-01
3.151446647952476643e-01
-2.014063689805399848e-01
-1.000000000000000000e+00
-1.000000000000000000e+00
-1.000000000000000000e+00
-8.942956123694120185e-01
-6.317732690720804234e-01
-8.015261206104347114e-01
1.433347262391200250e-01
-1.000000000000000000e+00
-1.000000000000000000e+00
1.000000000000000000e+00
-1.000000000000000000e+00
1.000000000000000000e+00
5.988121461090070152e-01
-1.000000000000000000e+00
1.000000000000000000e+00
3.746780294754414875e-01
-1.000000000000000000e+00
-7.742284107982299046e-01
1.000000000000000000e+00
-7.866065948372115146e-01
-1.000000000000000000e+00
-8.883753894955384034e-01
4.038096105042697781e-01
-5.503497361818776579e-01
1.000000000000000000e+00
1.000000000000000000e+00
8.928100378301475626e-01
-3.959230119018547489e-01
-1.000000000000000000e+00
-1.000000000000000000e+00
1.000000000000000000e+00
-1.000000000000000000e+00
-1.000000000000000000e+00
1.000000000000000000e+00
1.186546687408731593e-01
1.000000000000000000e+00
1.000000000000000000e+00
-1.000000000000000000e+00
-1.000000000000000000e+00
-6.157166530930606729e-01
-1.000000000000000000e+00
-1.527023841514478786e-01
-1.000000000000000000e+00
5.566008435804690180e-01
1.000000000000000000e+00
-3.459236664589688814e-01
-1.000000000000000000e+00
-3.535964140795856414e-01
-6.218174804030391911e-01
-1.000000000000000000e+00
-1.367684197351306252e-01
-1.000000000000000000e+00
-4.875087557011330563e-01
-7.300967635303989844e-02
-1.000000000000000000e+00
-1.000000000000000000e+00
-1.000000000000000000e+00
1.000000000000000000e+00
-1.000000000000000000e+00
-1.469304107007933236e-01
1.000000000000000000e+00
-1.000000000000000000e+00
1.000000000000000000e+00
-6.528836167656366651e-01
5.810085600349307322e-01
1.000000000000000000e+00
1.000000000000000000e+00
1.000000000000000000e+00
-3.474744397920370709e-02
1.000000000000000000e+00
-9.346290819855423981e-01
4.070446846640973781e-02
-1.000000000000000000e+00
1.000000000000000000e+00
-1.000000000000000000e+00
1.000000000000000000e+00
1.000000000000000000e+00
5.537477013170917228e-01
6.576062717437247684e-01
6.442076817161161983e-01
-1.000000000000000000e+00
1.000000000000000000e+00
-6.058169750753739091e-01
-1.549318949150051417e-01
-9.376091608834741242e-02
1.000000000000000000e+00
1.000000000000000000e+00
1.000000000000000000e+00
-2.761511721771712224e-01
-8.432518394018746477e-01
-1.000000000000000000e+00
-2.831886116765923167e-01
1.000000000000000000e+00
-6.143597577386490372e-01
-1.000000000000000000e+00
-8.116914738991487521e-01
-2.103313731498257511e-02
8.801429987351542250e-01
1.000000000000000000e+00
-4.411463495570016602e-01
-1.000000000000000000e+00
1.654254921976744397e-01
1.583278980947575576e-01
-1.000000000000000000e+00
