2.959328660087355845e-01
-1.814104648684066734e-01
5.053180864357181834e-01
5.500788357372314863e-01
-6.980338671182884092e-01
1.000000000000000000e+00
1.000000000000000000e+00
-8.164482541788504744e-01
8.909878128248178708e-01
-1.000000000000000000e+00
1.000000000000000000e+00
-1.000000000000000000e+00
-1.000000000000000000e+00
-5.735799253473552461e-01
6.082509525707473497e-01
2.109285433056837800e-01
-3.913925230687587131e-02
1.000000000000000000e+00
-2.335918009695706066e-01
3.762792312120517568e-01
-5.831492665179762724e-01
7.521890328210398824e-01
9.971255544815653682e-01
-1.000000000000000000e+00
4.395387657972142925e-01
1.000000000000000000e+00
8.965385627346544872e-02
-8.863196923684686368e-01
-3.650431809611720535e-01
-1.000000000000000000e+00
2.009849905034999107e-01
2.344856381316540173e-02
1.577276051550173808e-01
-2.595302044589593571e-01
-5.005753405525501520e-01
1.000000000000000000e+00
-4.047314827346673027e-01
5.709218473806679794e-01
4.550936184745171253e-01
1.132196767337640964e-01
-9.908171122057352065e-01
-1.000000000000000000e+00
1.000000000000000000e+00
-5.523404665809079628e-01
-6.845250804925868682e-01
2.570198208211027513e-02
-5.603838499550717334e-01
-8.811607895998749829e-01
-5.680260991014427496e-01
-1.018217634576255026e-01
1.000000000000000000e+00
1.000000000000000000e+00
6.086678493088804043e-01
6.561990196858664692e-01
1.000000000000000000e+00
-1.000000000000000000e+00
-7.348200117604833936e-01
-3.102758858345309179e-01
-1.000000000000000000e+00
-1.000000000000000000e+00
-4.081967460139516723e-01
-1.000000000000000000e+00
-1.000000000000000000e+00
-1.000000000000000000e+00
-7.593683083669431344e-01
1.000000000000000000e+00
5.073808585747890953e-02
7.793463625487995206e-01
1.000000000000000000e+00
4.137014760253926449e-02
6.128596294224675223e-01
2.157354316470549982e-01
-1.000000000000000000e+00
1.000000000000000000e+00
1.000000000000000000e+00
7.026631047562081900e-01
-1.000000000000000000e+00
-4.599839205359635974e-01
-1.583528643088049082e-01
-1.000000000000000000e+00
4.379706129452054508e-01
1.000000000000000000e+00
1.000000000000000000e+00
-1.000000000000000000e+00
-1.275328790916772093e-01
-4.236584088108538149e-01
2.258488946421164378e-01
1.000000000000000000e+00
1.000000000000000000e+00
1.000000000000000000e+00
3.625431122547144169e-01
6.949906199322886113e-01
-1.399080088830209068e-01
-1.299925392206930930e-01
-8.511001383151876043e-01
9.567903068920424747e-02
-5.918553147783485180e-01
8.329969035431904478e-01
1.190442962998458365e-01
1.000000000000000000e+00
-1.000000000000000000e+00
-5.910825117923246275e-01
-7.251738698698790841e-01
9.337799215160063060e-01
9.960126083654562423e-01
7.389930426473263481e-01
3.314834300956539526e-01
5.116546742401746339e-01
-4.267646427947702215e-02
4.582463620733279175e-01
-1.000000000000000000e+00
-1.000000000000000000e+00
4.881180674683973653e-01
-6.519160924966467263e-01
-1.000000000000000000e+00
-9.862794137413348761e-01
2.328692681682100751e-01
1.000000000000000000e+00
1.000000000000000000e+00
1.094257651687831345e-01
4.551406163720406184e-01
1.000000000000000000e+00
4.141623230986581916e-01
-9.675034541155172474e-02
1.000000000000000000e+00
1.000000000000000000e+00
-4.761307861782877460e-01
4.822363370088875723e-01
3.725228636487377121e-01
1.000000000000000000e+00
1.000000000000000000e+00
7.535355795194579320e-01
4.207107311235175895e-01
-8.490293183772185115e-01
-2.260082409495487443e-01
-2.085998055382353999e-01
6.391386470607589576e-01
-5.029519649501454914e-01
-4.882884707594739027e-01
6.956057801724779832e-01
1.586268752781205826e-01
1.000000000000000000e+00
-1.000000000000000000e+00
-4.516389524603438010e-01
1.000000000000000000e+00
-5.380065794298327653e-01
-7.034235763112839379e-01
-6.474977802933634674e-01
1.000000000000000000e+00
-5.098553036062092314e-01
-1.000000000000000000e+00
-4.624801299539720301e-01
1.000000000000000000e+00
-2.777899099069232047e-01
-7.711322709948951193e-01
1.000000000000000000e+00
7.258095615009119150e-01
1.000000000000000000e+00
1.000000000000000000e+00
1.000000000000000000e+00
1.975842686386484193e-01
9.414873851038367825e-01
-8.567264563039067582e-02
4.800368001197357071e-01
-3.185340058586771939e-01
-2.254624245094840884e-01
-5.858320583871723386e-01
5.857141698210164282e-01
5.782631322521253336e-01
1.000000000000000000e+00
-4.324574909501823772e-01
-6.553707806153585835e-02
5.797335889093898631e-01
1.000000000000000000e+00
-1.000000000000000000e+00
-7.329858522658527775e-01
6.797616915745652300e-02
-1.000000000000000000e+00
-7.857820582673609167e-01
5.473542431685332055e-01
-1.306254584252828366e-01
1.000000000000000000e+00
1.000000000000000000e+00
7.718600339774772667e-01
-3.627328387275505772e-01
3.897889791703053053e-01
-1.476737878776023249e-01
-3.607399839366731698e-02
-4.107598697470833948e-01
1.000000000000000000e+00
-8.719004102812477619e-01
-1.000000000000000000e+00
1.000000000000000000e+00
5.450653672390781690e-01
4.165954175558626016e-01
-1.000000000000000000e+00
-1.000000000000000000e+00
1.478386416323118069e-01
4.680009141736338751e-01
-1.000000000000000000e+00
-1.000000000000000000e+00
-4.008352050786258003e-01
-1.520309749747508210e-01
7.543147596134582855e-01
-6.935172705472163468e-01
-1.205428289179495405e-01
-3.244490657808465350e-01
-2.556240340623517904e-01
-2.833618820071943656e-01
1.000000000000000000e+00
-4.477629656814436920e-01
-1.000000000000000000e+00
8.333389377606097437e-01
5.070234528897739068e-01
-2.350182824754787347e-01
1.000000000000000000e+00
-3.473329825181621366e-01
-5.885397489660183501e-01
1.000000000000000000e+00
2.041321255612937868e-01
8.992682348097006395e-01
1.000000000000000000e+00
1.000000000000000000e+00
-1.000000000000000000e+00
8.685002077486710936e-01
-1.000000000000000000e+00
-4.055800488457964592e-01
1.000000000000000000e+00
8.836816836327749947e-01
-5.909264583669970872e-01
1.000000000000000000e+00
9.901303776509107202e-01
8.535832856835232629e-01
1.000000000000000000e+00
6.823995507991815757e-01
8.733287503419983056e-01
7.150583013211193606e-01
8.793895245773681868e-01
8.368372325723847371e-01
6.659735106158446438e-01
-1.000000000000000000e+00
1.000000000000000000e+00
1.000000000000000000e+00
-1.000000000000000000e+00
1.000000000000000000e+00
8.233767044174646887e-01
4.606698669271334090e-01
-4.134995240980892106e-01
1.000000000000000000e+00
1.000000000000000000e+00
-1.000000000000000000e+00
-6.555112786540624459e-01
2.098333803143936915e-01
5.306669466366840116e-01
-2.443364641185358788e-01
-9.339194918978628301e-01
9.775298472245059767e-01
3.604183386688730728e-02
5.929668115538239137e-01
-6.542586136668693264e-02
7.718930094028885192e-01
-5.307958107212207288e-01
-8.694413802377474187e-01
9.468235037411272259e-01
1.400088327817222977e-01
