1.000000000000000000e+00
1.000000000000000000e+00
-1.114779232022997946e-01
1.388328816974613300e-01
1.000000000000000000e+00
2.245753329439830193e-01
5.621970163541379906e-01
1.000000000000000000e+00
1.000000000000000000e+00
6.219362573011549822e-01
-1.000000000000000000e+00
7.788598020258552523e-01
1.000000000000000000e+00
-4.559953037991344993e-01
-3.387370748460627468e-02
-1.000000000000000000e+00
-5.407727095176497745e-01
-1.000000000000000000e+00
1.000000000000000000e+00
-1.000000000000000000e+00
2.647457419240885623e-01
9.044662297286719665e-01
-3.481762280839173496e-01
1.000000000000000000e+00
-1.000000000000000000e+00
-1.000000000000000000e+00
-1.000000000000000000e+00
-1.000000000000000000e+00
-1.000000000000000000e+00
4.101381556699568165e-01
1.437075347237296574e-01
1.154981967041694979e-01
2.642227132087064390e-01
8.105349929090411853e-01
-1.000000000000000000e+00
-4.131520438255555927e-01
-8.049192911626774638e-01
1.000000000000000000e+00
-7.770750216209243444e-02
-1.000000000000000000e+00
-4.612745086186101906e-01
-4.873616470611863427e-01
-1.000000000000000000e+00
7.987451888649282905e-01
-1.000000000000000000e+00
1.000000000000000000e+00
4.836772801003186295e-02
1.000000000000000000e+00
7.453026877543578177e-02
2.044361726212133856e-01
-1.000000000000000000e+00
1.458912645315297851e-01
-1.000000000000000000e+00
3.875751189597754776e-01
-1.000000000000000000e+00
-1.000000000000000000e+00
-1.000000000000000000e+00
-6.110154970661729745e-02
9.611477131059986689e-01
-8.655741538556648296e-01
-1.000000000000000000e+00
-1.000000000000000000e+00
1.000000000000000000e+00
4.219710297020142775e-01
2.230451678082757405e-01
-1.000000000000000000e+00
-1.000000000000000000e+00
1.000000000000000000e+00
-2.029458403439787784e-01
3.859503442410927576e-03
1.357678658248682169e-01
-3.054380743556388000e-01
-6.773204483579839952e-01
-5.542953102251332309e-01
-1.000000000000000000e+00
1.000000000000000000e+00
-1.000000000000000000e+00
1.000000000000000000e+00
-7.307116281133734237e-01
1.000000000000000000e+00
-1.000000000000000000e+00
1.000000000000000000e+00
1.000000000000000000e+00
1.000000000000000000e+00
5.982529234266058538e-01
8.344464187675288969e-01
1.840288019620444082e-01
1.000000000000000000e+00
-1.000000000000000000e+00
1.000000000000000000e+00
9.201713758792342546e-01
1.042784983041649127e-01
1.000000000000000000e+00
-1.000000000000000000e+00
-1.000000000000000000e+00
7.751184967204409748e-01
-9.487195023961439988e-01
6.763513979992328284e-01
-2.481922703945530495e-01
6.575492419873343319e-01
-8.948140252799011707e-01
-1.000000000000000000e+00
-1.000000000000000000e+00
-1.000000000000000000e+00
4.244455303275750935e-01
6.051667104702962430e-01
-2.555851942506603969e-02
-2.796732347582552292e-01
-8.042225381122980465e-01
-1.000000000000000000e+00
-5.322043055201546302e-01
-1.000000000000000000e+00
1.000000000000000000e+00
-1.000000000000000000e+00
-1.000000000000000000e+00
1.000000000000000000e+00
9.392896699623083379e-01
-1.000000000000000000e+00
-1.000000000000000000e+00
-5.196355588365397793e-02
6.765919041644682941e-02
-1.000000000000000000e+00
-5.544767383434930919e-01
-3.210886202552344360e-01
-1.000000000000000000e+00
3.775358194287405933e-01
9.902030957117466947e-01
1.093673397361527022e-01
-2.262680874331215453e-01
-1.703340148810350008e-01
-5.508385480479016660e-01
1.000000000000000000e+00
-1.000000000000000000e+00
3.019413387550311523e-01
1.359355427233124303e-01
-1.000000000000000000e+00
3.192911438258472234e-01
-1.000000000000000000e+00
6.326478745012302785e-01
1.000000000000000000e+00
3.644806316590587514e-03
3.995920535569899013e-01
1.288888278991743297e-01
1.000000000000000000e+00
-1.000000000000000000e+00
-2.522867624597879832e-01
-1.000000000000000000e+00
8.640948337487082132e-01
1.000000000000000000e+00
1.000000000000000000e+00
-1.000000000000000000e+00
1.000000000000000000e+00
9.760867466100048295e-01
1.000000000000000000e+00
1.000000000000000000e+00
-1.000000000000000000e+00
6.557816599889498832e-01
1.000000000000000000e+00
-6.976985582047170453e-01
-6.208173104423888589e-01
-3.025345925830085214e-01
4.069341965721119392e-01
-7.858726370340045619e-01
4.605387263894133998e-01
-6.440895149324044056e-02
9.563508530190937273e-01
-1.000000000000000000e+00
-1.000000000000000000e+00
-1.000000000000000000e+00
-8.003239548746277077e-01
-1.000000000000000000e+00
-1.000000000000000000e+00
-1.626908509274331005e-01
-2.511414759354952952e-01
4.615461250051097197e-01
6.328717185146972568e-01
-5.181291895171675765e-01
-1.000000000000000000e+00
-1.000000000000000000e+00
3.452758857465613174e-01
-6.664938275644396448e-01
1.000000000000000000e+00
-5.188427476404132710e-01
1.000000000000000000e+00
-1.000000000000000000e+00
1.000000000000000000e+00
-6.106180961837359700e-01
4.652528586766254692e-01
8.261090603323159032e-01
-6.592293969725357972e-01
1.000000000000000000e+00
-4.172432774609149964e-01
1.000000000000000000e+00
7.169588275896981999e-01
1.000000000000000000e+00
5.086073047435133443e-01
-7.496844525865535847e-01
-1.000000000000000000e+00
5.842536499679394923e-01
3.589748293718122429e-01
-2.157744860698460609e-01
7.374056378523640154e-01
-2.904101023822663885e-01
1.000000000000000000e+00
-2.641554532274908440e-01
-1.000000000000000000e+00
1.000000000000000000e+00
-5.630676953679814023e-01
4.823138126980350271e-01
9.122667875057137721e-01
1.000000000000000000e+00
-1.000000000000000000e+00
-1.000000000000000000e+00
-1.000000000000000000e+00
-4.084349579555398568e-01
-1.000000000000000000e+00
-5.807606030469929514e-01
1.000000000000000000e+00
1.000000000000000000e+00
-1.000000000000000000e+00
-5.225348414030908106e-01
-6.412266883298967102e-02
-1.000000000000000000e+00
-1.000000000000000000e+00
1.000000000000000000e+00
7.312708281962714274e-01
-8.043544926493048641e-02
-1.000000000000000000e+00
1.000000000000000000e+00
6.418271658226264442e-01
-1.000000000000000000e+00
6.991164858505987123e-01
1.000000000000000000e+00
1.000000000000000000e+00
-4.270069465752762694e-02
1.000000000000000000e+00
1.000000000000000000e+00
1.000000000000000000e+00
-5.155018505906545645e-01
1.000000000000000000e+00
-5.943903569728625769e-02
-5.185113937542692453e-01
3.905730104720087081e-01
1.000000000000000000e+00
1.000000000000000000e+00
-1.000000000000000000e+00
1.000000000000000000e+00
-1.000000000000000000e+00
-1.000000000000000000e+00
-7.596411919319654427e-01
-1.000000000000000000e+00
8.203285995426834454e-01
1.000000000000000000e+00
-1.000000000000000000e+00
-1.000000000000000000e+00
9.419112580350059716e-01
5.864631579784440607e-02
1.000000000000000000e+00
1.000000000000000000e+00
-5.392450716003953648e-01
5.037504256777980416e-01
-1.000000000000000000e+00
4.006708865028214550e-01
1.000000000000000000e+00
-4.802397835404167425e-01
