4.743297984597680816e-01
1.000000000000000000e+00
1.000000000000000000e+00
7.569736248892043884e-01
-1.000000000000000000e+00
-4.626804558527450872e-01
-2.402903025603719822e-02
-2.793511065760676537e-01
-6.282967771017278213e-01
-1.000000000000000000e+00
1.000000000000000000e+00
-9.444049482832233000e-01
2.361031269240665975e-01
-1.000000000000000000e+00
7.206224483410614834e-01
-1.000000000000000000e+00
-1.514710446723701587e-01
-7.857291652073857824e-01
1.000000000000000000e+00
-2.911435407330509317e-01
1.000000000000000000e+00
4.131981565083764352e-01
1.000000000000000000e+00
9.032009570847765456e-03
-1.000000000000000000e+00
-1.000000000000000000e+00
-1.000000000000000000e+00
-1.000000000000000000e+00
-1.000000000000000000e+00
5.032583357573704452e-01
1.000000000000000000e+00
3.660954212948712705e-01
3.584745606285373309e-01
1.000000000000000000e+00
-2.047044077103477022e-01
1.000000000000000000e+00
-1.000000000000000000e+00
-1.938995403984764554e-01
1.851076731507600437e-01
1.000000000000000000e+00
-7.134483612999897861e-01
-2.979113498783668712e-01
-1.000000000000000000e+00
1.000000000000000000e+00
3.125396406058696952e-01
1.000000000000000000e+00
1.719576499167920769e-01
-1.000000000000000000e+00
-1.000000000000000000e+00
-7.932814560185759145e-01
1.000000000000000000e+00
1.000000000000000000e+00
-1.374652579553423126e-02
-1.223396695509940679e-01
-1.000000000000000000e+00
-1.000000000000000000e+00
-8.562952528706517796e-01
1.000000000000000000e+00
7.516371182053549482e-02
-7.883541104102975705e-01
1.000000000000000000e+00
9.511138842557731454e-01
-3.900778422429973524e-02
-7.691710300149599000e-01
-1.000000000000000000e+00
-8.111282120434315512e-01
6.727864496895641366e-01
-1.000000000000000000e+00
2.853537780438443194e-01
5.131488904885579405e-01
-1.000000000000000000e+00
-4.471076646336594740e-01
-1.000000000000000000e+00
-4.955810422066334042e-01
8.295481042543321193e-01
1.000000000000000000e+00
-4.036811993744704452e-01
1.000000000000000000e+00
1.000000000000000000e+00
-2.063596514402369353e-01
7.212629750961605524e-01
7.493429937076023784e-03
-3.783552044339573150e-01
7.839657377967477192e-01
5.416768105058820115e-01
3.318764790507350293e-01
-4.842205504284958772e-01
1.000000000000000000e+00
4.256635362554451185e-01
-8.309016964334259292e-02
-1.000000000000000000e+00
-5.597824439137573105e-01
-2.313092590223353451e-01
4.066397401302714321e-01
1.000000000000000000e+00
8.095632005907709150e-01
-1.000000000000000000e+00
-2.430449352866527191e-01
1.537046592297172110e-01
1.000000000000000000e+00
-1.000000000000000000e+00
-1.000000000000000000e+00
-1.000000000000000000e+00
1.000000000000000000e+00
-1.000000000000000000e+00
-3.270687581230846686e-01
8.211887549532592701e-02
9.122610135370785578e-01
-1.000000000000000000e+00
-1.000000000000000000e+00
2.662741385529915350e-01
-1.000000000000000000e+00
1.000000000000000000e+00
-4.283860986825809292e-01
6.020553431334474404e-01
1.000000000000000000e+00
-1.000000000000000000e+00
-7.283407157728438719e-01
-1.000000000000000000e+00
-1.000000000000000000e+00
5.370851385761906682e-01
6.115458389748980039e-01
-5.199900660723970613e-01
-7.781512075126402195e-01
1.932483626519169995e-01
3.144185954844844755e-01
-7.271366807655798015e-01
5.206813943499857822e-02
-1.000000000000000000e+00
2.856147410076572690e-01
1.255754594327845863e-01
1.000000000000000000e+00
-1.000000000000000000e+00
-1.000000000000000000e+00
7.621860432378411154e-01
6.106242855671963898e-01
8.744209845739556730e-01
6.962571428079481484e-01
1.000000000000000000e+00
-3.655028575104931621e-01
-1.000000000000000000e+00
-1.000000000000000000e+00
-1.000000000000000000e+00
-1.000000000000000000e+00
-1.000000000000000000e+00
-1.000000000000000000e+00
9.321570833924265331e-01
4.034633507705754907e-01
2.281953472709633002e-01
1.000000000000000000e+00
1.000000000000000000e+00
1.000000000000000000e+00
-4.122072453876066689e-01
9.848887335048033265e-01
4.096917070117458426e-01
2.693676421329911364e-01
5.540477418291493983e-01
-8.566573033810594984e-01
3.842875619821150002e-01
6.182896241019013583e-01
-1.000000000000000000e+00
-1.000000000000000000e+00
-2.439807010664670761e-01
-7.375533449573525857e-01
5.091230328667268878e-01
-9.731706663537100788e-01
-3.503997792316664306e-01
1.000000000000000000e+00
-1.000000000000000000e+00
1.000000000000000000e+00
-1.000000000000000000e+00
6.265790373041442152e-01
-1.000000000000000000e+00
1.000000000000000000e+00
5.502928321974289716e-01
1.000000000000000000e+00
-1.000000000000000000e+00
1.000000000000000000e+00
9.513818199494605832e-01
1.000000000000000000e+00
-8.764971848883791328e-01
1.000000000000000000e+00
6.908676161165394625e-01
-2.233304797933644004e-01
1.000000000000000000e+00
-1.000000000000000000e+00
1.000000000000000000e+00
5.160408534050920926e-01
-1.000000000000000000e+00
1.000000000000000000e+00
2.987397282295721768e-01
-1.000000000000000000e+00
1.000000000000000000e+00
1.000000000000000000e+00
-1.000000000000000000e+00
-9.610887622737023239e-01
-1.000000000000000000e+00
-1.000000000000000000e+00
8.615462866815450926e-01
-2.576919632366698187e-01
1.000000000000000000e+00
-5.621922235828710201e-01
-1.000000000000000000e+00
-3.233698703328553581e-01
4.500049545429414266e-01
1.775843841190964945e-01
1.000000000000000000e+00
-1.000000000000000000e+00
1.000000000000000000e+00
-9.588755570325833144e-01
-6.154971380634495226e-01
-8.655474696546011648e-02
-1.000000000000000000e+00
1.000000000000000000e+00
1.000000000000000000e+00
4.394525617643660897e-01
1.000000000000000000e+00
-2.285867994329366382e-01
-1.000000000000000000e+00
-8.311004450764014617e-02
-1.000000000000000000e+00
-1.000000000000000000e+00
5.685321427929819205e-01
-9.540463146697923946e-01
1.000000000000000000e+00
-4.176278326196178892e-01
1.000000000000000000e+00
7.914239432214325021e-01
-1.000000000000000000e+00
-1.000000000000000000e+00
-1.000000000000000000e+00
-8.301958344043990357e-01
1.000000000000000000e+00
1.000000000000000000e+00
2.509657943063123842e-01
1.000000000000000000e+00
-1.000000000000000000e+00
8.788619955197398692e-01
-7.780173550417938122e-01
7.096299672456576335e-01
-1.000000000000000000e+00
3.179036146629993231e-01
-3.567031334895309769e-02
-4.668296702879924931e-01
5.787648890910451760e-01
-1.964188518225540303e-01
-7.543317346035367521e-01
-1.000000000000000000e+00
9.183361225588126953e-02
-1.000000000000000000e+00
-2.271967139963262938e-02
6.506555072894073533e-01
9.297149445310338711e-01
3.169083600550253177e-01
7.547203282458487816e-01
7.999034171415448924e-01
8.479055947010620820e-01
-2.215978353616812058e-01
4.402176516914331206e-01
-1.000000000000000000e+00
1.000000000000000000e+00
-9.223747381985356597e-01
1.000000000000000000e+00
1.000000000000000000e+00
-2.076777007154652077e-01
