1.000000000000000000e+00
-1.000000000000000000e+00
-1.000000000000000000e+00
-7.134406851415181494e-01
8.634777716899507682e-01
1.000000000000000000e+00
-7.546555030523490748e-01
7.668811597218683218e-01
-7.816090736246350534e-02
-1.000000000000000000e+00
5.929342279481728539e-01
3.140703907864492717e-01
1.000000000000000000e+00
8.750712544308679730e-01
1.000000000000000000e+00
-2.922414614515740361e-01
9.604351451592774147e-01
1.000000000000000000e+00
6.166303358934916989e-01
-6.461763342977221436e-01
1.000000000000000000e+00
-1.000000000000000000e+00
1.000000000000000000e+00
-1.000000000000000000e+00
-1.000000000000000000e+00
-1.163019857202000074e-01
-7.945267998046184887e-01
1.000000000000000000e+00
-1.000000000000000000e+00
1.000000000000000000e+00
-1.000000000000000000e+00
1.000000000000000000e+00
9.996359432580022020e-01
6.578515338535595447e-03
-3.465386709812223742e-04
-6.304123709195241787e-02
-1.634034587526893567e-01
-1.662596803439014836e-01
2.044356512020177874e-01
-4.978359671712008772e-01
1.000000000000000000e+00
-1.000000000000000000e+00
-2.188356155346354859e-01
1.000000000000000000e+00
-9.046053089643656397e-01
5.609998939610082447e-01
6.190099848388324055e-01
1.000000000000000000e+00
1.000000000000000000e+00
1.000000000000000000e+00
-1.000000000000000000e+00
-1.000000000000000000e+00
1.000000000000000000e+00
8.564912814286418374e-01
-6.128362777274845019e-01
-1.000000000000000000e+00
-1.000000000000000000e+00
1.000000000000000000e+00
6.200306546877198954e-02
-9.809472521514026599e-01
1.587199873902724878e-01
1.609054476809855805e-01
7.278960326785404167e-01
1.000000000000000000e+00
-1.358770172261197784e-01
-8.446308926362277036e-01
1.000000000000000000e+00
1.000000000000000000e+00
4.489826331866748621e-01
6.261244514805036632e-01
-8.795438271579616440e-01
-1.000000000000000000e+00
-1.000000000000000000e+00
-1.684202175878053986e-01
-1.000000000000000000e+00
6.926939300099224095e-01
1.000000000000000000e+00
1.000000000000000000e+00
-1.000000000000000000e+00
-6.236181319630065278e-01
-4.461882601103799306e-01
-2.151291604263172452e-01
-1.000000000000000000e+00
6.420380203958530041e-01
-2.119390117984287225e-01
-1.509427081301060181e-01
2.465738678147740282e-01
-1.933638297690851438e-01
1.760207470997687818e-01
1.000000000000000000e+00
-1.000000000000000000e+00
4.330478812391430621e-01
-1.000000000000000000e+00
-1.000000000000000000e+00
-1.000000000000000000e+00
-1.000000000000000000e+00
-6.636756509750183497e-01
1.000000000000000000e+00
-5.771489257247779392e-01
-1.000000000000000000e+00
6.194999919288369794e-01
5.390013689275332531e-01
1.000000000000000000e+00
1.530094759331098730e-01
9.988687178864272820e-01
-1.000000000000000000e+00
1.625034459071941217e-01
7.946808880469194980e-01
1.000000000000000000e+00
1.000000000000000000e+00
-3.391109462925582241e-01
-2.112608034790848244e-01
-1.000000000000000000e+00
-8.111799894322154758e-01
5.560953838025615159e-01
-6.258154829167694722e-02
5.993702265657441242e-01
1.000000000000000000e+00
5.721275417949909237e-01
1.000000000000000000e+00
1.000000000000000000e+00
-5.142667852135338613e-01
-1.000000000000000000e+00
-1.000000000000000000e+00
-1.000000000000000000e+00
-3.994696581624981313e-01
-1.000000000000000000e+00
-1.000000000000000000e+00
6.003464516113985461e-01
1.000000000000000000e+00
-1.000000000000000000e+00
-1.000000000000000000e+00
1.000000000000000000e+00
1.000000000000000000e+00
-1.000000000000000000e+00
6.184785858186763186e-01
-1.000000000000000000e+00
-4.677732722591455561e-01
1.000000000000000000e+00
1.000000000000000000e+00
-1.000000000000000000e+00
-1.000000000000000000e+00
1.000000000000000000e+00
-3.847016426101971254e-01
1.381754849932452789e-01
2.239781601692117929e-01
1.000000000000000000e+00
-6.639706526558463162e-01
1.000000000000000000e+00
1.000000000000000000e+00
-6.471668343542651414e-01
-1.845280480335498297e-01
-1.000000000000000000e+00
1.000000000000000000e+00
1.000000000000000000e+00
1.000000000000000000e+00
2.805620626460462175e-01
-4.872625553005464072e-01
-1.000000000000000000e+00
-1.000000000000000000e+00
1.000000000000000000e+00
-4.333446874816045402e-01
1.000000000000000000e+00
1.000000000000000000e+00
-1.000000000000000000e+00
-1.654887160473254015e-01
1.000000000000000000e+00
-6.324905292730851336e-01
2.582560338259743959e-01
5.881600071057865309e-01
1.970246637195163797e-02
-1.000000000000000000e+00
1.000000000000000000e+00
5.705930596886191752e-01
-1.477280536226930341e-01
1.000000000000000000e+00
-7.116728040631821184e-01
-4.850732526646943099e-01
1.000000000000000000e+00
-1.000000000000000000e+00
1.000000000000000000e+00
-6.615172003204806694e-01
1.000000000000000000e+00
-8.742858755663595050e-01
-2.020107633405194836e-01
-1.000000000000000000e+00
-1.000000000000000000e+00
-2.909698997468901926e-01
-1.000000000000000000e+00
-1.564736957243206827e-02
1.000000000000000000e+00
1.000000000000000000e+00
-1.000000000000000000e+00
-1.000000000000000000e+00
-1.000000000000000000e+00
-6.750133579150457974e-01
1.000000000000000000e+00
1.000000000000000000e+00
4.718369685797203505e-01
-1.000000000000000000e+00
1.000000000000000000e+00
-3.679567097652297614e-03
-8.951027895754455344e-01
-9.019940528791976497e-01
-1.225032389438195785e-01
-1.000000000000000000e+00
-2.484811441225855955e-01
-1.000000000000000000e+00
2.192260488078690006e-02
-5.600948786785562294e-01
4.989282174709444018e-01
1.000000000000000000e+00
-4.180237274609145959e-01
1.000000000000000000e+00
-1.000000000000000000e+00
-1.000000000000000000e+00
-6.686289069709137889e-02
-1.000000000000000000e+00
8.663391946022329648e-01
4.947347419605160890e-01
-1.000000000000000000e+00
-1.000000000000000000e+00
-1.000000000000000000e+00
-1.000000000000000000e+00
1.000000000000000000e+00
-5.858121480159497185e-01
9.517486323914435831e-01
5.910034449093044540e-01
-2.660738178559791667e-01
6.768440663800880941e-01
-7.977412732370252613e-01
-3.804941408701986161e-01
-9.868212316641876425e-02
1.000000000000000000e+00
-1.000000000000000000e+00
-1.000000000000000000e+00
-5.117276209174439483e-01
1.000000000000000000e+00
5.235708290101173112e-01
1.000000000000000000e+00
6.207046979799544228e-01
1.000000000000000000e+00
1.000000000000000000e+00
-6.727059644696549157e-01
-1.013490411846056372e-01
1.000000000000000000e+00
-4.145871275274661816e-01
-5.308128277795438610e-01
-1.000000000000000000e+00
-4.180896022714853943e-01
-1.000000000000000000e+00
-1.000000000000000000e+00
1.000000000000000000e+00
-2.659609514192126101e-01
-9.076104500551653853e-01
-1.000000000000000000e+00
-1.000000000000000000e+00
1.000000000000000000e+00
1.000000000000000000e+00
1.000000000000000000e+00
-4.661350681370144966e-01
-6.999155973275235088e-01
-3.551684318297694265e-01
5.093647283900768485e-01
8.012225134578533359e-01
