2.823154276614219249e-01
5.134662370305231871e-01
-6.286368507847666098e-01
6.264543481823827697e-01
7.543733102184688732e-01
-9.543683565488156884e-01
9.441601350642674362e-01
-7.944076308223131377e-01
5.936206739541494137e-02
9.874945388635389953e-01
-3.854719297609783268e-01
6.772338863894680205e-01
2.686067298714540641e-01
-8.971589933538539618e-01
3.940896106245839192e-02
-3.693532750179677748e-01
2.234944426545972807e-01
-8.863268082783513080e-01
-9.571932748220324250e-01
1.254904429683756373e-01
-7.109700012621771315e-01
9.191534811551527184e-01
-7.976356134092739136e-01
2.745157907679369735e-01
7.632592160676336945e-01
4.930846552077736700e-01
9.376028809677841025e-01
-8.440719274189163457e-01
-5.802699904362949024e-01
-2.391119814824895773e-01
-8.502130052320147069e-01
7.884426293397299723e-01
7.925662333644412083e-01
8.320958838266290236e-01
2.578735065936310633e-02
-6.440092318485810541e-01
-3.194361179584732646e-01
2.550587210809602823e-01
-1.041323864065457627e-02
-6.981781777243958320e-01
-7.380298824186617423e-01
-9.993716644386392289e-01
3.031445445097062930e-01
5.211588896121099879e-02
5.401619090622120645e-01
-2.960470402277251001e-01
2.773711904026436859e-01
9.505740460208444986e-02
1.644822209066874041e-01
1.614504939879071177e-01
-2.271740047678314500e-01
-5.282007091084424122e-01
3.417922140828877353e-02
-8.300140935041484536e-01
-9.543539095871667044e-02
-6.354569835091143926e-01
-1.459118752046699719e-01
1.001815906987646443e-02
9.478046614739112918e-01
-3.550546794070252865e-02
9.530566623881051580e-01
-8.036290932350056426e-01
-5.844832203222256606e-01
-3.745499887651537740e-01
-2.420895873120221253e-03
4.146298931841125857e-01
7.639300519144720525e-02
9.332336302000321382e-02
-8.050879311570846575e-01
8.265222888592189676e-01
-4.637512459052839375e-02
-1.150754407849003957e-01
-8.857952729672606829e-01
1.269856897929806383e-01
9.879290036374999140e-02
-3.730340294004699242e-01
-2.955375722732243027e-01
1.150612874316141454e-01
8.275539254611441464e-01
8.039829373528961654e-02
9.443800368295325320e-01
-5.646754691003086357e-02
6.135450367127428528e-01
7.011727793609876525e-01
-1.708732459751716171e-01
-6.605297088011474749e-02
-4.090353628375016370e-01
3.939270388971372050e-01
6.233102867341258069e-01
-2.571792885350756563e-01
9.141210787654356906e-01
2.741578628240444182e-01
-8.203522272012264693e-01
1.008525353929283774e-01
1.898299366771385444e-01
6.115817807744086121e-01
7.117006773890699467e-01
-6.235047658957109107e-01
7.329738888464099045e-01
-5.013292837226179799e-02
-7.895933190420132419e-01
2.836508524085019634e-01
-8.669991438919288917e-02
5.422688634436023669e-02
-3.122785290901501920e-01
-1.552171134164554989e-01
1.433408903493296194e-01
6.423635420720128497e-01
3.259175106421958734e-01
2.799793546419855339e-01
7.085696955481974868e-01
-4.357208706754471805e-01
-1.498862714313851097e-01
7.027358508027139461e-01
9.199801086423702312e-01
-5.487211008816670343e-01
7.307775530152806898e-01
-9.091914950351558389e-01
-7.074678145679678121e-01
1.744498074295484091e-01
7.106538543586709000e-01
2.877920532305866530e-01
-9.181472663293639425e-01
-8.351648079906517363e-01
-1.587438130765215227e-01
9.503422770310734347e-01
8.186869425873630757e-01
-8.748140729551969752e-01
-9.472347963889473643e-01
6.633427624167329562e-01
-7.587269904613871407e-01
-6.858826448220523009e-01
6.518682489038676309e-01
-1.104013707289526192e-01
-5.795447612342154997e-01
7.762288145963534003e-01
9.634269581382202130e-01
-6.583127361688914103e-01
6.192136296601111756e-01
-6.923047508100517167e-01
-9.986921202786649410e-01
-4.761679942655610009e-01
4.144164243464840691e-01
8.123686231396405333e-01
8.388008568583309454e-01
-8.419318496749510494e-01
-7.288376217570811111e-01
-5.684616703233102974e-01
-4.240356283498381007e-01
8.314512943552494484e-01
5.049021498388488460e-01
-5.193531517309002421e-01
5.218707576300680717e-01
-3.526691345777788200e-02
-2.863570043892611494e-01
3.022443852963154765e-01
7.887981137592878778e-01
6.010812205720577062e-01
7.447882806995427263e-01
-6.006081002636352029e-01
-1.078653497835078134e-01
-4.371294026932932564e-01
2.043817920087493967e-01
-9.560582631303797818e-01
-1.086317502640534727e-01
4.694631737953058881e-02
-5.090395294160257045e-01
-6.181049817658954559e-01
1.149954482643060771e-01
7.050697386120816645e-01
-3.292689156662078620e-01
9.601241896815704280e-02
-3.579191490438191625e-01
6.217016442878291471e-01
-6.007157922068628864e-01
7.426003824668157005e-01
-2.568398001576830403e-01
8.736452059640382739e-01
-6.319253033641787365e-01
4.048183169176853280e-01
2.355453195296670632e-01
-9.572944512238890091e-02
-8.447164570621916724e-01
-1.146510231734805263e-01
7.340980776482008974e-01
-6.005653507473482922e-01
-7.866519226160781919e-01
-1.804797400646553918e-01
7.774151417501817818e-02
6.112501332585051905e-02
-2.656562312716150842e-01
6.191658995571973634e-01
-9.607814432928085679e-01
-3.463249788012765507e-01
-3.807001246227406099e-01
9.341855438449613303e-01
-1.529137898343573276e-01
-5.107481332966410381e-01
7.964907504997735810e-01
8.142428570508359886e-01
2.067770094618461840e-01
-1.560584564278488795e-01
1.788992655600250004e-01
1.426635413807435526e-01
-2.140722278269058254e-01
-6.951059110533375218e-01
7.865857816144046222e-01
-5.609441532575969447e-01
-3.056214671661450222e-01
-7.695576373573063123e-01
-5.945080011986556556e-01
-7.575259056790359935e-01
6.583047805271136088e-01
-1.976039614544022882e-02
-7.024292627491866003e-01
-2.711944490152216058e-01
-5.465308674480078288e-01
-2.426647242447077524e-02
4.124769369506409156e-01
3.638835792806716096e-01
1.578994106211608628e-01
8.069882107061108201e-01
1.434545273454472802e-01
2.010698283933773922e-01
2.208253926582823823e-01
-7.437019097771921938e-01
-8.575720387577225878e-01
6.895546132501917391e-02
3.672332554419566186e-02
2.969742486076287769e-02
-5.205605457618804888e-01
6.990203061280362284e-01
2.273317375623555847e-01
4.467642241696356820e-01
6.878528070562461849e-01
5.583334193740479012e-01
2.805796517409175905e-01
-5.603055882756391437e-01
-4.551045794494723573e-01
-8.474708805815298618e-01
-5.540928343586288829e-01
-4.089287400295105179e-02
-3.843763995687796697e-01
4.910340215997497371e-01
2.380331200414997905e-01
-9.429070413864044653e-01
-9.115815513754907951e-01
9.694983475625440494e-01
3.443247678479655072e-01
4.171060070748935367e-01
-9.243940400349393016e-01
4.288093923371629757e-01
8.767595282425175718e-01
8.397232623683108521e-01
-9.886014383744359257e-01
2.187346480574225982e-01
-7.250003274780247864e-02
8.521927471713492963e-01
1.542552721862566756e-01
8.927100614552092583e-01
-2.676497042139529547e-01
-6.359402864627119456e-01
9.577664453669800793e-01
-4.534642507332555805e-01
7.145019491799191602e-01
