-6.232103795562884407e-01
1.000000000000000000e+00
9.583142498593113512e-01
-5.325124154879671279e-01
5.102988891749247191e-01
8.179840728321937648e-01
1.000000000000000000e+00
5.086614838477487854e-01
1.000000000000000000e+00
-8.408917490308749354e-01
-5.128777069593832838e-01
8.406856242767505316e-01
1.060415383886227358e-01
-8.875504898491214378e-01
4.528630632682513202e-01
6.081902614670057217e-01
-8.886264529680194535e-01
1.070332455229605628e-01
6.029274856038271402e-01
-8.263011962538697741e-01
8.204322163326774886e-01
-1.000000000000000000e+00
-1.000000000000000000e+00
-1.000000000000000000e+00
-7.220574683030238639e-01
8.981055038344281094e-01
-1.000000000000000000e+00
1.000000000000000000e+00
6.982110239927281636e-01
4.459974169091066032e-02
7.522853763969956642e-01
-1.590089874702019790e-01
-1.000000000000000000e+00
4.544307441384432544e-01
-9.086486225320700161e-02
-1.000000000000000000e+00
1.000000000000000000e+00
5.165535853272370526e-01
-1.000000000000000000e+00
-1.000000000000000000e+00
-1.046587243657196020e-01
6.089862247434787434e-01
-7.859848271460531111e-01
-2.931238543504277594e-01
-6.128816998509100111e-01
6.078933257810891222e-01
-1.000000000000000000e+00
1.000000000000000000e+00
-1.000000000000000000e+00
6.326405235561276541e-01
1.000000000000000000e+00
-1.000000000000000000e+00
1.000000000000000000e+00
-5.854099642576833240e-01
-3.001026771822424832e-01
-3.175254137990735082e-02
7.379707591074977646e-01
1.965852649900520777e-01
4.452593203524189969e-01
-1.000000000000000000e+00
-8.936058134108092466e-01
8.763708629294446606e-01
-1.000000000000000000e+00
2.708533811990995743e-01
-1.000000000000000000e+00
-1.000000000000000000e+00
-1.000000000000000000e+00
1.368568732671533450e-01
-7.371168358068841409e-01
-1.000000000000000000e+00
-1.000000000000000000e+00
8.328723707960103972e-01
-9.891163315131685785e-01
-7.499959046503406057e-01
3.250716269349925858e-01
1.000000000000000000e+00
-7.165379523309578502e-01
4.107177611536489970e-01
-1.000000000000000000e+00
1.000000000000000000e+00
4.461833894489448671e-01
-4.988381988604240203e-01
3.839139583549535661e-01
-1.000000000000000000e+00
-1.000000000000000000e+00
7.382573226962717561e-01
-8.999382233448312007e-01
-4.137834829976376194e-01
1.000000000000000000e+00
-8.021932101494967382e-01
1.387955366886567399e-02
7.366420369320234585e-01
-8.988348715634939534e-01
-9.742802930359877323e-01
-1.000000000000000000e+00
3.556315296614299681e-01
-7.028759046358302731e-01
5.357417872353140709e-01
-5.537744398675219504e-01
1.000000000000000000e+00
-1.000000000000000000e+00
-1.260814920885267032e-01
-1.158041684849815400e-01
-2.620859373210702725e-01
-1.000000000000000000e+00
-1.000000000000000000e+00
7.320954658485783195e-01
-7.945043066007200228e-01
9.587110414568674743e-01
4.257975703486858721e-01
-1.000000000000000000e+00
-1.000000000000000000e+00
7.373230229739428099e-01
-1.769163240802288373e-01
6.401626894234988541e-01
1.000000000000000000e+00
-8.621850248717144449e-01
1.049544660873788504e-01
1.864986634578351676e-01
1.243891550088255804e-01
-1.000000000000000000e+00
1.000000000000000000e+00
-1.000000000000000000e+00
6.437797617996765531e-01
-1.000000000000000000e+00
-2.215714605968820416e-01
7.953286633032510267e-01
-1.126931977171280463e-01
1.000000000000000000e+00
1.000000000000000000e+00
-8.774307302997914615e-01
1.248377235067901214e-01
-8.132314754213529895e-01
8.780297020903528038e-01
3.290646693070524709e-01
-6.376260626098417816e-02
6.917206276030698486e-01
9.332355853794875866e-01
-3.472758831007428659e-01
1.000000000000000000e+00
6.341000792903728200e-01
-8.890176430805218910e-01
-4.327659661917193090e-01
2.709778610474529170e-01
-1.000000000000000000e+00
1.494620645597174169e-01
1.000000000000000000e+00
-1.000000000000000000e+00
1.000000000000000000e+00
-1.000000000000000000e+00
7.883922478176756954e-01
1.000000000000000000e+00
-6.023492207103080531e-01
3.536329868905136453e-01
8.465413077208086001e-01
-6.546012392335931462e-01
-4.998222012774817813e-01
1.000000000000000000e+00
9.002780235598977221e-01
9.223659377776181056e-01
7.480342305412280846e-01
-1.000000000000000000e+00
8.004007445735896731e-01
-6.055532813123197799e-01
-8.960290804422810229e-02
-1.549090781018636065e-01
-1.000000000000000000e+00
1.000000000000000000e+00
-1.000000000000000000e+00
-1.000000000000000000e+00
1.000000000000000000e+00
-9.249134825542153493e-01
-9.500791963329495715e-01
-5.416869187003796604e-01
-5.376960094780838251e-01
-6.297930922918805186e-01
8.373370504203268005e-01
-6.454370855498346993e-01
-7.299268863174137589e-01
1.000000000000000000e+00
1.000000000000000000e+00
1.000000000000000000e+00
-4.615741211901439045e-01
-1.000000000000000000e+00
1.000000000000000000e+00
1.000000000000000000e+00
1.000000000000000000e+00
1.000000000000000000e+00
5.460050372722102807e-01
-1.010611027787067240e-01
-8.841594318977308298e-02
1.000000000000000000e+00
2.669583401817939849e-01
1.000000000000000000e+00
5.326701055895439740e-01
-8.776219688681256015e-01
-5.839218253244405910e-01
-1.000000000000000000e+00
1.000000000000000000e+00
8.202927837118099141e-01
1.000000000000000000e+00
-1.000000000000000000e+00
-9.679307699267869491e-01
-1.000000000000000000e+00
-3.855722961208692956e-01
1.000000000000000000e+00
1.000000000000000000e+00
-1.000000000000000000e+00
-1.000000000000000000e+00
1.000000000000000000e+00
2.246510000632842008e-01
-5.327427467707750441e-01
4.762655692862032275e-01
7.615841625441488461e-01
1.000000000000000000e+00
-4.240933078480819685e-01
-1.000000000000000000e+00
-9.212302684250832652e-01
1.000000000000000000e+00
-1.000000000000000000e+00
-5.739329702377136133e-01
1.000000000000000000e+00
-6.646346896293531259e-02
-1.027552224079205656e-01
-5.761289795448241158e-01
5.929105938224974448e-01
-7.125912701390619830e-01
-1.000000000000000000e+00
5.241211573388805389e-01
2.100856169343885416e-01
-2.779027579504521617e-01
1.000000000000000000e+00
8.652536553625467253e-01
-2.997965892666184518e-01
-7.376896817162643671e-01
1.000000000000000000e+00
5.123907736964221638e-01
-3.423198724774929591e-01
4.717689413538902476e-01
5.473773177949139424e-01
-1.000000000000000000e+00
-4.093222025272608144e-01
1.000000000000000000e+00
4.011947107424344017e-01
1.000000000000000000e+00
-3.500239683897305998e-01
-1.000000000000000000e+00
-2.136841668920537174e-01
-5.049259602126789925e-01
-1.000000000000000000e+00
-1.770355075669256539e-01
5.850326554479292618e-01
-6.589644024870227046e-01
-2.735844559447829782e-01
1.000000000000000000e+00
9.063607619843897512e-01
-1.000000000000000000e+00
1.000000000000000000e+00
1.000000000000000000e+00
-9.139974552507910133e-01
-1.000000000000000000e+00
-6.720028668296846863e-01
9.845555960452876398e-01
-1.000000000000000000e+00
6.337103295419016513e-01
