1.000000000000000000e+00
3.745346700460039369e-01
-1.000000000000000000e+00
4.168736148708991340e-01
1.000000000000000000e+00
-1.000000000000000000e+00
-3.107948701863316732e-01
-1.000000000000000000e+00
-5.635254243374565597e-01
1.000000000000000000e+00
4.259912261684689616e-01
-7.943151927527007938e-01
-1.000000000000000000e+00
-1.000000000000000000e+00
-5.551484159734482171e-02
-1.185133948469465626e-01
-1.000000000000000000e+00
-6.235807600345423252e-01
1.000000000000000000e+00
1.000000000000000000e+00
-1.000000000000000000e+00
1.000000000000000000e+00
-1.000000000000000000e+00
-8.933718808561941227e-01
5.579126563144671813e-01
-1.000000000000000000e+00
-1.000000000000000000e+00
6.798350686298555434e-01
-1.000000000000000000e+00
5.171758089379938639e-01
-1.000000000000000000e+00
4.273931195966733099e-01
-4.790354371131007039e-01
2.847808196785639456e-01
-1.000000000000000000e+00
4.766537506075155806e-01
7.591014631045616134e-01
-3.622675636269987454e-01
1.000000000000000000e+00
1.000000000000000000e+00
9.771146757165989349e-01
1.000000000000000000e+00
1.916730929454556476e-01
3.807225891306775800e-01
-5.689995572424000336e-03
-5.979986867862403521e-01
-1.000000000000000000e+00
-8.095383782680101170e-01
1.000000000000000000e+00
-8.829131407612307303e-01
8.527107536617031247e-01
-1.000000000000000000e+00
-3.526069766397625926e-01
1.000000000000000000e+00
1.000000000000000000e+00
3.044276708996522807e-01
1.000000000000000000e+00
-1.000000000000000000e+00
8.613086246434584758e-01
-1.000000000000000000e+00
-1.000000000000000000e+00
6.403917685575730712e-01
-2.362048613285233634e-01
1.255692337160925209e-01
1.000000000000000000e+00
-2.672013822315056353e-01
-1.000000000000000000e+00
-1.000000000000000000e+00
-1.000000000000000000e+00
9.574871796105746125e-01
-7.630376054535037422e-02
-1.000000000000000000e+00
-1.000000000000000000e+00
5.107197823991804775e-02
1.022375242196629508e-01
-1.000000000000000000e+00
1.000000000000000000e+00
1.000000000000000000e+00
-1.000000000000000000e+00
1.000000000000000000e+00
-2.042008427486254885e-01
4.138725893736824313e-01
-1.000000000000000000e+00
-1.000000000000000000e+00
1.000000000000000000e+00
1.000000000000000000e+00
1.000000000000000000e+00
1.000000000000000000e+00
1.000000000000000000e+00
-5.810281390143541280e-01
1.000000000000000000e+00
9.133368198888210943e-01
3.022956687161627576e-01
-1.000000000000000000e+00
1.000000000000000000e+00
1.000000000000000000e+00
1.000000000000000000e+00
1.000000000000000000e+00
-1.000000000000000000e+00
-4.563492308676473930e-01
1.161155911224502901e-01
-1.000000000000000000e+00
-1.000000000000000000e+00
3.615017073491158528e-01
6.729123596850807854e-01
1.000000000000000000e+00
-1.000000000000000000e+00
2.946551464870429404e-01
-1.887482400702786833e-01
1.000000000000000000e+00
1.000000000000000000e+00
1.000000000000000000e+00
1.000000000000000000e+00
-5.942812457896424760e-01
8.446668936309691400e-01
5.068865776199443784e-01
9.164686440216864849e-01
8.156211959415022861e-01
3.449079127309657711e-01
-8.514754790009543273e-01
-1.000000000000000000e+00
-2.430379398641859812e-01
-1.000000000000000000e+00
-1.000000000000000000e+00
1.000000000000000000e+00
8.647077826193551031e-01
-1.000000000000000000e+00
-1.000000000000000000e+00
1.000000000000000000e+00
-2.122631343556835581e-01
1.000000000000000000e+00
2.339018692923899856e-02
-9.171816615148671303e-01
1.000000000000000000e+00
-1.000000000000000000e+00
-1.000000000000000000e+00
1.000000000000000000e+00
6.699068939717287563e-01
-8.073782510307352389e-01
-5.705315440381977243e-01
7.164532768835513155e-01
7.542232206536771955e-01
1.000000000000000000e+00
1.000000000000000000e+00
1.000000000000000000e+00
1.000000000000000000e+00
-4.861978162212660104e-01
1.000000000000000000e+00
-1.000000000000000000e+00
1.000000000000000000e+00
-1.000000000000000000e+00
7.142356831408561701e-01
1.000000000000000000e+00
-9.291470008354560939e-01
5.543484795807684939e-02
1.000000000000000000e+00
-1.000000000000000000e+00
-1.000000000000000000e+00
1.000000000000000000e+00
1.000000000000000000e+00
1.000000000000000000e+00
-1.000000000000000000e+00
-8.828878690713932720e-01
-1.000000000000000000e+00
2.044854284422237267e-01
-2.424480979391900881e-01
-3.154241424724415488e-01
-9.410898394731415095e-03
1.081427226852561541e-01
-1.000000000000000000e+00
-9.332101519379141230e-01
8.432232155793629724e-01
1.000000000000000000e+00
-1.000000000000000000e+00
1.000000000000000000e+00
-8.078139647561275449e-01
1.000000000000000000e+00
8.751008819346495216e-02
1.000000000000000000e+00
1.000000000000000000e+00
1.904012426307239991e-01
-1.000000000000000000e+00
2.371568997860729056e-03
5.920637930696837081e-01
-1.000000000000000000e+00
1.000000000000000000e+00
1.000000000000000000e+00
-1.000000000000000000e+00
-4.511621389405816585e-01
1.000000000000000000e+00
7.174534745553213799e-01
2.151366547964899123e-01
-1.000000000000000000e+00
4.204139465317446867e-02
1.000000000000000000e+00
-8.031017310226215011e-01
-9.551193279534664349e-01
-1.000000000000000000e+00
1.000000000000000000e+00
-1.000000000000000000e+00
-1.000000000000000000e+00
-1.000000000000000000e+00
-5.466132847338147638e-01
1.000000000000000000e+00
5.691402168684892016e-02
1.000000000000000000e+00
1.632953742351181958e-01
1.000000000000000000e+00
7.761252677794521215e-01
1.000000000000000000e+00
-1.000000000000000000e+00
-1.000000000000000000e+00
-9.940524212444994401e-01
1.000000000000000000e+00
1.000000000000000000e+00
5.356314592392186213e-02
-9.726375271753970875e-01
-1.000000000000000000e+00
-1.000000000000000000e+00
-5.518043454654840696e-01
-1.000000000000000000e+00
-5.294253420133280263e-01
1.000000000000000000e+00
-1.000000000000000000e+00
1.000000000000000000e+00
-7.870468311561616970e-01
-1.000000000000000000e+00
1.000000000000000000e+00
1.000000000000000000e+00
-2.383958412973226637e-01
-1.000000000000000000e+00
-1.000000000000000000e+00
4.512332670382515620e-01
1.000000000000000000e+00
-1.000000000000000000e+00
-1.000000000000000000e+00
1.000000000000000000e+00
1.000000000000000000e+00
1.000000000000000000e+00
-1.000000000000000000e+00
-7.151267730290010727e-01
-5.445407622907535994e-02
1.000000000000000000e+00
4.207491763671338258e-01
1.000000000000000000e+00
-1.000000000000000000e+00
4.691949837133766454e-01
4.384652143568687488e-01
1.000000000000000000e+00
3.923785430573656363e-01
-8.823571620125720827e-01
-1.000000000000000000e+00
1.000000000000000000e+00
-7.203885940944387833e-01
2.840557240682275442e-01
2.717604733797820415e-01
1.000000000000000000e+00
1.000000000000000000e+00
-4.999341759580570033e-01
-5.401798176219115843e-01
-1.000000000000000000e+00
2.099765501525332478e-01
5.291253335781206379e-01
1.000000000000000000e+00
-1.000000000000000000e+00
