2.733891514194795036e-01
-6.433687780660628519e-01
1.927225499627607253e-01
-7.918019192388634497e-01
9.903062086310288059e-01
-3.021457137222316458e-01
8.527595630633959534e-01
-3.381389468489621741e-01
-2.590233910602650624e-01
7.133529046421702713e-01
8.068907346286029458e-01
4.866924240475622998e-01
2.976574466730270707e-01
-6.657687760279928924e-02
-3.927310600951423591e-01
-3.950782306253171061e-01
-4.007090544874685190e-01
1.961554787525032761e-01
-3.017739439247693056e-01
5.898583538722135255e-01
4.548676134727844822e-01
-1.625204895938028304e-01
5.101923908491292625e-01
9.584565326575784638e-01
-7.333616978565362654e-01
2.901581284043166509e-01
5.031564856480301717e-01
-8.226956090618748885e-01
-3.015141358395261317e-01
-2.246439323612661187e-01
7.751136137303649143e-01
-7.303136686489342111e-01
-5.910307230937825729e-01
9.908500135065436698e-01
-8.697605401403620817e-01
-5.813593581939737742e-01
-3.557269240479246086e-01
3.236600177396806721e-01
-9.798488427206559770e-01
-1.231365652280300704e-01
9.282742524455844801e-02
2.703028828805098538e-01
-3.231676011323776354e-01
-6.117425275944805563e-01
-2.995729509383828759e-01
-1.041718948111476362e-01
-7.260922223257615382e-01
8.560529031026935520e-01
-7.893445179065581296e-01
6.084169990426846475e-02
-3.025392564283535535e-02
-4.897115206115927322e-01
9.324120742899499881e-02
4.662525127075403120e-01
-2.543457727542897118e-02
9.609943129878941726e-01
-9.245820346868713902e-01
-1.857032241278189222e-01
7.509776769934350948e-01
4.840050403744933227e-02
-1.440283897165179905e-01
-9.543741734179034264e-01
7.878986590800385326e-01
6.743991401042124245e-01
-3.631476538414999400e-01
5.635436685409593860e-01
-4.130604526971690671e-01
9.191725365405298831e-01
5.201348247569645977e-01
4.918534930741131905e-01
-3.043600046122081348e-01
-8.921542052415778468e-01
5.396530485780139941e-01
-9.070665653854479427e-01
6.240707969314356340e-01
-9.281414434198342889e-01
-2.591250089433743131e-01
5.735997750207473267e-01
-9.832251496847301819e-01
-5.978114508546950034e-01
-6.103870009089054083e-01
5.190579483928796645e-01
-9.856509181918438056e-01
3.788761648843097518e-02
-5.295239600797039259e-01
-3.578082912569573448e-01
-2.816559324528840058e-01
-9.786157812614277862e-01
-4.294491332146277429e-02
-5.246672715957221289e-01
-6.905308246956622931e-01
5.885546393886484928e-01
-6.584270811213244201e-02
-4.532589304321126278e-01
5.159452100707206945e-02
-7.131578511991303326e-01
5.092605380256975955e-02
-4.010111043572821554e-01
9.467203262817034393e-01
-7.192953591186763695e-01
-4.904632255884227021e-01
-5.533132024132485505e-01
-6.515096551105454825e-01
1.150899256658115544e-01
-9.648532537193723613e-01
9.171438317619087233e-01
-5.427081151472741283e-01
-1.487586302592247556e-02
-9.224327781220842404e-01
4.439774105065219523e-01
-6.050077015467985042e-01
-3.012654657114695045e-01
-5.597175046427387279e-01
-1.490333212498653470e-01
-2.139895767310384667e-01
-3.610551198211728874e-01
9.017476888656967837e-01
-6.820240930798042722e-01
9.777416317471412377e-01
6.277081955480174891e-01
4.620560833796181210e-01
-1.992382217400148203e-01
-3.829472456317803974e-01
-6.417672295112217817e-01
7.426928449435303836e-01
-4.390744429873032484e-01
-2.393550354733380292e-01
9.493511651380672767e-01
-1.801838561826549778e-01
-6.859947132694810268e-01
7.220862007720330045e-01
2.801694327193640088e-01
-3.922182243900835807e-01
8.544511038820337134e-01
5.694505830584957184e-01
9.049175415062291616e-01
-6.939440309735405155e-01
5.731685880124801624e-01
-4.190704431667227059e-01
7.267683005353111625e-01
-2.542105296951295834e-01
5.201202427458870847e-01
-3.162939129663513427e-01
8.317505920077565840e-01
-4.105835908258443911e-01
-8.003963378205980472e-01
-1.240664673206357538e-01
6.118519673375493184e-01
6.765662689744578184e-01
6.469717270215236127e-01
9.321005735703817852e-01
7.352702637464547664e-01
-1.371716399793696528e-01
6.857361845760867602e-01
9.946131860182454432e-01
3.923478743810111524e-01
-1.674309957944908334e-02
3.851574192580287104e-02
9.784581438211563675e-01
8.671317109429497183e-01
-7.020494319868357813e-01
-6.382500730013636048e-01
-3.672305244622429132e-01
-2.439296873251906028e-01
2.029617247925030732e-02
7.855919415658803029e-01
-3.550948527890875894e-01
5.489766440361756317e-01
-2.443910287186654706e-01
1.129951029621478753e-01
4.035105523848803166e-02
-1.122700753885770286e-01
1.276052720379978744e-01
8.782979132185508853e-01
-9.609378170754052650e-01
5.127433200275992586e-01
-7.608006682181422953e-02
1.889033364942536153e-01
3.275144335124742234e-01
4.598855264234469331e-02
-6.003419955141038322e-01
-9.295476413267722560e-01
9.319858156891225320e-01
-8.157264787524169947e-01
-1.365044298632509534e-01
7.592795114358654729e-01
9.630303160858830758e-01
-5.598392949548758324e-02
-4.065637272563482618e-01
-7.747770698628375641e-01
-4.010792817710224778e-01
2.752348172802832060e-02
4.796289086297529369e-01
5.325503596957914532e-02
5.491606672747306739e-01
7.786813155510288187e-01
3.362341972201896567e-01
8.839760311433875195e-02
9.877233512542540339e-01
-3.833039362162324881e-01
2.762176965441209830e-02
-2.999143684028877654e-01
-8.072723759072553129e-02
6.187782564001174102e-01
8.104695838316040568e-01
-6.245902587887455226e-01
5.773023677133763965e-01
6.409753970706622006e-01
7.379312190651894365e-01
-6.850475787747829504e-01
-6.450610982231939072e-01
1.131504076574867401e-01
6.203591351323194392e-01
6.033560795475170213e-01
1.221174479440010341e-01
-7.258989031126454883e-01
8.137603632789296437e-01
-3.075856665726675043e-01
-5.877460562114784626e-01
-8.960540939464318733e-01
2.831378487195963523e-01
3.998773568271043466e-01
-4.622174403428203071e-01
-9.598234550680941890e-01
-5.593222561310535745e-01
3.854422761160676281e-01
-1.901228571320903171e-01
5.371823856953359400e-01
7.368927186667231233e-01
6.577819994177613871e-01
3.082064499858230278e-01
-5.504181289157044077e-01
-5.449667010084537910e-01
-8.381212028033746542e-01
1.553255789592855596e-01
-5.530529726291200099e-01
8.006060255340436971e-01
8.818084537837220793e-01
2.783685761429213201e-01
2.395394818551348504e-01
7.291253474445014149e-01
-1.029194663697627909e-01
-2.387318761360561759e-01
-8.060206308332784619e-01
-5.780048795968362185e-02
6.353720282276835718e-01
3.948057893302081567e-02
3.233641480703648430e-01
-3.694943111187982687e-01
6.531068762329268473e-01
-9.897678165485550572e-01
3.999907158034488042e-01
-7.994158920102631960e-01
9.121148062458286354e-01
9.780990712346211424e-01
-7.894484294210499797e-01
-4.799411069512649064e-03
6.857025900700095544e-01
6.554348822585216450e-01
6.642073385682967235e-02
-7.876321073065131184e-01
-1.513484701940170929e-02
-8.371686957993220712e-01
2.513596138858573692e-01
-4.773455753577990901e-01
