-1.000000000000000000e+00
7.202301533867059291e-01
1.000000000000000000e+00
9.287306255669193211e-01
-1.000000000000000000e+00
-2.813563756983212816e-01
1.000000000000000000e+00
1.000000000000000000e+00
-6.815471479716972425e-01
-1.000000000000000000e+00
1.000000000000000000e+00
1.000000000000000000e+00
-1.000000000000000000e+00
1.000000000000000000e+00
1.000000000000000000e+00
-4.262174098829103475e-01
6.425943202511719132e-01
1.448858117700009274e-01
8.576408752563602356e-01
1.000000000000000000e+00
1.000000000000000000e+00
1.000000000000000000e+00
5.006539179808570106e-01
1.000000000000000000e+00
-9.968352576409429400e-01
1.000000000000000000e+00
-3.422802008689548314e-01
-1.000000000000000000e+00
-1.000000000000000000e+00
1.000000000000000000e+00
4.969395556073700204e-01
5.945248867772643386e-01
1.000000000000000000e+00
-1.000000000000000000e+00
3.970676817731972896e-01
1.000000000000000000e+00
-1.487808172204216905e-01
-7.986799636060304408e-03
6.423514140574422271e-01
5.130760506656200093e-01
-4.576752769792036268e-01
1.000000000000000000e+00
-1.000000000000000000e+00
3.422628162477732161e-01
8.464422841637206929e-01
-1.000000000000000000e+00
-9.187640077677824424e-01
1.771311693950457233e-01
-1.000000000000000000e+00
-1.000000000000000000e+00
-2.571792340015605638e-01
1.000000000000000000e+00
-1.000000000000000000e+00
9.970759111687577114e-01
-2.754099650965136092e-01
-1.000000000000000000e+00
3.124422177493069719e-01
5.148083532617285796e-01
1.000000000000000000e+00
-2.768861280034964345e-01
-1.000000000000000000e+00
-1.000000000000000000e+00
-6.345856221564739608e-01
1.000000000000000000e+00
-2.353937360420295943e-01
-1.000000000000000000e+00
7.313881277574019180e-01
-5.139218542478540819e-01
-2.097478909683587744e-01
7.615822802735627839e-01
-3.115066070761696171e-01
-7.566504104229289096e-01
1.000000000000000000e+00
-1.000000000000000000e+00
-3.139677852033910810e-01
-3.554606769199224470e-01
-3.470065690207400078e-01
1.000000000000000000e+00
1.000000000000000000e+00
1.000000000000000000e+00
-5.618523058347160148e-01
-3.479690387427717968e-01
6.122526587874155268e-03
-1.000000000000000000e+00
1.000000000000000000e+00
1.819374327538791913e-01
1.904501603163343826e-01
-3.530283688244990614e-01
-1.000000000000000000e+00
1.000000000000000000e+00
1.000000000000000000e+00
-1.000000000000000000e+00
-4.346628677802288898e-02
-8.671771828337868637e-01
1.000000000000000000e+00
-1.000000000000000000e+00
-1.000000000000000000e+00
-9.254858938252397138e-02
-1.100015875502653451e-01
1.000000000000000000e+00
-6.044010648873445746e-01
-7.012416540994101943e-01
9.886310397381576909e-01
9.002093137377729093e-01
-9.555181039789846231e-01
2.489754425206214261e-01
1.000000000000000000e+00
3.119555551468023991e-01
7.888750107061401895e-01
-9.498262808919557543e-01
-1.000000000000000000e+00
1.000000000000000000e+00
1.000000000000000000e+00
-3.033023634894450593e-01
-1.000000000000000000e+00
-6.390034897325579388e-01
-1.000000000000000000e+00
-4.680419690383741393e-01
7.468686751185862338e-01
2.858414264053414922e-01
3.324330209783543100e-01
-1.000000000000000000e+00
8.922069520185460512e-01
1.000000000000000000e+00
1.000000000000000000e+00
4.917626389017775157e-01
-1.000000000000000000e+00
3.710936089253669135e-01
-1.000000000000000000e+00
8.244643749502389429e-01
4.633174344213248919e-01
2.844484953742638655e-01
7.714753786192685148e-01
-5.694805932904123402e-01
-1.000000000000000000e+00
-1.000000000000000000e+00
-8.819421520550210225e-01
-1.000000000000000000e+00
1.000000000000000000e+00
-4.491588955514438375e-01
3.234180849303658345e-03
4.745745911496225267e-01
-1.000000000000000000e+00
7.792549335177125780e-01
5.003163776995755985e-01
-1.000000000000000000e+00
-1.000000000000000000e+00
1.000000000000000000e+00
1.000000000000000000e+00
-7.256081643362204403e-01
9.874862099849195385e-01
-2.347793966830653556e-01
-5.473542495123773222e-02
-6.893378223921811099e-01
1.000000000000000000e+00
2.036145302036340698e-01
2.564611499313671494e-01
1.000000000000000000e+00
9.778784547490163570e-01
6.265332695512060290e-02
1.000000000000000000e+00
1.000000000000000000e+00
-3.308872618551415012e-01
6.797831217752743349e-01
9.063967979550846543e-01
1.000000000000000000e+00
4.320272457186988269e-01
6.445791210954721073e-01
-1.000000000000000000e+00
9.603916316347964610e-01
-2.868798389933606696e-01
-1.000000000000000000e+00
1.000000000000000000e+00
1.000000000000000000e+00
-4.035068846313812907e-01
-1.000000000000000000e+00
-1.000000000000000000e+00
8.064793381972239494e-01
-4.093466832984593573e-01
-1.000000000000000000e+00
1.000000000000000000e+00
-7.373312673057030864e-01
-1.556519640012068439e-01
3.248771770235667766e-01
-1.000000000000000000e+00
2.732739934150605343e-01
-1.000000000000000000e+00
3.348416500468447410e-01
-1.000000000000000000e+00
-3.319677356075620978e-01
1.000000000000000000e+00
-7.364731030465400119e-01
-1.000000000000000000e+00
1.000000000000000000e+00
-4.662394446522464264e-01
2.890574126783767572e-01
2.233539713916927738e-01
-1.000000000000000000e+00
-1.000000000000000000e+00
1.000000000000000000e+00
-8.999827475798600762e-01
1.000000000000000000e+00
-4.208115780144942031e-01
1.000000000000000000e+00
3.680234308789115394e-01
1.000000000000000000e+00
-8.859424157195222582e-01
3.431383297282326605e-01
-3.518375446563287157e-01
-5.972499258766039709e-01
6.117570191876137153e-02
-1.000000000000000000e+00
-4.108683906491721327e-01
1.980882756495561114e-01
-2.493076137983883944e-01
-1.000000000000000000e+00
-1.000000000000000000e+00
1.000000000000000000e+00
1.000000000000000000e+00
1.000000000000000000e+00
-6.520079881645097775e-01
6.046726372101294267e-01
-9.428697209943601720e-01
-1.000000000000000000e+00
7.158578435781463023e-01
1.000000000000000000e+00
1.000000000000000000e+00
-7.938543281293366505e-01
8.322493181069372525e-01
-1.000000000000000000e+00
-3.748501320154550287e-01
1.000000000000000000e+00
5.438611435196891719e-01
-4.856287663692782086e-03
7.324529466647848874e-01
5.469752903646041275e-03
-1.000000000000000000e+00
-1.000000000000000000e+00
1.000000000000000000e+00
-1.285520422409653918e-01
-3.973241775128126818e-01
-1.000000000000000000e+00
4.816194473743853344e-01
-1.000000000000000000e+00
-1.000000000000000000e+00
-3.159005206324114745e-01
-1.000000000000000000e+00
-1.000000000000000000e+00
9.256107871688376010e-01
-8.990769014417399063e-01
-1.000000000000000000e+00
-1.000000000000000000e+00
1.000000000000000000e+00
-3.351613816223634745e-01
-1.000000000000000000e+00
9.792896179934220680e-01
-1.481571120400750896e-01
-1.000000000000000000e+00
6.445444273519023159e-01
-4.691043258204820043e-01
-1.000000000000000000e+00
4.991720869586411258e-01
1.000000000000000000e+00
-1.000000000000000000e+00
1.000000000000000000e+00
