-1.000000000000000000e+00
-7.814449371794958132e-01
1.574131518373610428e-01
1.000000000000000000e+00
7.606235935124708858e-01
7.419840848171648240e-01
7.331833447753219879e-01
1.000000000000000000e+00
4.346872600847089263e-01
2.221167836315531829e-01
-1.000000000000000000e+00
-2.262655695898483366e-01
6.521138084149906700e-01
6.828929987169409799e-01
-5.217607691489469790e-01
-3.203663468277144766e-01
-1.000000000000000000e+00
-1.000000000000000000e+00
-1.000000000000000000e+00
1.000000000000000000e+00
-6.638929537399702874e-03
-1.000000000000000000e+00
1.000000000000000000e+00
7.408153515060105221e-01
1.000000000000000000e+00
-1.000000000000000000e+00
-1.000000000000000000e+00
-9.703902755682225489e-03
-6.279795252152073903e-01
-7.953742405431548645e-01
-1.000000000000000000e+00
-1.000000000000000000e+00
-4.676600179131080726e-01
-3.106015739689745314e-01
9.133780446994010926e-01
-2.342015961101502342e-01
-6.321694275092304416e-02
1.000000000000000000e+00
5.499082922057385581e-01
1.000000000000000000e+00
-1.414405373604848137e-01
1.792279518286749584e-01
1.681463580705151450e-01
1.000000000000000000e+00
1.000000000000000000e+00
1.000000000000000000e+00
2.470798356028511833e-01
1.000000000000000000e+00
2.254309753525589877e-01
1.000000000000000000e+00
1.066052665461771354e-01
-1.000000000000000000e+00
1.000000000000000000e+00
1.000000000000000000e+00
8.849908457814950058e-01
-4.891464370104336989e-01
4.189129408501738316e-01
7.270254474107268328e-01
-3.956849226995103885e-01
1.000000000000000000e+00
1.000000000000000000e+00
1.000000000000000000e+00
1.000000000000000000e+00
1.000000000000000000e+00
-1.000000000000000000e+00
-3.576423577166558676e-01
-1.000000000000000000e+00
8.681196762685723378e-01
1.000000000000000000e+00
1.355167670523450829e-01
-3.482591890640021060e-01
8.004966888926126067e-01
-1.000000000000000000e+00
-1.000000000000000000e+00
-9.005809860071510853e-01
3.612963101469317539e-01
-1.000000000000000000e+00
3.486293238112652682e-01
8.518864780921967528e-01
-1.000000000000000000e+00
1.000000000000000000e+00
-4.476158217971217823e-01
5.258510447342460425e-01
-2.875865414636878947e-01
1.000000000000000000e+00
1.942665549373929768e-01
-5.219989322138305354e-01
1.000000000000000000e+00
-1.000000000000000000e+00
1.000000000000000000e+00
-1.000000000000000000e+00
3.303441060989564804e-01
-8.754986771293885583e-01
-6.886686328625609699e-01
3.750294347758837965e-01
1.000000000000000000e+00
1.000000000000000000e+00
-2.686970411112867829e-01
-1.000000000000000000e+00
1.000000000000000000e+00
1.000000000000000000e+00
-1.000000000000000000e+00
-1.000000000000000000e+00
7.513090700507004671e-01
-6.243343100581990601e-01
-2.083629930147767872e-03
1.000000000000000000e+00
-5.439915434069300115e-01
8.883350547112482953e-01
-1.740033858499274722e-01
-3.549282006143433810e-01
1.000000000000000000e+00
1.000000000000000000e+00
-1.000000000000000000e+00
-1.000000000000000000e+00
1.000000000000000000e+00
5.545082088269431830e-01
4.919477411832109404e-01
-1.000000000000000000e+00
1.000000000000000000e+00
3.009534293382416514e-01
7.551899841748398456e-01
-1.000000000000000000e+00
1.000000000000000000e+00
-1.000000000000000000e+00
-1.000000000000000000e+00
-4.564394483858968399e-01
-9.599190905485499581e-02
9.212258757519453667e-02
-4.902542609331076440e-01
-1.000000000000000000e+00
1.000000000000000000e+00
1.000000000000000000e+00
1.000000000000000000e+00
2.071712059629499114e-03
1.110892104606708841e-01
-3.069595184865283599e-01
1.000000000000000000e+00
1.000000000000000000e+00
1.000000000000000000e+00
-7.803812512713130811e-01
9.123758365927322478e-01
1.000000000000000000e+00
1.000000000000000000e+00
-8.263883214301959157e-01
1.000000000000000000e+00
1.000000000000000000e+00
-1.000000000000000000e+00
1.000000000000000000e+00
-3.736310782451721102e-01
1.000000000000000000e+00
4.727188683777573397e-01
-3.788427918376138792e-02
7.571407048920730798e-02
8.033882824809183143e-01
1.000000000000000000e+00
2.516842680823061507e-01
-6.289035164271306044e-02
-5.934651605568496135e-01
-1.000000000000000000e+00
1.000000000000000000e+00
-1.000000000000000000e+00
-1.000000000000000000e+00
-1.000000000000000000e+00
-1.000000000000000000e+00
-7.356004248904075560e-01
7.808288722914700219e-01
-1.979870770191399787e-01
1.000000000000000000e+00
1.000000000000000000e+00
1.000000000000000000e+00
4.176435457867252454e-01
1.000000000000000000e+00
1.000000000000000000e+00
-8.129894750714241614e-01
-1.000000000000000000e+00
1.000000000000000000e+00
1.000000000000000000e+00
-1.000000000000000000e+00
-5.665548531052451153e-01
4.732816440290801840e-01
2.694424668275232637e-01
-1.000000000000000000e+00
1.000000000000000000e+00
1.000000000000000000e+00
3.490202663693743323e-01
-1.000000000000000000e+00
-1.841190922705764899e-01
-1.000000000000000000e+00
-9.721472416375286363e-01
-1.000000000000000000e+00
-1.000000000000000000e+00
-1.000000000000000000e+00
1.607821098728733356e-01
-1.000000000000000000e+00
8.213205088780691776e-01
1.000000000000000000e+00
8.867788590212744015e-01
-1.000000000000000000e+00
1.298674285190197786e-01
-1.204759111653146975e-01
-2.386126395077226570e-01
5.526225393478194636e-01
5.609521781633188819e-01
-1.000000000000000000e+00
-1.000000000000000000e+00
2.940806988655915166e-01
-3.882765448898926053e-01
-1.000000000000000000e+00
7.557512688254198752e-01
-1.000000000000000000e+00
2.647367135636113367e-01
-4.519685656793888118e-01
1.000000000000000000e+00
1.000000000000000000e+00
-1.000000000000000000e+00
-1.000000000000000000e+00
6.985323548670019367e-02
6.059007754380729693e-01
-4.743959634341931020e-01
6.108442416716970413e-01
4.877585434642550677e-01
1.000000000000000000e+00
-2.765384369318417690e-01
-5.353960338575300959e-01
-1.357910072224306486e-01
-1.000000000000000000e+00
-1.000000000000000000e+00
8.677606256232868187e-01
-1.000000000000000000e+00
-1.000000000000000000e+00
-1.000000000000000000e+00
1.000000000000000000e+00
1.000000000000000000e+00
-1.000000000000000000e+00
-1.000000000000000000e+00
-8.621986479067893505e-01
6.069152933607505629e-01
3.766791325207843877e-02
1.000000000000000000e+00
1.000000000000000000e+00
1.000000000000000000e+00
-6.060599155647494740e-01
1.000000000000000000e+00
1.826350422223417258e-01
-1.000000000000000000e+00
1.490993741989814492e-01
-1.000000000000000000e+00
1.000000000000000000e+00
1.000000000000000000e+00
-5.700596075685602226e-01
1.777836203578468388e-01
1.000000000000000000e+00
4.406498883286276147e-01
-6.184499867686619190e-01
-2.396219203378616713e-01
3.440194959336262404e-01
1.000000000000000000e+00
1.000000000000000000e+00
-8.750926872709152704e-01
4.246542934952550752e-01
-1.000000000000000000e+00
3.632947831566647467e-01
1.000000000000000000e+00
1.000000000000000000e+00
