-3.224436464107658384e-01
8.227423712599812866e-02
1.719854462600001188e-02
-3.835046418577803262e-02
-8.312158253358714610e-01
-1.000000000000000000e+00
2.571055175520774450e-01
-9.176094967030226091e-01
5.286358542879454614e-01
-1.000000000000000000e+00
1.000000000000000000e+00
1.000000000000000000e+00
-9.462520469290258696e-01
4.093366261467388245e-01
9.733239591084834608e-01
-2.762445622476410456e-01
-2.840873285146433003e-01
4.858732200867719175e-01
-7.815237716747412966e-01
-1.000000000000000000e+00
9.759623931086186532e-01
1.000000000000000000e+00
-1.000000000000000000e+00
-1.000000000000000000e+00
3.831611405927022873e-01
2.020629801321651708e-01
-8.339760194379759461e-01
9.997745019390520405e-01
1.000000000000000000e+00
-1.000000000000000000e+00
1.000000000000000000e+00
-1.000000000000000000e+00
4.350158283690086503e-01
-5.183557914458978289e-01
-1.000000000000000000e+00
-2.405711560905517965e-01
-1.000000000000000000e+00
8.886959338864161007e-01
6.695798070502629873e-01
1.000000000000000000e+00
-1.000000000000000000e+00
4.724170208660305459e-01
-3.240701237952811065e-01
-3.846369482784915417e-01
9.847199314129696512e-01
1.000000000000000000e+00
-9.274197077019908919e-01
-5.585176985018560636e-01
4.708671766865296648e-01
-1.000000000000000000e+00
-3.664242021386334702e-01
-6.122701974374509248e-01
-7.088453154519982480e-01
-1.000000000000000000e+00
5.602028636481688473e-01
1.045035715824722544e-01
-7.534575093831658021e-02
-5.049707264595492129e-01
-9.529585782436389430e-01
1.000000000000000000e+00
4.099053555418684658e-01
1.000000000000000000e+00
2.088349245980838931e-01
-1.000000000000000000e+00
-6.260232502254110543e-01
1.000000000000000000e+00
1.000000000000000000e+00
-1.739028344915871660e-02
-1.000000000000000000e+00
1.000000000000000000e+00
1.000000000000000000e+00
7.947942767762511407e-01
-1.000000000000000000e+00
1.000000000000000000e+00
-4.472599962391854422e-01
-1.000000000000000000e+00
-1.000000000000000000e+00
-5.491343479013139905e-01
-6.902104272588136524e-01
1.000000000000000000e+00
-1.133707125316711917e-01
-1.000000000000000000e+00
-7.526526460918905315e-01
1.000000000000000000e+00
2.352212960770989625e-01
9.786891535690830368e-01
1.835550154133110401e-01
3.922961020219467576e-01
-6.076300990504505117e-01
-1.000000000000000000e+00
4.617230180974801756e-01
-5.533196250579737185e-01
2.949025912429085183e-01
-1.000000000000000000e+00
-6.899295664891607061e-01
-4.560731952209320372e-01
-1.000000000000000000e+00
-9.568446745157352940e-01
1.000000000000000000e+00
-1.000000000000000000e+00
1.000000000000000000e+00
-1.000000000000000000e+00
1.190397407997988433e-01
-9.164208097229318284e-01
-8.221510014398121236e-01
-6.616766849119162242e-01
-1.000000000000000000e+00
-9.627756166423580009e-01
-2.975594597701592958e-01
-6.111094583369195421e-01
-1.000000000000000000e+00
3.701063070249258624e-01
-5.408843929041595722e-01
1.000000000000000000e+00
-9.162914867867690827e-01
1.000000000000000000e+00
-3.335942227050702757e-01
-1.000000000000000000e+00
1.000000000000000000e+00
7.938933572381546844e-01
-1.735324926106289745e-01
-2.837577309662123737e-01
-4.633176457936754034e-01
2.886729503062946955e-01
5.543286769160502558e-01
7.812626701476310664e-02
1.000000000000000000e+00
-4.330161915314326704e-01
-1.000000000000000000e+00
-1.000000000000000000e+00
-1.000000000000000000e+00
8.841954680187440463e-01
4.362832419447519872e-01
1.957146504241794593e-01
-1.000000000000000000e+00
1.000000000000000000e+00
-1.000000000000000000e+00
-1.000000000000000000e+00
5.424611300957437043e-01
6.102033255403596090e-01
9.714294512714166663e-01
-1.000000000000000000e+00
8.981694464837463032e-01
1.000000000000000000e+00
-1.000000000000000000e+00
6.700166210390300359e-01
1.000000000000000000e+00
3.217280545437872785e-01
1.808701942629433734e-01
-1.000000000000000000e+00
2.065132751770013542e-01
-1.000000000000000000e+00
-1.000000000000000000e+00
1.000000000000000000e+00
-1.000000000000000000e+00
-8.255635624230261982e-04
-3.601946097173436279e-02
-1.000000000000000000e+00
1.319780994851659228e-01
1.000000000000000000e+00
9.190392444270456540e-01
-6.984614984778305669e-01
1.000000000000000000e+00
-8.270772382534579137e-01
-1.240165179904999804e-01
-3.896347846831367812e-01
-1.000000000000000000e+00
4.122848414454660659e-02
-7.265913530379055629e-01
-1.355636110393707849e-01
5.388640428353231870e-01
-6.664656575966587670e-02
-9.903359667334656891e-01
3.147254623133265428e-01
1.000000000000000000e+00
-6.290793216743129079e-01
-5.257718414123234707e-01
3.754750660356731551e-02
8.715494523851293751e-01
-1.000000000000000000e+00
1.000000000000000000e+00
3.869938647318438285e-03
8.430884256693493839e-01
-9.319355291000774866e-01
-1.363620663092265373e-01
1.000000000000000000e+00
1.000000000000000000e+00
-8.345569644434096546e-01
-7.326296099449045585e-01
1.000000000000000000e+00
-9.114918755991610055e-01
1.000000000000000000e+00
6.782139035360779111e-01
-1.000000000000000000e+00
1.000000000000000000e+00
-1.000000000000000000e+00
-1.000000000000000000e+00
2.499947586662103483e-01
8.929943799446926622e-01
-1.943596193538473793e-01
6.414753668051684787e-01
7.626816454178758642e-01
-1.000000000000000000e+00
-1.000000000000000000e+00
1.036295886017156720e-01
1.000000000000000000e+00
-5.374349241686464662e-01
8.712734530334217409e-01
2.100611479737568565e-02
-7.347460849868823196e-01
-1.000000000000000000e+00
-1.000000000000000000e+00
1.000000000000000000e+00
6.845176877551910621e-01
-2.046133561988114913e-01
-1.000000000000000000e+00
-1.000000000000000000e+00
-1.000000000000000000e+00
-3.904295056590743052e-01
8.288815865417383799e-01
1.000000000000000000e+00
7.451849592307216996e-01
-6.665408981016421874e-01
-4.277649544026438377e-01
-1.000000000000000000e+00
3.069640930231948284e-02
1.000000000000000000e+00
3.396586775547403847e-01
-3.379718758070697771e-01
1.000000000000000000e+00
1.000000000000000000e+00
1.000000000000000000e+00
5.641690038571314236e-01
-2.215849387865647113e-01
-9.361569964805728228e-01
-1.000000000000000000e+00
-1.000000000000000000e+00
1.000000000000000000e+00
-1.000000000000000000e+00
-1.000000000000000000e+00
-1.000000000000000000e+00
7.838939351338429784e-01
3.646274781747815830e-01
-5.455817264235003350e-01
-2.558839734050538661e-01
-1.000000000000000000e+00
8.096619956105313154e-01
2.837361295146021423e-01
-6.845944849716307790e-01
7.245966028416886973e-01
-1.000000000000000000e+00
3.653424320545344273e-01
8.790051064237092149e-01
1.000000000000000000e+00
-7.634714017440383804e-01
1.000000000000000000e+00
-3.086647597680283184e-01
1.000000000000000000e+00
8.453131501417545657e-01
-8.701330521537087304e-02
-1.000000000000000000e+00
-3.606947249514698139e-01
4.418853397557760410e-01
1.511301859131493064e-01
-8.485883614333222802e-02
