-1.000000000000000000e+00
1.000000000000000000e+00
-9.270602200522846115e-01
1.000000000000000000e+00
7.835624853149236735e-02
-8.331886778345639621e-01
1.268433888159209988e-01
1.000000000000000000e+00
-1.000000000000000000e+00
-1.171197528369425367e-01
-1.000000000000000000e+00
1.000000000000000000e+00
1.000000000000000000e+00
9.760920669691123264e-01
1.000000000000000000e+00
-2.631248299743109698e-01
1.000000000000000000e+00
1.000000000000000000e+00
-1.000000000000000000e+00
-1.000000000000000000e+00
3.200276939171539103e-01
1.000000000000000000e+00
-2.020519652459243365e-01
4.728707644413823186e-01
-5.540699707989932277e-01
4.190589560343250808e-01
-1.000000000000000000e+00
4.551463682714994574e-01
4.216530255449703612e-01
1.000000000000000000e+00
4.633507808744258827e-01
9.933766131064138971e-01
1.000000000000000000e+00
1.000000000000000000e+00
8.801255360803017513e-01
1.000000000000000000e+00
-6.190288883853156676e-01
1.000000000000000000e+00
-4.880546342767717038e-01
-3.898738566697652619e-01
1.000000000000000000e+00
-1.000000000000000000e+00
-4.603081302653485585e-01
-8.430147869642772296e-01
-1.000000000000000000e+00
-1.000000000000000000e+00
-9.993839552515173530e-01
1.000000000000000000e+00
1.000000000000000000e+00
-1.721177242591119816e-01
1.670135522761936331e-01
1.000000000000000000e+00
5.360252705922747829e-01
5.546786687710758557e-01
1.000000000000000000e+00
-1.000000000000000000e+00
-1.000000000000000000e+00
1.000000000000000000e+00
-1.000000000000000000e+00
-1.000000000000000000e+00
-1.000000000000000000e+00
1.000000000000000000e+00
3.210714269244703822e-01
-1.000000000000000000e+00
-9.153586350659421722e-01
-1.000000000000000000e+00
1.000000000000000000e+00
5.974994387354104486e-01
1.000000000000000000e+00
-1.000000000000000000e+00
-1.000000000000000000e+00
-7.906155118158284534e-01
1.000000000000000000e+00
-1.000000000000000000e+00
4.544653500156866088e-01
2.189601763047338001e-01
-6.113765916051152605e-01
1.000000000000000000e+00
1.000000000000000000e+00
-1.000000000000000000e+00
1.000000000000000000e+00
-1.000000000000000000e+00
1.000000000000000000e+00
-1.000000000000000000e+00
-1.000000000000000000e+00
1.000000000000000000e+00
1.000000000000000000e+00
-1.000000000000000000e+00
-1.000000000000000000e+00
1.000000000000000000e+00
1.000000000000000000e+00
1.000000000000000000e+00
-1.000000000000000000e+00
8.760958540332998146e-01
-9.727439014609751133e-02
8.076241620804578414e-01
1.000000000000000000e+00
-5.648857148560493258e-02
-1.000000000000000000e+00
5.825486796206440498e-01
-1.000000000000000000e+00
1.000000000000000000e+00
-7.217226992206192682e-01
-8.393219325084957383e-01
-5.381709290398113410e-01
-3.934848959720708139e-01
1.000000000000000000e+00
5.267981716633669542e-01
-8.170390634774515881e-01
-5.355282082831405166e-01
3.841212543311517402e-01
-8.702877760762205428e-01
1.579768235223188433e-01
-6.976971060997192442e-01
5.684829738197847426e-01
1.000000000000000000e+00
1.000000000000000000e+00
-1.000000000000000000e+00
1.000000000000000000e+00
9.430696636980272496e-01
-1.000000000000000000e+00
1.000000000000000000e+00
5.807914590689881029e-01
-3.513135859389898696e-01
-3.649445770546457801e-01
3.471901598543626899e-01
-5.060023746573194536e-02
-1.000000000000000000e+00
1.429332082889720468e-01
-1.000000000000000000e+00
2.886918767229771365e-01
3.888784734829825451e-01
9.377870117555729967e-01
-1.000000000000000000e+00
5.075079647941085348e-01
2.000876845921271130e-01
6.200506787180484203e-01
-1.000000000000000000e+00
-1.000000000000000000e+00
4.373848892773743446e-01
1.000000000000000000e+00
-1.610270171330944744e-01
-1.000000000000000000e+00
-8.142108577995779140e-01
9.175457624095288978e-01
1.000000000000000000e+00
-6.680723000008850221e-01
1.000000000000000000e+00
-1.000000000000000000e+00
1.000000000000000000e+00
-2.515337346643589100e-01
-1.000000000000000000e+00
4.253419321536914266e-01
-5.165647653433247388e-01
1.000000000000000000e+00
1.000000000000000000e+00
1.000000000000000000e+00
-7.820357945613158890e-01
3.581418046326207416e-01
-1.000000000000000000e+00
7.825097561372817978e-02
5.021369496721548309e-01
1.394635407909922131e-01
8.278636186278469644e-01
-1.000000000000000000e+00
9.880241295692340220e-01
9.047345768057116766e-01
4.248062075932108606e-01
1.000000000000000000e+00
1.000000000000000000e+00
-1.000000000000000000e+00
-1.054729387793051920e-03
-2.584298500969417489e-04
-1.000000000000000000e+00
7.922041234900613071e-01
1.000000000000000000e+00
-1.000000000000000000e+00
-1.000000000000000000e+00
1.000000000000000000e+00
-7.333351139533166307e-01
1.000000000000000000e+00
-1.000000000000000000e+00
1.000000000000000000e+00
-4.944865763735860065e-01
-5.592360746470974586e-01
3.916507980681774859e-01
2.877728269320662946e-01
-1.000000000000000000e+00
-9.518329349844145693e-01
5.440766635800013962e-01
-1.760792300591900172e-01
1.000000000000000000e+00
-4.181188644997131387e-01
9.041636458798352205e-01
-1.000000000000000000e+00
3.609243075886647834e-01
2.620699172083723605e-01
1.000000000000000000e+00
1.000000000000000000e+00
1.000000000000000000e+00
1.000000000000000000e+00
-1.000000000000000000e+00
-7.919542127179746149e-02
-3.934601963654584811e-01
-4.202468824739480358e-01
1.211798028591786203e-01
-1.000000000000000000e+00
-7.734190855394239561e-01
-4.495704783419129935e-01
1.000000000000000000e+00
1.000000000000000000e+00
1.000000000000000000e+00
-1.892560690280690183e-01
-4.983454572056356113e-02
1.000000000000000000e+00
-1.526736222066880089e-01
-1.000000000000000000e+00
1.000000000000000000e+00
8.496671733890504008e-02
-1.000000000000000000e+00
-1.000000000000000000e+00
-1.000000000000000000e+00
1.000000000000000000e+00
-3.552123128020201470e-01
5.643346965447464392e-01
5.764391745744963380e-01
1.000000000000000000e+00
9.632777239557053228e-01
3.919496674479107101e-01
-1.000000000000000000e+00
-4.037546683296719396e-01
1.000000000000000000e+00
1.000000000000000000e+00
5.358802288312054518e-01
-7.675813573584207017e-01
1.000000000000000000e+00
3.958587962188371279e-01
-9.605372864945331823e-01
4.742707058033590606e-03
-4.713286312349826979e-01
-1.000000000000000000e+00
-7.347882857343971397e-01
4.892193021385234375e-01
-1.000000000000000000e+00
-7.684377998602194282e-01
-1.000000000000000000e+00
-1.000000000000000000e+00
1.000000000000000000e+00
3.853797317842238002e-01
-4.545470381107996061e-01
-4.822030676493142543e-01
-2.204244064968465810e-01
-8.005288067768552285e-01
1.000000000000000000e+00
3.376624620520690678e-01
-1.000000000000000000e+00
4.224739239678455549e-01
9.813745363552572876e-01
1.000000000000000000e+00
8.880619933075950545e-01
-1.000000000000000000e+00
1.000000000000000000e+00
3.257321137041148118e-01
1.000000000000000000e+00
1.000000000000000000e+00
