1.000000000000000000e+00
-1.000000000000000000e+00
4.474010360919811191e-02
-1.000000000000000000e+00
-7.862715316498483098e-01
-1.000000000000000000e+00
-1.000000000000000000e+00
-1.000000000000000000e+00
-1.000000000000000000e+00
-1.000000000000000000e+00
-1.000000000000000000e+00
6.606046446189712817e-01
-1.000000000000000000e+00
-1.000000000000000000e+00
-5.545848590448035909e-01
-5.708715685941760931e-01
-1.000000000000000000e+00
-1.000000000000000000e+00
5.152911035135715467e-01
-9.216867998349800306e-01
-1.000000000000000000e+00
-3.722628918560856870e-01
1.000000000000000000e+00
1.000000000000000000e+00
-1.000000000000000000e+00
1.000000000000000000e+00
1.000000000000000000e+00
1.775306714142996789e-01
-1.000000000000000000e+00
1.838995912456930504e-01
1.000000000000000000e+00
1.000000000000000000e+00
-1.000000000000000000e+00
1.000000000000000000e+00
1.000000000000000000e+00
7.265757826639145378e-01
-1.000000000000000000e+00
1.000000000000000000e+00
1.000000000000000000e+00
-5.531764379845259816e-01
5.981093423482708449e-01
-1.000000000000000000e+00
-1.000000000000000000e+00
1.000000000000000000e+00
-1.000000000000000000e+00
1.000000000000000000e+00
8.057577332485055255e-01
-1.000000000000000000e+00
1.000000000000000000e+00
1.000000000000000000e+00
1.000000000000000000e+00
5.437874296290718945e-01
-3.760912655658640857e-01
1.000000000000000000e+00
1.000000000000000000e+00
-8.712125644061243790e-01
-1.000000000000000000e+00
1.000000000000000000e+00
-3.837315607565828790e-01
1.000000000000000000e+00
-3.935553508186712124e-01
1.000000000000000000e+00
1.000000000000000000e+00
1.000000000000000000e+00
7.392423315510332493e-02
5.623973165155837783e-03
-1.000000000000000000e+00
-1.435757756246149874e-01
-8.513432602340076372e-01
-1.000000000000000000e+00
-1.000000000000000000e+00
-1.000000000000000000e+00
-9.569869788876487204e-01
-3.392916991818676342e-01
1.000000000000000000e+00
-1.000000000000000000e+00
-1.000000000000000000e+00
1.000000000000000000e+00
1.000000000000000000e+00
-1.000000000000000000e+00
4.546069193252391116e-01
-1.000000000000000000e+00
-3.362926055203528941e-01
1.000000000000000000e+00
5.198773752949222837e-01
-1.000000000000000000e+00
-1.082302545313910680e-01
1.000000000000000000e+00
-1.000000000000000000e+00
1.000000000000000000e+00
1.000000000000000000e+00
-1.000000000000000000e+00
-1.000000000000000000e+00
-1.783385478621296594e-02
1.000000000000000000e+00
-1.079554034379364424e-01
-3.386498030768895218e-01
-2.960072035067595753e-01
1.000000000000000000e+00
1.000000000000000000e+00
3.040968029368788517e-01
1.000000000000000000e+00
1.000000000000000000e+00
-1.000000000000000000e+00
-1.000000000000000000e+00
-1.000000000000000000e+00
-2.720295934824148443e-01
1.000000000000000000e+00
-1.000000000000000000e+00
1.000000000000000000e+00
1.000000000000000000e+00
-1.000000000000000000e+00
1.000000000000000000e+00
-1.000000000000000000e+00
1.000000000000000000e+00
1.000000000000000000e+00
2.724070082033152040e-01
-1.000000000000000000e+00
7.332467208660127245e-01
-6.135393632735978153e-01
-1.000000000000000000e+00
-7.556190488220271284e-01
-5.130420763266061446e-01
1.000000000000000000e+00
-1.000000000000000000e+00
-8.777881943557740430e-01
-3.207231441016231699e-01
6.430293524137974392e-01
-1.000000000000000000e+00
-1.000000000000000000e+00
1.000000000000000000e+00
1.000000000000000000e+00
-4.040013503605907053e-01
-1.000000000000000000e+00
-2.964837010352461277e-01
-7.493594171319537534e-01
1.000000000000000000e+00
1.000000000000000000e+00
-1.000000000000000000e+00
-1.000000000000000000e+00
-1.000000000000000000e+00
-1.000000000000000000e+00
-1.000000000000000000e+00
-1.000000000000000000e+00
1.000000000000000000e+00
-1.000000000000000000e+00
-9.818047085556864673e-01
1.000000000000000000e+00
1.000000000000000000e+00
2.505906333885333792e-01
1.000000000000000000e+00
1.000000000000000000e+00
1.000000000000000000e+00
1.000000000000000000e+00
-1.000000000000000000e+00
-7.531890841767624467e-01
1.000000000000000000e+00
-1.000000000000000000e+00
-1.000000000000000000e+00
-2.693455234572963430e-01
3.293452172320141536e-01
-8.160698006879273381e-01
-1.000000000000000000e+00
-1.000000000000000000e+00
1.000000000000000000e+00
-1.000000000000000000e+00
1.000000000000000000e+00
2.495999389271107705e-01
1.000000000000000000e+00
-1.000000000000000000e+00
-1.000000000000000000e+00
-1.000000000000000000e+00
-1.000000000000000000e+00
1.000000000000000000e+00
1.000000000000000000e+00
1.000000000000000000e+00
-4.062899299552835686e-04
-4.429731843972590788e-01
-4.992949586788697491e-01
-1.000000000000000000e+00
-1.000000000000000000e+00
-1.000000000000000000e+00
1.000000000000000000e+00
-1.000000000000000000e+00
7.683626116100215064e-01
1.000000000000000000e+00
1.000000000000000000e+00
-1.000000000000000000e+00
1.000000000000000000e+00
1.000000000000000000e+00
1.000000000000000000e+00
1.208940957038624475e-01
1.000000000000000000e+00
-1.000000000000000000e+00
1.000000000000000000e+00
-3.983918721404031138e-01
-1.000000000000000000e+00
-1.000000000000000000e+00
-1.000000000000000000e+00
1.000000000000000000e+00
1.000000000000000000e+00
4.312919907297232958e-01
1.617277908645471385e-01
1.000000000000000000e+00
1.000000000000000000e+00
1.000000000000000000e+00
-1.000000000000000000e+00
-1.000000000000000000e+00
1.000000000000000000e+00
1.000000000000000000e+00
-2.302129234360695276e-01
1.000000000000000000e+00
-1.000000000000000000e+00
-1.000000000000000000e+00
1.000000000000000000e+00
-1.000000000000000000e+00
-1.000000000000000000e+00
1.000000000000000000e+00
1.000000000000000000e+00
1.000000000000000000e+00
-1.000000000000000000e+00
6.257700942285417955e-01
1.000000000000000000e+00
-1.000000000000000000e+00
-1.000000000000000000e+00
-1.000000000000000000e+00
-1.000000000000000000e+00
1.000000000000000000e+00
5.634922471678340816e-01
4.004779699396627812e-01
-1.000000000000000000e+00
4.182465530443268964e-02
7.966179361966534422e-01
1.000000000000000000e+00
-1.000000000000000000e+00
-1.000000000000000000e+00
1.000000000000000000e+00
1.000000000000000000e+00
1.000000000000000000e+00
1.000000000000000000e+00
1.000000000000000000e+00
-7.821414330911070634e-01
-1.000000000000000000e+00
1.000000000000000000e+00
1.000000000000000000e+00
-1.000000000000000000e+00
-1.135607423269917177e-01
-1.000000000000000000e+00
-1.000000000000000000e+00
-4.819769568882875665e-01
8.642040776979418304e-01
-1.000000000000000000e+00
-1.000000000000000000e+00
-9.958624200243548774e-01
1.000000000000000000e+00
-1.000000000000000000e+00
-3.888655610894721226e-01
1.000000000000000000e+00
1.000000000000000000e+00
1.000000000000000000e+00
-1.000000000000000000e+00
-1.000000000000000000e+00
9.155473217809231290e-01
1.000000000000000000e+00
3.294769000634547584e-01
