1.000000000000000000e+00
6.955387438940574540e-01
-1.000000000000000000e+00
-1.000000000000000000e+00
-1.000000000000000000e+00
-8.563890017008508604e-01
-1.000000000000000000e+00
-6.236685663993468687e-01
-2.227293620980508315e-03
1.000000000000000000e+00
4.686234825222361233e-01
1.000000000000000000e+00
7.606755102988164152e-01
1.000000000000000000e+00
3.672831194788691023e-01
-4.957965635641936597e-01
-5.042301682095031712e-01
-2.767028528469717141e-01
-1.000000000000000000e+00
1.000000000000000000e+00
6.916881619608001852e-01
4.919130434087335413e-01
-1.000000000000000000e+00
-9.902454674374239207e-01
7.030805497900299850e-01
-8.575830722986432786e-01
-2.170624338598756697e-01
-5.767962667266292032e-01
1.000000000000000000e+00
3.869221236265255603e-01
-2.639717048402347999e-01
6.112974622350110243e-01
-1.000000000000000000e+00
2.233769944959198561e-01
-1.000000000000000000e+00
-5.675537182550092208e-01
1.000000000000000000e+00
1.000000000000000000e+00
-1.000000000000000000e+00
1.000000000000000000e+00
-8.384718629428289383e-02
1.080319885371039401e-01
1.000000000000000000e+00
1.374751591382875060e-01
-6.693299916548589579e-01
-1.000000000000000000e+00
9.472680874815342378e-03
1.000000000000000000e+00
1.000000000000000000e+00
-6.664300853127629320e-01
3.109931208887906640e-01
2.725910847678326698e-01
-1.000000000000000000e+00
1.000000000000000000e+00
9.381905066710356511e-01
-1.000000000000000000e+00
1.000000000000000000e+00
1.000000000000000000e+00
1.000000000000000000e+00
-3.366220522977695362e-01
1.000000000000000000e+00
1.000000000000000000e+00
8.398670601176565498e-01
-7.689258297339802706e-01
1.000000000000000000e+00
1.000000000000000000e+00
1.000000000000000000e+00
7.353409457840648367e-01
1.000000000000000000e+00
9.614776331585657143e-01
-1.000000000000000000e+00
1.000000000000000000e+00
-2.023236612137473411e-01
1.000000000000000000e+00
-8.879308896258442108e-01
-1.000000000000000000e+00
1.000000000000000000e+00
1.000000000000000000e+00
6.324086756251411368e-01
1.000000000000000000e+00
1.026036523593925054e-01
6.254972289982951850e-04
-7.651196118728206264e-01
-1.000000000000000000e+00
-1.000000000000000000e+00
8.938456968139529835e-02
1.000000000000000000e+00
1.000000000000000000e+00
-1.000000000000000000e+00
-1.961204741471825885e-01
1.000000000000000000e+00
1.000000000000000000e+00
-2.601710630182896278e-01
1.000000000000000000e+00
6.578002112399302659e-01
-1.000000000000000000e+00
-1.000000000000000000e+00
7.973796471557599297e-01
2.719400408469249131e-01
1.000000000000000000e+00
-1.956077412409637784e-01
-1.000000000000000000e+00
-1.000000000000000000e+00
1.000000000000000000e+00
1.000000000000000000e+00
-7.787528289305309936e-01
3.483847752863644676e-01
-9.814855490946465810e-01
-1.000000000000000000e+00
3.119898858576949374e-01
-1.000000000000000000e+00
1.000000000000000000e+00
1.000000000000000000e+00
4.686862035205316968e-01
1.000000000000000000e+00
-1.000000000000000000e+00
-1.000000000000000000e+00
8.089307825297786803e-01
-1.000000000000000000e+00
1.000000000000000000e+00
8.025191111179090786e-01
-1.000000000000000000e+00
1.000000000000000000e+00
1.000000000000000000e+00
-1.000000000000000000e+00
-7.877939898292125598e-01
1.000000000000000000e+00
1.000000000000000000e+00
1.904848142486803564e-01
-2.830538514277003426e-01
-1.000000000000000000e+00
9.365255715135858416e-01
-1.000000000000000000e+00
-1.000000000000000000e+00
1.000000000000000000e+00
2.111141971996128852e-01
-1.000000000000000000e+00
-1.000000000000000000e+00
1.000000000000000000e+00
-5.260681548216856740e-01
-1.736786722138977668e-01
9.661545786052101459e-01
3.116535991484874479e-01
3.591881797776335095e-01
-1.000000000000000000e+00
-8.406537310832672416e-01
-1.000000000000000000e+00
1.000000000000000000e+00
1.000000000000000000e+00
1.000000000000000000e+00
-2.531796191744523639e-01
-1.000000000000000000e+00
-1.000000000000000000e+00
-1.000000000000000000e+00
-4.174037763269069501e-01
-2.508670390429694752e-01
1.000000000000000000e+00
4.474711501898087085e-01
4.988458794191002466e-01
-1.000000000000000000e+00
-1.000000000000000000e+00
-1.000000000000000000e+00
1.000000000000000000e+00
-1.000000000000000000e+00
1.000000000000000000e+00
-1.000000000000000000e+00
-1.000000000000000000e+00
-1.000000000000000000e+00
1.000000000000000000e+00
-1.000000000000000000e+00
3.397343934906574825e-01
-1.000000000000000000e+00
-6.265499362667401595e-01
-1.000000000000000000e+00
-1.000000000000000000e+00
1.000000000000000000e+00
1.000000000000000000e+00
-1.000000000000000000e+00
-1.954587937286570432e-01
1.000000000000000000e+00
-7.486966614212208215e-01
-1.000000000000000000e+00
-1.000000000000000000e+00
-1.000000000000000000e+00
1.000000000000000000e+00
1.000000000000000000e+00
1.951022441711287581e-01
-1.000000000000000000e+00
-1.531327236307116202e-01
-1.000000000000000000e+00
1.000000000000000000e+00
-1.072583890429327363e-01
5.277191176332712841e-01
5.209006898117802820e-01
5.167141804091970325e-01
1.000000000000000000e+00
-1.000000000000000000e+00
1.000000000000000000e+00
1.000000000000000000e+00
-1.000000000000000000e+00
4.112113565438600404e-01
-1.000000000000000000e+00
-9.050751889617646428e-01
7.358662503397753740e-01
-1.000000000000000000e+00
-1.000000000000000000e+00
1.000000000000000000e+00
-1.000000000000000000e+00
-1.718177517681289679e-01
5.395735879960283921e-01
-1.000000000000000000e+00
-1.000000000000000000e+00
4.984470625777346342e-01
1.000000000000000000e+00
8.056453538360857092e-01
1.000000000000000000e+00
1.295352143884992979e-01
1.000000000000000000e+00
-1.000000000000000000e+00
9.918668660804584869e-01
-1.000000000000000000e+00
-1.000000000000000000e+00
6.597317103353471657e-01
1.000000000000000000e+00
-1.000000000000000000e+00
-1.000000000000000000e+00
-4.902256116661481977e-01
9.898248256656313471e-01
1.000000000000000000e+00
1.626033778401749785e-01
-9.013472785182768954e-02
-5.709568270704974413e-01
-5.738959812874815380e-01
-1.000000000000000000e+00
3.216306026039899013e-01
-5.842807576274584580e-01
-8.499531650484172252e-01
9.599670376633417934e-01
-8.242652485752079983e-01
1.000000000000000000e+00
1.000000000000000000e+00
1.000000000000000000e+00
1.000000000000000000e+00
1.000000000000000000e+00
6.910089345095671298e-02
1.000000000000000000e+00
-4.727968023635363282e-01
4.005892906735497028e-01
1.000000000000000000e+00
1.000000000000000000e+00
1.000000000000000000e+00
-6.103552409993979744e-01
1.000000000000000000e+00
1.000000000000000000e+00
1.000000000000000000e+00
-1.000000000000000000e+00
1.000000000000000000e+00
-1.146721333774884943e-01
-1.000000000000000000e+00
1.000000000000000000e+00
-7.355003558543686815e-01
1.000000000000000000e+00
1.000000000000000000e+00
1.000000000000000000e+00
1.000000000000000000e+00
