-1.000000000000000000e+00
-9.607544889144103983e-02
1.000000000000000000e+00
1.000000000000000000e+00
1.000000000000000000e+00
1.000000000000000000e+00
5.285316218830804491e-01
6.446869088404536541e-01
1.000000000000000000e+00
-1.000000000000000000e+00
1.000000000000000000e+00
3.377356363073292789e-01
1.830888281486949820e-01
1.000000000000000000e+00
6.088412368851403578e-01
-6.703412681119041983e-01
-1.000000000000000000e+00
2.567236685697467102e-01
5.952581721605958442e-01
1.000000000000000000e+00
-1.000000000000000000e+00
1.000000000000000000e+00
4.632305091705508082e-01
-1.000000000000000000e+00
1.000000000000000000e+00
1.193552595581716114e-01
5.803894585582913823e-01
-1.000000000000000000e+00
1.000000000000000000e+00
-4.490099418483879390e-01
-1.000000000000000000e+00
-1.000000000000000000e+00
-7.511451712666054048e-01
-1.000000000000000000e+00
1.000000000000000000e+00
3.607958742371536465e-01
5.023980505231034899e-01
1.846015552881080102e-01
8.375884394878141403e-01
1.000000000000000000e+00
1.000000000000000000e+00
1.000000000000000000e+00
1.506110509594118518e-01
-7.404763023258719157e-01
-8.962512449643402768e-01
1.000000000000000000e+00
1.173127745754749540e-01
1.000000000000000000e+00
1.000000000000000000e+00
-1.000000000000000000e+00
9.626113669936671169e-01
-3.378230452200055023e-01
-1.000000000000000000e+00
-5.203308334896137310e-01
-1.000000000000000000e+00
-1.000000000000000000e+00
1.000000000000000000e+00
1.000000000000000000e+00
6.531052138421284958e-01
1.418890340187272114e-01
-1.000000000000000000e+00
8.111515838604010931e-01
-2.186678698026689460e-03
-4.687253931922288896e-01
1.000000000000000000e+00
-4.929763651802321900e-01
7.434899555525709136e-01
-1.421977013513334165e-01
1.000000000000000000e+00
2.371406104838789108e-01
1.148582295545874654e-01
-1.000000000000000000e+00
-1.466090171421106925e-01
2.215599621650028439e-01
3.033394673972790723e-01
-9.676227814257707394e-01
-9.250699511158166910e-01
-1.000000000000000000e+00
-4.786709009869699605e-02
6.897658435113473985e-02
6.663892086928253633e-01
3.056435715026600830e-01
-1.000000000000000000e+00
-1.000000000000000000e+00
-1.000000000000000000e+00
-2.544202034238419730e-01
-3.172974276592536169e-01
8.938107765652213432e-01
-5.410069812627044117e-01
-1.000000000000000000e+00
1.000000000000000000e+00
-1.000000000000000000e+00
4.808215210337206114e-01
-1.000000000000000000e+00
4.632744782291622343e-01
-8.004975526193891522e-01
-9.653082727145695374e-01
4.437818618358354561e-01
-1.000000000000000000e+00
3.949211797457281570e-01
-1.000000000000000000e+00
-9.344864787982679610e-01
-4.159176496335331707e-01
7.198370231213698789e-01
1.000000000000000000e+00
-3.702408446423517407e-01
1.000000000000000000e+00
1.000000000000000000e+00
1.000000000000000000e+00
-1.000000000000000000e+00
1.000000000000000000e+00
-5.633078266973471360e-01
-7.011657949475460505e-01
-1.000000000000000000e+00
-1.000000000000000000e+00
1.000000000000000000e+00
3.263581751902170369e-01
1.000000000000000000e+00
6.164908125446429965e-01
-9.815232908743103390e-01
-3.370524666194954500e-01
1.000000000000000000e+00
2.818334270397961916e-01
-1.000000000000000000e+00
-1.260196259443351341e-01
-8.469044552664185543e-01
-1.287458520513579119e-02
-1.000000000000000000e+00
1.000000000000000000e+00
6.889782491833222888e-01
1.000000000000000000e+00
9.903075479298619754e-01
1.000000000000000000e+00
5.126477878368947971e-01
-1.000000000000000000e+00
1.000000000000000000e+00
-1.000000000000000000e+00
-1.000000000000000000e+00
-4.959074960683024225e-01
-1.000000000000000000e+00
3.170713756804059980e-01
7.688156261504888178e-01
3.112095662786940053e-01
-1.000000000000000000e+00
1.000000000000000000e+00
4.144327675657309973e-01
-1.000000000000000000e+00
1.000000000000000000e+00
1.000000000000000000e+00
1.000000000000000000e+00
-1.000000000000000000e+00
-1.000000000000000000e+00
3.458264701511160055e-01
-1.000000000000000000e+00
3.771935239267836804e-01
2.701424844972844519e-01
-3.959289755915554876e-01
7.316478121727570949e-01
6.901487979744782564e-01
-1.000000000000000000e+00
1.000000000000000000e+00
-2.295428737814342313e-02
7.400999670159713606e-02
-1.000000000000000000e+00
-4.658918253120768460e-01
1.000000000000000000e+00
-5.503235326446853648e-01
1.000000000000000000e+00
1.000000000000000000e+00
9.638474874799124459e-01
-1.000000000000000000e+00
-1.000000000000000000e+00
4.218847375383841802e-01
1.000000000000000000e+00
3.117900608865924461e-01
1.000000000000000000e+00
-1.000000000000000000e+00
1.000000000000000000e+00
9.877391672188557958e-01
9.762387816985873545e-01
2.440407492124510025e-01
-1.000000000000000000e+00
-1.028607931498971284e-01
1.000000000000000000e+00
1.000000000000000000e+00
1.000000000000000000e+00
9.372258364141963227e-01
1.121330193267912612e-01
-1.000000000000000000e+00
1.000000000000000000e+00
3.730294044374942164e-01
-1.000000000000000000e+00
-5.041022549014513299e-01
1.000000000000000000e+00
6.292284626563916516e-01
-4.833708548521473691e-01
8.489780129801693942e-02
-1.000000000000000000e+00
4.801918056727179085e-01
7.724689709238650170e-01
-1.000000000000000000e+00
-1.000000000000000000e+00
1.367458208660623509e-01
7.589389725068360626e-01
-1.000000000000000000e+00
-3.846777533095311341e-01
1.000000000000000000e+00
7.980448793710250843e-01
-4.370010096961012280e-01
-7.662206352349938410e-01
1.000000000000000000e+00
-7.755035250481547848e-01
1.000000000000000000e+00
1.000000000000000000e+00
2.777662480186304794e-01
-2.843363251643902245e-01
5.296999456353246316e-01
1.000000000000000000e+00
-1.000000000000000000e+00
-4.849174850444652046e-02
1.000000000000000000e+00
-1.000000000000000000e+00
7.762966126403858524e-01
2.596164867244999952e-01
1.000000000000000000e+00
-1.000000000000000000e+00
-9.320593224577271574e-01
6.274130294664914675e-01
-1.000000000000000000e+00
1.000000000000000000e+00
1.000000000000000000e+00
9.289289649729155496e-01
6.063883023534429872e-01
-1.000000000000000000e+00
1.000000000000000000e+00
1.280774440311471807e-02
-2.919374153729471510e-01
-1.000000000000000000e+00
1.000000000000000000e+00
-1.000000000000000000e+00
-1.000000000000000000e+00
-1.000000000000000000e+00
1.000000000000000000e+00
-1.000000000000000000e+00
1.000000000000000000e+00
1.000000000000000000e+00
-1.000000000000000000e+00
-1.000000000000000000e+00
1.000000000000000000e+00
1.000000000000000000e+00
-1.000000000000000000e+00
-1.000000000000000000e+00
1.000000000000000000e+00
-1.000000000000000000e+00
-1.000000000000000000e+00
-1.000000000000000000e+00
-9.408229782158997745e-01
1.000000000000000000e+00
1.000000000000000000e+00
-1.000000000000000000e+00
-3.089302686498510697e-01
1.000000000000000000e+00
-7.053939257356155457e-01
1.000000000000000000e+00
4.788461184882993882e-01
