1.212859381182598284e-01
-5.380796512923124997e-01
2.823400934121478301e-03
3.647645717263647835e-01
-8.428855908722705514e-01
9.603155462996375569e-01
-7.468942239035947228e-01
4.204452023408973282e-01
-8.992971412664507724e-02
7.641038258210830492e-03
-6.203539765952914564e-01
-1.366807119140425186e-01
-9.673511969777812691e-01
8.535603467814460998e-01
1.012380024239047938e-01
1.866649640444397740e-01
5.609978754997444472e-01
-5.749631101400196620e-01
-5.094484333292514933e-03
3.498364586349052008e-01
4.326494002195007127e-01
9.851300323997123076e-01
7.100334556070864167e-02
1.913944681527945946e-02
-2.537142363285764812e-01
-2.536085875222404695e-01
3.598046631287623587e-01
-4.113563236104305076e-01
6.805978079734305020e-01
-6.053236402596933186e-01
6.992305764687178904e-01
-3.602114668501499306e-01
3.539020883378789506e-01
4.357440688884033353e-01
-7.279671359851824786e-01
-7.598780161187921323e-01
4.157642369142942051e-01
3.845892262775016945e-01
2.960984582498071838e-02
9.236648367855941899e-01
2.553351958258776033e-01
-3.637513169220079057e-01
3.404531275486248898e-01
9.124974314282607857e-01
4.830279303387350343e-01
6.814318778505608076e-01
8.841474453087410090e-01
8.496376837890180500e-01
8.682068863891860833e-01
7.209324357060713506e-01
9.733635117981851437e-01
-1.501707717470717185e-01
5.952049611972847210e-01
-3.312171081660963967e-01
8.573540183894081679e-01
9.778724882922427142e-01
-3.987323617968696610e-02
-5.533647774946777176e-01
-2.340574636910539574e-01
9.220985226251814382e-01
7.248236781229515646e-01
4.003171721560980778e-01
-8.856806822043614691e-01
1.673613439621293164e-01
-4.409651474576170571e-02
2.560210181845690158e-01
2.024775712470294753e-01
-3.464403553548085490e-01
-8.193700889482902205e-01
-2.075025796504050835e-01
-9.808942344525011237e-01
5.692760548834985279e-02
-1.870958493566605707e-01
9.180426731530795248e-01
-3.854839828610707730e-01
-1.886524613070572620e-02
-2.449590333670768061e-01
-6.812347266909426491e-01
-2.251889219505955886e-01
4.081264994206581509e-01
1.623922023868396014e-01
-7.081863553309950543e-01
6.918043501441448750e-01
2.948162088457912944e-01
-7.516582023348927777e-02
5.332290448386174386e-01
8.426693195047272322e-01
4.975265979034231290e-01
-8.573198097990308852e-01
-5.150662711457401066e-01
9.704178353440440219e-01
3.848875552387087673e-01
-5.200360158398906751e-01
-3.983707237218367947e-01
-4.324807760296218717e-01
4.817570099813679452e-01
-2.505480079118700409e-01
-8.044383168415663032e-01
-8.865252546306079395e-01
2.599940412369876608e-01
-2.077937399640321647e-01
-2.014423632862971658e-02
1.140166674225511212e-01
1.576123196183849551e-01
1.174503263637898254e-01
5.499464187550928695e-01
-2.992903690407766604e-02
-5.881004206647375554e-01
3.123254040789493757e-01
-1.592444090475289009e-01
1.646782307457668182e-01
4.734764264839119718e-02
-7.383578287271064244e-01
-1.098126996764945407e-01
7.224648000549072080e-02
-6.756416163810885500e-02
-8.443347740442508353e-01
-4.779655038752477214e-01
4.385624724800796237e-01
9.811147494119403234e-01
3.729134008610632822e-01
7.815528228087542661e-01
-9.338945288412245915e-01
-6.224915321938426782e-01
-5.705442609313182700e-01
-4.984573670581033955e-01
-8.437109649563820923e-01
-1.320225557204166567e-01
-2.234043149060362943e-01
5.989712387584267272e-01
7.153593388334875680e-01
2.781576963128877811e-01
-4.020084559693402060e-01
-3.302883650636958546e-01
1.627271437374182561e-01
-8.167897130907864067e-02
3.558134910416659302e-01
-8.811791303862581692e-01
4.229297392064763628e-01
9.422830660954881754e-01
1.241456427267706442e-01
8.138838188701533749e-01
2.975359608623164842e-01
8.507317743898126228e-01
-9.596088416453467662e-01
9.597038896337362068e-01
8.275032958986650033e-01
-4.825366305616538565e-01
8.769485694276328847e-01
-2.555268664244529919e-01
-6.043034620371412480e-02
2.365294977355201222e-01
-8.591110042638323563e-01
6.696974387297935927e-01
-2.986196256871704868e-01
9.936542938566472749e-02
7.469945152270835997e-01
-7.903343075460227407e-01
6.908437806516984914e-01
-8.967176790294772992e-01
7.278915282651787777e-02
3.672136533936607439e-01
-2.198038311428056613e-01
-1.053356865885990423e-01
-1.209094121832023916e-01
-5.960184838978790367e-01
4.765492448451893459e-01
-6.161815552909755134e-02
4.619501691686984657e-01
-5.652549963496726892e-01
-7.814584578763470457e-01
-5.937862171044514525e-01
5.223652763553900957e-01
9.604160210449221857e-01
3.540906513613379936e-01
-5.678699630310783952e-01
9.806129490045532027e-01
4.858375693765144554e-01
4.638438869926893027e-01
9.956537588451046528e-01
9.693296184684627725e-01
-2.201285638845029702e-02
5.931906522193375331e-01
9.301661397486871152e-01
-6.714149860672167236e-01
-1.950325691753811430e-01
-4.714183769202480168e-01
4.700920684453913090e-02
9.235562528715119957e-01
9.458605430314435125e-01
8.205838953122628343e-01
-8.674387250122177484e-01
-4.545033350288421037e-01
2.073622968285446788e-01
-8.500828335532415458e-01
-3.562749179443944758e-01
9.079549347756745714e-01
-7.738721103304930793e-01
4.109500362681968166e-01
-4.729487105806300384e-01
-2.243891801997095481e-01
-9.335721676720927231e-01
-5.731378874243737709e-01
-7.527151150287612058e-01
-3.524014656089715647e-01
4.684299912871694449e-01
-2.626337906302986802e-01
6.607574041610597693e-01
-4.791460902446980086e-01
-8.655574760256807831e-01
-3.809587282981579115e-01
-7.461548891318774412e-01
-2.573260114246715968e-01
9.977646848972445692e-01
-3.968452121030652258e-01
-9.333488763950699152e-01
-8.439716375103056833e-02
9.838396034834253623e-01
-3.715914175233034911e-01
-7.147842350280619872e-01
5.252389173075586726e-01
-1.201267753079777734e-01
-2.300828351101706915e-01
6.980773778702711319e-01
-4.700766330165553342e-01
-5.435516744873769568e-02
-8.187002494668722541e-01
4.569064107719875700e-01
1.353977778572552637e-01
-7.387248626278113406e-01
-2.058400335327894570e-01
-5.755134129864942771e-01
2.252834444787930046e-01
1.039254025239826351e-01
1.652393764050801295e-01
7.312058354703927510e-01
7.507801912104663522e-01
3.732569677403418940e-01
9.153455383212185659e-01
-1.031893891614621417e-02
8.665394227043687891e-01
-6.948802023495461722e-01
1.248203658891289258e-01
2.063816377520504286e-01
-7.102389110789084636e-01
6.629274789451840011e-01
5.829050776454252070e-01
-8.111944768406089690e-01
-1.766426260494127209e-01
-3.054463420725086475e-01
2.133991596950515213e-01
-8.946738051599412156e-01
-1.252309219555416409e-01
4.055961374959180521e-01
-6.588989134560963024e-03
5.834243411512174404e-01
9.338382286504429697e-01
-7.044678556079895237e-01
8.818483107407666388e-01
3.502993360148858315e-01
-8.963227242552573859e-01
9.433207422321072677e-01
2.919117611970070136e-01
3.981897033809103092e-01
-1.744622490849412344e-01
