-1.000000000000000000e+00
1.000000000000000000e+00
-1.000000000000000000e+00
1.000000000000000000e+00
-1.000000000000000000e+00
-1.000000000000000000e+00
1.000000000000000000e+00
1.000000000000000000e+00
1.000000000000000000e+00
-1.000000000000000000e+00
-1.000000000000000000e+00
-1.000000000000000000e+00
-3.186949356913253983e-01
-4.914666607223390216e-01
1.000000000000000000e+00
-1.000000000000000000e+00
7.671581932703563922e-03
-1.000000000000000000e+00
1.000000000000000000e+00
-9.809583922085124419e-01
7.048571939715557733e-01
-1.053356099545409430e-01
-1.000000000000000000e+00
-1.000000000000000000e+00
-1.000000000000000000e+00
1.000000000000000000e+00
1.000000000000000000e+00
-1.000000000000000000e+00
-1.000000000000000000e+00
-1.000000000000000000e+00
-1.000000000000000000e+00
1.000000000000000000e+00
1.000000000000000000e+00
1.000000000000000000e+00
-1.000000000000000000e+00
-1.000000000000000000e+00
8.423857374024286138e-01
1.000000000000000000e+00
-1.000000000000000000e+00
1.000000000000000000e+00
-4.093344342493038246e-01
-1.000000000000000000e+00
-1.000000000000000000e+00
-1.000000000000000000e+00
1.000000000000000000e+00
-1.000000000000000000e+00
1.000000000000000000e+00
-4.917007694724247480e-01
1.000000000000000000e+00
-1.000000000000000000e+00
1.000000000000000000e+00
-1.000000000000000000e+00
1.000000000000000000e+00
-1.000000000000000000e+00
2.511951647135096666e-01
-1.000000000000000000e+00
1.000000000000000000e+00
1.000000000000000000e+00
1.000000000000000000e+00
-1.000000000000000000e+00
1.000000000000000000e+00
1.000000000000000000e+00
1.000000000000000000e+00
9.241259523635479978e-01
-1.000000000000000000e+00
1.000000000000000000e+00
-1.000000000000000000e+00
1.000000000000000000e+00
-1.000000000000000000e+00
1.000000000000000000e+00
-5.977756576447630366e-01
8.175318543791136872e-01
1.000000000000000000e+00
1.000000000000000000e+00
-3.055042280394395515e-01
1.000000000000000000e+00
1.000000000000000000e+00
-3.478402986570163780e-01
-1.000000000000000000e+00
-1.000000000000000000e+00
1.000000000000000000e+00
-1.000000000000000000e+00
7.310946336600023798e-01
1.000000000000000000e+00
-1.000000000000000000e+00
1.000000000000000000e+00
6.950070067116073114e-01
-1.000000000000000000e+00
-1.000000000000000000e+00
-1.000000000000000000e+00
1.000000000000000000e+00
1.000000000000000000e+00
1.000000000000000000e+00
1.000000000000000000e+00
-9.212789722783303326e-01
1.000000000000000000e+00
-1.000000000000000000e+00
7.138318907795150325e-01
-1.000000000000000000e+00
1.000000000000000000e+00
1.000000000000000000e+00
1.276477475617996404e-01
1.000000000000000000e+00
3.694850511882234456e-01
-1.000000000000000000e+00
9.150380785372543846e-01
-1.000000000000000000e+00
1.000000000000000000e+00
-1.000000000000000000e+00
-1.000000000000000000e+00
-1.000000000000000000e+00
-4.232773036123645971e-01
-2.238934922190422006e-01
1.285972013287439708e-02
5.792294771325637859e-01
7.084949230437482814e-01
-1.000000000000000000e+00
-1.000000000000000000e+00
-1.000000000000000000e+00
-1.000000000000000000e+00
1.000000000000000000e+00
-1.000000000000000000e+00
-7.015111118640223742e-01
4.088953942783257745e-01
-2.436836530489825403e-01
6.607489924795190150e-01
1.000000000000000000e+00
1.000000000000000000e+00
-1.000000000000000000e+00
1.000000000000000000e+00
6.441474803550656381e-02
-1.000000000000000000e+00
1.000000000000000000e+00
-3.502568756612525203e-01
5.068001326814957075e-01
1.982463563176981580e-01
9.132446629455953646e-02
-1.000000000000000000e+00
1.000000000000000000e+00
1.000000000000000000e+00
-1.000000000000000000e+00
-1.000000000000000000e+00
-1.000000000000000000e+00
4.542621035898707915e-01
1.000000000000000000e+00
-1.000000000000000000e+00
2.773687970751264609e-01
-8.575852433417825438e-01
-1.000000000000000000e+00
-4.026575468566614413e-01
1.000000000000000000e+00
-1.000000000000000000e+00
1.000000000000000000e+00
-1.000000000000000000e+00
-1.000000000000000000e+00
6.235781780252280804e-01
1.000000000000000000e+00
-1.000000000000000000e+00
-9.422259450018407589e-01
-3.117855818112627020e-01
-1.000000000000000000e+00
-1.000000000000000000e+00
-1.000000000000000000e+00
-1.000000000000000000e+00
1.000000000000000000e+00
1.000000000000000000e+00
-1.000000000000000000e+00
1.000000000000000000e+00
-1.000000000000000000e+00
-1.000000000000000000e+00
-1.000000000000000000e+00
-1.000000000000000000e+00
1.000000000000000000e+00
-8.257135957638728208e-01
-1.000000000000000000e+00
-1.000000000000000000e+00
-1.000000000000000000e+00
1.000000000000000000e+00
3.932140194239361897e-01
-1.000000000000000000e+00
-1.000000000000000000e+00
-1.000000000000000000e+00
-1.000000000000000000e+00
-9.468355342487658199e-02
-1.000000000000000000e+00
1.000000000000000000e+00
1.000000000000000000e+00
1.000000000000000000e+00
9.418548639118371479e-01
1.000000000000000000e+00
3.540933664838749051e-01
-6.733366368912923061e-01
1.000000000000000000e+00
-1.000000000000000000e+00
-1.000000000000000000e+00
1.000000000000000000e+00
1.000000000000000000e+00
1.000000000000000000e+00
1.000000000000000000e+00
1.000000000000000000e+00
-5.136703551835822279e-02
1.000000000000000000e+00
-2.978732800167540606e-01
-2.132192458159913873e-01
1.000000000000000000e+00
-8.166932027296092134e-01
1.000000000000000000e+00
-1.000000000000000000e+00
2.211316978535926570e-01
7.439253587674951040e-01
-9.690511078976684622e-01
1.000000000000000000e+00
-2.357884994341329643e-01
-1.000000000000000000e+00
1.000000000000000000e+00
1.000000000000000000e+00
-1.000000000000000000e+00
1.000000000000000000e+00
2.324004347268984194e-01
1.000000000000000000e+00
-1.000000000000000000e+00
1.000000000000000000e+00
-7.237785488772967568e-01
1.000000000000000000e+00
1.000000000000000000e+00
-1.000000000000000000e+00
6.098643039394135990e-02
-1.000000000000000000e+00
8.882363486763800164e-01
1.970225064258235570e-01
1.000000000000000000e+00
1.000000000000000000e+00
1.000000000000000000e+00
1.000000000000000000e+00
1.000000000000000000e+00
-1.000000000000000000e+00
-1.000000000000000000e+00
1.000000000000000000e+00
3.870640565137593025e-01
-2.816791457477239580e-01
3.966339732676078533e-01
-1.000000000000000000e+00
9.085603344485160271e-02
1.000000000000000000e+00
1.000000000000000000e+00
-1.000000000000000000e+00
-1.629228121825800901e-01
-1.000000000000000000e+00
-1.000000000000000000e+00
-1.000000000000000000e+00
-1.000000000000000000e+00
-1.000000000000000000e+00
1.000000000000000000e+00
8.496797120413417392e-01
1.000000000000000000e+00
-1.000000000000000000e+00
-1.000000000000000000e+00
-1.000000000000000000e+00
1.000000000000000000e+00
1.000000000000000000e+00
-5.692252475644483667e-01
-5.382328417716810698e-01
8.280394109636176614e-01
-1.000000000000000000e+00
-1.000000000000000000e+00
