3.505983605343290233e-01
-9.402841471064028456e-01
-4.147400384036272758e-01
-1.487578343452051755e-01
-9.856001228027242433e-01
1.000000000000000000e+00
-1.000000000000000000e+00
4.205421740084276938e-01
1.000000000000000000e+00
1.546795009714572178e-01
-6.708409626269140613e-02
-4.450081281514761677e-01
1.000000000000000000e+00
-1.766667630011544698e-01
-1.000000000000000000e+00
5.206990130339990142e-01
-1.000000000000000000e+00
1.466285649055802387e-01
-1.000000000000000000e+00
1.000000000000000000e+00
-8.269679059369783314e-01
2.868178179059843735e-01
-1.000000000000000000e+00
-1.000000000000000000e+00
6.612025764709992259e-01
-1.000000000000000000e+00
6.375871518083742195e-02
-8.284060272872735275e-01
-1.000000000000000000e+00
-1.000000000000000000e+00
-9.340717285994137864e-02
-1.548524794344707800e-01
5.118626134937134253e-01
5.955316287817951082e-01
7.214731726453152971e-01
-5.181751314340130588e-01
-1.000000000000000000e+00
-1.000000000000000000e+00
-1.000000000000000000e+00
1.000000000000000000e+00
1.000000000000000000e+00
-7.183370414327390208e-01
-6.358537963653669856e-01
1.000000000000000000e+00
-5.921986859265034875e-01
-1.000000000000000000e+00
-2.256725816544833119e-01
-3.534393215212471295e-01
-1.000000000000000000e+00
-1.000000000000000000e+00
1.000000000000000000e+00
3.303940277066185205e-01
-1.000000000000000000e+00
-1.000000000000000000e+00
-1.000000000000000000e+00
-6.445430816932660179e-01
1.000000000000000000e+00
-1.615781756224599353e-01
-9.755173082855721489e-01
-1.000000000000000000e+00
6.990375493247769079e-01
1.637883126070519557e-01
-2.986341972523490762e-01
6.058940199172304641e-01
1.000000000000000000e+00
-1.000000000000000000e+00
1.345063501389806015e-01
1.000000000000000000e+00
1.000000000000000000e+00
1.713742649145439945e-01
1.000000000000000000e+00
-8.714486884925630727e-01
-1.000000000000000000e+00
2.834760517923073930e-01
-1.000000000000000000e+00
1.000000000000000000e+00
1.000000000000000000e+00
1.000000000000000000e+00
9.418702504610341197e-01
-1.000000000000000000e+00
1.000000000000000000e+00
3.908879999401613237e-01
-1.000000000000000000e+00
-1.885289429336961531e-02
-1.000000000000000000e+00
1.000000000000000000e+00
6.040219996048108442e-01
4.228119176002690383e-01
-3.776386452392821447e-02
-5.301276766493634440e-02
-2.622909963328654559e-01
-2.290477612334140822e-02
-9.284053297527794513e-02
-8.382267734414288185e-01
1.000000000000000000e+00
1.000000000000000000e+00
-1.000000000000000000e+00
1.000000000000000000e+00
-1.000000000000000000e+00
-3.025733377294708148e-01
1.000000000000000000e+00
-3.502605101896590911e-01
1.000000000000000000e+00
1.000000000000000000e+00
8.266637439889148453e-01
-1.000000000000000000e+00
6.390935997044128181e-02
1.000000000000000000e+00
4.844068832705127337e-01
-3.771415935889999016e-02
-4.677019721678377651e-01
-5.791831191099838794e-01
-1.000000000000000000e+00
1.000000000000000000e+00
1.000000000000000000e+00
9.148313148973475917e-01
-1.000000000000000000e+00
-9.579435707780041831e-01
-1.000000000000000000e+00
4.686695328490182444e-01
9.637898769095087914e-02
-1.000000000000000000e+00
-1.000000000000000000e+00
2.689017665158339176e-01
-1.000000000000000000e+00
6.424143794614611824e-01
-3.173110497968323340e-01
1.000000000000000000e+00
-1.000000000000000000e+00
-5.671371808639296130e-01
1.000000000000000000e+00
6.910354590466476488e-01
3.538327940280001638e-01
-1.000000000000000000e+00
1.000000000000000000e+00
-1.000000000000000000e+00
7.392350502512856636e-01
7.736876095912637030e-01
-1.000000000000000000e+00
3.087152339753314045e-01
1.000000000000000000e+00
1.000000000000000000e+00
9.125841465933723917e-01
-7.216397922950255062e-01
-8.868483847647984364e-01
-6.448074637976830559e-01
1.000000000000000000e+00
1.000000000000000000e+00
-3.237582060689045971e-01
1.000000000000000000e+00
7.649715162133423618e-01
6.268719049625763873e-01
7.044881851256274974e-01
-6.195803612377825953e-01
-1.702960922973223434e-01
4.592737616189031535e-01
1.680773849008887488e-01
1.000000000000000000e+00
2.936966728807399729e-01
-1.000000000000000000e+00
3.392417074244380437e-02
-7.553573341462656021e-01
-8.559352823815563616e-01
-6.477540045807586022e-01
-1.000000000000000000e+00
-6.784215917738978252e-01
-1.000000000000000000e+00
1.000000000000000000e+00
1.000000000000000000e+00
-1.000000000000000000e+00
1.000000000000000000e+00
3.917677956864609179e-01
-9.490889486155794641e-01
1.000000000000000000e+00
-1.000000000000000000e+00
6.140145387894162532e-01
-1.000000000000000000e+00
6.083847881659483203e-01
1.000000000000000000e+00
1.793632985923932499e-01
1.000000000000000000e+00
-1.000000000000000000e+00
1.000000000000000000e+00
1.000000000000000000e+00
3.942745310611677212e-01
-1.000000000000000000e+00
-1.078123706624277700e-01
5.011712276448889725e-01
1.000000000000000000e+00
-1.000000000000000000e+00
-1.000000000000000000e+00
-1.287858277357393222e-01
4.407819838681563684e-01
-1.000000000000000000e+00
7.830753933405734113e-01
4.554629729659123161e-01
-4.471817916467348830e-01
1.000000000000000000e+00
-1.000000000000000000e+00
2.325469085860821794e-01
-6.598076241172855516e-01
1.000000000000000000e+00
-4.216290431555799745e-01
-7.142011646551371662e-03
-4.349721881774926135e-01
6.777305318669524237e-01
-1.000000000000000000e+00
-1.000000000000000000e+00
-9.288581431924891607e-01
7.469292813967653988e-01
-3.113023217567869594e-01
-3.413761683191967045e-01
1.279256477436476747e-01
2.056573718215144453e-01
1.000000000000000000e+00
1.651760867154462020e-01
1.000000000000000000e+00
1.000000000000000000e+00
5.664469675812391358e-01
1.906864654002399240e-01
-1.000000000000000000e+00
-1.000000000000000000e+00
1.000000000000000000e+00
-1.000000000000000000e+00
-1.855933951213071254e-01
-1.000000000000000000e+00
-1.000000000000000000e+00
5.058802645906746998e-01
3.885326825124406636e-01
-1.000000000000000000e+00
1.000000000000000000e+00
1.000000000000000000e+00
3.401586221942562993e-01
1.000000000000000000e+00
2.553885194649343493e-01
-8.588054785952151660e-01
1.000000000000000000e+00
1.000000000000000000e+00
-7.318868640742428600e-01
-9.942022809695276742e-01
-8.469211497501267782e-01
-1.000000000000000000e+00
1.000000000000000000e+00
3.696534681516559506e-01
7.242121705216906236e-01
9.962725368624139044e-01
-1.000000000000000000e+00
-7.851519675902189910e-01
6.522908791198344103e-01
-1.816520867548878093e-01
-1.000000000000000000e+00
2.270985371151639232e-01
-8.971449232846165911e-01
5.592340615125748204e-01
1.000000000000000000e+00
-1.000000000000000000e+00
-1.000000000000000000e+00
-1.000000000000000000e+00
5.280153384410734008e-01
3.108529931993022632e-01
1.000000000000000000e+00
-6.384591356117876870e-01
-1.000000000000000000e+00
-4.061694171254646157e-01
-1.000000000000000000e+00
