-9.789052473548929267e-01
1.851041291568911173e-01
-5.472801246053313751e-01
-1.000000000000000000e+00
-5.398285207379587280e-01
3.634235123953151181e-01
2.726847105161036566e-01
-5.200225001801055402e-01
-9.170067641254968649e-01
1.000000000000000000e+00
-1.918219325603560677e-01
-6.164922318331997886e-01
6.929302595742174997e-01
-2.798356156818471163e-01
-9.702436037822548265e-01
1.000000000000000000e+00
2.310008157745903623e-01
-7.488866892196102132e-01
6.102496881415366836e-01
-5.599239964153417404e-01
-1.000000000000000000e+00
-1.000000000000000000e+00
7.352552735357009706e-03
2.573430904581313072e-01
1.000000000000000000e+00
-4.953549242967318911e-01
-9.277415564368500789e-01
-6.970197487954152837e-01
-2.473421628559429042e-01
-7.336001930748834443e-01
-4.691213150870405801e-01
8.714023897410723141e-01
-6.990706959550019306e-01
3.864728693213024258e-01
2.135062289359284105e-01
5.348145121746259445e-01
-3.769305992512639314e-02
-3.415323097897177695e-01
-1.000000000000000000e+00
1.000000000000000000e+00
5.361145052740894368e-01
-7.801123354585086656e-01
8.306619948651694507e-02
1.000000000000000000e+00
7.332322681484573224e-01
3.029203835970828429e-02
4.010060100846790654e-02
7.151328348575199945e-01
5.604049924721505871e-01
1.681822183241729607e-01
4.944365613481787602e-01
-2.131316415984905177e-01
-6.418173966875753145e-01
5.119921947125449790e-01
-4.507175297783576617e-01
-6.532232675593310223e-01
-6.847456047153694936e-01
7.881227752172021983e-01
-2.662151422414793522e-01
-4.142682398794912402e-01
3.974152103839949657e-01
8.650949797044726886e-02
-7.223586364060154974e-01
-3.266570631723393348e-01
5.196408849298517207e-01
-3.516736399300919302e-01
2.178301889150411341e-01
-4.509365088483763273e-01
-6.674254004383317618e-01
-5.322207860431429349e-01
-7.638694369134506612e-01
3.953713900951517646e-01
-4.147622015157677033e-01
1.970896021745365267e-01
-9.647803679044195668e-01
1.002430298852106105e-01
3.288208717893692512e-01
-2.983878496181135986e-01
6.527939247266221212e-01
-7.558740989307171088e-01
-4.529558598605138986e-01
-1.547001576790453248e-01
8.614223188061223002e-01
6.482070151981229600e-01
-9.321489177489814537e-01
8.160816046133185786e-01
-6.206545552326094839e-01
-1.436548535199513310e-01
-9.821348966877194719e-01
8.929406395301957566e-01
-5.414772532108960146e-01
-4.904349060297110707e-01
-7.375014543473933371e-01
8.746005344189655695e-02
-1.190849572679644197e-01
-6.221015780974468168e-01
-6.120237219010953300e-01
-1.000000000000000000e+00
-9.472296184592763346e-01
-5.847907054120147219e-01
7.781353595589310945e-01
2.282671009523675743e-01
1.253730030612838497e-01
4.277570952002350269e-01
1.693484684456579847e-01
-1.000000000000000000e+00
-1.846062468217242181e-01
-1.000000000000000000e+00
2.414830557515201814e-01
-2.327740194947599539e-01
4.912001820807241348e-01
1.000000000000000000e+00
-9.515397262147362589e-02
1.303848262977815864e-01
2.520449210109240168e-01
-3.543468776752851657e-01
1.000000000000000000e+00
3.029461912757069886e-01
-9.304989917039281355e-01
-4.005621884936503285e-01
1.000000000000000000e+00
8.314573100326014821e-01
-7.147301952921354395e-01
2.304017749081002098e-01
1.000000000000000000e+00
8.934857102693840591e-01
9.572220506373043669e-01
6.389441351793736512e-01
-6.956858651277902927e-01
-7.766794524678460876e-02
-8.601942579237253916e-01
-2.232809519081555005e-02
-1.680403184716561249e-02
5.333617018849217128e-01
-6.541621098605692186e-01
6.908334028670397586e-01
2.345580384298313614e-01
-6.276617350215638602e-01
6.365748403777560238e-01
8.980881476150973652e-01
-7.641449022264188429e-01
-1.228373170517802482e-01
9.284301571256186048e-01
-7.621881635841001312e-01
-7.232472168214056918e-01
1.000000000000000000e+00
8.697488988391741671e-01
1.000000000000000000e+00
-7.874421525394437182e-02
-5.603367659826052893e-02
-2.442580616480125588e-01
-4.653977543547787032e-01
-7.208374849492794612e-01
7.777524466851828411e-01
-6.648328120413716791e-01
4.461667932725550401e-01
4.420386665787030545e-01
-1.782831314000077327e-01
-9.693525655279229269e-01
8.111666692494672315e-01
2.684726428313426450e-01
-1.000000000000000000e+00
5.661518123720246098e-01
5.019061390688119850e-01
-1.026881346981510790e-01
-9.964627413706332870e-01
-3.220791883186057691e-01
4.018681333396283417e-01
-7.610518441822695657e-01
5.183089051499172317e-01
-3.432732075626729884e-01
-4.939027918391509786e-01
-8.933320066336989385e-01
7.052323373174903542e-01
1.000000000000000000e+00
7.686510275588107621e-01
-1.000000000000000000e+00
-6.102390894323002080e-01
-1.595521650423350479e-01
3.483118461905452268e-01
7.061553738106483014e-01
4.389845038268476163e-01
-8.986792533795517901e-01
3.626960321519887565e-01
6.788767488053667476e-01
8.901689676401185469e-01
9.115905213018584696e-01
-7.629965829495211072e-01
1.000000000000000000e+00
3.210937276350616099e-01
9.944560588358821729e-01
5.956449896014157641e-01
-2.798193788011948957e-01
6.136828492167243354e-01
-3.604602668181982050e-01
7.814937512091963967e-01
9.601499326923754740e-01
4.178149715441263901e-01
8.615879624024662675e-01
-4.990266534005449728e-01
-1.000000000000000000e+00
-8.393111396036005978e-01
2.793380106513612127e-01
6.122494566072389510e-01
-9.093205684830030222e-01
6.424097331874634165e-01
-4.464773168286308991e-01
4.698479567860927020e-01
-1.487144101598589785e-01
1.000000000000000000e+00
-8.573776244977444616e-01
-5.964800120675772810e-01
1.831652266518408734e-01
3.264563754655360750e-01
6.571726438962883776e-01
-7.766729276315742503e-01
1.000000000000000000e+00
-5.263276093940260081e-01
2.230056589174477244e-01
9.216126001109918864e-01
-6.338613042809011500e-01
-8.325471915265252321e-01
9.043482372860405238e-01
5.091163607921754819e-01
-4.351026169164604607e-01
1.381160619136725387e-01
5.582824940492749910e-01
-8.649241773940619105e-01
2.232476581091136225e-01
5.044378814700987146e-01
-4.005704665440044110e-01
4.207112477619590063e-01
-5.454788823822005472e-01
9.026521705193022438e-01
1.000000000000000000e+00
-8.108532953297686863e-01
4.306377326089260160e-01
3.215441301891261983e-01
5.020143179148808255e-01
4.981761216707232265e-01
7.543820810678982802e-01
-2.661356919591713055e-01
-3.291918876190507159e-01
-2.369986827166132848e-01
1.015606977601652000e-01
-9.394870371822257038e-01
6.526582617263978481e-01
6.940438971686540004e-01
2.341376463128095331e-01
4.974801228905211814e-01
6.693591194318597726e-01
-1.891525206817892268e-01
-1.948537618072594402e-01
1.316630429855067952e-01
8.027801064205148940e-01
-8.712680322971031455e-01
2.176802719950652332e-01
-9.979708174882189198e-01
8.626522414078621193e-01
9.333524961808921105e-01
3.191549791915271328e-01
-9.045281917075675970e-02
2.187609468868619289e-01
-9.377418584578682825e-01
-3.336066635737588992e-01
