-6.776882941796016357e-01
-1.540363350197813119e-01
-4.791538251274314320e-01
5.053163663462334476e-01
6.538842034389367175e-01
5.555513154043141277e-01
5.020021427419254501e-01
-6.159656026142037444e-01
5.364707331060722950e-01
9.520412010755308074e-02
7.623158259832905070e-01
6.535064996343158406e-01
7.876830273769537261e-01
-2.612315264533888737e-01
-5.950875928142163040e-02
6.114327589896748627e-01
3.067498215810013917e-01
6.006697042034039313e-01
-3.666017721956074116e-01
-7.108820595314306878e-01
-2.716678155977447773e-01
2.203616185316159548e-01
-2.132953218633075743e-01
3.444391269595412641e-01
-1.000000000000000000e+00
-1.149110046528998286e-01
-8.483558503531218875e-02
7.573171135725098591e-01
-1.957057382783635724e-01
-7.959791292299249754e-01
3.850581182020529347e-01
-8.065812900788058570e-01
1.000000000000000000e+00
3.661556669391687890e-01
1.000000000000000000e+00
7.175221078419800058e-01
-6.079088009288915462e-01
-8.797348677180767407e-01
-3.740572395980876763e-01
-1.000000000000000000e+00
-1.338572570988545429e-01
-6.177405030805016573e-01
1.173816226662343087e-01
7.470306300734057547e-01
1.000000000000000000e+00
-3.842389696652570574e-01
-4.404330140155099382e-01
-1.000000000000000000e+00
2.406042589668677678e-02
6.917438608132491229e-01
3.138078483167539012e-01
-2.026140479491134183e-01
-8.100052165209243871e-01
1.000000000000000000e+00
4.184110423276510282e-01
-8.800175440258151127e-02
-5.388036769935402592e-01
-9.788292876297697287e-01
-6.371611549429152532e-01
7.368209054574555994e-01
-6.432838405848644303e-01
-8.125107281131205283e-02
4.189484855243512662e-01
-9.449351821316003264e-01
9.099809972883066145e-01
-2.796748731441802693e-01
9.605762951092542412e-01
6.265276747517178890e-02
8.183562584603620849e-02
-1.850008281903687823e-01
-9.822891767935982843e-01
-6.320919532951219111e-01
-3.220015635007442700e-01
9.891450918013346971e-01
-6.544920547688670709e-02
5.771875293217887393e-01
4.008720987048033368e-01
9.189981850387327622e-01
-9.053217344311170756e-01
-6.472713244198282645e-01
-5.485976353825237073e-01
5.471627565043157837e-02
-9.993049172770211985e-01
1.631710207457370831e-01
6.250677288242867391e-02
6.739779914189163446e-01
6.428789118727145091e-01
-5.652285743220135661e-01
1.000000000000000000e+00
1.000000000000000000e+00
-6.031098518381050599e-01
3.240744894462950221e-01
-6.879797743120683595e-01
9.232814423680126836e-01
-7.925827378841010518e-01
-5.485762510685006088e-01
2.695643880758531452e-01
-2.829466508960747362e-01
-2.067236358832069687e-01
-2.820126533265954194e-01
-5.730918264928961392e-01
-1.000000000000000000e+00
-3.221123549049675905e-01
-1.915296568727169468e-01
-7.211393107420172033e-01
1.624164318607692614e-01
-4.599472415532568359e-01
1.035869445191442417e-01
-7.615267951519641976e-01
-1.549897530334228835e-01
-9.435592341672865979e-01
-8.643306987906196337e-01
-1.000000000000000000e+00
1.000000000000000000e+00
9.151557647477155388e-01
-2.826424566869456534e-02
-1.000000000000000000e+00
-4.155680106246928407e-01
8.261122440286674529e-01
-7.577807577488689939e-01
-7.967818667615211847e-01
1.000000000000000000e+00
-2.882666007154566223e-01
1.337393978702385855e-01
-3.320511621958852633e-01
3.732865061995287448e-01
-7.403310512480689720e-01
5.265677267974131492e-01
9.751388944220809041e-01
-8.336278052674521710e-01
3.394905365417435483e-01
7.966196088816506204e-01
4.985638022256115853e-01
-2.446143814436179120e-01
-7.082844470525901936e-01
-5.619079388422441035e-01
-1.000000000000000000e+00
3.300290438404231974e-01
-1.000000000000000000e+00
1.244596473036243545e-01
4.112241080516085834e-01
-1.000000000000000000e+00
7.209510534033600759e-01
-8.821631912592223790e-01
-7.205962378831436421e-01
9.954178416506536120e-01
-1.204511167843609343e-01
3.676892484635675418e-01
7.804003304783091455e-01
-6.385215315869339214e-01
-7.431940024761368724e-01
-1.229851580962800783e-01
-9.820057883786659225e-02
-1.000000000000000000e+00
-8.728725731213533567e-01
-5.971319270716388683e-01
5.903895596055233064e-01
9.920340633304962630e-01
8.428855674433894940e-01
-6.153166268762226832e-01
-2.565380817036466699e-01
-6.789335736350710082e-01
-7.747055029017668737e-02
-6.733855619673025927e-01
7.917111487044405926e-01
8.374765342640047017e-01
-6.470864610451028121e-01
-6.448245685365567859e-01
7.963148912713549632e-02
2.273661660799566331e-01
4.996172087735348821e-01
-1.000000000000000000e+00
-7.511240480869123548e-01
3.359007525126984639e-01
9.135277398142129801e-01
-4.679243098694219061e-01
3.072061229805722604e-02
-6.072399916588573365e-01
-2.378253545939950087e-01
-5.812705967656037753e-01
9.765824486630068080e-01
6.127321574074169330e-01
5.020394105023910925e-01
-4.690198429262362190e-01
-1.000000000000000000e+00
7.090170318916306780e-01
8.542160134027096952e-01
2.312922027527677393e-01
4.991144361129631335e-01
-9.788801936185340669e-01
-6.061281071844064616e-01
-5.154645107714348473e-01
9.935735085669206157e-01
-1.000000000000000000e+00
8.852824697552121869e-01
1.117294606178000915e-01
3.791852195476655418e-01
-7.409541386588898160e-01
-7.414325305878839423e-01
-6.951167461262186542e-01
-8.213655958882983832e-01
1.825985719858302936e-02
-9.812479939341127722e-01
1.207392038206276386e-01
-2.089999114773750666e-01
-2.519901293397481812e-01
-6.278254101015092736e-01
-5.008272439712484481e-01
5.870649102751224202e-01
-3.815322188220120481e-01
5.461270083619009785e-01
-3.595296250987929376e-01
5.054743173834859160e-01
1.590338679879652606e-01
3.600796830560699657e-01
-4.203461627064242201e-02
1.024211055340679272e-01
1.102846381295283784e-01
4.502629750749531645e-02
4.178520653205174962e-01
-1.174109557625044875e-01
-5.379240110027281307e-01
1.000000000000000000e+00
7.194662582680309004e-01
9.131881063128217679e-01
-2.032939867621685881e-01
-7.509502671038614796e-01
-8.771236558531116945e-01
-1.789845028203131960e-01
-3.512629456297367003e-01
7.931881922592751710e-01
7.555048857104953441e-01
-3.972433109181425781e-01
-7.334151210577717350e-01
1.000000000000000000e+00
-8.501813663120949549e-01
-1.455866436640644856e-01
-8.756443185846518595e-02
6.271059428503080735e-01
-1.728961403658249019e-01
-1.000000000000000000e+00
7.409892775989324054e-01
-1.000000000000000000e+00
-2.904543451184131708e-01
-3.856618512086653627e-01
-5.892933261048729499e-01
-2.931195835373343606e-01
-8.491424057726473240e-01
-8.386378104495013641e-01
-5.071658883996406075e-01
8.054804447642274212e-01
3.608689850800412824e-01
5.817781809476227917e-01
8.649001723449680767e-01
-2.695651056812862212e-01
-2.133082743864376241e-01
-7.411760498086823468e-01
7.840801952395015650e-01
7.991017496178876023e-01
2.097138871433752438e-01
-7.716834463244843789e-01
-1.227238839322652986e-01
2.162612743931533466e-01
-1.000000000000000000e+00
-4.373836170505007725e-01
