-1.000000000000000000e+00
2.073862090095168753e-01
-4.683017681353645045e-01
-1.000000000000000000e+00
7.701626209412260060e-01
-8.598496257835879231e-01
-1.000000000000000000e+00
-2.460828354944513130e-01
-1.000000000000000000e+00
-2.467450344192173572e-01
1.000000000000000000e+00
-1.000000000000000000e+00
-1.000000000000000000e+00
4.639329168801022973e-01
5.208055427034750107e-01
-1.000000000000000000e+00
6.860155862515849856e-01
-1.000000000000000000e+00
-1.000000000000000000e+00
1.000000000000000000e+00
-3.433257661261469584e-01
-2.024577226934998198e-01
-1.000000000000000000e+00
-1.000000000000000000e+00
1.000000000000000000e+00
1.023511298220225463e-02
1.507178754712320545e-01
-3.889964281394601153e-01
-1.000000000000000000e+00
-8.242429195339752157e-01
-1.000000000000000000e+00
-3.835569001857058735e-01
-5.561031714801362158e-01
1.000000000000000000e+00
-5.872156484990692649e-02
4.831063971449337524e-01
1.600008893520029341e-01
-1.000000000000000000e+00
2.049139500542462855e-01
-1.000000000000000000e+00
-1.000000000000000000e+00
1.000000000000000000e+00
-6.611884585247478352e-01
-6.250142479423577146e-01
1.000000000000000000e+00
-2.150827429635310262e-01
-6.545742812357359108e-01
1.000000000000000000e+00
1.000000000000000000e+00
-1.000000000000000000e+00
1.000000000000000000e+00
3.292770178091968258e-01
8.943219128747156299e-01
7.438614456729285562e-01
7.807390124199597992e-01
-1.000000000000000000e+00
-1.000000000000000000e+00
3.742450955131237933e-01
-8.926643581880041589e-01
-1.000000000000000000e+00
1.000000000000000000e+00
-9.320194046964171974e-01
1.450430601989232127e-01
-1.000000000000000000e+00
-2.470517137314897638e-01
-9.336406715359515385e-01
1.000000000000000000e+00
4.770518737454065850e-02
1.000000000000000000e+00
1.000000000000000000e+00
5.144226725641241060e-01
-6.372099447851881093e-01
9.548607825364399115e-01
-1.000000000000000000e+00
3.357653562595754870e-01
-9.470309249280521868e-01
-6.066187099228176338e-01
-1.000000000000000000e+00
-1.000000000000000000e+00
1.000000000000000000e+00
4.855520664039204015e-01
-7.305873667103603974e-01
-4.484290426033009647e-01
1.000000000000000000e+00
-8.253144869719790666e-01
1.000000000000000000e+00
1.000000000000000000e+00
-1.000000000000000000e+00
1.000000000000000000e+00
1.000000000000000000e+00
1.000000000000000000e+00
1.000000000000000000e+00
6.176021595632130712e-02
1.000000000000000000e+00
-4.287674275692215931e-01
-1.000000000000000000e+00
5.106562166743739972e-01
5.394504472005470230e-01
1.000000000000000000e+00
-8.388164899611372238e-01
-2.508759547285916436e-01
6.582280899794933360e-01
-1.000000000000000000e+00
-1.000000000000000000e+00
1.000000000000000000e+00
-1.000000000000000000e+00
2.348606432094582641e-01
-1.000000000000000000e+00
-9.499665375263011136e-01
1.000000000000000000e+00
-5.888419510077670393e-01
1.000000000000000000e+00
6.473057771920942560e-01
1.000000000000000000e+00
2.822646913599878848e-01
1.000000000000000000e+00
1.000000000000000000e+00
-3.515470603498265234e-01
-1.000000000000000000e+00
-3.095295095152961196e-02
-2.210694221363382894e-01
-1.000000000000000000e+00
3.384169078739196479e-02
-1.000000000000000000e+00
1.000000000000000000e+00
1.000000000000000000e+00
-1.000000000000000000e+00
-7.940039136306197287e-01
1.000000000000000000e+00
-3.979187582148461244e-01
1.000000000000000000e+00
1.000000000000000000e+00
1.000000000000000000e+00
1.000000000000000000e+00
-1.000000000000000000e+00
7.790355319158409619e-01
8.781284650773962808e-01
1.000000000000000000e+00
-5.283148219993893946e-01
-1.000000000000000000e+00
-1.975857839840585717e-01
-1.000000000000000000e+00
-1.000000000000000000e+00
-1.000000000000000000e+00
4.181836863370735902e-01
1.000000000000000000e+00
-1.950996544591477311e-01
-1.000000000000000000e+00
1.000000000000000000e+00
1.000000000000000000e+00
6.647491569400011402e-01
-6.330110127425474520e-01
4.206921081688359543e-01
-1.000000000000000000e+00
-1.000000000000000000e+00
-1.000000000000000000e+00
3.380466141109523814e-01
-1.000000000000000000e+00
1.000000000000000000e+00
-6.737725791453956781e-01
-1.000000000000000000e+00
-1.000000000000000000e+00
-1.000000000000000000e+00
-1.000000000000000000e+00
1.000000000000000000e+00
-1.000000000000000000e+00
-1.000000000000000000e+00
4.407513938832985367e-02
5.033222813315096911e-02
1.000000000000000000e+00
-1.000000000000000000e+00
-1.000000000000000000e+00
-8.201597308296433297e-01
-1.000000000000000000e+00
-1.000000000000000000e+00
5.482351745707747526e-02
8.203977991282794813e-01
1.000000000000000000e+00
-1.000000000000000000e+00
-1.000000000000000000e+00
9.469637807164847931e-01
-1.000000000000000000e+00
-1.000000000000000000e+00
-1.000000000000000000e+00
3.783568502369843434e-01
-1.000000000000000000e+00
-8.405850792253839465e-01
1.929255104814751043e-01
1.000000000000000000e+00
1.000000000000000000e+00
-1.000000000000000000e+00
-3.519547826225465359e-01
-6.746619353299567745e-01
-3.614203312378982957e-02
-1.000000000000000000e+00
1.000000000000000000e+00
-1.000000000000000000e+00
5.123689953865608882e-01
2.574566726948945838e-01
3.305588967445627357e-02
4.064998363048690777e-01
1.000000000000000000e+00
-4.207575949885796751e-01
9.639984749760964755e-01
1.000000000000000000e+00
1.000000000000000000e+00
1.788075923248369503e-01
-1.141343037010731365e-01
7.833407381822756754e-01
1.000000000000000000e+00
-1.000000000000000000e+00
1.000000000000000000e+00
-9.951567377732395414e-03
9.856927583490671108e-02
1.000000000000000000e+00
1.000000000000000000e+00
-4.185543695024966926e-01
-2.505220834191030921e-01
4.787763633324149115e-01
4.863866759017344554e-01
4.474229468011037270e-01
-4.356120408615359318e-01
-1.467642237403479211e-01
1.000000000000000000e+00
1.000000000000000000e+00
-1.000000000000000000e+00
-1.000000000000000000e+00
2.797821242170288603e-01
-1.699055169629142270e-01
1.000000000000000000e+00
6.614245937177756218e-01
1.000000000000000000e+00
1.898870235630783498e-01
-2.001526217580991140e-01
-1.000000000000000000e+00
-1.000000000000000000e+00
-1.000000000000000000e+00
6.973343978872635907e-01
4.258274516879125837e-01
-1.000000000000000000e+00
1.000000000000000000e+00
-1.000000000000000000e+00
1.000000000000000000e+00
-8.387749217179139016e-01
-1.000000000000000000e+00
1.000000000000000000e+00
-1.000000000000000000e+00
1.000000000000000000e+00
3.151802561092611477e-01
-1.000000000000000000e+00
-7.030251638841781281e-01
1.000000000000000000e+00
-1.000000000000000000e+00
4.338518263185118240e-01
7.827446351627158627e-01
-5.383804623538646084e-02
-5.806384688455101806e-01
1.000000000000000000e+00
4.607888804871668187e-01
-1.000000000000000000e+00
-9.522826974947212753e-02
8.295007763451012206e-01
-8.951310924365869504e-01
1.000000000000000000e+00
7.820531598461337719e-01
