-1.000000000000000000e+00
1.000000000000000000e+00
-7.945389525027144462e-01
-3.074773259642470391e-01
1.000000000000000000e+00
4.811606510158147332e-01
-1.000000000000000000e+00
-1.000000000000000000e+00
-7.502269323799486411e-01
2.695886573818215837e-01
1.932840723545905526e-01
1.506902732967357883e-01
1.000000000000000000e+00
-1.000000000000000000e+00
1.000000000000000000e+00
-5.091222782552797810e-01
-4.837326281536280526e-02
-1.000000000000000000e+00
-1.000000000000000000e+00
1.629405773918456424e-01
-1.000000000000000000e+00
6.384060753688383105e-01
-7.852070772842342783e-02
-8.414850308767396481e-02
1.297202353263171015e-01
-1.000000000000000000e+00
-1.000000000000000000e+00
-8.041817418589630728e-01
-7.402901763670656221e-01
-1.000000000000000000e+00
-3.774511562538551690e-02
2.901281152617019021e-01
-9.920481685944780859e-01
3.683682547835214205e-01
1.000000000000000000e+00
1.000000000000000000e+00
-1.000000000000000000e+00
-2.376399278863970954e-01
1.000000000000000000e+00
1.000000000000000000e+00
8.531806826355192719e-01
-7.266806092107462867e-01
-1.000000000000000000e+00
-1.000000000000000000e+00
-7.918122205086122189e-01
-1.000000000000000000e+00
1.000000000000000000e+00
-1.000000000000000000e+00
-1.000000000000000000e+00
3.100438060590977596e-01
-4.355275770159697801e-01
-1.195304036724779140e-01
2.612212535774475208e-01
-1.000000000000000000e+00
-3.791681515912639355e-01
1.000000000000000000e+00
1.000000000000000000e+00
1.000000000000000000e+00
1.000000000000000000e+00
-1.641398908442925353e-01
1.000000000000000000e+00
2.464563131476469326e-01
6.247274467198102865e-01
1.000000000000000000e+00
1.000000000000000000e+00
1.000000000000000000e+00
-1.000000000000000000e+00
1.000000000000000000e+00
-4.549052344043605367e-02
6.438352068993782318e-01
1.000000000000000000e+00
1.000000000000000000e+00
-1.000000000000000000e+00
-1.000000000000000000e+00
-1.000000000000000000e+00
-1.000000000000000000e+00
-3.492013667337907634e-01
1.000000000000000000e+00
3.812380983925583999e-01
-7.676172392957918422e-01
-1.000000000000000000e+00
1.000000000000000000e+00
-1.000000000000000000e+00
-1.000000000000000000e+00
-5.697158212132392707e-01
-1.000000000000000000e+00
4.824248871280058248e-02
6.937914910788355316e-01
-1.000000000000000000e+00
1.000000000000000000e+00
4.362159712672242229e-01
1.000000000000000000e+00
8.699948732656695993e-01
1.000000000000000000e+00
-1.000000000000000000e+00
-1.000000000000000000e+00
7.846616463165443367e-01
-7.380677961547019716e-01
-1.000000000000000000e+00
-4.140669275583178655e-01
-1.000000000000000000e+00
1.000000000000000000e+00
-6.105297473214488235e-02
-1.000000000000000000e+00
1.000000000000000000e+00
1.000000000000000000e+00
-6.192302270590683833e-01
-1.000000000000000000e+00
-5.454737725224039213e-01
-1.875742791532938325e-01
-1.125293377037177855e-01
1.000000000000000000e+00
7.952975671975354155e-01
5.661104479061793704e-01
4.741917457718934914e-01
-1.000000000000000000e+00
9.598099684329777226e-01
8.587506920418860323e-01
1.000000000000000000e+00
-1.000000000000000000e+00
-1.000000000000000000e+00
8.811708343721613712e-01
1.000000000000000000e+00
3.251896101509029746e-01
1.000000000000000000e+00
-1.000000000000000000e+00
-1.000000000000000000e+00
-1.000000000000000000e+00
3.879172532870733825e-02
-4.456409864617222327e-01
1.000000000000000000e+00
-6.775472430920903566e-01
-1.000000000000000000e+00
1.000000000000000000e+00
-1.000000000000000000e+00
2.605922872473910301e-01
-1.000000000000000000e+00
-1.000000000000000000e+00
-2.246807849278653624e-01
-2.205907704423470950e-02
-1.000000000000000000e+00
1.000000000000000000e+00
2.194449292966957343e-01
7.154598013203400386e-01
1.000000000000000000e+00
-1.000000000000000000e+00
1.000000000000000000e+00
-1.000000000000000000e+00
-1.000000000000000000e+00
-2.319058462885561500e-01
-5.776062988228338746e-01
-1.000000000000000000e+00
1.000000000000000000e+00
-1.000000000000000000e+00
-1.000000000000000000e+00
1.000000000000000000e+00
-4.111344029086717589e-01
1.000000000000000000e+00
-7.513253893690579055e-01
1.000000000000000000e+00
1.000000000000000000e+00
8.890259341555410977e-01
1.000000000000000000e+00
-5.343301049482912513e-01
9.319473319100469721e-01
1.000000000000000000e+00
-8.518137494817529243e-02
1.051034041038281241e-01
-1.000000000000000000e+00
-2.617341207417116511e-01
1.000000000000000000e+00
5.649642999947399047e-03
1.000000000000000000e+00
-4.323429249189377765e-01
-2.432018627059737703e-01
-1.000000000000000000e+00
6.542201489767900391e-01
-1.000000000000000000e+00
4.106018590766953302e-01
-6.393188982981656832e-01
-1.000000000000000000e+00
-1.000000000000000000e+00
-1.000000000000000000e+00
-1.000000000000000000e+00
2.952271061126051643e-01
-3.290864330469493448e-01
-5.136181931051553295e-01
1.000000000000000000e+00
-1.000000000000000000e+00
-6.857527787888211268e-01
6.607052786884890505e-01
-1.000000000000000000e+00
-4.731513898691004361e-01
1.000000000000000000e+00
-1.000000000000000000e+00
-2.950756597668868775e-01
-1.000000000000000000e+00
1.000000000000000000e+00
-1.000000000000000000e+00
-2.202898606067142939e-01
-1.000000000000000000e+00
1.000000000000000000e+00
-1.000000000000000000e+00
1.000000000000000000e+00
-7.219918458778220582e-01
1.000000000000000000e+00
-1.000000000000000000e+00
-2.348842075259127971e-01
-1.000000000000000000e+00
-1.465470497549139495e-01
-6.452068163283516400e-01
-1.086651691504611633e-01
-1.000000000000000000e+00
-2.854997078882409722e-01
1.000000000000000000e+00
-1.088658315760089312e-01
-6.084816007924473968e-01
7.591783898188375623e-01
7.748708108853185061e-01
1.000000000000000000e+00
-1.000000000000000000e+00
1.000000000000000000e+00
6.841699496662156932e-01
4.505568826005406091e-01
-1.000000000000000000e+00
-1.000000000000000000e+00
-5.719434284679975056e-01
-1.000000000000000000e+00
9.108752993519988461e-01
6.762619517757616494e-01
1.000000000000000000e+00
1.000000000000000000e+00
8.294444368976436888e-01
-7.689472216652913916e-01
-9.478748362766679092e-01
-5.631553657378525202e-01
-1.000000000000000000e+00
-6.998541663222245246e-01
-6.436193249518615822e-01
2.345875263270666977e-01
-1.000000000000000000e+00
-7.941979314240270593e-01
-8.441573476720161118e-01
-5.814871854642239546e-01
-4.125238946334080503e-01
3.548361832699107321e-01
-1.000000000000000000e+00
3.469034682919267532e-01
-1.000000000000000000e+00
-1.000000000000000000e+00
-7.643012090384004864e-01
-8.311548222265479069e-01
5.963842929807878779e-01
1.000000000000000000e+00
-4.456117681277889098e-01
1.000000000000000000e+00
-1.000000000000000000e+00
9.025598345438492487e-01
1.000000000000000000e+00
-1.000000000000000000e+00
-4.917312488127125736e-01
-7.418326727482108529e-01
-1.000000000000000000e+00
1.000000000000000000e+00
6.910012131739389218e-01
