-1.000000000000000000e+00
-1.000000000000000000e+00
1.000000000000000000e+00
-7.655691733086805728e-02
3.664472371684368568e-02
-1.000000000000000000e+00
-8.883535707002061521e-01
1.000000000000000000e+00
6.698515773463737943e-01
1.000000000000000000e+00
1.000000000000000000e+00
-1.000000000000000000e+00
-1.000000000000000000e+00
1.000000000000000000e+00
-1.000000000000000000e+00
1.000000000000000000e+00
-8.296386546525648109e-01
1.000000000000000000e+00
-2.309905967497761226e-01
-1.000000000000000000e+00
1.000000000000000000e+00
7.552030521491492898e-01
1.000000000000000000e+00
-1.000000000000000000e+00
1.000000000000000000e+00
1.000000000000000000e+00
1.000000000000000000e+00
-1.000000000000000000e+00
9.405549458418579478e-01
-1.000000000000000000e+00
1.000000000000000000e+00
-1.000000000000000000e+00
1.000000000000000000e+00
-2.256929443574207106e-01
-1.000000000000000000e+00
-1.000000000000000000e+00
9.476771774438390583e-01
8.830423191454790377e-01
-1.000000000000000000e+00
1.000000000000000000e+00
1.253542617437772289e-01
-1.000000000000000000e+00
3.466736883457790519e-01
-5.437264014900042852e-01
1.000000000000000000e+00
1.000000000000000000e+00
-9.120529458179347237e-01
-1.000000000000000000e+00
1.000000000000000000e+00
-1.000000000000000000e+00
-8.430216997177849558e-01
-1.000000000000000000e+00
-6.057197538400808101e-01
-1.000000000000000000e+00
-1.000000000000000000e+00
1.000000000000000000e+00
1.000000000000000000e+00
1.000000000000000000e+00
1.000000000000000000e+00
-1.000000000000000000e+00
9.575481787692587954e-01
-8.980679508781197473e-01
1.784100032282959769e-01
1.000000000000000000e+00
-1.000000000000000000e+00
1.000000000000000000e+00
-1.000000000000000000e+00
8.335071918670113877e-01
-1.000000000000000000e+00
-1.000000000000000000e+00
1.000000000000000000e+00
6.447058876885789491e-01
-3.931657827896728463e-01
-1.000000000000000000e+00
8.016017992531913050e-01
-1.000000000000000000e+00
-1.000000000000000000e+00
1.000000000000000000e+00
1.000000000000000000e+00
2.532544802205978218e-01
4.888441493009652583e-01
1.000000000000000000e+00
-9.070769130035776229e-01
-1.000000000000000000e+00
-1.000000000000000000e+00
1.000000000000000000e+00
-1.000000000000000000e+00
-1.000000000000000000e+00
1.000000000000000000e+00
-1.000000000000000000e+00
-1.000000000000000000e+00
-1.000000000000000000e+00
-1.000000000000000000e+00
1.000000000000000000e+00
-1.000000000000000000e+00
1.000000000000000000e+00
1.000000000000000000e+00
-1.000000000000000000e+00
1.000000000000000000e+00
1.000000000000000000e+00
-1.000000000000000000e+00
1.000000000000000000e+00
-1.000000000000000000e+00
1.000000000000000000e+00
-5.758831399109807236e-01
-4.992119388779343581e-01
-1.000000000000000000e+00
-1.000000000000000000e+00
1.837330495528266550e-02
1.000000000000000000e+00
-1.000000000000000000e+00
1.000000000000000000e+00
1.000000000000000000e+00
-9.144141977871195204e-01
-1.000000000000000000e+00
1.000000000000000000e+00
5.888094293380147226e-01
-1.000000000000000000e+00
1.000000000000000000e+00
1.000000000000000000e+00
-1.000000000000000000e+00
-6.590934971336979142e-01
-1.000000000000000000e+00
5.753762376931377265e-01
1.000000000000000000e+00
-1.000000000000000000e+00
-7.524009389422605665e-01
-7.719857047278926299e-01
-6.230301279961716343e-01
1.000000000000000000e+00
-1.000000000000000000e+00
1.000000000000000000e+00
9.518892885705881879e-02
1.000000000000000000e+00
1.000000000000000000e+00
3.299878494550291252e-01
6.483153496087521450e-01
-1.000000000000000000e+00
-4.398155142177495591e-02
4.310257454458815696e-01
-1.000000000000000000e+00
1.000000000000000000e+00
1.000000000000000000e+00
-1.000000000000000000e+00
1.000000000000000000e+00
-6.037896183390460969e-01
1.345215567039328430e-01
1.000000000000000000e+00
5.265111472730499287e-01
1.000000000000000000e+00
1.000000000000000000e+00
-1.000000000000000000e+00
-1.000000000000000000e+00
-1.000000000000000000e+00
1.000000000000000000e+00
1.000000000000000000e+00
1.000000000000000000e+00
3.835783406857177225e-01
-1.000000000000000000e+00
1.000000000000000000e+00
-1.000000000000000000e+00
-2.751947600099171609e-01
-1.000000000000000000e+00
-1.000000000000000000e+00
1.000000000000000000e+00
-1.000000000000000000e+00
5.241667800168448021e-01
8.462273377038546096e-01
1.000000000000000000e+00
1.000000000000000000e+00
-2.768946984254404553e-01
9.940380466308000873e-01
1.000000000000000000e+00
1.874548332356502645e-01
-1.000000000000000000e+00
-1.000000000000000000e+00
1.000000000000000000e+00
-1.000000000000000000e+00
2.534633621759799227e-02
-4.140830152967582278e-01
-1.000000000000000000e+00
1.000000000000000000e+00
1.000000000000000000e+00
-2.029087088343461964e-02
1.000000000000000000e+00
-1.000000000000000000e+00
-1.000000000000000000e+00
1.000000000000000000e+00
-6.366920161922440258e-02
3.367062351651037289e-01
1.000000000000000000e+00
1.000000000000000000e+00
-1.000000000000000000e+00
-1.000000000000000000e+00
-1.000000000000000000e+00
-1.000000000000000000e+00
-1.000000000000000000e+00
1.000000000000000000e+00
1.000000000000000000e+00
-3.339343745807720198e-01
-1.000000000000000000e+00
1.000000000000000000e+00
1.000000000000000000e+00
-1.000000000000000000e+00
1.000000000000000000e+00
1.000000000000000000e+00
-1.000000000000000000e+00
1.000000000000000000e+00
4.562621428665194490e-01
-1.327149526214753128e-01
-1.000000000000000000e+00
1.000000000000000000e+00
-1.000000000000000000e+00
2.615456083637035523e-01
3.178458009482373336e-01
1.000000000000000000e+00
1.000000000000000000e+00
1.000000000000000000e+00
1.000000000000000000e+00
-1.000000000000000000e+00
-6.067392796531491106e-01
1.000000000000000000e+00
4.689647478226406374e-01
1.000000000000000000e+00
1.000000000000000000e+00
-4.943806472361091942e-01
-1.000000000000000000e+00
1.000000000000000000e+00
7.395692495107880626e-01
-1.000000000000000000e+00
-2.772952869621458927e-01
-1.000000000000000000e+00
1.000000000000000000e+00
-1.000000000000000000e+00
-1.000000000000000000e+00
1.000000000000000000e+00
-1.000000000000000000e+00
1.000000000000000000e+00
1.000000000000000000e+00
-1.000000000000000000e+00
-1.000000000000000000e+00
-1.000000000000000000e+00
-1.000000000000000000e+00
1.000000000000000000e+00
-1.000000000000000000e+00
-1.000000000000000000e+00
-1.000000000000000000e+00
1.000000000000000000e+00
1.000000000000000000e+00
-3.873544815200279379e-01
-1.000000000000000000e+00
-9.734960739421383291e-01
-1.000000000000000000e+00
1.000000000000000000e+00
1.000000000000000000e+00
2.600912312526750814e-01
-1.000000000000000000e+00
-1.000000000000000000e+00
-1.000000000000000000e+00
1.000000000000000000e+00
-1.000000000000000000e+00
-3.733339898158405390e-02
1.000000000000000000e+00
1.000000000000000000e+00
-1.000000000000000000e+00
