9.771790646198443842e-01
-7.573537972308070909e-01
-8.513603228060899752e-01
-9.703786312339915954e-01
-1.024743381038226708e-01
1.000000000000000000e+00
-7.519358040898440620e-01
1.000000000000000000e+00
-7.745202900997405493e-01
1.000000000000000000e+00
1.000000000000000000e+00
-1.000000000000000000e+00
2.410762262386121346e-01
2.997451566009311508e-01
1.000000000000000000e+00
-1.000000000000000000e+00
5.255906062375137466e-01
1.000000000000000000e+00
-8.782826470979302469e-01
3.413632736340255214e-01
1.000000000000000000e+00
-9.758675887729731935e-01
-8.217831595994886662e-01
5.136595084035631142e-01
8.953782505189364915e-01
4.647337213229407737e-03
-1.000000000000000000e+00
7.203837044469285633e-02
-8.996508798369288185e-01
-1.000000000000000000e+00
-2.466176975724637677e-02
1.000000000000000000e+00
4.943956110149902439e-01
1.000000000000000000e+00
1.000000000000000000e+00
-9.793383174635010846e-01
-8.425310299463708574e-01
3.191857678109794594e-01
-1.000000000000000000e+00
1.050284581171000708e-01
1.000000000000000000e+00
-2.691200490033908710e-01
1.000000000000000000e+00
-1.000000000000000000e+00
-9.420264779185256732e-01
-4.117745624727293663e-01
-9.800559037451482824e-01
1.000000000000000000e+00
4.160070156632202920e-01
3.024974443670231938e-01
9.604366988174892761e-01
-1.000000000000000000e+00
1.000000000000000000e+00
1.000000000000000000e+00
-1.000000000000000000e+00
-4.135429885252694948e-01
9.369262934500973694e-01
-7.816120881362130790e-01
-1.000000000000000000e+00
3.688950162176021230e-01
-1.000000000000000000e+00
-6.351954774245305302e-02
-1.000000000000000000e+00
-3.144767447352379564e-01
1.000000000000000000e+00
-3.273122151559477722e-01
1.000000000000000000e+00
-1.000000000000000000e+00
1.777680848642747558e-01
1.000000000000000000e+00
5.614903395112595952e-01
1.000000000000000000e+00
1.850955687666562266e-01
-1.000000000000000000e+00
6.549934126243492916e-01
8.234822974876132573e-01
-5.389851446267719393e-01
1.000000000000000000e+00
1.000000000000000000e+00
-1.000000000000000000e+00
-1.843847332234904712e-01
1.000000000000000000e+00
-1.000000000000000000e+00
-4.756863119146352847e-01
1.000000000000000000e+00
4.317985498320272564e-01
-1.000000000000000000e+00
-6.965338397793853220e-01
7.947492749717577354e-01
2.252966028909346718e-01
-4.000597485615364768e-01
-1.000000000000000000e+00
-1.000000000000000000e+00
1.000000000000000000e+00
5.000803181078689041e-01
1.000000000000000000e+00
1.000000000000000000e+00
-1.000000000000000000e+00
3.989619850883701635e-01
-1.000000000000000000e+00
2.596144210027583332e-01
-6.754237449144925298e-01
-1.301490159495495291e-01
8.854775169757426179e-01
1.000000000000000000e+00
-1.000000000000000000e+00
1.000000000000000000e+00
-1.743301753517907393e-01
9.083042326344674677e-01
8.727933660990201403e-01
1.000000000000000000e+00
2.183341557518381215e-01
-1.000000000000000000e+00
-7.592413514153197873e-01
2.542278903124612910e-01
1.000000000000000000e+00
8.801207718003642988e-01
-1.000000000000000000e+00
2.810631791941632374e-01
9.429717806000849079e-01
1.000000000000000000e+00
1.000000000000000000e+00
7.940977259785496623e-01
-1.000000000000000000e+00
4.409629410414610540e-01
-1.000000000000000000e+00
-1.000000000000000000e+00
6.193694982194197785e-01
-1.000000000000000000e+00
1.000000000000000000e+00
-1.284037858750726180e-01
-3.263827620143512909e-01
-1.000000000000000000e+00
-2.454295811575766262e-01
-1.000000000000000000e+00
-5.738777251414338698e-01
-8.871617161923855965e-01
1.000000000000000000e+00
4.032765040403439860e-01
1.301848128849026343e-01
1.000000000000000000e+00
1.000000000000000000e+00
-7.756137382408219150e-01
-1.000000000000000000e+00
-1.000000000000000000e+00
-3.805966692494391346e-01
3.399808062516014306e-01
-5.702832551921344084e-01
-2.287408952797966855e-01
-6.497129033970383549e-02
-1.000000000000000000e+00
1.000000000000000000e+00
1.000000000000000000e+00
-2.389149855453573390e-01
8.528605684565311318e-01
-9.909061786565345198e-01
-3.248544545400046391e-02
1.738690485923957141e-01
1.000000000000000000e+00
1.000000000000000000e+00
-1.000000000000000000e+00
1.000000000000000000e+00
1.000000000000000000e+00
6.510326807452104791e-01
1.000000000000000000e+00
1.000000000000000000e+00
5.901816098625367601e-01
2.838252736745239257e-02
6.783721598067142811e-01
9.002677678548220985e-01
1.802897629869713580e-01
-1.000000000000000000e+00
7.481243512399962103e-01
-8.130837382536633129e-01
2.245699222140183360e-01
-1.000000000000000000e+00
1.645090339514456712e-01
-1.000000000000000000e+00
-1.000000000000000000e+00
8.103208556281327191e-01
-1.490762894270011296e-01
-1.000000000000000000e+00
-7.447075513692851256e-01
-1.000000000000000000e+00
-2.847667047311807087e-01
-1.000000000000000000e+00
-1.000000000000000000e+00
-1.000000000000000000e+00
-7.237894673979415883e-01
1.000000000000000000e+00
1.000000000000000000e+00
1.000000000000000000e+00
-7.959624838364752764e-01
1.000000000000000000e+00
1.000000000000000000e+00
-4.915095292037569008e-01
-9.131796173131491168e-01
1.000000000000000000e+00
-1.000000000000000000e+00
-5.276529309844483207e-01
-8.821169608713053112e-02
-1.000000000000000000e+00
-1.000000000000000000e+00
7.114783392394270489e-01
-5.478318440272322842e-01
7.784933750802422447e-02
-1.000000000000000000e+00
-1.092307324198223406e-01
-1.000000000000000000e+00
-5.933407741595979612e-01
-1.000000000000000000e+00
1.320876718456814869e-01
-3.332164040499913105e-01
-1.000000000000000000e+00
7.392350806401505325e-01
1.873134306187460574e-01
-1.000000000000000000e+00
5.420909026805842412e-01
-7.760346675263176675e-01
-1.000000000000000000e+00
-1.000000000000000000e+00
9.916987222116706580e-01
-1.000000000000000000e+00
-6.145667679725210775e-01
5.161421272544327588e-01
-2.192851860911482209e-01
1.000000000000000000e+00
1.699745740511062753e-01
1.000000000000000000e+00
1.286317244451429254e-02
-1.000000000000000000e+00
-1.000000000000000000e+00
-1.000000000000000000e+00
1.000000000000000000e+00
1.000000000000000000e+00
-9.289760843290797432e-01
1.000000000000000000e+00
-9.883060202849384135e-01
1.000000000000000000e+00
-8.994542851055351562e-01
5.893369939318735540e-01
-5.048347061250486600e-01
-9.617760052314032748e-01
1.000000000000000000e+00
5.985841380825569491e-01
-1.000000000000000000e+00
-1.280363501677760363e-01
-3.779534347738655042e-01
6.391205870035781000e-01
-6.218456266496300566e-01
-1.000000000000000000e+00
-1.000000000000000000e+00
-4.324564190551856147e-01
2.028999101928441462e-02
6.124872901919793389e-01
-6.892564101126550380e-01
1.000000000000000000e+00
-9.996620659232202666e-01
1.000000000000000000e+00
-4.042329977533936081e-01
1.000000000000000000e+00
6.375896490664592076e-01
1.000000000000000000e+00
1.000000000000000000e+00
-2.317409976080440082e-01
