-3.028736330290295320e-01
1.000000000000000000e+00
8.361531473799559411e-01
-9.053197835024282547e-01
-3.630329858187133496e-01
4.408756512861549126e-01
1.000000000000000000e+00
-7.772048607280248600e-01
-8.426668606376515047e-01
2.741598424581954685e-01
-2.409117148544035469e-01
7.474575994094565523e-01
5.182587729670942167e-01
-1.000000000000000000e+00
-1.000000000000000000e+00
-1.000000000000000000e+00
1.708758471324262618e-01
-5.550790799276719145e-01
-2.093349517358876200e-01
-9.663406913942760301e-01
-9.345265268732605435e-02
-8.988793824789316211e-01
-8.496362665512851020e-01
-2.123803649484754530e-01
-1.797758348671376627e-01
1.000000000000000000e+00
6.556062155247543988e-01
-7.444013585661435339e-03
-4.146312404021494924e-01
4.926458677390552765e-01
-2.415601515262830734e-01
1.520143611773476788e-01
5.627804414234636177e-01
-5.612643650667212825e-01
4.928359154266126474e-02
-3.656896240474583060e-02
6.089143043508433717e-01
-1.201403494801356331e-03
3.784387755407752074e-01
3.260013910834935746e-01
-6.382008614716339068e-01
4.346884117230673250e-01
-9.324761175682088066e-01
-7.107876606982828083e-01
-5.114803870565751698e-01
-8.090346041599549842e-02
-1.000000000000000000e+00
8.508921967724991653e-01
-4.787478258872168713e-01
-8.819847450254768573e-01
-5.995842703538989404e-02
3.954989616265551788e-01
-2.035163514487179914e-01
2.938166291833195221e-01
3.663789174504494817e-02
1.000000000000000000e+00
4.703537851631105493e-01
8.067380123303786732e-01
-4.530530164603765453e-01
-5.547566633492280186e-01
1.930858386513651381e-01
-4.983437766632941024e-01
-7.250014924691343676e-01
-6.714083047899610524e-01
4.481916167459731870e-01
1.935040523359814468e-01
-4.158022370464435902e-01
-8.831912683849527657e-01
2.059383057492718549e-01
5.241782190801862473e-01
1.000000000000000000e+00
1.000000000000000000e+00
3.673528693579215521e-01
1.000000000000000000e+00
4.302110849810349968e-01
3.745993781417511492e-02
9.690745914282046236e-01
7.496043926360935750e-01
-1.310748260782990116e-01
-4.465866331793226784e-01
7.891070140535445532e-01
5.708711167014524079e-02
7.069992912252682782e-01
2.348477586029225073e-01
3.540271826931922217e-01
-1.067357852747405911e-01
-3.666734520100825012e-01
1.088770228592574885e-01
-4.998838678865382690e-01
7.809626049616678056e-01
-1.249928939519304727e-01
9.421949558563322835e-01
6.236703681115951525e-01
-2.793792360341791348e-01
2.639870739509994624e-01
5.356439439884636000e-01
3.546224391019547895e-01
1.678620433264296219e-01
-1.000000000000000000e+00
-3.982867512357659567e-01
8.445629393535556417e-01
-9.109401239457808330e-01
4.977049760306746506e-01
-9.191526194234815872e-01
8.883599884755177811e-03
4.879685252912813187e-01
9.330402545414633320e-01
-2.444192168938765786e-01
-7.759297188033786874e-02
-6.060547311053254838e-01
5.506160183202963854e-01
-7.428796071849015359e-01
-2.105718530912941699e-01
9.437158801068241676e-01
4.835152919259673165e-01
3.090382843980177263e-02
-2.483462431562866168e-01
-7.603699080758126172e-01
-1.000000000000000000e+00
-5.206631415768794291e-01
-7.675834925652877949e-01
-2.420706668822134033e-01
8.905349727532725357e-01
-5.075926511465409519e-01
-9.831172910719669922e-01
1.005337901639611342e-01
7.366685969113073718e-01
8.214143524783399375e-01
-4.239658297526971431e-01
-8.904581983909833909e-01
7.310180074124006389e-01
-9.550306210829453413e-01
3.577248082241570870e-01
-8.380685116781112498e-01
2.860086413800755345e-02
1.394618008814396681e-02
3.601052871414829326e-01
-9.598012845563144158e-01
-1.000000000000000000e+00
7.529777533329409245e-01
7.914278418229643286e-01
-7.506527020720616949e-01
3.249818938469013485e-01
-9.457746180223762789e-01
-7.019362543671985311e-01
7.783437115512878979e-01
1.000000000000000000e+00
-1.000000000000000000e+00
-9.857417222878450680e-01
1.000000000000000000e+00
-7.135926035603745721e-01
9.290314241678083729e-01
-7.580893031570772322e-01
8.419552027669037209e-01
-4.946618621701581731e-02
2.686211203579675910e-01
-1.005262006922214013e-02
9.365836354454548651e-01
1.853828878399590430e-01
6.983960698707178949e-01
-2.063730281071919637e-01
-4.170367865595885348e-01
8.665734938383380381e-01
-3.432743320856308511e-01
-1.450361649146765242e-01
-6.367573496160037205e-01
-6.954932357732006576e-01
8.779986168026590043e-01
-9.007055776921668588e-02
1.699662844278641005e-01
6.605718694637530142e-01
-6.368107906927937822e-01
7.197535575712046274e-01
-3.411526307639638489e-01
7.273445205414441617e-01
-1.351433667253902349e-01
1.725208402198723512e-01
-5.537457296900714088e-01
2.308708159181316333e-01
-7.792832732546906005e-01
5.775711559335331424e-01
3.127927876376273009e-01
-1.924002094096211035e-01
9.794205031201934641e-01
6.646976175867685965e-01
-1.844090703812009124e-01
-2.254972650217650365e-01
6.535812671724801071e-01
-7.471051766195595523e-01
3.410943729344888542e-01
9.658510582434649550e-01
1.000000000000000000e+00
5.540466292253589664e-01
-3.539732401355095703e-01
-9.323359802260910989e-01
-1.000000000000000000e+00
-6.001339133808605286e-01
4.345463798900599528e-01
7.847493090510964109e-01
-5.237182987689990021e-01
-2.836630091214071836e-01
3.660859722766560687e-01
6.064227405903290791e-01
-6.433104428593450219e-01
-7.163612044297497095e-01
6.804728690234886912e-01
5.810176150286952002e-01
1.000000000000000000e+00
-9.643623059537229647e-01
1.123279595986750312e-01
6.420826900749410093e-02
1.000000000000000000e+00
2.896614812561999486e-01
7.361385050812818687e-01
2.873500534814912299e-01
-8.337751705052571793e-01
4.912622007732159179e-01
1.125233375894698629e-01
-1.010864959699326882e-01
2.803495440504535363e-01
1.000000000000000000e+00
3.963593530470615467e-01
4.284076093399158403e-01
4.018921127760883838e-01
-3.382209801690522766e-01
-7.960517995938998226e-02
-4.808144756637751094e-01
-9.453234545006827805e-01
1.005933213029248652e-01
-5.049121251440822356e-01
9.022843148922765621e-03
-5.755242501108714936e-01
-8.124952231031579153e-02
-8.829670127761783949e-01
9.512496429875072490e-02
-1.000000000000000000e+00
1.000000000000000000e+00
4.997486886187048061e-01
-5.340597145122228939e-01
9.095057520644824756e-01
-9.310549192793327045e-01
-7.794281781479290849e-01
2.794190853102567207e-01
9.204135508314590375e-01
-6.033024495580623370e-01
-5.146633509121101291e-02
-2.339836059792133049e-02
3.711150225490482679e-01
1.000000000000000000e+00
7.365442168228841791e-01
-9.140447305631642649e-01
-4.070546368725438402e-01
9.202582023243034426e-01
7.868496680616756667e-01
-2.385939900281570658e-01
1.469967632412294556e-02
1.707570498594430664e-01
-3.645778537267969077e-01
4.898986627089318979e-02
5.882567977584574059e-02
8.516652248969462935e-01
8.095302324577822173e-01
-7.460239875054679448e-01
1.000000000000000000e+00
7.539876980706405885e-01
