-1.000000000000000000e+00
1.231114509572546201e-01
3.582553511061579710e-01
-1.597311753560552994e-01
-4.189098431665505551e-01
-1.000000000000000000e+00
1.000000000000000000e+00
-4.540541477178513530e-01
-3.704970011302461952e-01
-1.000000000000000000e+00
-1.000000000000000000e+00
1.000000000000000000e+00
9.417908054771417792e-02
1.000000000000000000e+00
1.000000000000000000e+00
1.000000000000000000e+00
9.598208307816936680e-01
7.266263425899182060e-01
-2.181593465753473016e-03
1.000000000000000000e+00
1.000000000000000000e+00
-5.484865471891098299e-01
1.000000000000000000e+00
-5.776118305652729878e-01
-2.879095942455329737e-01
-7.776083623549565615e-01
1.000000000000000000e+00
1.000000000000000000e+00
6.943567097136171817e-01
3.045646050633205038e-01
1.000000000000000000e+00
3.787833506514735049e-01
-1.000000000000000000e+00
-1.000000000000000000e+00
4.162934070456358882e-01
1.000000000000000000e+00
1.000000000000000000e+00
-7.915397261121148720e-01
-1.000000000000000000e+00
-1.000000000000000000e+00
-1.738618531257396516e-01
-7.824367687621922585e-01
-1.817673210414676443e-01
2.578279360472901516e-02
-7.498862754222570537e-01
-3.221741331909440120e-01
6.359275609256476169e-01
-6.426411812636340093e-01
1.000000000000000000e+00
3.505826438907293507e-01
1.678852799509900073e-01
5.450765844664564597e-01
-3.287582466393845770e-02
-5.649020452710407092e-01
-8.260712633942635108e-02
-1.000000000000000000e+00
6.155863689288862961e-01
-9.320721898226800306e-01
6.755232518767251282e-01
-5.966314739341097573e-01
2.436218329222648582e-01
9.087233746093807962e-01
1.000000000000000000e+00
4.929922916916302800e-01
-3.483607268128401380e-01
8.141887858034286829e-01
-8.566493897729472451e-01
5.019103926025434426e-01
8.464481541954960164e-01
-1.000000000000000000e+00
1.000000000000000000e+00
3.206433491669216096e-01
-7.151895725456236530e-01
7.025748479291742399e-01
-3.218543795684918885e-01
4.705682999952330303e-01
1.000000000000000000e+00
-8.547441966872892927e-01
-7.567543496092477007e-02
1.774431543478895978e-01
6.771449904571811285e-01
-9.253512510982346839e-01
1.896374421366446850e-01
-5.473229738955924795e-01
-2.414903753114032159e-01
2.350610888676653021e-01
7.316965654365281679e-02
3.946232822780925131e-01
5.094062473378631051e-01
-1.308791100084560066e-01
-5.790364949066135747e-01
6.363333365140046993e-01
-1.457623449482194911e-01
7.847519850470301428e-01
-9.753087576466290542e-01
-9.183864700789483582e-01
-8.474175640352457073e-01
-5.475605075184974968e-01
8.498837949821402837e-01
-7.367431489478872830e-01
2.020682693913224970e-01
1.000000000000000000e+00
1.000000000000000000e+00
1.000000000000000000e+00
4.803343931557080282e-02
1.492644291915821153e-01
1.000000000000000000e+00
-6.810193317416630698e-01
-6.879757346044413913e-01
6.851622498018776763e-01
-2.472277995360145919e-01
6.638907396559422525e-01
-1.000000000000000000e+00
5.770141606910281773e-01
-1.000000000000000000e+00
1.397505514848469861e-02
-5.397392715265123542e-01
-4.588953896766221341e-01
-7.453933454898804545e-01
-4.363646975167049247e-01
-6.293478860362318184e-01
8.892851713742155884e-01
-1.000000000000000000e+00
1.000000000000000000e+00
-9.667798965951386325e-01
-2.951871322772843254e-01
-1.775242728614223608e-02
-3.986041900248147307e-01
1.000000000000000000e+00
6.719651177341616766e-01
7.347365716948115466e-01
-1.000000000000000000e+00
2.936632291634813652e-01
-1.000000000000000000e+00
2.249404953394940065e-02
-7.740653763636018425e-02
-6.279947891509161106e-01
1.000000000000000000e+00
-6.037361145918240801e-02
1.093851274078871949e-02
-4.102104684677843061e-02
3.132196020316000418e-01
2.461920406619511059e-01
5.027933600907605327e-02
-1.000000000000000000e+00
-1.000000000000000000e+00
4.218621656604182313e-02
-2.566296860994891071e-01
-1.000000000000000000e+00
3.359103619750404279e-01
1.007585290966566127e-01
-1.101864560339247401e-01
1.000000000000000000e+00
5.040675640770897470e-01
7.802771298943997902e-01
-1.000000000000000000e+00
-8.654811501133411467e-01
-1.000000000000000000e+00
2.789739360598955109e-01
-2.957632437638209044e-01
-1.000000000000000000e+00
5.604029792979146052e-01
7.671500964933615219e-01
1.000000000000000000e+00
-6.521400888979579369e-01
5.668555776101871224e-01
-6.899659954894583891e-02
8.252805777726979208e-02
-9.277139266036458221e-01
-5.583226619871901608e-01
-9.753859517330751849e-01
5.011284482317162059e-01
-1.000000000000000000e+00
-3.550129008644069550e-01
5.743125921594094407e-01
2.109900707812888410e-01
-7.870429131716352167e-01
8.392401776993674289e-01
1.000000000000000000e+00
-6.499276022509492545e-01
-1.000000000000000000e+00
9.090435532640894767e-01
-6.219192416951841995e-01
-1.348661690603427665e-01
1.000000000000000000e+00
2.928710865055799140e-01
-1.000000000000000000e+00
6.876602002008466163e-01
-1.923058042865146700e-01
-1.000000000000000000e+00
2.765262971687263427e-01
-1.326242481947650376e-01
-1.939509284346272455e-01
1.000000000000000000e+00
-1.000000000000000000e+00
1.000000000000000000e+00
1.815593245953726065e-01
6.162321387508890025e-02
-4.703369196002078478e-01
1.000000000000000000e+00
-9.375951497326455719e-01
1.000000000000000000e+00
1.000000000000000000e+00
5.120294704742306413e-01
-6.891814633699275827e-01
-1.445408819116278387e-02
1.000000000000000000e+00
-1.000000000000000000e+00
3.973984737527465061e-01
-6.009458479517195695e-01
-1.347929159371124008e-01
1.000000000000000000e+00
-5.080862984874070509e-01
9.693996783230502956e-01
-6.839349299036285856e-01
-5.844923504741617037e-01
9.270792058109758038e-01
1.000000000000000000e+00
6.485058309967479673e-01
1.000000000000000000e+00
-7.318388768645345266e-01
-5.792432475703913619e-01
3.438738097782506054e-01
-2.609693958576394524e-01
8.079360824255032991e-01
1.514695883570751356e-01
9.482965735338215740e-01
8.180035368337834623e-01
-5.198868574200354864e-01
5.735551635845179685e-01
5.524571267474187586e-01
-9.974232189301146523e-01
9.160554839465075982e-01
8.602244960406018048e-01
8.521433634886197428e-01
-5.433285420224318596e-01
8.740258672791465511e-01
-9.402704234223535629e-01
-7.129063631852590177e-01
-7.999799308841352152e-01
-1.000000000000000000e+00
-1.000000000000000000e+00
1.000000000000000000e+00
1.000000000000000000e+00
1.487090901167209545e-02
-5.535757302034707283e-01
-6.893409768985145902e-01
2.583736859074259318e-01
-1.350123637336151927e-01
-1.807299960455430732e-01
1.865902834204944405e-01
-2.596300197851497682e-01
-6.614770052099210318e-01
6.121190545328287769e-01
5.098780520630241675e-02
-2.224741504600680209e-01
-3.049653414927210315e-01
-8.037182903010127166e-01
-1.446326162608038146e-01
-1.000000000000000000e+00
1.453285149214242900e-01
1.193490311647519841e-01
1.380561429916908889e-01
5.308075131219582854e-01
-5.201661766948766363e-01
