-1.000000000000000000e+00
-6.619678575128877807e-01
-1.000000000000000000e+00
1.000000000000000000e+00
2.662617262033505905e-01
-3.873166170060018398e-01
-1.000000000000000000e+00
-3.170801629571133873e-01
5.324122181968249379e-02
-1.000000000000000000e+00
9.331548380067470339e-01
1.000000000000000000e+00
1.911117720215449456e-02
-1.000000000000000000e+00
2.861604008556966061e-01
4.545520056402190812e-01
6.606809963709456834e-01
-1.000000000000000000e+00
5.890210734000194126e-01
-1.000000000000000000e+00
2.564799333924521196e-01
-1.000000000000000000e+00
-3.828338573738795936e-01
-1.000000000000000000e+00
5.121724694453582138e-01
1.000000000000000000e+00
2.503222546721352026e-01
1.000000000000000000e+00
-1.000000000000000000e+00
1.000000000000000000e+00
-6.071862483872210170e-01
-9.212737191217440502e-02
-1.000000000000000000e+00
-1.000000000000000000e+00
4.679909065545873048e-02
-7.965873278996835616e-01
-1.000000000000000000e+00
-1.000000000000000000e+00
1.951315577416468106e-01
-1.000000000000000000e+00
-1.000000000000000000e+00
-1.000000000000000000e+00
-2.714032029435242688e-01
1.000000000000000000e+00
-5.225235356922498520e-01
1.000000000000000000e+00
3.963821641280558250e-01
-1.000000000000000000e+00
1.000000000000000000e+00
-1.000000000000000000e+00
6.292277478885399677e-01
-1.000000000000000000e+00
1.000000000000000000e+00
7.921713659048758016e-01
-1.000000000000000000e+00
-7.170991385238862925e-01
-4.665598713645244811e-01
-1.000000000000000000e+00
-1.000000000000000000e+00
8.061562088862205266e-01
1.751904488251428971e-01
-1.000000000000000000e+00
-5.539947194951353460e-01
1.000000000000000000e+00
7.661705756361687492e-01
-1.000000000000000000e+00
1.848878265716010216e-01
1.000000000000000000e+00
-1.000000000000000000e+00
-8.978056877494007271e-01
4.479931422393053086e-01
-1.000000000000000000e+00
-1.000000000000000000e+00
-1.000000000000000000e+00
-4.793838274926336407e-01
1.000000000000000000e+00
1.000000000000000000e+00
-4.016442180608197354e-01
-8.375626266052499380e-01
1.000000000000000000e+00
-6.847494090620569462e-01
1.000000000000000000e+00
1.000000000000000000e+00
-1.000000000000000000e+00
-4.039263229041503700e-01
-1.000000000000000000e+00
-4.784484257432675136e-02
-6.817997916598775854e-01
1.599073571797454685e-02
-7.327257636387988216e-01
5.765257984772012012e-01
-7.223468306877777190e-01
1.000000000000000000e+00
-1.000000000000000000e+00
1.817169784107948161e-01
-1.657806594843900250e-01
3.573801187179148631e-01
5.567853200914890666e-01
-4.472266690393655875e-01
1.000000000000000000e+00
4.824942784909889149e-01
-1.000000000000000000e+00
1.000000000000000000e+00
-6.748717868892468719e-01
-1.000000000000000000e+00
1.000000000000000000e+00
7.627711298385675409e-02
6.101889546855105984e-01
-5.543189745574589322e-01
1.000000000000000000e+00
-7.824144109930516455e-01
1.395887533521354973e-01
2.549033877190882702e-01
1.000000000000000000e+00
-3.888133484673672591e-01
-1.151806564901538543e-01
3.855387151278552027e-01
-9.906762158484351266e-01
1.000000000000000000e+00
-1.000000000000000000e+00
-6.095716935170647499e-02
-1.000000000000000000e+00
1.000000000000000000e+00
2.770617716882930459e-01
-5.135103549484920649e-02
-1.000000000000000000e+00
1.000000000000000000e+00
1.000000000000000000e+00
-2.163853446161616567e-01
-1.000000000000000000e+00
-7.111859470581958220e-01
-7.759816623960988924e-01
-6.766203723258228386e-01
-3.364816660473723964e-02
7.053451179700420681e-01
1.110302845231071894e-01
-1.000000000000000000e+00
7.201332969721236932e-01
-8.047581323946595422e-01
5.279171553741881517e-01
-1.000000000000000000e+00
1.000000000000000000e+00
1.000000000000000000e+00
5.932366712514474116e-01
7.550221321134702457e-01
-2.192305151666288365e-01
1.000000000000000000e+00
1.000000000000000000e+00
6.721578692595575610e-02
-1.000000000000000000e+00
-8.087210825768523792e-01
1.000000000000000000e+00
8.901076917152793699e-01
6.831641268360091335e-01
-1.905095053290549734e-01
-2.625711307285785168e-01
-7.026752342025017750e-01
1.000000000000000000e+00
1.000000000000000000e+00
5.289609998977151673e-02
3.278663765292423316e-01
5.555343399573647867e-01
7.506312943638182578e-01
-1.000000000000000000e+00
-4.440185952897846011e-01
-1.000000000000000000e+00
9.927666433722004413e-02
-1.000000000000000000e+00
-3.071518311468954820e-01
1.000000000000000000e+00
1.000000000000000000e+00
5.889920356346303176e-01
-1.000000000000000000e+00
1.000000000000000000e+00
-4.141367145631679181e-01
1.000000000000000000e+00
1.009209245331780802e-01
-8.559065959225864439e-01
-1.000000000000000000e+00
2.713850943868100218e-01
-1.169577672531635359e-01
1.000000000000000000e+00
-6.608760397268239606e-01
-8.112562994086867096e-01
1.000000000000000000e+00
1.000000000000000000e+00
-1.000000000000000000e+00
-6.941290897636220869e-02
-8.832191686533960029e-01
-1.000000000000000000e+00
6.568455070510001992e-01
1.000000000000000000e+00
1.000000000000000000e+00
-9.739294962404245748e-01
1.000000000000000000e+00
5.264576869721504515e-01
6.252701085205061293e-01
2.574839138379353409e-02
1.000000000000000000e+00
5.119385724508055402e-01
-7.742388590461857234e-01
7.416235447651908785e-02
6.027009293214290464e-01
1.000000000000000000e+00
-1.000000000000000000e+00
-6.219114143254356186e-02
-4.838402422447562468e-01
8.771742699738277471e-01
-1.000000000000000000e+00
-1.000000000000000000e+00
-1.000000000000000000e+00
-6.004201390504320113e-01
-1.000000000000000000e+00
8.921832536815244019e-01
1.410268620888133206e-02
2.366716241525661513e-01
5.040289879594698208e-01
-1.000000000000000000e+00
-1.131686348370826156e-01
4.766396437061066749e-01
1.000000000000000000e+00
-7.620785353460002298e-03
-1.000000000000000000e+00
-7.426580857025032456e-01
1.000000000000000000e+00
1.000000000000000000e+00
-6.747038758797747615e-01
3.203805955375251813e-01
2.830605813238873392e-01
3.421610146094988814e-01
-1.000000000000000000e+00
-1.000000000000000000e+00
-5.557699432630638370e-01
-7.776170679197654811e-01
3.868077410567078989e-01
-1.000000000000000000e+00
-8.245285331274629925e-01
9.507999718340757189e-01
1.000000000000000000e+00
-1.000000000000000000e+00
-7.283208961167717543e-01
4.199821236677132585e-01
1.000000000000000000e+00
-6.183099650075343234e-01
-4.167835906065124885e-01
6.901417583253501853e-01
1.000000000000000000e+00
-1.334156209151848849e-02
1.000000000000000000e+00
8.767252595783209257e-02
4.944224444417861797e-01
3.360606823295914092e-01
3.350676392456493624e-01
-8.060481873984688406e-01
1.000000000000000000e+00
-8.381753490366281589e-01
7.151247601038357438e-01
1.000000000000000000e+00
-9.969985243399458463e-01
4.443672202787845027e-01
-3.690642976270702702e-01
-1.000000000000000000e+00
-1.869191709667235579e-01
1.000000000000000000e+00
-4.244236237186900240e-01
