7.956835743660972682e-01
1.800734196810638288e-01
-8.225606740558544239e-02
8.584037432792173128e-01
-6.599920314501783736e-02
3.790382824897065017e-01
-3.301392120586394974e-01
-8.474524672345848941e-01
2.004476964516603843e-01
1.876307089587572197e-01
-5.901259055228584849e-01
-7.263063820915813817e-01
-8.430352349538416945e-01
-9.675107225681853773e-01
-4.090940390536599303e-01
-2.869376116986119829e-01
-1.445935097188260077e-01
-7.597301883432940883e-01
-7.203242802857257043e-01
-8.652516565276167082e-01
7.512807956033589196e-01
6.239952818774632259e-01
-5.305551260168588357e-01
-7.003372665469249636e-01
-6.896062064504615563e-02
-7.287713162213311779e-01
6.401903612996699966e-01
-4.629656170484919286e-02
-7.973457457916433011e-01
7.578050366373765279e-01
7.179528431714559122e-01
9.478559346302106725e-02
-7.666792797328774167e-01
-7.420084141941774014e-02
4.962216771692435913e-01
1.612183051187832117e-01
-9.367658454093517051e-01
8.624463945455618230e-01
-4.554788992355600641e-01
8.286572089584451906e-01
5.569869690547453178e-01
3.962595005864002484e-01
-4.832021622481277312e-01
-8.987332930890701288e-01
-6.238448774610283465e-02
-2.058251412894938071e-01
-2.289408446930132346e-01
2.933953190382958542e-01
2.147934012087242550e-01
8.096406047959183727e-01
-8.886627580521255787e-02
-2.980218800351632780e-01
1.646396606022022535e-01
9.497696952574370410e-01
-6.772376647035580621e-01
7.669067848713722046e-01
7.180690529477351536e-01
5.578821368645452417e-01
-2.023137965085501921e-01
7.326477252259246953e-01
-6.934377553392212512e-02
6.347726056097831027e-01
-8.294766029187448098e-01
-7.484073911726569772e-01
5.526872642110407519e-01
-6.121111101926846043e-01
4.805479138495383218e-02
4.956535687630059250e-01
-7.877365156798550316e-01
4.047832577772718654e-01
-6.923341807670180259e-02
-7.209156795677591489e-01
-8.348847499616216528e-01
-9.747273981608652882e-01
-6.884980630295858273e-01
5.953983236816864366e-01
-2.670172239486268140e-01
3.116793790980607604e-01
-4.105420937970560846e-01
7.408081537069386435e-01
-6.154139625424370763e-01
-3.383042012328083548e-01
-6.956065616653628325e-02
-4.024158941201898543e-01
-8.718275228891894102e-01
5.528781295952851504e-01
-9.749456519687487166e-01
-6.752464238493049997e-02
-9.243757208286487170e-01
-7.336497719536840822e-01
6.180886854878422376e-01
-5.871632145503227207e-01
9.731768334802097797e-01
9.566129747554690255e-01
6.531711563964355260e-01
3.262632966170571081e-01
-8.762358810500645578e-01
8.937164713729783827e-01
-7.080066088113776690e-01
-5.466261270280778906e-01
-6.712043372083784654e-01
-5.575638086398710946e-01
-9.620063431375465157e-01
9.278163105934043031e-01
-9.366397178319874062e-01
8.113580686761068250e-02
6.237135141529770443e-01
3.259022525769335044e-01
-1.770510892776875345e-01
7.692278978277016233e-01
-7.600310040577240578e-01
8.640587623142195195e-01
-3.822990018439924587e-01
3.780970893433761582e-01
5.055155378982174597e-01
6.026287118296425049e-02
5.699076081992693332e-01
8.262939916419442810e-01
9.422751546388095090e-01
-1.942634790953219337e-01
-1.620060691432845257e-01
5.703150552901994352e-01
-3.832323845372633819e-01
8.269470080980672044e-01
-8.060987018012033545e-02
5.128670506979247090e-01
-9.131066833409409167e-01
4.062182999627903524e-01
-1.856505389192391053e-01
-2.003990627955642978e-02
-1.025725927959995065e-01
3.985470739396812512e-01
9.042223116927645687e-01
-1.340183589444952084e-01
-8.351291562354414832e-01
1.677077797656556513e-02
-9.206004533134191092e-01
-2.264782110884231425e-01
6.817428902610724872e-01
9.972962832913134790e-02
-9.312042296099161121e-01
-6.575794592638128933e-02
-2.844254668459980095e-01
2.361499562645974493e-03
7.546349726304801830e-01
8.137996424295421694e-01
-4.743166130562461724e-01
-2.907611454189980016e-01
9.417489525374491688e-01
-2.922893986439447644e-01
2.819493648932858143e-01
9.584166401700098259e-01
-5.262118321747633054e-02
7.569415596404074353e-01
-5.978725972936531630e-01
-5.285121661789293768e-03
3.276296355394188176e-01
1.728953875488896674e-01
-2.539744393571989889e-01
-2.098886818789331699e-01
-8.039598876154470108e-01
5.420483616096216650e-02
-5.181799445080708111e-01
8.252949576049637415e-01
-3.744102870573065012e-01
1.259206431192054776e-01
-8.760664730687361956e-01
7.078128652579347424e-01
7.967363904769912963e-01
4.376647475836334955e-01
-1.369515999546064844e-01
-7.273182387997316756e-01
3.301500002590995742e-01
-8.049358492445315427e-01
-5.053122594864947192e-01
-1.342854782827707094e-01
3.653262262825378581e-01
-1.876508718775002915e-01
7.399170101000798194e-01
-2.440124568062795873e-02
-4.366676455449596261e-01
-1.500334082687271309e-01
-3.972941582554212481e-02
8.654800472304837733e-01
-3.358322702361637990e-01
2.328962678958368393e-01
8.518907338084984460e-01
6.287036225989559579e-01
6.864251237500333946e-01
-3.101948847654703023e-01
1.711047789159669819e-01
-2.176599795289930750e-01
5.753959705224804821e-01
1.785024667998824643e-01
4.537878808821158572e-01
-5.960040932653292156e-01
-3.168934562858050086e-01
3.012476301740361073e-01
6.104027535232137147e-02
7.445843527632163283e-01
2.350243977060055833e-01
-4.603025253831805053e-02
-3.246700316313513301e-01
7.120085378912894836e-01
3.740739269090338492e-01
3.290800561726825446e-01
-2.874689249960626913e-01
-2.573257186451656242e-01
8.818876483900757179e-01
-6.659646134496590708e-01
-9.438471266393353432e-01
-2.366121324206227339e-01
-8.217048489021649971e-01
-6.487733292525099671e-01
5.976349608696176485e-01
1.053193526419047288e-01
1.991176581309326288e-01
-4.080173842403864715e-01
-3.746785484483010631e-01
-7.091312053047922337e-01
-9.544275329638882699e-01
2.501631273800015709e-01
1.211055953944217833e-01
7.446618946427545627e-01
-3.890023444278318809e-01
-2.975285973854508992e-01
3.714045925549469551e-01
1.294273074121552458e-01
2.251694185579689034e-03
-6.732378981268074547e-01
6.550598235149569515e-01
-6.869549031072246237e-01
-2.326966159459549210e-01
-9.311804076183634038e-01
8.654803496995318035e-01
-9.802724578333654737e-01
-8.291555180798420022e-01
5.226055990832827458e-01
-6.183377778699434835e-01
7.314565171683800049e-01
8.234544433075745573e-01
-8.953656571838386480e-01
-6.994195419657698309e-01
6.434073386889793689e-01
6.974885290833021667e-01
3.560179574902446742e-01
3.921365538825765107e-01
8.854214936202908781e-01
-9.931915792960348544e-01
2.497144467425009839e-01
2.602344450025972922e-01
5.966197539349695766e-01
4.176409565860375039e-01
5.549661558943346229e-01
-3.989532338485091145e-03
-8.065997133248938855e-01
9.892043860057873061e-01
6.878082754632117712e-01
9.662907612761222342e-01
3.913630384991519939e-01
-1.940355691686668216e-02
2.752368125662607579e-01
-5.048648616440583048e-01
7.969057001948527397e-01
9.756147131935499761e-01
