9.950585361611068436e-01
8.085649401097181332e-01
-1.368441389378138862e-01
-3.865283073794918423e-01
-6.190840435106310657e-01
3.820420295106485842e-01
7.517031708775157028e-03
6.761681307228513127e-01
2.046655252478191134e-01
-9.242972073584208026e-01
6.184169407007888974e-01
6.837462307216581880e-01
-3.749415831039868419e-01
-2.034746276716092872e-01
-8.216382924069596250e-01
-3.733845347270980941e-01
-2.730502255224012131e-01
-4.010757746711224314e-01
-7.053015298930653820e-01
-7.059203048162736582e-01
7.253184121421349939e-01
8.091220311384716979e-01
9.939265248463939884e-01
4.355286913382505620e-01
6.448711647559810523e-01
9.170439226294966328e-01
9.717423982853266029e-01
-6.876693021897395397e-02
1.501165398585668775e-02
3.069326546062283168e-01
-3.394051527205628194e-01
1.369073754549667843e-01
8.688368222571816180e-01
3.981456717427407366e-01
-4.867612102032066179e-01
-8.306109196818534102e-01
8.926221986551106102e-01
-6.734168763735757235e-01
-9.747116782805131940e-02
-1.659930528788116089e-01
9.654569393689804713e-02
-7.398521535666258142e-01
-6.324930769904528738e-01
-3.048957011480051271e-01
4.063496820339769222e-01
-1.744636402007859743e-01
3.117066080818740037e-01
2.756897756048735104e-01
-8.216402153213024917e-01
-8.683076833043346099e-02
5.575708349670465136e-01
-9.426749141280386102e-01
8.510740479341849518e-01
5.857289555914624302e-02
-5.825856952280732415e-01
7.091852904510504985e-01
-1.843456357791748434e-01
-1.301746285357781030e-01
-8.902413483007169948e-01
-6.170377892531906383e-01
-2.876892375045378980e-01
-5.870472979538150504e-01
4.154147376922576740e-01
3.824912292719531148e-01
-7.283298317107769204e-01
-6.537882254943463423e-01
-1.155183240352291030e-01
8.966128452721617847e-01
2.191178418951844620e-01
3.528502323344071545e-01
1.329699986049204252e-01
5.345083960079397567e-01
-7.974456321306260254e-01
-3.760263973397490744e-01
1.627659342135134857e-02
5.293244439241202581e-01
-3.596714588189928730e-01
4.881155710997924224e-01
-2.406374931909787129e-01
7.048968496152336893e-01
-1.075862312148447852e-01
8.918535013897852526e-01
9.601324670011737172e-01
6.661950006024790483e-01
-1.578732634496256004e-01
-8.371171029549984155e-02
-4.524351512636564099e-01
3.433693222350326923e-01
8.941753182376881437e-01
3.935462057527612245e-01
-7.404170672913064077e-01
-9.278578062313629360e-01
6.322506967646124298e-01
-7.020058783507725497e-01
6.077877502732986770e-02
-3.685705567273926953e-01
5.767689586543593983e-01
4.792258289910322766e-02
-6.062203052761570010e-01
3.799835446522632498e-01
-8.430066151280724007e-02
-3.351664125716113940e-01
3.589160110503331058e-01
4.329658470849941931e-01
-7.634894830734757498e-01
-6.934309944909031742e-01
6.313774476895548382e-01
1.726042588807983336e-01
1.502875696036454212e-01
-2.317464724073048377e-01
-6.484855474759987359e-01
3.415594450583787633e-01
-2.267899407959301783e-01
-5.702220329463218995e-01
-1.449111296790257519e-01
6.119238930847881175e-01
5.983164351218097643e-01
1.571657206956498243e-01
-8.764357152587762823e-01
-4.215754051275149017e-01
-7.560344972893611182e-01
-3.245625287114954904e-01
-4.222288862415315425e-01
-1.700664843311543439e-01
-1.277938014321577942e-01
9.630110814070080849e-02
-4.702675018712247912e-01
-5.756542169450851176e-01
8.591038374515358456e-02
-5.096614121175200296e-01
-8.402629831532795190e-01
9.494699187606212565e-01
-6.724168261108398603e-02
-5.516961127668256193e-01
-2.367797131156537116e-01
-7.191848232716153699e-01
3.741459326623579607e-01
-9.315731271376088696e-01
-4.339454791101191589e-01
1.971523189070283344e-01
-9.416106570224438421e-01
-3.865405864823949766e-01
4.912800513525674706e-01
-2.934304822507252108e-01
9.858267722875209138e-01
-4.984518605833605509e-01
3.536102989740741442e-01
4.223044854144242244e-01
6.692428804053900393e-01
2.644726407749522501e-01
-4.050800103944367514e-01
4.217503722009336986e-01
-9.212985723419584438e-01
8.364592743715355549e-01
8.145885362022051712e-01
-9.270818167743253291e-01
-1.968307204556227763e-01
-4.682200356045009837e-01
-8.143636630049670977e-01
-7.772521211682623665e-01
-4.962252179586790213e-02
6.692976157527641412e-02
-8.622173219576367842e-03
3.157677108712955150e-01
2.413445639638756024e-01
-6.770598560732579152e-01
-9.115208183576994916e-01
5.132186423405973308e-01
-1.188008575942973710e-01
8.139664246811479931e-01
-9.639374284726383024e-01
3.498425264803659562e-01
-6.155163792973619152e-01
-8.709549552019784091e-01
-1.807371203486776157e-01
8.753542019022417797e-01
-3.877284625404611162e-01
4.893234683794089879e-01
-8.429248693778192969e-01
-3.969323489781566572e-01
-3.128030765426448312e-02
6.946086410493368390e-02
5.672648511711166908e-01
-5.996554895477921310e-01
-9.423987062013858829e-01
2.898228818430808040e-01
7.217711263986814618e-01
5.220713780710872776e-01
2.270775584824311633e-01
-2.794903664468100235e-01
-3.994231817045579280e-01
4.658930537875174416e-01
5.240147967616317626e-01
2.072064047162076594e-01
3.038138300333552699e-01
5.441100910636562649e-01
4.105792263148033694e-01
3.975004385334146573e-01
-2.926805126094262910e-01
4.320528002077717034e-03
-1.162905495438124603e-01
6.026649801949377494e-01
5.056624463715768680e-01
5.171671101688071204e-01
2.989446901698620263e-01
-8.637582593292711941e-01
1.613565498293789702e-01
-4.191663487826846612e-02
-2.131139334840543853e-01
3.290032276610383999e-01
-4.173844605995791213e-02
-2.080406058586148355e-02
6.493285390054470696e-01
6.893376427017952057e-01
-5.252073069419493923e-01
9.046265437081071337e-01
-7.850350779331503048e-01
8.349757478537485067e-01
9.992084018384892463e-01
2.445908723817351582e-01
-3.499277630505437386e-01
-1.217595013925476533e-01
-5.224189586776661898e-02
6.836791138694540138e-01
-8.176607409581804209e-01
-6.005388991468296744e-02
1.782064907619451688e-01
9.214762065118855539e-01
4.775307892418114708e-01
-5.604349932481491603e-01
-3.744404984374292145e-01
-9.999690723112892865e-01
-5.365747673609748691e-01
9.934128246355664604e-01
-9.805696210733387819e-01
2.465473712804686635e-01
3.887538484646966275e-01
-8.615189493273418542e-01
5.447646291931946827e-01
-6.183788063143886848e-01
-5.102922995930014860e-01
-9.424197052200016245e-01
6.965133528345024416e-01
-9.951951342660925182e-01
-1.380262179480160611e-01
-5.497686113024566890e-01
3.291881307904906961e-01
-4.657572008890025206e-01
-8.839215384136380749e-01
7.243976282010011758e-03
-5.226524348501750961e-01
3.583629723560197711e-01
-8.625039480754270738e-01
-1.219456078166389901e-01
1.665273850492838825e-01
8.221777353915311615e-01
-8.064019949344136684e-02
-7.426350576601381537e-01
-7.046020041989005112e-01
1.606733687615675699e-01
-8.114934559973523420e-01
-8.132177825603403853e-01
-6.552429261722001463e-01
-2.511356701472025055e-01
9.754449301830507846e-01
