-4.135235629186977402e-01
6.098798521771320313e-01
-3.720442274891586631e-01
-2.158223881012208967e-01
6.712195010315333832e-01
-2.710960581112251688e-01
5.337265778963973251e-01
-9.374431761380341843e-01
-1.349362684691115533e-01
2.772259461910275835e-01
-1.937720734952492752e-01
7.831563351963486408e-01
9.929129311408055880e-01
-5.380120115723219243e-01
-7.845181784185066842e-01
-5.033675027312756178e-01
3.889183503137334519e-01
1.692455322011079399e-01
-3.818258253000570424e-01
6.848890513321519435e-01
-7.134121443360619264e-01
2.739487185424493987e-02
-9.664595334269872051e-01
-8.498280697057609689e-01
6.846375163508477968e-02
-7.388167609067923802e-01
-2.274521347797064941e-02
7.111325321863724014e-01
-7.025150121750907140e-01
-8.544494735978076516e-01
9.246590431266303867e-01
4.900183000467215333e-01
-8.594940196121820808e-01
-6.346255510666827249e-01
-8.884864979467699264e-01
-6.646470707615548257e-02
-3.525331620697593760e-01
4.681108942702727482e-02
-5.700178207739390324e-01
-8.368056471692926213e-01
2.503373020780241820e-01
-6.218914923184308829e-01
-8.920078571849021642e-01
1.095682815232517093e-01
-8.478839716329986675e-01
5.511688783986212758e-01
-4.711903639570276248e-01
-2.661998831660961073e-01
4.921790534747416679e-01
1.759971061895806432e-01
-4.718448750425103810e-01
-4.092095998905878051e-01
4.177498467358233825e-01
-2.598414561948056978e-01
8.362272090570548322e-01
-2.892995307253811710e-01
2.159741952161347012e-01
-1.195023120315246157e-01
5.471430209312722059e-01
4.791584873525844834e-02
-4.322268491067531304e-01
-5.483403491264742247e-01
9.817871783066873803e-01
9.284108150602787823e-01
6.218809796745938812e-01
5.004245671717615362e-01
-6.635041888726540549e-01
7.165967699772659572e-01
-9.240842521693253264e-01
-9.885665946778101620e-01
2.304434240222386077e-01
1.277406764843602716e-01
-2.358305333137442616e-01
-7.726271968897824305e-01
-9.260749347794883235e-01
-3.528512142987727529e-01
-4.121839095404105091e-01
4.077726381377457798e-01
3.659930489298757195e-01
-9.439701549046044526e-01
-5.502510335113939277e-01
-6.832255635500148472e-01
-2.828305874116643359e-02
9.596428732821620233e-01
-3.682495783987027593e-02
-5.196850272935131798e-01
3.415970755889758959e-01
2.575184565220554056e-01
1.366170465804703582e-01
4.964622582249142990e-01
-9.066369780195391304e-01
-2.993455539613021354e-01
7.134704909109865767e-01
-9.335473095673940680e-01
3.962486061275134475e-01
5.641230439473965408e-01
5.203509078359627171e-01
9.098141685969201031e-01
-7.867754907884880744e-01
-9.182487657694646810e-01
-7.395630472694727509e-01
-8.104125046482819617e-01
-4.120434724477468613e-01
5.561836275784026729e-01
-5.998850951505947382e-01
9.871940990963137263e-01
-8.214008797113891980e-01
-8.192253110499798652e-01
-8.097244780003238773e-01
-4.986489342130602243e-01
5.825795226611707456e-02
-9.342672945262706641e-01
-6.237267575713276724e-01
3.945816586114412328e-01
-3.205727120111656614e-01
-8.198610187454917764e-01
1.709257647819262260e-03
3.624236734115047209e-01
9.800284682848436901e-02
-9.917313332560220296e-01
-4.933110022054871813e-01
2.337763740623710618e-01
7.365749097838691917e-01
8.278818846830282574e-02
1.019944016415115229e-01
3.060203669786414338e-01
8.825590314279445625e-01
-7.772845987589871442e-03
-2.102527435039780457e-02
-1.872033528189898099e-02
-3.521546190409319266e-02
-3.883465889826831496e-01
5.046009387198724383e-02
-4.834752081823827652e-01
-1.989307754814026996e-01
-5.678478796509422999e-01
8.102820875190097638e-02
8.584570561477795625e-01
9.108181750802999410e-01
-5.041221351030820141e-01
6.696967075664230773e-01
-2.633369941542753612e-01
-1.775915425791232405e-01
8.222376290560127199e-01
-2.759166288937398015e-01
1.854351149367405860e-02
3.307666807495035499e-02
-8.633835154824638369e-01
4.336402850142824228e-01
8.604009788045938745e-01
-8.603775251201239982e-02
-4.237379336384572426e-03
9.826010214229528028e-01
5.105704188353339390e-01
-9.714834057910382015e-01
4.952502821953890244e-01
1.060833943652128575e-02
-4.760080199143634783e-01
-9.102104184226638139e-01
8.558510820297642319e-01
8.047313496363839302e-01
-3.748793736627962225e-01
-7.433987670284309957e-01
-5.502208835123183484e-01
2.118921613322797270e-01
-4.068290614587746212e-01
-4.094956796282911426e-02
-7.764829948127138781e-01
-8.810747655630610797e-01
-5.177077959770335358e-01
-8.522243776940106041e-01
-9.306347708272468822e-01
-3.342283305463813470e-01
7.400412644009779495e-01
-2.076907684342108595e-01
3.983667596261499799e-01
7.964617407771386048e-01
-9.994856209685487602e-01
4.500888220645691273e-01
-8.816134447164538646e-01
9.963645376395993125e-01
1.437556435451963210e-01
-7.707686220664833332e-01
6.214238109729279813e-01
-6.050881022198959514e-01
-5.691503936152222387e-01
6.299675693599098292e-01
1.014117426334177896e-01
3.625367841900182242e-01
-2.962435714617910332e-01
3.497461401391575020e-01
4.564014115283026030e-01
-9.393159944192752686e-01
-1.894779073823529281e-01
-8.989030582618693366e-01
-6.033070925070740387e-01
7.436430510015319406e-01
-4.481388036743207959e-01
-9.745322895454777701e-01
-2.207974606699896203e-01
-7.422634176667581851e-01
-8.868880592592114365e-01
-6.209978864794265530e-01
7.612081196374784753e-01
9.379867479751786696e-01
4.103283446613950058e-01
9.142995183705013851e-01
8.911180090210470972e-01
4.729160149746816089e-01
9.701294700898999146e-02
5.751941182031063970e-01
7.615567385890935626e-01
5.332755909535902283e-01
7.480007693560424276e-01
6.939175243565092188e-01
-4.313738032118470400e-01
-6.429075282026510685e-01
-4.867186368233424876e-01
-4.389373452339084825e-01
-5.372466371168795884e-01
3.300249442824199075e-01
7.157265084503010577e-01
4.036386128407885021e-01
5.273711906968665541e-01
-7.051179958950617443e-01
2.686267776698487708e-01
5.857597430914185388e-02
-4.922635020566852315e-01
4.019498217101991067e-01
5.987999998602502316e-01
-3.588165065544757226e-02
4.164615495973624792e-01
5.798527862842195457e-01
1.183365993498883828e-01
2.846713492242036736e-01
8.893508026631291585e-01
-7.273043564136045802e-01
-7.173124774914347856e-01
-7.285489400326805587e-01
3.040024355381578669e-01
-2.641962643397810506e-01
3.018427520810289533e-01
-9.164668938100910545e-01
5.375953496072136684e-01
-6.353826977298231427e-01
-8.603142482307937211e-01
-8.431037889982833100e-01
-7.754017310307488309e-01
2.528956531775456984e-01
-4.110091413798326876e-01
2.234914934409817366e-01
-5.272099817615671924e-03
3.672800240888545176e-01
4.914435603128521901e-01
1.790568198941884237e-01
-1.708302308853719698e-01
-5.142788295046636371e-01
-8.847148232217714181e-01
-5.331608188672640747e-01
2.423426421620329396e-01
8.549901129281642920e-01
-7.511224158900611236e-01
6.463065244333741077e-01
4.379735717393415939e-01
1.854026625942954976e-01
