-6.985379505329066818e-01
1.000000000000000000e+00
1.000000000000000000e+00
-3.212977801057562699e-01
1.000000000000000000e+00
-1.000000000000000000e+00
5.852917476282226694e-02
3.908348846564309031e-01
1.000000000000000000e+00
1.000000000000000000e+00
-1.000000000000000000e+00
1.000000000000000000e+00
1.000000000000000000e+00
7.566133922648891064e-01
1.000000000000000000e+00
8.856138968212086127e-01
-1.000000000000000000e+00
1.000000000000000000e+00
9.242006098505622935e-01
-1.000000000000000000e+00
-1.000000000000000000e+00
4.775578734265062408e-02
-1.000000000000000000e+00
-1.000000000000000000e+00
-2.732709819133833928e-01
1.000000000000000000e+00
5.118680921227508618e-01
-1.000000000000000000e+00
-1.000000000000000000e+00
1.000000000000000000e+00
-1.000000000000000000e+00
1.000000000000000000e+00
-1.000000000000000000e+00
1.000000000000000000e+00
1.000000000000000000e+00
1.000000000000000000e+00
-1.000000000000000000e+00
1.000000000000000000e+00
-1.000000000000000000e+00
-1.000000000000000000e+00
-9.842151424649792091e-02
-1.000000000000000000e+00
-8.869175991633140299e-01
-1.000000000000000000e+00
1.000000000000000000e+00
-1.000000000000000000e+00
-1.000000000000000000e+00
-4.941984957628174358e-01
1.000000000000000000e+00
-1.112559493942404387e-01
9.101711471562882183e-01
1.000000000000000000e+00
1.573270200647541861e-01
1.000000000000000000e+00
1.000000000000000000e+00
-1.978678371795550284e-03
-3.349633217056890988e-02
1.000000000000000000e+00
-6.875819671434939551e-01
-1.000000000000000000e+00
1.000000000000000000e+00
-1.000000000000000000e+00
-1.000000000000000000e+00
-1.000000000000000000e+00
-1.000000000000000000e+00
-1.000000000000000000e+00
-1.000000000000000000e+00
-1.000000000000000000e+00
-1.000000000000000000e+00
-1.000000000000000000e+00
1.000000000000000000e+00
1.000000000000000000e+00
-1.000000000000000000e+00
-1.000000000000000000e+00
1.000000000000000000e+00
1.000000000000000000e+00
1.000000000000000000e+00
2.340225220991319910e-01
1.000000000000000000e+00
1.000000000000000000e+00
1.000000000000000000e+00
-1.000000000000000000e+00
-1.000000000000000000e+00
-1.000000000000000000e+00
9.508641153002900248e-01
3.903808504426417580e-01
-1.000000000000000000e+00
1.000000000000000000e+00
1.000000000000000000e+00
-2.110242294174464739e-01
1.000000000000000000e+00
-5.598880182141791062e-01
-9.969254332601087398e-01
4.968512935559319388e-01
-1.000000000000000000e+00
-1.000000000000000000e+00
1.000000000000000000e+00
-1.000000000000000000e+00
-4.117834858945634835e-01
1.000000000000000000e+00
1.000000000000000000e+00
1.000000000000000000e+00
-1.000000000000000000e+00
1.000000000000000000e+00
-1.000000000000000000e+00
1.000000000000000000e+00
-1.000000000000000000e+00
1.000000000000000000e+00
-1.000000000000000000e+00
-6.713905732830879325e-01
1.000000000000000000e+00
9.103150481791033588e-01
-1.000000000000000000e+00
1.000000000000000000e+00
7.467085559368619174e-01
-1.000000000000000000e+00
1.000000000000000000e+00
-1.000000000000000000e+00
-1.000000000000000000e+00
-1.000000000000000000e+00
1.000000000000000000e+00
-1.000000000000000000e+00
4.843830450306287894e-01
1.000000000000000000e+00
1.000000000000000000e+00
3.236853703278477212e-01
-1.000000000000000000e+00
-1.000000000000000000e+00
1.000000000000000000e+00
6.138842981250292041e-02
-1.000000000000000000e+00
1.000000000000000000e+00
-1.000000000000000000e+00
5.534418107567455891e-01
1.000000000000000000e+00
1.000000000000000000e+00
1.000000000000000000e+00
1.000000000000000000e+00
1.000000000000000000e+00
-1.000000000000000000e+00
-1.000000000000000000e+00
-1.000000000000000000e+00
-9.589699681203294190e-01
4.386142803777545174e-01
-1.000000000000000000e+00
-6.907722351035162633e-01
1.000000000000000000e+00
-3.530463491319921765e-01
1.000000000000000000e+00
1.860862430932852529e-01
1.000000000000000000e+00
1.000000000000000000e+00
-9.743949154622384423e-01
1.000000000000000000e+00
-1.000000000000000000e+00
-1.000000000000000000e+00
1.000000000000000000e+00
-1.000000000000000000e+00
-1.000000000000000000e+00
-1.000000000000000000e+00
-1.330455964648213918e-01
-1.000000000000000000e+00
-1.875235873068721026e-01
-1.000000000000000000e+00
1.000000000000000000e+00
-1.000000000000000000e+00
1.000000000000000000e+00
-1.000000000000000000e+00
-1.000000000000000000e+00
7.686503751215545410e-01
2.174056828896247795e-01
1.000000000000000000e+00
1.000000000000000000e+00
-4.631734602584632876e-01
-1.000000000000000000e+00
1.000000000000000000e+00
-6.903173512371231224e-01
-1.000000000000000000e+00
-1.000000000000000000e+00
-1.000000000000000000e+00
-1.000000000000000000e+00
1.000000000000000000e+00
1.000000000000000000e+00
-1.000000000000000000e+00
-1.000000000000000000e+00
8.812409544166242004e-01
9.542434234648529134e-01
-2.024157049087687010e-01
-6.977909139430354957e-01
8.685190227550543263e-01
-1.000000000000000000e+00
-1.000000000000000000e+00
9.445403621717773923e-02
-8.420191263995358000e-02
-1.694521010849512344e-01
1.000000000000000000e+00
-1.000000000000000000e+00
-9.253740779089250079e-01
1.049990217151610672e-01
1.000000000000000000e+00
-6.868835495590603912e-01
1.000000000000000000e+00
1.000000000000000000e+00
1.000000000000000000e+00
1.000000000000000000e+00
9.676452786767588687e-01
-1.000000000000000000e+00
1.000000000000000000e+00
-1.000000000000000000e+00
-1.000000000000000000e+00
-1.000000000000000000e+00
-1.000000000000000000e+00
1.000000000000000000e+00
6.094979332571257569e-01
1.000000000000000000e+00
2.429665703143224498e-02
-1.000000000000000000e+00
-6.425402917038862682e-01
1.000000000000000000e+00
-2.579905702485531527e-01
-1.000000000000000000e+00
-1.000000000000000000e+00
-6.890149042390492085e-01
-1.000000000000000000e+00
-1.000000000000000000e+00
1.000000000000000000e+00
-1.000000000000000000e+00
1.000000000000000000e+00
-7.586289942720294555e-01
-6.633802755374356153e-01
-1.000000000000000000e+00
1.000000000000000000e+00
1.000000000000000000e+00
1.000000000000000000e+00
-8.518148105584544272e-01
1.000000000000000000e+00
4.180051454329203331e-01
1.000000000000000000e+00
-1.000000000000000000e+00
-1.000000000000000000e+00
-5.221747285748239431e-01
-1.000000000000000000e+00
5.565368792497327188e-01
-3.134512872508574688e-01
-1.000000000000000000e+00
1.000000000000000000e+00
1.000000000000000000e+00
1.000000000000000000e+00
1.000000000000000000e+00
-1.000000000000000000e+00
-1.000000000000000000e+00
1.000000000000000000e+00
2.566849505828435740e-01
3.147104910592500859e-01
1.000000000000000000e+00
-1.296892228642367861e-01
1.000000000000000000e+00
1.000000000000000000e+00
-1.000000000000000000e+00
-1.000000000000000000e+00
-3.353798981805491408e-01
2.780002804485028900e-01
-9.452839277428772835e-01
-1.000000000000000000e+00
-1.000000000000000000e+00
