1.000000000000000000e+00
-9.031572504678510027e-01
1.000000000000000000e+00
1.000000000000000000e+00
5.381915276473335785e-01
-1.000000000000000000e+00
-1.000000000000000000e+00
1.414641419588726912e-01
1.000000000000000000e+00
1.567721868312597633e-01
1.000000000000000000e+00
1.000000000000000000e+00
1.000000000000000000e+00
1.000000000000000000e+00
-1.000000000000000000e+00
1.000000000000000000e+00
1.000000000000000000e+00
-1.000000000000000000e+00
1.000000000000000000e+00
2.217832571496184402e-01
-1.000000000000000000e+00
-8.479251056378647178e-01
2.650775763088255577e-01
-1.000000000000000000e+00
1.000000000000000000e+00
-6.104084464898362761e-01
1.000000000000000000e+00
1.000000000000000000e+00
1.000000000000000000e+00
-1.000000000000000000e+00
1.000000000000000000e+00
-1.000000000000000000e+00
9.638066098729578535e-01
1.000000000000000000e+00
-1.000000000000000000e+00
5.767812662734939089e-01
6.552994825057270600e-02
-1.000000000000000000e+00
-1.000000000000000000e+00
1.000000000000000000e+00
1.000000000000000000e+00
1.000000000000000000e+00
1.000000000000000000e+00
7.091825118539646367e-04
1.000000000000000000e+00
-9.611889601011849305e-01
-1.000000000000000000e+00
1.000000000000000000e+00
-1.000000000000000000e+00
-1.000000000000000000e+00
-1.000000000000000000e+00
8.370782456077561218e-01
1.000000000000000000e+00
-4.636037782700047627e-01
-1.000000000000000000e+00
5.362758022832173066e-02
3.778788221279826276e-01
1.000000000000000000e+00
-1.000000000000000000e+00
1.000000000000000000e+00
7.523659905732249520e-01
-1.000000000000000000e+00
-1.000000000000000000e+00
1.000000000000000000e+00
-1.000000000000000000e+00
1.000000000000000000e+00
1.000000000000000000e+00
-1.000000000000000000e+00
-1.000000000000000000e+00
-1.000000000000000000e+00
-1.000000000000000000e+00
1.000000000000000000e+00
4.550133625030653439e-01
1.000000000000000000e+00
1.000000000000000000e+00
-1.000000000000000000e+00
1.000000000000000000e+00
-1.000000000000000000e+00
-1.000000000000000000e+00
1.000000000000000000e+00
-1.000000000000000000e+00
1.000000000000000000e+00
6.088766469143837012e-01
3.331390590966141207e-01
-3.646821183444783343e-01
3.922374861774295951e-01
-1.000000000000000000e+00
-1.000000000000000000e+00
1.000000000000000000e+00
-5.132412709507616633e-01
-5.581782057727262547e-01
-1.000000000000000000e+00
4.877555938916389167e-02
-1.000000000000000000e+00
-3.574701189535408608e-01
1.000000000000000000e+00
-3.196847864720578358e-01
-2.083909413988564163e-01
-4.199275223377363364e-02
-8.727714545060580864e-01
-1.000000000000000000e+00
-1.528526849072811278e-01
1.000000000000000000e+00
1.000000000000000000e+00
1.000000000000000000e+00
1.000000000000000000e+00
-9.072648769662284840e-01
-1.000000000000000000e+00
-1.000000000000000000e+00
-1.000000000000000000e+00
-1.000000000000000000e+00
1.000000000000000000e+00
-1.000000000000000000e+00
1.000000000000000000e+00
-1.000000000000000000e+00
-1.000000000000000000e+00
-1.000000000000000000e+00
1.000000000000000000e+00
2.775072517800358241e-01
-7.397712448066571245e-01
6.292112862945360430e-01
-1.000000000000000000e+00
-1.000000000000000000e+00
-1.000000000000000000e+00
-4.263903669830633736e-01
1.000000000000000000e+00
1.000000000000000000e+00
-1.000000000000000000e+00
-1.000000000000000000e+00
-1.000000000000000000e+00
9.518855368316574417e-01
3.433317467069030293e-01
1.000000000000000000e+00
-1.000000000000000000e+00
7.601803849121651080e-01
1.000000000000000000e+00
-1.000000000000000000e+00
-1.000000000000000000e+00
-1.000000000000000000e+00
-1.000000000000000000e+00
9.861232957899964680e-01
1.000000000000000000e+00
-1.000000000000000000e+00
1.000000000000000000e+00
-8.040297083773052522e-01
-8.853619174622779919e-01
-1.000000000000000000e+00
1.000000000000000000e+00
-1.000000000000000000e+00
1.000000000000000000e+00
1.000000000000000000e+00
1.000000000000000000e+00
3.971457510842195671e-01
-1.000000000000000000e+00
1.000000000000000000e+00
-1.000000000000000000e+00
-1.000000000000000000e+00
-1.000000000000000000e+00
-7.912725418726379578e-01
-1.000000000000000000e+00
-3.055160322590355637e-02
2.637566982298207852e-01
-1.000000000000000000e+00
-8.466159366630408023e-01
-1.000000000000000000e+00
-1.000000000000000000e+00
1.000000000000000000e+00
-1.000000000000000000e+00
-1.000000000000000000e+00
1.000000000000000000e+00
-1.000000000000000000e+00
1.000000000000000000e+00
-1.000000000000000000e+00
1.000000000000000000e+00
-1.000000000000000000e+00
-6.148987710109101723e-01
1.000000000000000000e+00
-1.000000000000000000e+00
1.000000000000000000e+00
1.265876986641890634e-01
1.000000000000000000e+00
5.189795846087524867e-01
5.402414078068451531e-01
-1.000000000000000000e+00
-1.000000000000000000e+00
-1.000000000000000000e+00
1.000000000000000000e+00
-9.190877756520118291e-01
1.000000000000000000e+00
1.000000000000000000e+00
8.020333620714517053e-01
-1.000000000000000000e+00
1.000000000000000000e+00
1.000000000000000000e+00
-1.000000000000000000e+00
3.624647698088662162e-01
-1.000000000000000000e+00
-1.000000000000000000e+00
1.000000000000000000e+00
-1.000000000000000000e+00
8.666104128078427893e-01
-7.830744635752429073e-01
-1.000000000000000000e+00
8.041911272749904249e-01
-1.000000000000000000e+00
8.795998463360775732e-01
-3.144861522192941017e-01
-1.000000000000000000e+00
-8.054327290363069158e-01
-8.985421405792816119e-01
7.232106478414083162e-01
-9.202848908193610455e-01
1.000000000000000000e+00
-1.000000000000000000e+00
-1.000000000000000000e+00
-8.363768946549954286e-01
-2.317743194347883229e-01
1.000000000000000000e+00
1.000000000000000000e+00
-1.000000000000000000e+00
-1.000000000000000000e+00
1.125069928543269704e-01
-3.135103116768059306e-01
1.000000000000000000e+00
3.312973601918519084e-01
1.000000000000000000e+00
-1.000000000000000000e+00
1.000000000000000000e+00
8.235919183821228673e-01
1.000000000000000000e+00
-1.000000000000000000e+00
-1.000000000000000000e+00
3.895328446999024585e-01
8.872015416580848468e-01
1.000000000000000000e+00
-1.000000000000000000e+00
1.000000000000000000e+00
1.000000000000000000e+00
6.225924255250863126e-01
-1.000000000000000000e+00
6.739851035945293445e-02
-2.056356923756342270e-01
1.000000000000000000e+00
1.000000000000000000e+00
-1.000000000000000000e+00
3.329501304379979265e-01
-1.000000000000000000e+00
-1.000000000000000000e+00
-1.000000000000000000e+00
-1.000000000000000000e+00
-1.000000000000000000e+00
1.000000000000000000e+00
1.000000000000000000e+00
-1.000000000000000000e+00
3.345231031331190596e-01
-1.000000000000000000e+00
1.000000000000000000e+00
1.000000000000000000e+00
3.767848868507728266e-01
1.000000000000000000e+00
-1.000000000000000000e+00
-4.362465528838312956e-01
1.000000000000000000e+00
-1.000000000000000000e+00
-1.000000000000000000e+00
