-3.068934828403362403e-01
-4.885890926808734158e-01
-1.000000000000000000e+00
-1.000000000000000000e+00
-1.000000000000000000e+00
1.000000000000000000e+00
1.000000000000000000e+00
1.000000000000000000e+00
-1.000000000000000000e+00
1.000000000000000000e+00
6.540989360487261539e-01
-1.000000000000000000e+00
1.000000000000000000e+00
1.000000000000000000e+00
-1.000000000000000000e+00
1.000000000000000000e+00
-1.000000000000000000e+00
1.000000000000000000e+00
1.000000000000000000e+00
1.246257856683840037e-01
-1.000000000000000000e+00
-1.462700214935186427e-02
1.000000000000000000e+00
7.010430848284685545e-01
-1.000000000000000000e+00
-1.036658932510705622e-01
1.000000000000000000e+00
7.528434859476393903e-01
8.206617553737652893e-01
-1.361107063209286983e-01
1.000000000000000000e+00
1.000000000000000000e+00
-1.000000000000000000e+00
-5.841186928227535269e-01
1.000000000000000000e+00
1.000000000000000000e+00
2.371306523090418450e-01
1.000000000000000000e+00
-1.000000000000000000e+00
-1.000000000000000000e+00
1.000000000000000000e+00
-1.000000000000000000e+00
1.000000000000000000e+00
-1.000000000000000000e+00
-1.000000000000000000e+00
1.000000000000000000e+00
-1.000000000000000000e+00
-1.000000000000000000e+00
1.000000000000000000e+00
-9.367661359344072736e-01
-1.000000000000000000e+00
-1.000000000000000000e+00
7.563531774717758838e-01
-1.000000000000000000e+00
1.000000000000000000e+00
1.000000000000000000e+00
-5.417862491408375059e-01
1.000000000000000000e+00
-8.514793757737271207e-02
1.000000000000000000e+00
-8.529775350721255922e-01
-1.000000000000000000e+00
-1.000000000000000000e+00
1.000000000000000000e+00
3.367951624347688133e-01
9.282414885776597568e-01
9.625041262047382418e-01
-5.941621912537291550e-01
-7.175730043926464852e-02
1.000000000000000000e+00
-3.800402240464363368e-01
-1.163780318175417772e-01
9.743679901015098732e-01
-1.590556415944326396e-01
1.000000000000000000e+00
-1.000000000000000000e+00
-1.000000000000000000e+00
-1.000000000000000000e+00
-1.000000000000000000e+00
-1.000000000000000000e+00
1.577419606652131767e-01
-1.000000000000000000e+00
-5.573002621491491837e-01
-1.000000000000000000e+00
1.000000000000000000e+00
-1.000000000000000000e+00
2.992078307609332688e-01
9.996072057880222017e-01
1.020532819438077499e-01
-1.000000000000000000e+00
7.809440403261898034e-01
1.000000000000000000e+00
2.714846437679805380e-01
1.000000000000000000e+00
-1.000000000000000000e+00
-1.000000000000000000e+00
-8.081508232166365602e-01
1.000000000000000000e+00
1.000000000000000000e+00
-1.000000000000000000e+00
1.105187214501435200e-01
5.162930750118690515e-01
1.000000000000000000e+00
1.000000000000000000e+00
1.000000000000000000e+00
-6.464415929123954463e-01
1.000000000000000000e+00
-5.831295640134124270e-01
1.000000000000000000e+00
-1.000000000000000000e+00
1.000000000000000000e+00
-1.000000000000000000e+00
-1.000000000000000000e+00
-9.260069289376990365e-02
-4.960129039347269675e-01
3.284868422957633038e-01
-1.000000000000000000e+00
-8.857556158518311573e-01
-1.000000000000000000e+00
-9.139171822099751985e-01
-1.265119673549434387e-01
2.124543682484779650e-01
-2.918087569046716456e-02
1.000000000000000000e+00
-1.994778769739408153e-01
4.732561988294321509e-01
-1.000000000000000000e+00
-1.000000000000000000e+00
1.000000000000000000e+00
-1.000000000000000000e+00
1.103610247498764407e-01
-1.000000000000000000e+00
-1.000000000000000000e+00
7.592651599723441169e-01
1.000000000000000000e+00
-1.000000000000000000e+00
-1.000000000000000000e+00
-1.000000000000000000e+00
1.000000000000000000e+00
-1.203839244265378916e-01
8.283554189951001234e-01
-1.000000000000000000e+00
3.510585812733921784e-01
1.000000000000000000e+00
-1.000000000000000000e+00
-1.000000000000000000e+00
1.000000000000000000e+00
1.000000000000000000e+00
1.000000000000000000e+00
1.000000000000000000e+00
-8.127665350825846735e-01
1.000000000000000000e+00
-1.000000000000000000e+00
-2.289397536096675623e-01
-1.000000000000000000e+00
1.000000000000000000e+00
1.000000000000000000e+00
1.000000000000000000e+00
1.000000000000000000e+00
-1.000000000000000000e+00
1.000000000000000000e+00
1.000000000000000000e+00
1.000000000000000000e+00
-1.000000000000000000e+00
1.000000000000000000e+00
-1.000000000000000000e+00
1.000000000000000000e+00
1.000000000000000000e+00
1.000000000000000000e+00
-1.000000000000000000e+00
-1.000000000000000000e+00
1.000000000000000000e+00
6.493755397078135871e-01
1.000000000000000000e+00
-1.000000000000000000e+00
-1.075768010725953183e-01
1.000000000000000000e+00
-4.280888097006925186e-01
1.000000000000000000e+00
6.800974532706488551e-01
4.928580811147954543e-01
1.000000000000000000e+00
5.121065538532909578e-01
1.000000000000000000e+00
-1.000000000000000000e+00
-1.000000000000000000e+00
-1.000000000000000000e+00
1.000000000000000000e+00
-1.000000000000000000e+00
-6.436533894077850482e-01
1.000000000000000000e+00
-7.613087057974279315e-01
1.455890383798007504e-01
1.000000000000000000e+00
1.000000000000000000e+00
5.645153850460837841e-01
1.000000000000000000e+00
1.000000000000000000e+00
1.000000000000000000e+00
6.349494013753844701e-01
1.000000000000000000e+00
-7.201174912133212480e-01
1.077044002370587117e-01
1.019156814753099938e-02
1.000000000000000000e+00
-1.000000000000000000e+00
-1.000000000000000000e+00
1.000000000000000000e+00
6.277089296467321944e-01
6.145062825256050187e-01
-7.378491307569664537e-01
-9.061761072339293843e-01
1.000000000000000000e+00
1.000000000000000000e+00
9.634063463604628508e-01
1.000000000000000000e+00
-1.000000000000000000e+00
-1.000000000000000000e+00
-2.607634826209347390e-01
-8.653687134671360637e-01
6.712262526955270481e-01
1.000000000000000000e+00
1.000000000000000000e+00
5.231059992121367408e-02
1.900264566705039959e-02
-9.588857939057535695e-01
3.820795863663384306e-01
-1.000000000000000000e+00
-1.000000000000000000e+00
-8.757595453138633523e-01
-1.000000000000000000e+00
-1.000000000000000000e+00
1.000000000000000000e+00
1.000000000000000000e+00
-1.510843639529975135e-01
-1.000000000000000000e+00
1.000000000000000000e+00
3.561032858040110161e-01
-1.000000000000000000e+00
7.822193985952912154e-01
-1.000000000000000000e+00
-1.000000000000000000e+00
1.000000000000000000e+00
4.544625621284684724e-01
1.000000000000000000e+00
9.114032057809309251e-01
1.000000000000000000e+00
1.000000000000000000e+00
1.000000000000000000e+00
-1.000000000000000000e+00
-1.000000000000000000e+00
-1.000000000000000000e+00
-1.000000000000000000e+00
5.526070669232343580e-01
-1.000000000000000000e+00
1.000000000000000000e+00
1.000000000000000000e+00
4.773467539628895029e-02
-1.000000000000000000e+00
-1.000000000000000000e+00
-3.420502960277953530e-01
-2.340119173768246963e-01
1.000000000000000000e+00
-1.000000000000000000e+00
1.000000000000000000e+00
