3.262991975988237536e-01
-1.000000000000000000e+00
-1.000000000000000000e+00
1.000000000000000000e+00
-1.000000000000000000e+00
-8.367039093019554841e-01
-1.000000000000000000e+00
1.000000000000000000e+00
1.000000000000000000e+00
4.553438733499333146e-01
-1.000000000000000000e+00
-1.000000000000000000e+00
-4.671129581607880721e-01
1.000000000000000000e+00
1.000000000000000000e+00
1.000000000000000000e+00
-1.000000000000000000e+00
-1.000000000000000000e+00
-1.000000000000000000e+00
-1.000000000000000000e+00
1.000000000000000000e+00
-1.000000000000000000e+00
-1.000000000000000000e+00
2.644247835105184574e-02
1.000000000000000000e+00
-1.000000000000000000e+00
-1.000000000000000000e+00
1.000000000000000000e+00
1.000000000000000000e+00
-1.000000000000000000e+00
1.000000000000000000e+00
1.000000000000000000e+00
1.000000000000000000e+00
-6.349756092266145568e-01
1.000000000000000000e+00
7.811981134346652755e-01
-1.000000000000000000e+00
8.176127544444444784e-01
1.000000000000000000e+00
-1.000000000000000000e+00
-1.000000000000000000e+00
-5.039681849457320340e-01
-2.699379389339140456e-01
4.006092228644563824e-01
-1.000000000000000000e+00
1.000000000000000000e+00
1.000000000000000000e+00
1.000000000000000000e+00
1.000000000000000000e+00
-1.000000000000000000e+00
1.000000000000000000e+00
-1.000000000000000000e+00
6.632465788020360797e-01
-1.000000000000000000e+00
-1.962265318136937609e-01
-1.000000000000000000e+00
-1.000000000000000000e+00
-1.000000000000000000e+00
7.754868148065520161e-01
1.000000000000000000e+00
5.102128697792993606e-01
-5.310389255041814138e-02
-5.429223890751005976e-01
-1.000000000000000000e+00
1.000000000000000000e+00
-1.000000000000000000e+00
-1.000000000000000000e+00
-1.000000000000000000e+00
1.000000000000000000e+00
-1.000000000000000000e+00
-9.828823227459131395e-01
-1.000000000000000000e+00
-1.000000000000000000e+00
1.000000000000000000e+00
1.000000000000000000e+00
5.643488552616169329e-01
1.000000000000000000e+00
1.000000000000000000e+00
1.000000000000000000e+00
-1.000000000000000000e+00
6.044405118276572342e-01
-1.000000000000000000e+00
-3.072089094094130335e-01
1.000000000000000000e+00
1.000000000000000000e+00
-9.195340371039175675e-01
-1.256580755290970797e-01
7.705554242513203977e-01
2.296258788300058473e-01
-1.000000000000000000e+00
1.000000000000000000e+00
-1.000000000000000000e+00
9.644335673327264491e-01
-1.000000000000000000e+00
1.000000000000000000e+00
1.000000000000000000e+00
4.905012429924617834e-01
2.178488278506815479e-01
1.000000000000000000e+00
1.000000000000000000e+00
1.000000000000000000e+00
1.000000000000000000e+00
-1.000000000000000000e+00
-1.000000000000000000e+00
8.662156941031013968e-01
1.000000000000000000e+00
-1.000000000000000000e+00
-1.680993597406318374e-01
-1.000000000000000000e+00
1.000000000000000000e+00
1.000000000000000000e+00
1.000000000000000000e+00
1.000000000000000000e+00
-1.000000000000000000e+00
-1.000000000000000000e+00
1.000000000000000000e+00
-1.000000000000000000e+00
-1.227384256042542976e-01
-1.701854131019533145e-01
8.119057166239664891e-01
1.000000000000000000e+00
1.000000000000000000e+00
-1.000000000000000000e+00
1.000000000000000000e+00
-1.000000000000000000e+00
-1.000000000000000000e+00
1.739507578033668844e-01
-1.000000000000000000e+00
-1.000000000000000000e+00
-1.000000000000000000e+00
-1.000000000000000000e+00
1.000000000000000000e+00
-1.000000000000000000e+00
-5.800319035687225844e-01
-1.000000000000000000e+00
4.792023637593582075e-01
1.000000000000000000e+00
1.000000000000000000e+00
-5.410737290483846884e-01
1.000000000000000000e+00
-1.000000000000000000e+00
-1.000000000000000000e+00
-1.000000000000000000e+00
1.000000000000000000e+00
1.000000000000000000e+00
1.000000000000000000e+00
-1.000000000000000000e+00
1.000000000000000000e+00
1.000000000000000000e+00
5.337894371184912501e-01
1.000000000000000000e+00
1.000000000000000000e+00
1.000000000000000000e+00
-7.920535164550670526e-01
-1.000000000000000000e+00
-1.000000000000000000e+00
-1.000000000000000000e+00
-1.000000000000000000e+00
1.000000000000000000e+00
1.000000000000000000e+00
5.094764379658625053e-01
1.000000000000000000e+00
7.694353491247011290e-01
1.000000000000000000e+00
1.000000000000000000e+00
-1.000000000000000000e+00
-1.000000000000000000e+00
6.285338331561858283e-01
1.000000000000000000e+00
-4.046815213719093807e-01
-1.000000000000000000e+00
2.025395994381020692e-01
-1.000000000000000000e+00
-1.000000000000000000e+00
-1.000000000000000000e+00
-4.251281657866676778e-01
-2.101141485265094477e-01
-1.000000000000000000e+00
-1.000000000000000000e+00
1.000000000000000000e+00
-1.000000000000000000e+00
1.000000000000000000e+00
-1.000000000000000000e+00
-1.000000000000000000e+00
-3.077757049645379883e-02
1.000000000000000000e+00
1.000000000000000000e+00
-8.751285472760517159e-01
8.777308444232755358e-01
1.000000000000000000e+00
7.567154891421802310e-01
1.000000000000000000e+00
2.873080297378065584e-01
1.000000000000000000e+00
-5.781328396273479608e-01
1.000000000000000000e+00
-1.000000000000000000e+00
-1.000000000000000000e+00
1.888302067242018656e-01
-7.125970824237816137e-01
-1.000000000000000000e+00
4.451135332757306662e-01
-4.317317470476067509e-01
1.000000000000000000e+00
-5.133933896746936121e-01
-1.000000000000000000e+00
-1.000000000000000000e+00
-1.000000000000000000e+00
1.000000000000000000e+00
-1.000000000000000000e+00
1.000000000000000000e+00
3.540433655001536950e-01
-6.794429577579987889e-01
2.947747793917663284e-01
1.000000000000000000e+00
1.000000000000000000e+00
-1.000000000000000000e+00
1.000000000000000000e+00
1.000000000000000000e+00
1.000000000000000000e+00
-1.000000000000000000e+00
-1.000000000000000000e+00
1.000000000000000000e+00
7.849761662275761553e-01
-1.000000000000000000e+00
1.000000000000000000e+00
-2.667872326227755941e-01
-1.000000000000000000e+00
5.637254408052470023e-01
1.000000000000000000e+00
-1.000000000000000000e+00
-1.000000000000000000e+00
1.000000000000000000e+00
1.000000000000000000e+00
-1.000000000000000000e+00
-1.000000000000000000e+00
1.000000000000000000e+00
-1.000000000000000000e+00
9.664910478421762097e-02
1.000000000000000000e+00
-1.000000000000000000e+00
1.000000000000000000e+00
-3.419259054294938593e-01
-1.039252328203098541e-01
1.000000000000000000e+00
1.000000000000000000e+00
7.876828741555546021e-01
-7.320441025594122131e-01
-6.046463417863889855e-01
-1.000000000000000000e+00
-1.205425552620202068e-01
-6.164188578692740839e-01
1.000000000000000000e+00
-6.349038976277254775e-01
-1.000000000000000000e+00
-1.000000000000000000e+00
1.000000000000000000e+00
1.000000000000000000e+00
1.000000000000000000e+00
-7.106816977259114987e-01
1.000000000000000000e+00
-8.346829564151193592e-01
3.276609558946235179e-01
-2.872884001079212268e-02
-1.373510226208910501e-01
