1.000000000000000000e+00
1.000000000000000000e+00
-5.349511471482866209e-01
5.498153701594414855e-01
-5.066069953578310470e-01
1.000000000000000000e+00
1.000000000000000000e+00
8.193725354933012461e-02
3.841537466544215906e-01
-1.000000000000000000e+00
5.489644876910467763e-01
-1.000000000000000000e+00
-6.823998307576302214e-01
-2.208224208544073974e-01
-9.923883548134077026e-01
-8.136316762590674045e-01
8.518359595644431348e-01
-1.000000000000000000e+00
8.028142456074787159e-01
2.636256971233252866e-02
-1.000000000000000000e+00
-1.000000000000000000e+00
-1.000000000000000000e+00
-3.163674445317179451e-01
-1.576901426590411326e-01
-1.000000000000000000e+00
9.187374093629125937e-01
-1.000000000000000000e+00
-3.929381795679264266e-01
9.143363782637137227e-02
1.000000000000000000e+00
-1.000000000000000000e+00
-3.657673126069473923e-01
-1.000000000000000000e+00
1.000000000000000000e+00
1.000000000000000000e+00
-3.248138769105770596e-01
8.375313672969828538e-01
1.000000000000000000e+00
1.000000000000000000e+00
-5.211944628027220805e-01
1.000000000000000000e+00
1.000000000000000000e+00
-5.134675503532650787e-01
-1.542344948482743672e-01
1.000000000000000000e+00
-3.918145631971092779e-01
4.731537573788381357e-01
6.569265403768203004e-01
1.000000000000000000e+00
1.000000000000000000e+00
-9.573817142347428311e-01
2.402921300800398008e-02
-4.102041680592811712e-01
-2.196526448599624981e-01
-9.030310091626110314e-01
1.000000000000000000e+00
1.000000000000000000e+00
1.000000000000000000e+00
5.074568599862865348e-01
-2.449278920073994226e-01
-1.000000000000000000e+00
-1.000000000000000000e+00
1.000000000000000000e+00
1.000000000000000000e+00
9.239258010589500580e-01
-1.000000000000000000e+00
2.698530583231283919e-01
1.604136558888469288e-03
-7.607529170581803779e-01
1.337718072847462469e-01
-1.000000000000000000e+00
1.000000000000000000e+00
1.000000000000000000e+00
1.000000000000000000e+00
1.000000000000000000e+00
1.000000000000000000e+00
-1.149970471312300457e-02
-1.000000000000000000e+00
-1.000000000000000000e+00
5.118818742627329055e-01
-1.000000000000000000e+00
-5.105754392465560176e-01
1.000000000000000000e+00
-1.000000000000000000e+00
-1.000000000000000000e+00
-5.424962201765871628e-01
3.584809398308386186e-01
6.170832019808660807e-01
-1.000000000000000000e+00
1.000000000000000000e+00
9.379066015866142081e-01
-4.132278629175658025e-01
-1.499055590883794919e-01
2.183062811548644733e-01
8.696168937384464170e-01
-7.889460704932930168e-01
-1.000000000000000000e+00
-1.000000000000000000e+00
5.215824602644066887e-01
1.000000000000000000e+00
-2.364604385414497412e-01
9.285073712188318673e-01
-7.787453903352252738e-01
-1.000000000000000000e+00
3.941812825633885797e-01
1.000000000000000000e+00
-7.692538096882016729e-01
-1.000000000000000000e+00
1.000000000000000000e+00
-2.871445614249442668e-01
-4.947221722377708741e-01
1.000000000000000000e+00
1.000000000000000000e+00
1.000000000000000000e+00
-5.919980502123300958e-01
-2.962511420368585391e-01
1.000000000000000000e+00
-1.000000000000000000e+00
-1.000000000000000000e+00
3.737948665538615156e-03
1.000000000000000000e+00
-2.656297596735859301e-01
-1.000000000000000000e+00
7.717086599951059611e-01
-4.601497728696242184e-01
1.000000000000000000e+00
3.234506315850442792e-01
1.000000000000000000e+00
3.274793412438836149e-01
-1.000000000000000000e+00
1.000000000000000000e+00
6.410317255126311009e-01
6.779505312054595612e-02
1.000000000000000000e+00
-1.000000000000000000e+00
-2.278768952347243193e-02
-7.005619252972226096e-01
-4.959478125099820445e-01
1.000000000000000000e+00
7.457525907061637316e-01
-1.000000000000000000e+00
-1.000000000000000000e+00
-1.000000000000000000e+00
1.000000000000000000e+00
1.000000000000000000e+00
-7.038856022332495854e-01
-8.822457242255479226e-01
-1.000000000000000000e+00
1.000000000000000000e+00
-2.276049642631912118e-01
8.064482664025076630e-01
6.154631163568685670e-01
-1.000000000000000000e+00
-9.197991841038544170e-01
1.000000000000000000e+00
9.015936069777203965e-01
6.894566283805304563e-01
3.086297763373739289e-01
-4.999131218204009852e-01
-6.746065270890805321e-02
4.873487417843841429e-01
3.752751959592888209e-01
-2.830328469291579774e-01
-8.245963443535697657e-01
-1.000000000000000000e+00
1.000000000000000000e+00
1.000000000000000000e+00
-1.000000000000000000e+00
-1.848710031009598298e-02
-1.000000000000000000e+00
5.979438828514332949e-01
-9.007895876532415746e-01
-3.167256140412318399e-01
3.354478232606945831e-02
1.000000000000000000e+00
1.000000000000000000e+00
1.000000000000000000e+00
-1.000000000000000000e+00
-1.000000000000000000e+00
-1.000000000000000000e+00
-8.241626484672748276e-03
4.020038423521246074e-01
1.662064000147919773e-01
-1.000000000000000000e+00
1.000000000000000000e+00
-1.000000000000000000e+00
7.479932669258245737e-01
-1.000000000000000000e+00
1.000000000000000000e+00
-1.000000000000000000e+00
1.890821216400853100e-01
-1.912946387684707206e-01
-1.817841617208216243e-01
-1.000000000000000000e+00
-9.073334396729042517e-01
1.000000000000000000e+00
8.102362819301566210e-01
-1.000000000000000000e+00
-4.999706673869522833e-01
-1.000000000000000000e+00
-1.000000000000000000e+00
-1.000000000000000000e+00
8.542827471371063908e-01
1.000000000000000000e+00
-3.126353914057051764e-01
-1.000000000000000000e+00
1.000000000000000000e+00
-1.000000000000000000e+00
2.106236538682640935e-01
-6.396988336453635071e-01
-2.696016059853878488e-01
1.000000000000000000e+00
8.699350614243668289e-01
5.312268559028209269e-01
-1.000000000000000000e+00
-1.000000000000000000e+00
-1.000000000000000000e+00
1.000000000000000000e+00
1.000000000000000000e+00
-1.000000000000000000e+00
1.885953336338679343e-01
-4.191932922650887239e-01
1.000000000000000000e+00
9.221871413816492558e-01
3.970554454481112217e-01
1.832874811611341082e-01
-1.260228599535933025e-01
1.000000000000000000e+00
1.087867450810955927e-01
-1.000000000000000000e+00
-1.000000000000000000e+00
2.870128391803487555e-01
-5.997270238610346027e-01
4.666096526585608029e-01
-1.000000000000000000e+00
1.000000000000000000e+00
2.738391929220531651e-01
1.470786788235487474e-01
-3.121156890773744141e-01
1.000000000000000000e+00
-9.279593668508925308e-01
7.008996892332557405e-01
2.727332797990606461e-01
1.000000000000000000e+00
1.000000000000000000e+00
-6.294256316688296993e-01
-2.913386004621780767e-01
-7.343596029265784253e-01
1.093252761583085597e-02
-1.000000000000000000e+00
1.000000000000000000e+00
-7.761219292992033170e-01
1.000000000000000000e+00
5.243341719862459893e-01
2.487529055583233006e-01
-1.000000000000000000e+00
2.186344963845978651e-01
9.510662692123592610e-01
8.510735772102016039e-01
1.000000000000000000e+00
7.576611245657174365e-01
5.385279369361885005e-01
1.000000000000000000e+00
-8.408636537788345411e-01
