-1.000000000000000000e+00
1.930788283709755637e-01
-1.000000000000000000e+00
7.020409390101153280e-01
-8.864678673476846793e-01
-1.000000000000000000e+00
6.047783525717123077e-01
7.494653832057118770e-02
-9.593081659311597509e-01
-6.731283225478368326e-01
1.000000000000000000e+00
-1.010102280587651669e-01
1.594436264832606032e-01
-1.000000000000000000e+00
3.889103318464315340e-01
1.000000000000000000e+00
-3.307182623697334511e-01
8.880379383240711855e-01
1.000000000000000000e+00
1.000000000000000000e+00
-3.292620011310554151e-01
9.234831661596988317e-01
-5.239430860233491583e-01
7.027990623693687322e-01
-1.733316453633526877e-01
-5.549071217798466904e-01
1.000000000000000000e+00
-1.798082436229033743e-01
-5.144054419034012060e-01
6.768113258319063963e-01
-4.895961543637852298e-01
4.584479183590098872e-01
-1.906006809819209280e-01
-7.222276769676649888e-02
6.692327402652301638e-01
-5.184456256100891114e-01
-6.383922404321151767e-01
-1.000000000000000000e+00
-8.393923089871005994e-01
-6.987914073550842708e-01
8.407004667563623412e-01
1.000000000000000000e+00
1.362587699332437619e-02
-2.003492804511803893e-01
1.000000000000000000e+00
1.000000000000000000e+00
5.284954510319369581e-01
-1.000000000000000000e+00
9.522437371619130175e-01
8.760797004661819987e-01
-1.412325804059122447e-02
8.734128732852970423e-01
9.334323093343595001e-01
1.000000000000000000e+00
1.000000000000000000e+00
5.830723902650425394e-02
-1.000000000000000000e+00
-1.000000000000000000e+00
1.000000000000000000e+00
1.000000000000000000e+00
8.068714948577406787e-01
4.379164695268014662e-01
-2.877233249475922294e-01
-4.755847711153047275e-01
2.733542297600318749e-01
8.603198266758840251e-01
9.273753801528007434e-01
8.335285448665583630e-01
1.000000000000000000e+00
9.707589370360734105e-01
1.000000000000000000e+00
1.313530202378165868e-01
-1.958614906310248149e-01
1.000000000000000000e+00
8.866275495364539516e-01
6.774018461526259971e-02
1.000000000000000000e+00
-3.831699231820950846e-01
7.197356574244367922e-01
3.454956123115336952e-01
1.000000000000000000e+00
-4.322885956646363992e-01
-7.689173434093639070e-01
7.177131725734029466e-01
-3.669406094406755248e-01
1.109882245907582998e-01
1.000000000000000000e+00
1.000000000000000000e+00
-1.000000000000000000e+00
1.000000000000000000e+00
-1.233449969921673883e-01
1.000000000000000000e+00
7.165029828501079390e-01
1.000000000000000000e+00
4.469860457494000960e-01
3.520177593562234253e-01
-1.000000000000000000e+00
5.525772978583439743e-01
-1.619525224307270528e-01
1.000000000000000000e+00
-1.000000000000000000e+00
-3.339832166717602302e-01
1.834429246981272021e-01
-1.000000000000000000e+00
-8.592193999476012145e-01
-1.000000000000000000e+00
6.345788851390024021e-01
1.000000000000000000e+00
1.000000000000000000e+00
6.914927961428776193e-01
-9.012784864489430392e-01
-8.377464176067698221e-01
-5.855189334115022959e-01
6.763211141173309793e-01
7.580294478327267438e-01
-2.621808922399261332e-01
-5.766139298811376879e-01
8.632110632061915645e-01
4.069284929531997719e-01
1.000000000000000000e+00
8.930228838442639816e-01
1.000000000000000000e+00
1.000000000000000000e+00
-8.730173996005468062e-01
-1.637731373476112307e-01
-1.000000000000000000e+00
-1.000000000000000000e+00
-1.000000000000000000e+00
-1.363304904317914068e-01
1.000000000000000000e+00
9.237831011213667454e-01
-2.136622427114526213e-01
1.000000000000000000e+00
1.000000000000000000e+00
1.000000000000000000e+00
-5.939884469440354087e-01
-3.181425924115899306e-01
-3.983177797322412506e-01
-1.266489978190867838e-01
-1.486076650754813711e-01
1.000000000000000000e+00
5.052817839785054277e-01
-1.659197352249897894e-01
6.695705615663111177e-01
-4.443357599764937715e-01
6.627143677708940972e-02
1.000000000000000000e+00
1.000000000000000000e+00
-3.116186040342694419e-02
-7.015317534047909032e-01
2.588464792900890821e-01
4.392987180441552675e-01
-9.970824726728146903e-01
-1.039375142496368198e-01
-5.862709172013993442e-01
1.908226044808395416e-01
4.364249991880736479e-01
-1.000000000000000000e+00
1.000000000000000000e+00
-9.217158069482249694e-01
1.000000000000000000e+00
-1.000000000000000000e+00
-7.356603606169903609e-01
-1.000000000000000000e+00
-2.649647077228107772e-01
-1.000000000000000000e+00
7.741684671632842463e-02
-8.817275310308083647e-01
-2.770306708885030833e-01
2.235233745344646639e-01
4.636775420472665221e-01
1.000000000000000000e+00
4.325040658133456617e-01
-1.000000000000000000e+00
2.669912704578114582e-01
-1.000000000000000000e+00
1.000000000000000000e+00
4.669381958758211937e-01
6.982918316531562253e-01
-8.571372524632986378e-01
-1.000000000000000000e+00
-2.362215064365573713e-01
-1.000000000000000000e+00
1.000000000000000000e+00
-7.259864480458764202e-01
-5.225307665842189309e-01
7.310423197078199653e-01
-1.000000000000000000e+00
-1.000000000000000000e+00
1.000000000000000000e+00
-7.377587653398667289e-01
5.729927471292146635e-01
1.000000000000000000e+00
1.000000000000000000e+00
-1.000000000000000000e+00
-8.459368820133490452e-01
-5.854508081429593558e-01
1.000000000000000000e+00
-1.000000000000000000e+00
-1.000000000000000000e+00
1.000000000000000000e+00
9.785044543128477157e-01
9.557166086044903697e-01
1.000000000000000000e+00
-1.000000000000000000e+00
7.721992679011125960e-01
-8.527456941164763826e-01
-1.939575394153268129e-01
-1.000000000000000000e+00
1.000000000000000000e+00
7.757814652514705145e-02
-1.000000000000000000e+00
-1.320564183390276758e-01
-9.223909794769221682e-01
1.000000000000000000e+00
-1.000000000000000000e+00
1.000000000000000000e+00
-6.665779019409703299e-01
6.946184993939167329e-01
6.508932241931841833e-01
-2.266284957289834701e-01
-1.000000000000000000e+00
-1.000000000000000000e+00
6.751779942992268690e-01
-4.311522647217214121e-02
1.000000000000000000e+00
-3.406606797416134036e-02
-2.055424395380711089e-01
-4.478244082750184041e-01
-4.419307270784612607e-01
1.000000000000000000e+00
6.563291460473610339e-01
-5.773354565787858217e-01
-7.527831412066401384e-01
9.502055857060549560e-01
-1.000000000000000000e+00
-7.422038838309876763e-01
1.000000000000000000e+00
8.704955471610014150e-01
-8.793978932282037198e-01
-1.000000000000000000e+00
-4.037001248959444233e-01
1.000000000000000000e+00
-5.468203759023835264e-01
-6.795753965945838804e-01
-9.982383372611179917e-01
1.000000000000000000e+00
-1.000000000000000000e+00
3.761438987530673628e-01
-9.588241920075863955e-01
1.479281354635441081e-01
4.047810452852207419e-02
1.753893536980044576e-01
-4.721196929210400572e-01
-1.994356244074027007e-01
-6.284626269289860234e-01
1.282024343369081443e-02
-2.936612218525707085e-01
2.045603046064495834e-01
7.714274276672083985e-01
-1.000000000000000000e+00
-1.606457873513799095e-01
-1.000000000000000000e+00
1.000000000000000000e+00
9.081707251328403618e-01
