-6.519054255320730906e-01
-2.709132851319326907e-01
-2.256008042025392513e-02
-2.598837807265544919e-01
1.835569473453415035e-01
-8.492166784368788690e-01
-1.000000000000000000e+00
7.572527773231928494e-01
-5.051444544982487406e-01
9.857534613327427753e-01
1.000000000000000000e+00
1.000000000000000000e+00
9.134547465570533320e-02
1.000000000000000000e+00
1.000000000000000000e+00
-1.000000000000000000e+00
4.444686359473046799e-01
-1.661079507571545655e-01
-5.993784387075412612e-02
-1.000000000000000000e+00
-1.000000000000000000e+00
-5.636890348619698621e-01
-2.020734090590370347e-01
1.000000000000000000e+00
1.000000000000000000e+00
9.355682559940255993e-01
-9.174467117498925628e-01
-1.000000000000000000e+00
1.000000000000000000e+00
-8.280402271686764237e-01
-1.041968750337030070e-01
2.853747504852410799e-01
1.000000000000000000e+00
2.316343553000641542e-01
-6.187334356467260044e-01
3.350071870143518371e-01
-1.000000000000000000e+00
2.833608703449221333e-01
-1.000000000000000000e+00
-1.000000000000000000e+00
9.415965567592039509e-01
-1.000000000000000000e+00
-2.628520633090991598e-02
1.000000000000000000e+00
-8.951624275290592792e-02
-6.758758337536160399e-01
-1.000000000000000000e+00
-1.000000000000000000e+00
6.611774434826042102e-01
-1.000000000000000000e+00
9.301656444981759586e-01
-2.456411514339165159e-01
-1.000000000000000000e+00
6.485432345871838811e-01
-1.000000000000000000e+00
-5.442345593508997048e-01
-1.000000000000000000e+00
1.000000000000000000e+00
-7.391187474126660328e-01
-6.888194042361388547e-01
1.000000000000000000e+00
-2.433328549587733258e-01
1.000000000000000000e+00
-5.578724884574197684e-01
6.920704898082329359e-01
1.000000000000000000e+00
1.000000000000000000e+00
8.429777430525997595e-02
1.000000000000000000e+00
-1.000000000000000000e+00
1.000000000000000000e+00
9.364571841068396463e-01
1.000000000000000000e+00
-4.776842457532667896e-01
-7.563205246299716800e-01
-1.000000000000000000e+00
6.677390200155435274e-01
-8.189365160164561175e-01
-1.000000000000000000e+00
9.709682230963631033e-01
1.919691840371069436e-01
-3.163571120051147378e-01
-1.000000000000000000e+00
-1.000000000000000000e+00
1.000000000000000000e+00
9.913864756085115637e-01
-5.342803727601557195e-01
-1.000000000000000000e+00
1.000000000000000000e+00
-3.309960218565464185e-01
-5.855579726241477712e-01
1.000000000000000000e+00
-1.685703023790112720e-01
-1.000000000000000000e+00
-7.562433151343064264e-01
4.642489234146879307e-01
-2.166537604893316038e-01
3.131853006913318804e-01
1.559861890972337184e-01
5.190355857242010540e-01
3.012512163993421588e-01
8.124730689503697478e-01
1.000000000000000000e+00
6.135025963394478143e-01
-7.809467548443429497e-01
-1.000000000000000000e+00
1.000000000000000000e+00
-3.408041295715313890e-01
-1.000000000000000000e+00
1.000000000000000000e+00
-1.000000000000000000e+00
-1.000000000000000000e+00
-4.009160818315111174e-01
-1.000000000000000000e+00
-1.000000000000000000e+00
-7.862568547184037859e-01
-7.122960348759999061e-01
8.137837855855367675e-02
9.024211174982751382e-01
-1.219042217089731928e-01
3.679954570057806795e-01
4.145498791159921148e-01
1.000000000000000000e+00
1.000000000000000000e+00
4.388996127255493374e-01
-9.349230951101675791e-01
-1.276209710398668040e-01
-1.150114512465655880e-01
1.819877282522409656e-01
9.473904839819177193e-01
1.000000000000000000e+00
-1.000000000000000000e+00
-1.000000000000000000e+00
3.283450776648179636e-01
1.000000000000000000e+00
3.510067010777795371e-01
7.303352121090920246e-01
-3.367743476762277144e-01
-1.000000000000000000e+00
2.506733638969940170e-01
-2.806530679842416109e-01
-4.429654174722169602e-01
-8.788972003850110681e-01
-7.380273859718853302e-01
-2.951155341331499482e-01
6.621770513983018525e-01
2.452970541195148291e-01
7.960648630837113826e-01
-1.000000000000000000e+00
-3.345342857140238824e-01
6.072723419677835688e-01
1.000000000000000000e+00
-1.000000000000000000e+00
1.000000000000000000e+00
-5.636440229067839480e-01
-6.296005978550536231e-01
6.875824512874001426e-01
1.000000000000000000e+00
1.035757019414817459e-01
-1.000000000000000000e+00
9.933574825685052012e-01
-7.457086781715795976e-01
1.000000000000000000e+00
-9.574168808440937095e-01
-1.000000000000000000e+00
9.388668244794567963e-01
-4.634443545191883063e-01
-7.742879259291549632e-01
-1.809534108676205122e-01
7.903442050280832243e-01
1.000000000000000000e+00
1.000000000000000000e+00
-1.000000000000000000e+00
1.197135254775615332e-01
5.605273152628063027e-01
-6.972353628484541099e-01
1.626780994006417069e-01
7.225189143210414278e-01
2.929380697840846537e-01
-1.000000000000000000e+00
1.000000000000000000e+00
1.000000000000000000e+00
-4.607888105870800999e-01
1.000000000000000000e+00
-3.050538736764147885e-01
1.000000000000000000e+00
1.000000000000000000e+00
-9.902416476142849033e-01
-1.000000000000000000e+00
5.985449706863755770e-01
-1.000000000000000000e+00
-3.891762565291179143e-02
-2.991851063576365100e-01
-6.524556438675838121e-01
-3.113188128550653522e-01
-6.725431849554192043e-02
1.277691206164146553e-01
1.000000000000000000e+00
-1.839741044663729119e-01
-5.789111496370594745e-01
-2.534247691518973777e-01
1.000000000000000000e+00
1.000000000000000000e+00
-7.853422717319544777e-01
-7.487367684378711807e-01
7.531537642926638965e-01
1.000000000000000000e+00
-5.563920661705269444e-01
-3.159031448763942596e-01
1.000000000000000000e+00
-1.000000000000000000e+00
1.000000000000000000e+00
-1.000000000000000000e+00
1.000000000000000000e+00
-5.628430323728463858e-01
1.000000000000000000e+00
1.000000000000000000e+00
-6.357097779199476495e-01
-1.000000000000000000e+00
7.645297228364866804e-02
-7.484973462046213832e-01
-1.000000000000000000e+00
1.485785218627850568e-01
-6.651485957446443553e-01
1.000000000000000000e+00
-1.000000000000000000e+00
-1.000000000000000000e+00
1.000000000000000000e+00
1.000000000000000000e+00
7.805232130127712775e-01
-1.000000000000000000e+00
-8.021584633838323430e-01
9.218991457526006794e-01
-6.714641988405826156e-01
-1.000000000000000000e+00
-9.646573198987435926e-01
1.000000000000000000e+00
1.000000000000000000e+00
5.840564500270053472e-01
-9.966106463399082571e-02
-2.294214087980808170e-01
2.177098111830048366e-01
1.000000000000000000e+00
8.364631704111633592e-01
1.000000000000000000e+00
-3.794173173259940413e-01
-1.000000000000000000e+00
-1.000000000000000000e+00
1.000000000000000000e+00
-1.609854520103555231e-01
-3.858634869083339414e-01
-3.978392731531356641e-01
-2.792479610657660483e-01
-1.121840790012995637e-01
-1.000000000000000000e+00
1.000000000000000000e+00
1.000000000000000000e+00
4.905533838660643964e-01
-1.000000000000000000e+00
1.000000000000000000e+00
5.808539185042708164e-01
-1.000000000000000000e+00
7.889024963221319409e-01
1.000000000000000000e+00
-8.542138274947237431e-01
