-1.000000000000000000e+00
-1.000000000000000000e+00
7.165680580180838755e-02
1.000000000000000000e+00
1.000000000000000000e+00
1.000000000000000000e+00
-3.189566386739128845e-02
1.000000000000000000e+00
-1.000000000000000000e+00
1.000000000000000000e+00
1.000000000000000000e+00
1.044766710552376132e-01
-6.555106139420541211e-01
4.789346646289114329e-01
-5.289330596362826764e-01
9.925689985986092534e-01
8.086342653884632803e-01
4.938236110286299274e-01
9.079192217152525224e-01
1.795850751155147473e-01
1.000000000000000000e+00
-4.749440067557597622e-02
-1.000000000000000000e+00
-1.000000000000000000e+00
-5.088427087534042048e-01
9.832688543893773891e-01
6.641389892245779247e-01
8.923101759719015424e-01
1.259221237873628940e-01
-4.345944178272224678e-01
5.767574571768129266e-01
1.000000000000000000e+00
1.000000000000000000e+00
9.471928544043948239e-01
-9.898051547213720935e-01
-1.000000000000000000e+00
1.000000000000000000e+00
-1.516518787957518155e-01
-7.740651472694130009e-01
-1.000000000000000000e+00
-4.125306625723088594e-01
1.526709545640510535e-01
1.000000000000000000e+00
-7.720907937246281882e-01
8.472316815211559105e-01
-7.804876655220420734e-01
-2.669831698655821262e-01
-4.185693573466624517e-01
1.000000000000000000e+00
1.000000000000000000e+00
2.747490209436436182e-01
1.000000000000000000e+00
-1.000000000000000000e+00
1.000000000000000000e+00
-2.750337129075197673e-01
-1.833849084421095288e-01
-5.049524943429967161e-01
1.000000000000000000e+00
-1.000000000000000000e+00
-1.000000000000000000e+00
-1.000000000000000000e+00
-1.000000000000000000e+00
1.000000000000000000e+00
1.088498518488246747e-01
1.000000000000000000e+00
1.000000000000000000e+00
-8.847616451940973903e-01
-8.888841116495613814e-01
1.152318950805175657e-01
3.639233866251587735e-01
1.000000000000000000e+00
-1.000000000000000000e+00
-1.000000000000000000e+00
-1.000000000000000000e+00
8.389267011507399729e-01
-2.885157685587057541e-01
1.000000000000000000e+00
-9.156383331083506327e-01
-6.878353087609401229e-01
1.000000000000000000e+00
-1.000000000000000000e+00
1.000000000000000000e+00
2.048812809491984410e-02
5.514464349895770168e-01
1.000000000000000000e+00
-9.556990045548046098e-01
-1.228227524338986187e-01
1.000000000000000000e+00
1.000000000000000000e+00
-9.582201141431615499e-01
1.000000000000000000e+00
-1.000000000000000000e+00
-9.403324463644311404e-01
2.472800227376139581e-01
5.265520451367358135e-01
7.652210121264485521e-01
1.000000000000000000e+00
-3.832654478359156514e-01
1.000000000000000000e+00
5.944859845601895287e-01
3.294239873889098780e-01
-1.000000000000000000e+00
-1.000000000000000000e+00
5.246121670371239887e-01
3.816409967253936442e-01
4.327181674678235446e-01
-1.000000000000000000e+00
-6.645787899622759287e-01
2.473524270275275772e-01
-1.000000000000000000e+00
-1.000000000000000000e+00
-1.000000000000000000e+00
1.000000000000000000e+00
-9.103323315709103136e-01
-1.000000000000000000e+00
-1.000000000000000000e+00
1.000000000000000000e+00
-1.000000000000000000e+00
1.000000000000000000e+00
-1.000000000000000000e+00
-9.676299075609327005e-01
-1.000000000000000000e+00
1.000000000000000000e+00
-1.000000000000000000e+00
8.245088568200846790e-01
1.000000000000000000e+00
1.000000000000000000e+00
1.000000000000000000e+00
5.987873327974402304e-01
-1.000000000000000000e+00
1.000000000000000000e+00
1.000000000000000000e+00
-1.000000000000000000e+00
3.504749382355309972e-01
5.931409190971392853e-02
1.491996490429041700e-01
-4.025254439006942242e-01
1.000000000000000000e+00
3.211193401206744458e-01
-1.000000000000000000e+00
1.821290116882848531e-01
-1.000000000000000000e+00
-1.000000000000000000e+00
1.000000000000000000e+00
1.000000000000000000e+00
-1.000000000000000000e+00
3.442471004600268780e-01
-1.000000000000000000e+00
-1.000000000000000000e+00
1.000000000000000000e+00
1.000000000000000000e+00
1.000000000000000000e+00
5.995856365013334521e-01
1.000000000000000000e+00
-6.833616496670729124e-01
-1.000000000000000000e+00
-2.783136088887772641e-01
-1.000000000000000000e+00
-8.121430040298796005e-01
-1.000000000000000000e+00
-1.000000000000000000e+00
-1.789595008127566889e-01
-2.931382281457927119e-01
1.000000000000000000e+00
5.057409843476178279e-01
1.000000000000000000e+00
8.547747017843815298e-01
1.925614968368539182e-01
-1.000000000000000000e+00
7.217322941883841381e-01
1.000000000000000000e+00
-1.000000000000000000e+00
-1.000000000000000000e+00
-1.000000000000000000e+00
-4.757178213721003912e-01
1.000000000000000000e+00
7.433924057399152741e-01
3.058997021437678265e-01
1.000000000000000000e+00
-7.822862149536481402e-01
-1.000000000000000000e+00
9.851925832475432188e-01
-1.000000000000000000e+00
-1.000000000000000000e+00
1.000000000000000000e+00
1.000000000000000000e+00
1.000000000000000000e+00
-7.720635111350576674e-02
1.000000000000000000e+00
-8.046505093495455174e-01
-1.000000000000000000e+00
-7.267707331697386142e-01
1.000000000000000000e+00
4.180228345438313231e-01
9.256086743553336715e-01
2.469082815318695001e-01
1.449855700723146068e-02
-1.000000000000000000e+00
1.000000000000000000e+00
-1.000000000000000000e+00
1.000376907857054576e-01
8.288665453870974753e-01
1.000000000000000000e+00
1.000000000000000000e+00
6.421916541494282482e-01
-3.562934739223622138e-02
-1.000000000000000000e+00
2.012488067692320137e-01
8.230505007338807522e-01
1.000000000000000000e+00
-9.051921012108667952e-01
-3.530658892480190714e-01
-7.348764328853056860e-01
2.212696467894492147e-01
1.000000000000000000e+00
8.327146832299898715e-01
2.689833702412627869e-01
1.000000000000000000e+00
1.000000000000000000e+00
-1.000000000000000000e+00
-1.000000000000000000e+00
1.000000000000000000e+00
-3.006140461460705682e-01
9.206856628930686348e-01
-3.257574087860741763e-01
-1.000000000000000000e+00
1.000000000000000000e+00
-6.641972839563137221e-01
7.098190963784107854e-01
-7.570795132656867876e-01
1.000000000000000000e+00
-1.000000000000000000e+00
-2.428419436820751232e-01
-1.000000000000000000e+00
2.286225844410794128e-01
-1.000000000000000000e+00
1.000000000000000000e+00
8.395270136977595055e-02
-1.539448941415377803e-02
2.391378968920140347e-01
-1.000000000000000000e+00
-7.852236308200122306e-01
-1.000000000000000000e+00
1.000000000000000000e+00
-1.000000000000000000e+00
-8.652500394899823588e-01
3.143389300986259016e-01
-8.051938010471345608e-01
1.000000000000000000e+00
7.215046819827674041e-01
-1.290931058473497872e-01
-1.000000000000000000e+00
5.447891380792135863e-02
-1.093421240303825703e-01
-9.525918312020331680e-02
1.000000000000000000e+00
1.000000000000000000e+00
1.000000000000000000e+00
-8.140404441948680958e-01
-1.000000000000000000e+00
2.399974177502363637e-01
-1.000000000000000000e+00
-1.000000000000000000e+00
-1.000000000000000000e+00
-1.000000000000000000e+00
