-6.617994568198543037e-02
-8.949607323652040147e-01
-8.042777673861331023e-01
-9.043203175701821639e-01
-4.336220563178215803e-01
6.540067175277183287e-01
1.000000000000000000e+00
4.002918591354517330e-01
-2.720820966294079657e-01
1.000000000000000000e+00
6.015099589279722103e-01
-6.078307961180835495e-01
1.000000000000000000e+00
-1.000000000000000000e+00
1.000000000000000000e+00
-2.006322708113910114e-01
-2.465251496489235805e-01
1.000000000000000000e+00
1.000000000000000000e+00
-1.000000000000000000e+00
1.000000000000000000e+00
3.970586314149837648e-01
-9.608387471974331184e-01
1.000000000000000000e+00
1.000000000000000000e+00
2.254940340397005583e-01
-7.956134292570049560e-02
8.347500918520938118e-01
-6.647810372893894204e-01
1.000000000000000000e+00
6.954285175694048249e-01
9.215437583407569688e-01
8.000059733433091402e-01
-4.528956875542340388e-01
-1.000000000000000000e+00
9.529484964579106876e-01
-3.985102932167961520e-01
-1.000000000000000000e+00
-1.000000000000000000e+00
3.176709240801809386e-01
-5.125321221262023608e-01
5.567507038532701902e-01
-1.000000000000000000e+00
-4.372171622228925858e-01
1.000000000000000000e+00
1.000000000000000000e+00
-1.000000000000000000e+00
1.000000000000000000e+00
-4.511221857178141503e-01
8.166316735808273330e-01
1.000000000000000000e+00
7.029519140671912358e-02
3.970698370128203925e-01
-1.000000000000000000e+00
8.724156996641025952e-01
-3.514012574433584835e-01
-5.439155907284894953e-01
-1.000000000000000000e+00
-1.000000000000000000e+00
-5.085818550022611628e-01
7.931721403862470599e-01
-3.847962978613688745e-01
9.460060498489604175e-01
8.083697880792070078e-01
1.000000000000000000e+00
1.000000000000000000e+00
6.708130549519923935e-01
6.948337619477951144e-01
1.000000000000000000e+00
-6.467313826110652197e-01
-5.387089111066488689e-01
1.000000000000000000e+00
1.000000000000000000e+00
1.000000000000000000e+00
-9.874851633865273648e-01
8.690076509656481374e-01
1.000000000000000000e+00
4.495784269855587212e-01
7.295165708997664034e-01
-1.000000000000000000e+00
-5.703806020219441830e-01
1.000000000000000000e+00
1.000000000000000000e+00
-1.000000000000000000e+00
7.240008706365801405e-01
1.000000000000000000e+00
1.000000000000000000e+00
1.000000000000000000e+00
6.133304282608812441e-01
3.678763246371660189e-01
-6.720443398133901791e-01
1.000000000000000000e+00
6.169056134686358162e-01
-1.000000000000000000e+00
1.000000000000000000e+00
1.000000000000000000e+00
1.000000000000000000e+00
1.000000000000000000e+00
2.367514870827521767e-01
-1.000000000000000000e+00
-8.917592059240586622e-01
1.000000000000000000e+00
5.107936512891256275e-02
-1.000000000000000000e+00
-5.477857131853582917e-01
1.000000000000000000e+00
-8.985701712153814080e-01
-1.000000000000000000e+00
-5.676373055408134860e-03
2.875589107095466446e-01
-3.323898004335788525e-01
-2.460127601812089893e-02
-1.000000000000000000e+00
1.000000000000000000e+00
1.000000000000000000e+00
1.000000000000000000e+00
2.896101572517297829e-01
4.040683569865254343e-01
-1.000000000000000000e+00
-2.389655902214852246e-01
-8.020064022743473853e-01
-1.000000000000000000e+00
6.593872435856943381e-01
-1.000000000000000000e+00
-4.955251867691675693e-01
-5.744044468391046321e-01
1.487129400333915275e-01
-9.542966697099769524e-01
3.248545250009882146e-02
-9.441673879744918452e-01
-1.000000000000000000e+00
6.547037277962918234e-01
-1.000000000000000000e+00
1.000000000000000000e+00
1.000000000000000000e+00
1.000000000000000000e+00
-5.738877001083921847e-01
1.000000000000000000e+00
-1.000000000000000000e+00
7.977449191817220786e-01
-4.160280375704393796e-01
-5.609489988740499200e-01
6.676601417182598253e-02
1.000000000000000000e+00
1.000000000000000000e+00
1.000000000000000000e+00
8.265960831390258834e-01
-1.000000000000000000e+00
1.000000000000000000e+00
1.000000000000000000e+00
3.405713782929318256e-01
1.000000000000000000e+00
-1.000000000000000000e+00
-6.684141167176367304e-01
-1.000000000000000000e+00
5.201701614233666948e-03
5.730911017447706118e-02
8.843257081033255584e-01
-1.000000000000000000e+00
1.000000000000000000e+00
-4.185484013731454178e-01
1.000000000000000000e+00
1.000000000000000000e+00
-1.976830057104159710e-01
1.000000000000000000e+00
-1.000000000000000000e+00
6.747610652244075968e-01
-7.262604850996021710e-01
-9.360942784720894805e-01
-1.000000000000000000e+00
1.000000000000000000e+00
-1.000000000000000000e+00
1.000000000000000000e+00
1.000000000000000000e+00
1.000000000000000000e+00
1.000000000000000000e+00
1.000000000000000000e+00
-6.182259389254818327e-01
-5.660011338570037909e-01
1.000000000000000000e+00
-8.571686436305370194e-02
-7.734925960320703231e-01
1.000000000000000000e+00
-4.395268995367683784e-01
1.000000000000000000e+00
3.494451540691485558e-01
-1.000000000000000000e+00
-6.623755742033989868e-01
-1.000000000000000000e+00
2.510694367431931529e-01
5.818531703081450956e-01
-4.136599297251865592e-01
-1.000000000000000000e+00
1.000000000000000000e+00
8.123664207067902154e-01
1.000000000000000000e+00
-1.000000000000000000e+00
-1.000000000000000000e+00
-6.751074051889450756e-01
3.289879414697791660e-01
1.000000000000000000e+00
-1.000000000000000000e+00
3.258582420991484874e-02
1.000000000000000000e+00
1.000000000000000000e+00
-1.000000000000000000e+00
1.942347363415919403e-01
-1.000000000000000000e+00
1.000000000000000000e+00
1.212423933425186284e-01
-2.626407860826496243e-01
-1.000000000000000000e+00
-1.000000000000000000e+00
1.000000000000000000e+00
-7.150373551916497927e-01
-8.543948468390069051e-01
1.193352460028083151e-01
1.000000000000000000e+00
1.000000000000000000e+00
4.999490823250683780e-02
-1.000000000000000000e+00
-1.000000000000000000e+00
1.000000000000000000e+00
3.004947872360443917e-01
-2.353064060715351069e-01
-1.000000000000000000e+00
-4.788238359642977837e-01
9.921902829821092062e-01
-8.465645296046293566e-01
4.069464961712208062e-01
-1.000000000000000000e+00
7.964900593903767589e-01
9.740489589755902955e-01
-1.000000000000000000e+00
1.000000000000000000e+00
-1.000000000000000000e+00
-1.000000000000000000e+00
1.000000000000000000e+00
-5.080700442871399769e-02
-3.872995563438823563e-01
1.000000000000000000e+00
1.000000000000000000e+00
-1.000000000000000000e+00
8.845624265169045319e-01
1.000000000000000000e+00
-4.514905316309719141e-01
-1.327414970447761133e-01
2.286410127343456722e-01
1.732107067173838943e-01
1.984988248007147904e-01
7.903038134286336502e-01
1.000000000000000000e+00
8.551537077138577914e-01
1.928300776231381963e-01
-3.448681405483244866e-02
-4.896533804793072875e-01
9.787922291353621240e-01
-1.000000000000000000e+00
9.333538820920448398e-01
9.778327020872978892e-01
-1.160174004984164675e-01
-8.286139026626662130e-01
1.000000000000000000e+00
4.012553629264890565e-01
-1.000000000000000000e+00
