-5.663762159899076165e-01
-1.000000000000000000e+00
-1.000000000000000000e+00
-1.000000000000000000e+00
1.000000000000000000e+00
1.000000000000000000e+00
-1.950484620606702801e-01
-1.000000000000000000e+00
1.000000000000000000e+00
-1.000000000000000000e+00
-5.519001700863110926e-01
1.000000000000000000e+00
-2.286461272220390306e-01
9.480478497359228207e-01
-1.000000000000000000e+00
1.343692789144939059e-01
9.294229679477936656e-01
-1.000000000000000000e+00
-8.446068374663786571e-01
-1.463269456124891565e-01
-8.008602774528563728e-01
4.976924234582343898e-01
9.822768189841658559e-01
3.943452086923653344e-01
-3.634840113317218124e-01
-2.251688919738219496e-01
6.643555394083069388e-01
1.000000000000000000e+00
-8.265437128220711749e-01
7.262753351382211786e-01
-1.000000000000000000e+00
1.000000000000000000e+00
4.429300510301328320e-01
1.000000000000000000e+00
-2.944459700240412703e-01
1.000000000000000000e+00
2.010427866350879000e-01
1.000000000000000000e+00
-6.829941697299686254e-01
8.839289305028898980e-01
1.000000000000000000e+00
9.668944223231523694e-01
-7.211532549837118555e-01
9.354054096295301157e-01
-1.000000000000000000e+00
-9.056222080614946268e-01
-9.564805238314311175e-02
-1.000000000000000000e+00
-1.000000000000000000e+00
-1.000000000000000000e+00
1.000000000000000000e+00
1.000000000000000000e+00
1.000000000000000000e+00
-4.169168592636632864e-01
9.515693358009399416e-01
1.422547081391101198e-01
1.000000000000000000e+00
-5.870731049379993571e-01
-8.425951559292628179e-01
-5.738855373089535306e-01
1.000000000000000000e+00
-3.055454085579192292e-01
-1.000000000000000000e+00
-1.000000000000000000e+00
-3.511596069541400578e-01
6.379247201927713551e-01
6.019891980704231704e-01
-5.881073595910842888e-01
-1.619954104223237934e-01
1.000000000000000000e+00
2.168699625970476608e-01
-5.370003794938887909e-01
-1.000000000000000000e+00
4.451287352045607548e-02
-6.118497689046187293e-01
-2.275952297806331792e-01
6.252536090401039637e-02
-1.000000000000000000e+00
3.124921470356607500e-01
1.000000000000000000e+00
-1.000000000000000000e+00
5.332099687023397205e-01
-1.000000000000000000e+00
1.388868511884381318e-01
-5.731603066318018413e-01
-1.875892644268966070e-01
9.157366194596479048e-01
1.043342995670526463e-01
9.163370071810124085e-01
-6.422103607810731862e-01
-6.424083345477147322e-01
1.000000000000000000e+00
-6.269560010129836547e-01
-1.000000000000000000e+00
-1.000000000000000000e+00
-1.681126096187040564e-01
-1.000000000000000000e+00
-8.047057127676637833e-01
1.000000000000000000e+00
-9.840967746074635869e-01
1.610323778742210887e-01
-1.000000000000000000e+00
4.718985187452714447e-01
9.357786443453275371e-01
1.000000000000000000e+00
-1.229771974832585268e-01
-1.000000000000000000e+00
-1.000000000000000000e+00
-8.280301819617179593e-01
1.000000000000000000e+00
1.000000000000000000e+00
-1.000000000000000000e+00
-1.000000000000000000e+00
1.000000000000000000e+00
-3.275813187759901712e-02
1.000000000000000000e+00
-1.000000000000000000e+00
1.000000000000000000e+00
4.070309468524380137e-02
-1.000000000000000000e+00
-1.000000000000000000e+00
8.689505795921523834e-01
8.099137323106386788e-02
-1.000000000000000000e+00
-1.000000000000000000e+00
7.525181321468513707e-01
-9.561993292975319303e-01
7.528848092326010377e-01
-1.000000000000000000e+00
1.000000000000000000e+00
5.382082562613036414e-01
1.000000000000000000e+00
-4.373916045667688990e-01
1.000000000000000000e+00
-1.000000000000000000e+00
-1.000000000000000000e+00
-1.941929419817078895e-03
-3.479081197401343584e-01
-1.000000000000000000e+00
-4.632732623258082327e-01
-1.000000000000000000e+00
1.000000000000000000e+00
-1.563239713800675945e-01
3.761340276034060709e-02
-1.000000000000000000e+00
-1.747694357776574670e-02
-7.664153026808151470e-01
-1.000000000000000000e+00
7.249121499916832967e-02
4.330884320412531907e-01
-2.601967945244096359e-01
1.000000000000000000e+00
5.321103770869042293e-01
-1.000000000000000000e+00
7.455123032365151836e-02
1.000000000000000000e+00
-1.943697298606960611e-01
-1.000000000000000000e+00
-1.000000000000000000e+00
-9.399949005670487079e-01
1.000000000000000000e+00
-6.963097856202562497e-01
-1.000000000000000000e+00
-8.710457522151943133e-01
5.380756753253539415e-01
6.742140630604576135e-01
2.541747708957708962e-01
1.129920134736051018e-01
6.884545832412225508e-02
8.961924107305787590e-01
-1.000000000000000000e+00
-1.000000000000000000e+00
2.819039141617455946e-01
5.947042304735348228e-01
-4.627451038646575032e-01
-1.000000000000000000e+00
-1.707603007819564755e-01
-2.559008502487007952e-01
1.000000000000000000e+00
-1.000000000000000000e+00
6.415926252633106230e-01
1.000000000000000000e+00
-4.466292527125284018e-01
-1.000000000000000000e+00
-9.204528243772446272e-01
9.443711632829354663e-02
1.000000000000000000e+00
-1.000000000000000000e+00
-1.000000000000000000e+00
1.000000000000000000e+00
1.000000000000000000e+00
7.463951132354476048e-01
1.000000000000000000e+00
-5.492347706450246836e-01
1.000000000000000000e+00
-3.767802354153733102e-01
1.000000000000000000e+00
1.000000000000000000e+00
-1.000000000000000000e+00
1.000000000000000000e+00
8.128243409745106174e-01
-1.000000000000000000e+00
1.000000000000000000e+00
-2.793573630722514523e-01
-1.000000000000000000e+00
9.534686256746471855e-02
-8.814041059429919001e-01
-3.295106301194834497e-01
1.000000000000000000e+00
1.000000000000000000e+00
-1.000000000000000000e+00
-6.961716180643983121e-01
4.625494401780672060e-04
9.198372827392817808e-01
1.000000000000000000e+00
1.000000000000000000e+00
-8.532636332867052920e-01
6.861086778774194705e-01
-1.000000000000000000e+00
2.994793206459677171e-01
-7.369857382193811812e-02
1.000000000000000000e+00
-1.000000000000000000e+00
1.000000000000000000e+00
1.000000000000000000e+00
-1.000000000000000000e+00
-1.000000000000000000e+00
-8.995426898568845697e-01
9.075811995169955626e-01
1.000000000000000000e+00
-1.000000000000000000e+00
-7.960812639055281359e-01
9.197149997247366926e-01
-6.451246994524207912e-01
-6.810840138659952636e-01
1.000000000000000000e+00
2.055812957261459184e-01
-7.091614063728169937e-01
-4.476700750592770284e-01
1.000000000000000000e+00
-4.479262340030309986e-01
1.000000000000000000e+00
1.000000000000000000e+00
-5.334942812537832868e-01
-1.000000000000000000e+00
-1.000000000000000000e+00
-1.000000000000000000e+00
-4.239454339105364067e-01
-1.000000000000000000e+00
1.000000000000000000e+00
-7.562978431580622551e-01
-9.046192870994870239e-01
1.900708351078566061e-01
1.000000000000000000e+00
8.387392263534306780e-01
-3.608470784036788004e-02
-1.711445587350368669e-01
3.723487149447595179e-01
1.000000000000000000e+00
-1.000000000000000000e+00
1.646329934037752407e-01
6.819716576551249076e-02
2.595458599694562274e-01
1.000000000000000000e+00
-1.000000000000000000e+00
