1.000000000000000000e+00
-1.000000000000000000e+00
-1.000000000000000000e+00
1.491103059996274904e-01
1.000000000000000000e+00
1.000000000000000000e+00
-1.000000000000000000e+00
-1.000000000000000000e+00
1.000000000000000000e+00
-1.000000000000000000e+00
1.000000000000000000e+00
-1.000000000000000000e+00
-5.782739212273080298e-01
-1.000000000000000000e+00
-1.000000000000000000e+00
-1.000000000000000000e+00
1.000000000000000000e+00
6.607194890814577226e-02
-1.000000000000000000e+00
-1.000000000000000000e+00
8.099066370512536528e-01
-4.232157981044220030e-01
4.148134391148728950e-01
1.766060039817725080e-01
-1.000000000000000000e+00
1.000000000000000000e+00
5.627401135780565333e-01
-4.889802052656215814e-01
8.299007441929910911e-01
1.000000000000000000e+00
2.065846909799301523e-01
1.000000000000000000e+00
-4.515571834634410919e-01
-1.000000000000000000e+00
-1.000000000000000000e+00
-1.000000000000000000e+00
-1.000000000000000000e+00
1.000000000000000000e+00
-7.984009468141972654e-02
1.000000000000000000e+00
-1.925561984418560080e-01
6.148790423917868120e-01
-1.000000000000000000e+00
-1.000000000000000000e+00
-1.000000000000000000e+00
3.130766793912687085e-01
1.000000000000000000e+00
1.000000000000000000e+00
1.000000000000000000e+00
-1.000000000000000000e+00
-8.138984953046068949e-01
-1.000000000000000000e+00
1.000000000000000000e+00
9.018962860043293617e-01
-9.104236728345400653e-01
-1.000000000000000000e+00
-8.741475712180057922e-02
-1.000000000000000000e+00
-1.000000000000000000e+00
-1.000000000000000000e+00
-1.000000000000000000e+00
-9.938904168292905794e-01
-1.000000000000000000e+00
-1.000000000000000000e+00
1.000000000000000000e+00
9.066198345624344457e-01
-1.861862106680611806e-01
1.000000000000000000e+00
-3.784806552315962414e-01
-6.738332546998360151e-02
-1.148105387947523370e-01
3.030673190225041669e-01
-1.000000000000000000e+00
2.226099210907152015e-01
-1.000000000000000000e+00
-6.247221572600422101e-01
-1.000000000000000000e+00
-4.677638403335835360e-01
-7.439907080099852354e-01
1.000000000000000000e+00
-3.995764887882367611e-01
1.000000000000000000e+00
-2.947377763015737173e-01
-1.000000000000000000e+00
1.000000000000000000e+00
1.000000000000000000e+00
1.000000000000000000e+00
-1.770577286081207458e-01
1.000000000000000000e+00
1.000000000000000000e+00
-1.000000000000000000e+00
-1.837333810150452162e-01
-1.000000000000000000e+00
-1.000000000000000000e+00
-1.000000000000000000e+00
1.000000000000000000e+00
-1.000000000000000000e+00
-3.994251348858351980e-01
7.192167811870358030e-01
-1.000000000000000000e+00
1.000000000000000000e+00
-1.000000000000000000e+00
1.000000000000000000e+00
1.000000000000000000e+00
1.000000000000000000e+00
1.000000000000000000e+00
7.769812598164378414e-01
5.961363248049664776e-01
-1.000000000000000000e+00
7.489720233692277462e-01
5.683359792980389180e-01
1.000000000000000000e+00
1.000000000000000000e+00
-1.000000000000000000e+00
-2.153447587393054197e-01
1.000000000000000000e+00
5.899582410998608362e-01
1.000000000000000000e+00
1.000000000000000000e+00
-1.793196721940548688e-01
-5.013267928059763623e-01
1.000000000000000000e+00
-8.340656289438543869e-01
-5.327401143480954282e-01
7.473848610699203032e-01
1.000000000000000000e+00
1.141625390832767817e-01
1.000000000000000000e+00
-3.485292666449427701e-01
-1.000000000000000000e+00
-3.661087961227719179e-01
-1.000000000000000000e+00
1.000000000000000000e+00
-1.000000000000000000e+00
-3.300221122773968480e-02
-7.446480760355900230e-01
1.025564151089528309e-01
5.491655258738742384e-01
2.338038791408266759e-01
-1.000000000000000000e+00
-1.000000000000000000e+00
-1.260980171168382125e-01
1.000000000000000000e+00
-4.235277560817272136e-01
1.000000000000000000e+00
-1.000000000000000000e+00
-1.000000000000000000e+00
1.000000000000000000e+00
2.071129406332195000e-03
-7.336013077302749874e-01
1.000000000000000000e+00
9.424772859362502697e-02
-1.000000000000000000e+00
7.172047089785220653e-01
-1.971241326639032176e-01
1.000000000000000000e+00
1.000000000000000000e+00
1.000000000000000000e+00
-1.000000000000000000e+00
-6.680421468626421833e-01
-1.000000000000000000e+00
9.353521918762830456e-01
1.000000000000000000e+00
-9.979737026811763556e-01
7.223192374508506930e-01
-1.000000000000000000e+00
1.000000000000000000e+00
1.000000000000000000e+00
-1.000000000000000000e+00
1.000000000000000000e+00
-7.061967413776970570e-01
-1.000000000000000000e+00
1.000000000000000000e+00
-2.474654352906718868e-01
8.495690587987925202e-02
1.000000000000000000e+00
-1.000000000000000000e+00
-1.000000000000000000e+00
-2.926058277212872927e-02
-1.000000000000000000e+00
-1.000000000000000000e+00
-3.211606549480248152e-01
-4.752199399709927108e-01
-3.302125028963498465e-01
-1.220166166287556253e-01
1.000000000000000000e+00
-1.000000000000000000e+00
6.363500726431678967e-01
1.000000000000000000e+00
-1.000000000000000000e+00
-3.516554704214347460e-01
8.511256036491816612e-01
1.000000000000000000e+00
2.158548453756405083e-02
-7.485736808866095826e-01
-1.000000000000000000e+00
1.000000000000000000e+00
-3.158934312455585758e-01
-1.000000000000000000e+00
2.592999195924708400e-01
1.000000000000000000e+00
1.000000000000000000e+00
-1.000000000000000000e+00
-1.000000000000000000e+00
1.000000000000000000e+00
1.000000000000000000e+00
-1.000000000000000000e+00
-3.979749989500735996e-02
2.991695340212984222e-01
5.748514710984105047e-01
-1.000000000000000000e+00
-9.317060196372799474e-01
1.000000000000000000e+00
-4.015227456981302900e-01
1.000000000000000000e+00
-3.936927458859736384e-01
-1.000000000000000000e+00
1.000000000000000000e+00
-1.000000000000000000e+00
1.000000000000000000e+00
-8.910760504535353288e-01
1.000000000000000000e+00
-1.000000000000000000e+00
9.681956783096336006e-01
7.721097124206545148e-01
1.119125998961609803e-01
-1.000000000000000000e+00
-2.728092101553776239e-01
1.000000000000000000e+00
1.000000000000000000e+00
-1.000000000000000000e+00
-1.000000000000000000e+00
-1.000000000000000000e+00
6.371092435559326805e-01
6.276038663625028713e-01
-1.000000000000000000e+00
1.000000000000000000e+00
-1.000000000000000000e+00
1.000000000000000000e+00
1.000000000000000000e+00
1.000000000000000000e+00
-1.000000000000000000e+00
1.000000000000000000e+00
-6.083749678030432317e-01
-1.000000000000000000e+00
1.000000000000000000e+00
-1.000000000000000000e+00
-1.000000000000000000e+00
1.000000000000000000e+00
1.968582645066674353e-02
-1.000000000000000000e+00
1.000000000000000000e+00
-1.000000000000000000e+00
1.000000000000000000e+00
-5.845588556752600029e-01
-1.000000000000000000e+00
1.000000000000000000e+00
-7.181582385120046652e-01
4.613473720899330388e-02
-1.000000000000000000e+00
1.000000000000000000e+00
-1.000000000000000000e+00
6.566490213104470008e-02
-9.642235787951964898e-01
1.000000000000000000e+00
