5.194157746313912138e-01
-7.615048653501272913e-01
-3.662670482855916454e-01
-5.804099901597267186e-01
-1.000000000000000000e+00
-3.596243244386540527e-01
-5.206631160764236821e-01
1.000000000000000000e+00
2.917330135035995364e-01
-1.000000000000000000e+00
7.521290532432675091e-01
-4.406448155313031911e-01
2.137869008624923017e-01
-1.000000000000000000e+00
1.000000000000000000e+00
8.274841318892114383e-01
1.000000000000000000e+00
-4.415530457943078746e-01
-1.000000000000000000e+00
2.795019641163558055e-01
1.000000000000000000e+00
6.443996739075302793e-01
1.000000000000000000e+00
1.000000000000000000e+00
1.000000000000000000e+00
4.407762096411258490e-01
1.000000000000000000e+00
-1.000000000000000000e+00
-1.000000000000000000e+00
1.000000000000000000e+00
-1.000000000000000000e+00
5.949637889091163867e-01
-1.000000000000000000e+00
-6.279355968284983103e-02
1.000000000000000000e+00
-1.000000000000000000e+00
-5.068901779218919490e-01
-1.000000000000000000e+00
3.532873748106151179e-01
5.627794639784051700e-01
8.326585180965382360e-01
-2.737008415297507158e-01
7.170249062521747430e-01
8.377170962932629639e-01
5.285624884075041940e-01
1.000000000000000000e+00
8.765274912345519809e-01
-8.650251515370582789e-01
-1.000000000000000000e+00
-7.980452590461731832e-01
-3.427604203911431835e-01
-7.046616640210990878e-01
1.000000000000000000e+00
-1.000000000000000000e+00
-1.000000000000000000e+00
8.287644885541827211e-01
-1.000000000000000000e+00
1.000000000000000000e+00
-1.000000000000000000e+00
5.661291697027516223e-01
1.000000000000000000e+00
1.000000000000000000e+00
4.950932952195096770e-01
-2.126696174227271641e-01
3.712562794811887779e-01
3.044689983363979557e-02
9.042945141495452033e-01
1.000000000000000000e+00
-1.000000000000000000e+00
1.000000000000000000e+00
-1.000000000000000000e+00
1.000000000000000000e+00
6.752377933591651171e-01
-4.772735103887218999e-01
4.867601209507471660e-02
1.000000000000000000e+00
1.000000000000000000e+00
1.000000000000000000e+00
-1.000000000000000000e+00
1.000000000000000000e+00
-5.765409838490549443e-01
-1.000000000000000000e+00
8.591894808151894214e-01
-3.209455131168661435e-01
1.000000000000000000e+00
5.563403702907587789e-01
6.474599307381569968e-01
7.456444847710677060e-01
1.000000000000000000e+00
-1.000000000000000000e+00
-1.000000000000000000e+00
1.000000000000000000e+00
-1.000000000000000000e+00
6.925721246988639224e-02
4.309372461007378030e-01
-1.000000000000000000e+00
2.832224065885980968e-01
-1.000000000000000000e+00
-1.000000000000000000e+00
1.000000000000000000e+00
-9.681313603833108239e-01
4.217419186681816146e-01
-7.820464000730634746e-01
6.978309359139213131e-01
-1.000000000000000000e+00
1.000000000000000000e+00
-1.000000000000000000e+00
2.547526085730996703e-01
6.038647668432152171e-01
1.000000000000000000e+00
4.317324230681096608e-01
-3.839011499808288042e-01
7.199400775447172274e-01
-6.699286019163663841e-01
3.256694746144426222e-01
-1.000000000000000000e+00
-9.073686273090686427e-03
-2.135468654882431983e-01
-1.000000000000000000e+00
1.000000000000000000e+00
6.529138567120766901e-01
-1.900423137384807948e-01
1.450727174139716524e-01
5.523405611467542276e-01
-2.734189833189404339e-03
1.000000000000000000e+00
9.413929498297254894e-02
-2.942135914075959535e-01
4.558891201191622722e-02
-1.000000000000000000e+00
1.000000000000000000e+00
5.619455208282910785e-01
-5.266460586301595637e-01
-1.000000000000000000e+00
-1.000000000000000000e+00
1.880949584316964351e-01
7.468793182716888523e-01
-7.566489928998232362e-01
-1.000000000000000000e+00
6.424216769973836172e-01
1.563576110010611586e-02
2.286710969700587182e-01
9.577340046054200196e-01
1.000000000000000000e+00
-6.450150597147102927e-01
9.412344252406230627e-01
-1.000000000000000000e+00
1.990783106432897354e-01
-3.818086704443945933e-03
1.000000000000000000e+00
1.000000000000000000e+00
1.532321792657542758e-01
-2.953275211455297367e-01
1.000000000000000000e+00
1.000000000000000000e+00
-3.630599756328855010e-01
6.137749786181515566e-01
1.000000000000000000e+00
1.000000000000000000e+00
1.000000000000000000e+00
2.381780033775776073e-01
-5.474460186520171412e-01
-7.991199749366676430e-01
1.777325714518723787e-01
-4.252097578689731372e-01
-1.568337961863499608e-01
-7.431433800277718049e-01
-1.000000000000000000e+00
-1.000000000000000000e+00
-1.000000000000000000e+00
-1.000000000000000000e+00
-2.278756447910204042e-01
-4.736038392981798961e-01
2.020348622186194376e-01
-1.000000000000000000e+00
7.856120377279096623e-01
-5.517200197160873065e-01
-1.000000000000000000e+00
1.396861266823338221e-01
-8.302991341917813628e-01
2.217487330894400976e-01
-1.000000000000000000e+00
1.000000000000000000e+00
1.590888224010893193e-01
-1.000000000000000000e+00
2.432329344887649292e-01
9.526259339077329802e-01
-1.000000000000000000e+00
1.000000000000000000e+00
4.580429337292051262e-01
6.527503898224160661e-01
8.590783925854207359e-01
8.576770425860400504e-01
1.000000000000000000e+00
-5.406734460222962779e-01
-2.716854730006791341e-01
8.721484308748379544e-01
-5.970213529039107569e-02
3.548470029912407231e-01
1.000000000000000000e+00
5.100147956286040785e-01
1.000000000000000000e+00
-1.000000000000000000e+00
-7.292375232340766456e-01
8.663822504704896676e-01
1.000000000000000000e+00
1.000000000000000000e+00
-2.545229090246339254e-01
-5.294991091950206341e-01
3.888820697382833202e-03
1.000000000000000000e+00
-1.000000000000000000e+00
-5.496107300473287438e-01
1.000000000000000000e+00
-6.854659624440171406e-01
-1.000000000000000000e+00
-1.000000000000000000e+00
1.000000000000000000e+00
1.000000000000000000e+00
1.000000000000000000e+00
-7.077396107316042961e-01
1.994003121815661750e-01
-9.731751556470662479e-01
7.168851328759893171e-01
1.000000000000000000e+00
-2.597147991135493883e-01
-1.000000000000000000e+00
1.000000000000000000e+00
-1.000000000000000000e+00
-8.950420958044678077e-01
-1.000000000000000000e+00
3.062851826522230425e-01
-5.999280907569398691e-02
1.000000000000000000e+00
1.000000000000000000e+00
1.000000000000000000e+00
1.000000000000000000e+00
3.579899051970545365e-01
-1.789526330284559874e-01
1.000000000000000000e+00
-1.000000000000000000e+00
1.000000000000000000e+00
6.144927057897460465e-02
9.188272656173848141e-01
1.000000000000000000e+00
1.054052295500254033e-01
2.619761262078683095e-01
-4.384586640478294051e-01
-1.000000000000000000e+00
2.797383560379805845e-01
-1.000000000000000000e+00
-7.846404996386351360e-01
1.000000000000000000e+00
-2.622329648014780634e-01
8.205417970172436126e-01
1.000000000000000000e+00
4.184568710350419773e-01
2.543516735525901407e-01
-2.925547541740627366e-01
1.000000000000000000e+00
1.000000000000000000e+00
1.000000000000000000e+00
-3.483862334581526721e-01
4.732084455235568976e-01
-1.158899071696544159e-01
