-1.000000000000000000e+00
1.000000000000000000e+00
-1.000000000000000000e+00
-9.602784091611060724e-01
3.129806797514608774e-01
-1.221557795533989577e-02
-7.119903258195781071e-01
-7.376956097461093709e-01
2.259933348513445406e-01
6.984528094857997971e-01
3.617632144367319835e-01
-7.604474489239598789e-01
-1.000000000000000000e+00
8.308567216786868492e-01
-3.820916775882241545e-01
-3.860265086354623953e-01
-1.000000000000000000e+00
-1.000000000000000000e+00
1.000000000000000000e+00
-1.420844921923719584e-02
9.859360124368967693e-01
8.443809302136733308e-01
-5.740282571313621851e-01
-7.242207133209368486e-01
8.453335795748191384e-01
1.000000000000000000e+00
1.302463678547274295e-01
1.000000000000000000e+00
9.423331799155685307e-01
-9.335446795989581492e-01
-1.000000000000000000e+00
2.994459614235793765e-01
8.386103341935058353e-02
-3.052883146905649436e-01
8.639931609231048526e-01
-1.475543334922331251e-01
1.000000000000000000e+00
4.118378053636781999e-01
1.000000000000000000e+00
-2.075181265144960818e-01
-9.809983652690745792e-02
-1.000000000000000000e+00
8.433240932301586668e-01
6.061808145880420717e-01
-7.738914275733022041e-01
-7.009285039508784676e-01
2.415725544165503447e-01
-2.933947013967567186e-01
-5.801126477683804517e-02
6.566454603776155086e-01
-1.000000000000000000e+00
8.023657609944350177e-01
-7.060949969941732185e-02
2.928873430236067499e-02
-7.566077105219926047e-02
-1.451773777716613423e-01
-1.000000000000000000e+00
1.000000000000000000e+00
-7.183096391327572494e-01
6.582010154865567397e-01
-5.145349225580639896e-01
2.153616129339785967e-01
1.407339128426667307e-01
5.603167634037768963e-01
1.000000000000000000e+00
-4.302596961184336211e-01
3.442999849319230421e-01
-8.995622011433803689e-01
1.581095868378341041e-01
5.630900233922462306e-01
-6.433006693014147181e-01
-5.662018522864076253e-02
7.071006395562315916e-01
1.063203241096439822e-01
-8.611028353065786067e-02
-7.518155180702845719e-01
-5.074875605622456431e-01
-3.737064200569756300e-01
4.036652514943336878e-01
7.365487394266557741e-01
1.810969011323468880e-01
5.862834392578839537e-01
3.501729267191475703e-01
2.441819934558393523e-01
3.171405275672543045e-01
-1.000000000000000000e+00
3.513353541687659343e-01
1.000000000000000000e+00
-4.655509145592338083e-01
8.225413075042513622e-01
8.876454608752033515e-01
-9.290468975542475194e-01
1.000000000000000000e+00
2.416768303543215257e-01
9.984952188338249712e-01
-1.000000000000000000e+00
8.521827860912911667e-02
-9.006158835750999181e-01
-1.000000000000000000e+00
5.026955357555733528e-01
-9.785860583327326001e-01
-6.673094232552700955e-01
7.748775496974924515e-02
-7.262323245582098519e-01
1.000000000000000000e+00
2.108888329110828463e-01
1.342927594335385777e-01
-4.370800081182093511e-01
1.057587031354187412e-02
-1.000000000000000000e+00
9.936109290093222413e-01
-1.000000000000000000e+00
1.000000000000000000e+00
-8.769073730047964865e-01
9.249671271598475242e-01
-1.000000000000000000e+00
-8.489673341091548142e-01
-3.250321383771426209e-01
1.000000000000000000e+00
7.483622212133955731e-01
9.854013370836756103e-02
-7.173929188573051619e-01
-2.672398460129288278e-01
-7.384120194282464134e-01
1.000000000000000000e+00
6.335455439839465797e-01
7.841961736812834705e-01
3.811126919048101747e-01
1.000000000000000000e+00
-3.311131672884415345e-01
4.035594832772901874e-01
-6.889386593365909306e-01
1.000000000000000000e+00
4.003794313907100832e-01
1.597592789632846233e-01
3.262766577262876666e-02
1.466392676792773742e-01
1.989783059864416170e-01
3.093756055681076145e-01
-9.997063960591454634e-01
-7.188357873843131962e-02
9.744696500815241968e-01
3.352802845181719338e-01
1.000000000000000000e+00
-3.204063544404145425e-01
4.725860323504906813e-01
1.000000000000000000e+00
-9.954296549427636975e-01
6.614029917915447143e-01
-4.523831971652225725e-01
8.929701205542945885e-01
-1.297577900763657865e-02
-2.468521041337009558e-01
-9.356268059682175675e-01
-1.604342320236820107e-01
7.826461313135046893e-02
-4.035494791761708999e-01
8.506630958022085576e-01
1.000000000000000000e+00
-2.980089817238864569e-01
1.000000000000000000e+00
7.357044182569257851e-01
-3.072672924943518069e-01
-1.000000000000000000e+00
3.349518550302714726e-01
1.000000000000000000e+00
1.000000000000000000e+00
-2.959150097899072573e-01
3.118638679498917377e-01
-6.663505902968449579e-01
-5.589287784193526232e-01
4.835208346945618629e-01
2.412582082897955504e-01
-1.000000000000000000e+00
-1.000000000000000000e+00
3.450784853024302379e-01
9.046568320106578298e-01
-2.513745559486224579e-01
-8.557325765395245032e-01
8.697934863617295953e-01
5.367146875265511596e-01
5.962120303798599252e-01
1.000000000000000000e+00
-1.593776029104159164e-01
-1.000000000000000000e+00
4.500682116212257888e-01
-6.593116649794392714e-01
-6.140123509225576814e-01
-7.419723185840627622e-01
-1.000000000000000000e+00
-8.930087911354942509e-01
7.634389614022278892e-01
3.266808145418308440e-01
9.774432485821880068e-01
6.866179541014576504e-01
-7.061340679567911227e-01
7.400481366033689890e-01
1.000000000000000000e+00
7.474135030281352510e-01
-8.266834655595057813e-01
-1.821065392077780842e-01
-1.019573368143602554e-01
-4.750471487480337207e-02
6.287399130544022441e-01
-1.000000000000000000e+00
2.884064007963882403e-02
5.611296178097171516e-01
-1.727930623517764941e-01
4.555817772726657999e-01
6.166244712845105891e-01
-1.000000000000000000e+00
2.435459464292937248e-01
1.000000000000000000e+00
1.000000000000000000e+00
-3.266533775770164016e-01
-4.746310171774865694e-01
9.099412502506853961e-01
2.372280408066185231e-01
1.000000000000000000e+00
1.000000000000000000e+00
-1.309200920504863253e-01
6.188917768587065549e-02
1.000000000000000000e+00
-2.576050416720261915e-01
3.228106686785807700e-01
-8.856714131588794281e-02
-9.613576950523218256e-01
1.000000000000000000e+00
-7.289165854684377388e-01
-3.923385165858233048e-01
-9.378035804447533152e-01
1.000000000000000000e+00
1.767500958373308673e-01
4.823059851105540030e-01
5.595078627424412421e-01
1.000000000000000000e+00
-3.022520222491300590e-01
-4.278826466233374148e-01
9.019971899331880039e-01
1.000000000000000000e+00
3.741144820602875232e-01
-2.643992442513506402e-01
7.077219560086454031e-01
-1.000000000000000000e+00
3.134864410077545238e-01
-1.000000000000000000e+00
-1.000000000000000000e+00
6.041217239133225281e-01
1.000000000000000000e+00
2.301209114377718024e-01
6.305601889292727913e-01
3.073584620930567279e-01
-8.777191428261292838e-01
7.778271328676078511e-02
-1.682813698567309224e-02
-5.233735449422787234e-01
-4.501121857419503325e-01
-1.939377123778722734e-01
-6.189546684443569813e-01
2.326604448689216231e-01
9.507205982920488019e-01
1.716424425622303795e-01
-4.104136778570963151e-01
-2.129197683622363613e-01
1.000000000000000000e+00
