1.000000000000000000e+00
1.000000000000000000e+00
-1.359023501966327707e-02
3.717916721531544511e-01
6.140453672245782535e-01
1.000000000000000000e+00
-1.293982012254462077e-01
-8.665042903006608954e-01
4.470387715954482477e-01
-1.000000000000000000e+00
-1.821939037637804182e-01
8.098970825765803294e-01
9.751483959906656063e-01
-3.895048135092332720e-01
1.000000000000000000e+00
-1.000000000000000000e+00
1.000000000000000000e+00
-1.000000000000000000e+00
1.000000000000000000e+00
-9.931731772384659873e-01
5.960391075475853784e-01
-2.782039972375155434e-01
9.542622255262721565e-01
-3.100393490122740903e-01
-1.000000000000000000e+00
-9.048324306014432494e-01
1.544921460808484914e-01
-1.000000000000000000e+00
-1.000000000000000000e+00
-3.218078309778774626e-01
-1.000000000000000000e+00
1.000000000000000000e+00
-1.000000000000000000e+00
-1.000000000000000000e+00
-2.247309969669939456e-01
8.227530563111290496e-01
3.082385915003337806e-01
8.204094530993562007e-01
-1.995465731684382682e-01
-1.627538322466966503e-01
4.021276181553916085e-01
-1.000000000000000000e+00
-1.000000000000000000e+00
1.000000000000000000e+00
1.000000000000000000e+00
6.109610228326416426e-01
6.446217543261183458e-01
-4.740859709151949986e-01
1.000000000000000000e+00
3.398136273058089962e-01
1.000000000000000000e+00
1.000000000000000000e+00
1.000000000000000000e+00
1.000000000000000000e+00
-1.000000000000000000e+00
1.000000000000000000e+00
1.000000000000000000e+00
-4.610380644091030544e-01
1.000000000000000000e+00
-1.000000000000000000e+00
8.671214547931308525e-01
-2.623285649775061179e-01
1.000000000000000000e+00
-9.571021991414834229e-01
1.000000000000000000e+00
8.887625983757527770e-01
-1.000000000000000000e+00
7.429285771058041776e-02
1.000000000000000000e+00
1.000000000000000000e+00
9.806989144440980688e-01
-1.000000000000000000e+00
-1.000000000000000000e+00
-1.847612221169075974e-01
-1.000000000000000000e+00
-1.000000000000000000e+00
-6.557883576312789620e-01
-1.000000000000000000e+00
-3.097172202216899595e-01
1.000000000000000000e+00
-1.000000000000000000e+00
6.925008693252361347e-01
4.163617381182491695e-01
1.000000000000000000e+00
3.125068780907859778e-01
1.000000000000000000e+00
-1.000000000000000000e+00
2.440078970022199201e-01
-1.000000000000000000e+00
1.000000000000000000e+00
1.000000000000000000e+00
-7.811348363593875188e-01
1.000000000000000000e+00
7.131462851652374535e-02
-3.973713495297660492e-01
-4.171634527004254300e-01
2.255512203940891469e-01
9.071812335028172081e-01
-1.000000000000000000e+00
-8.344854607258667123e-01
-3.846747941525965331e-01
1.000000000000000000e+00
1.000000000000000000e+00
-1.000000000000000000e+00
3.527277293418129567e-02
3.537520302264414163e-01
-1.000000000000000000e+00
1.000000000000000000e+00
1.000000000000000000e+00
-6.949724060996640418e-01
1.000000000000000000e+00
1.000000000000000000e+00
-1.000000000000000000e+00
1.000000000000000000e+00
-1.000000000000000000e+00
-2.184073372402710600e-01
1.000000000000000000e+00
1.000000000000000000e+00
-3.843937071251863902e-01
4.381498409908410885e-01
-2.539470931226996964e-01
-1.000000000000000000e+00
-2.742911569866742783e-01
-1.000000000000000000e+00
1.000000000000000000e+00
1.000000000000000000e+00
1.000000000000000000e+00
-1.000000000000000000e+00
-1.000000000000000000e+00
1.000000000000000000e+00
-5.545427924667656328e-02
4.505067861868228274e-01
-4.429408159016490210e-03
-1.000000000000000000e+00
1.000000000000000000e+00
-1.000000000000000000e+00
1.165184312451383319e-01
-1.000000000000000000e+00
2.365022427234808600e-02
3.676283727678104629e-01
-4.984678802182578305e-01
1.000000000000000000e+00
-1.000000000000000000e+00
1.000000000000000000e+00
1.000000000000000000e+00
-1.000000000000000000e+00
1.000000000000000000e+00
1.000000000000000000e+00
-9.715746867715061574e-01
-5.296289651827906786e-01
-1.000000000000000000e+00
1.000000000000000000e+00
-1.000000000000000000e+00
-1.000000000000000000e+00
-3.089794022498140169e-01
1.000000000000000000e+00
1.205596915302328265e-01
-7.512641120795354732e-01
-3.275338411461427568e-01
1.000000000000000000e+00
-2.051552061677619498e-01
2.825505268738642273e-01
1.000000000000000000e+00
1.835241648502021761e-01
-1.000000000000000000e+00
-1.000000000000000000e+00
1.945467955104496216e-01
3.020306508722929717e-01
1.000000000000000000e+00
5.335068917248864118e-01
-7.909280334050380334e-01
1.000000000000000000e+00
1.000000000000000000e+00
-6.073273137990603532e-01
-7.477335954241668414e-01
-9.902158544255912354e-01
-1.000000000000000000e+00
1.889426392157372847e-01
-5.682116643157242297e-01
1.000000000000000000e+00
1.000000000000000000e+00
8.274553630515973923e-01
-1.000000000000000000e+00
1.000000000000000000e+00
7.058587397340583269e-01
-9.720406348274892583e-01
-3.685019784430818568e-01
-1.000000000000000000e+00
1.000000000000000000e+00
-1.000000000000000000e+00
-8.161781675922297197e-03
1.000000000000000000e+00
1.000000000000000000e+00
-5.837994597339957181e-01
-1.000000000000000000e+00
7.423524769619938013e-03
1.000000000000000000e+00
-6.182892776280128899e-01
-5.046996935186620625e-01
1.000000000000000000e+00
-1.000000000000000000e+00
1.000000000000000000e+00
-9.190055673499155642e-01
-4.477206936428066442e-01
-8.922234238731685529e-01
-1.000000000000000000e+00
-8.655349214098120303e-01
1.000000000000000000e+00
-1.000000000000000000e+00
-1.000000000000000000e+00
-1.000000000000000000e+00
-1.000000000000000000e+00
-2.493459683079386480e-01
1.000000000000000000e+00
-1.000000000000000000e+00
-5.273307225984487090e-01
-4.073731661511487134e-02
5.140494902366636865e-01
-7.762865404860921359e-01
5.797060706685157605e-01
-1.000000000000000000e+00
1.000000000000000000e+00
1.294851990899404393e-01
-8.616779245042979207e-01
7.061872798588417766e-01
1.000000000000000000e+00
-5.583964938330410188e-01
-1.000000000000000000e+00
-4.443468664591120332e-01
-1.000000000000000000e+00
1.000000000000000000e+00
-1.000000000000000000e+00
-1.000000000000000000e+00
-1.000000000000000000e+00
-2.483579076518536155e-01
-1.098461921717885370e-01
-1.000000000000000000e+00
-3.534452259062276225e-01
1.477851740613177478e-01
1.000000000000000000e+00
-1.000000000000000000e+00
1.000000000000000000e+00
1.000000000000000000e+00
1.000000000000000000e+00
1.000000000000000000e+00
-7.718595776620704729e-01
-1.000000000000000000e+00
1.000000000000000000e+00
5.124502710245829040e-02
9.140505438278803130e-01
1.000000000000000000e+00
1.000000000000000000e+00
-2.368581711730591843e-01
1.000000000000000000e+00
-1.000000000000000000e+00
1.000000000000000000e+00
-8.976329269733687166e-01
1.000000000000000000e+00
1.000000000000000000e+00
3.564626988116125217e-01
1.000000000000000000e+00
1.000000000000000000e+00
-1.000000000000000000e+00
9.579077566737173033e-01
-1.000000000000000000e+00
