7.947586317959034474e-01
1.000000000000000000e+00
-1.977273203666863322e-01
1.000000000000000000e+00
-1.000000000000000000e+00
1.000000000000000000e+00
4.751053395345951058e-01
1.000000000000000000e+00
-1.000000000000000000e+00
-1.000000000000000000e+00
-1.000000000000000000e+00
1.000000000000000000e+00
-1.000000000000000000e+00
1.000000000000000000e+00
-1.000000000000000000e+00
-7.646340353949665491e-01
-1.000000000000000000e+00
-1.000000000000000000e+00
-2.016420299414000139e-01
-1.000000000000000000e+00
1.000000000000000000e+00
8.262335193538246081e-01
-1.000000000000000000e+00
-1.000000000000000000e+00
-1.000000000000000000e+00
-1.000000000000000000e+00
-1.000000000000000000e+00
5.911006678578381024e-01
1.000000000000000000e+00
-1.000000000000000000e+00
-1.000000000000000000e+00
1.000000000000000000e+00
8.621709068248670782e-01
-1.000000000000000000e+00
9.087417436661628933e-01
1.000000000000000000e+00
1.000000000000000000e+00
-3.799548722851520122e-01
-1.000000000000000000e+00
-9.454933351809188258e-01
-6.798684247802122549e-02
3.929646910326400899e-02
-2.908333587546395593e-01
1.000000000000000000e+00
-3.553421944140038313e-01
1.000000000000000000e+00
-9.973589694818171258e-01
-3.582866667400476657e-01
1.000000000000000000e+00
1.000000000000000000e+00
-1.000000000000000000e+00
1.000000000000000000e+00
-5.256394129565264972e-01
-6.746069820147614360e-01
7.545254229607348817e-01
-1.000000000000000000e+00
1.000000000000000000e+00
-8.075870355048824223e-01
-1.000000000000000000e+00
-4.465993874078069137e-01
1.000000000000000000e+00
-1.000000000000000000e+00
-1.000000000000000000e+00
-1.000000000000000000e+00
1.000000000000000000e+00
1.000000000000000000e+00
-2.463287724346771013e-01
1.407684417873389937e-01
-1.000000000000000000e+00
9.600667298962621832e-01
-9.276305428053630564e-01
-6.758192282016111108e-01
-5.018270225657005534e-01
-8.294504156552049423e-01
-1.000000000000000000e+00
-9.256006918642921688e-01
8.183650122985108855e-02
-1.000000000000000000e+00
-7.168518388414379938e-02
5.134623199090915247e-01
-1.000000000000000000e+00
-1.000000000000000000e+00
-1.000000000000000000e+00
1.000000000000000000e+00
3.004468456461023007e-01
1.000000000000000000e+00
-9.149766471624976027e-02
-1.000000000000000000e+00
1.000000000000000000e+00
1.000000000000000000e+00
-1.000000000000000000e+00
3.089942293683589636e-01
-1.000000000000000000e+00
-3.943101493478988750e-01
9.699991526179001511e-01
8.240773450207559137e-01
1.000000000000000000e+00
1.000000000000000000e+00
-1.000000000000000000e+00
-1.000000000000000000e+00
-3.222026728326179423e-01
1.000000000000000000e+00
-1.585883863500718860e-01
1.000000000000000000e+00
1.000000000000000000e+00
7.038894177060730506e-01
1.000000000000000000e+00
1.000000000000000000e+00
-3.230161855507454050e-01
-2.387185913615719191e-01
1.000000000000000000e+00
7.767615107791040474e-01
-1.000000000000000000e+00
1.000000000000000000e+00
3.310554645965857468e-01
-1.000000000000000000e+00
8.081065785797654222e-01
1.000000000000000000e+00
-1.000000000000000000e+00
-1.000000000000000000e+00
1.000000000000000000e+00
-1.000000000000000000e+00
4.096570373567934853e-01
1.000000000000000000e+00
2.267378885318644954e-01
1.000000000000000000e+00
1.000000000000000000e+00
1.000000000000000000e+00
-1.000000000000000000e+00
-7.798803243543050989e-02
1.000000000000000000e+00
-1.000000000000000000e+00
1.000000000000000000e+00
1.000000000000000000e+00
-1.000000000000000000e+00
1.000000000000000000e+00
1.000000000000000000e+00
5.945627577235025329e-01
-4.613986067506802291e-01
-6.639491719111438872e-01
1.000000000000000000e+00
-1.000000000000000000e+00
1.000000000000000000e+00
1.000000000000000000e+00
-1.000000000000000000e+00
-1.000000000000000000e+00
-1.000000000000000000e+00
1.000000000000000000e+00
-1.000000000000000000e+00
-1.000000000000000000e+00
-1.000000000000000000e+00
1.000000000000000000e+00
1.000000000000000000e+00
3.909526523601281056e-02
1.000000000000000000e+00
-1.000000000000000000e+00
1.000000000000000000e+00
-1.000000000000000000e+00
3.913801137731580115e-01
1.000000000000000000e+00
-1.000000000000000000e+00
2.469969372785700834e-01
4.183317813279205932e-01
1.476880517823124794e-01
1.000000000000000000e+00
-1.650764295864656783e-01
-1.000000000000000000e+00
2.434713299171515910e-01
1.000000000000000000e+00
2.985029482912699983e-01
-1.000000000000000000e+00
-1.000000000000000000e+00
-4.519878857777605563e-01
-1.000000000000000000e+00
1.000000000000000000e+00
-1.000000000000000000e+00
9.338678275230757331e-01
-1.000000000000000000e+00
2.125866839736377800e-01
8.905689476668574578e-01
-1.000000000000000000e+00
-1.000000000000000000e+00
1.000000000000000000e+00
-1.000000000000000000e+00
9.168318884256763113e-01
1.000000000000000000e+00
1.000000000000000000e+00
-1.765110867091484459e-01
9.945709016870918351e-01
9.353240173240011668e-01
-1.000000000000000000e+00
-1.000000000000000000e+00
4.295282493942642610e-02
-3.708591705001589856e-01
1.000000000000000000e+00
-8.079806154868015566e-01
-1.000000000000000000e+00
1.000000000000000000e+00
1.000000000000000000e+00
1.000000000000000000e+00
-1.000000000000000000e+00
-1.000000000000000000e+00
1.000000000000000000e+00
-1.000000000000000000e+00
1.000000000000000000e+00
-1.000000000000000000e+00
-1.000000000000000000e+00
-1.000000000000000000e+00
-1.000000000000000000e+00
5.857271929800195176e-01
-1.000000000000000000e+00
1.000000000000000000e+00
1.000000000000000000e+00
1.000000000000000000e+00
-7.465342971446311537e-01
-2.389567683462308079e-01
5.281629015846247555e-01
1.000000000000000000e+00
5.094980040762240314e-01
1.000000000000000000e+00
1.000000000000000000e+00
-5.283705795695754492e-01
-1.000000000000000000e+00
5.400025298304571564e-01
1.000000000000000000e+00
-9.286163521579038349e-01
-1.000000000000000000e+00
1.000000000000000000e+00
-1.000000000000000000e+00
1.000000000000000000e+00
2.234654476952525615e-01
-7.058783682910685364e-01
-4.585470085930540285e-02
9.778220000897895892e-01
-1.000000000000000000e+00
-1.000000000000000000e+00
-1.000000000000000000e+00
-1.000000000000000000e+00
-1.000000000000000000e+00
5.053481681072276022e-01
1.000000000000000000e+00
-3.875696435388786831e-01
-1.000000000000000000e+00
1.000000000000000000e+00
1.000000000000000000e+00
9.721717691550453289e-01
1.834320498890167350e-01
1.000000000000000000e+00
-1.000000000000000000e+00
1.000000000000000000e+00
1.000000000000000000e+00
4.434791856324290515e-01
1.000000000000000000e+00
1.000000000000000000e+00
-1.000000000000000000e+00
-1.000000000000000000e+00
-3.315401421151777939e-01
-6.926417820474625175e-01
1.000000000000000000e+00
-1.000000000000000000e+00
-1.000000000000000000e+00
-1.000000000000000000e+00
-1.000000000000000000e+00
1.000000000000000000e+00
-4.623728464085068435e-01
