-1.877619875983576048e-01
2.993896972824662273e-01
1.798498222236810662e-02
-8.070939384228787983e-01
-4.163397452891006711e-01
-9.788333113444906974e-01
-1.000000000000000000e+00
6.292617061987412219e-01
1.000000000000000000e+00
1.000000000000000000e+00
1.000000000000000000e+00
-8.885103189464168549e-01
-1.000000000000000000e+00
-1.000000000000000000e+00
-1.000000000000000000e+00
1.000000000000000000e+00
-6.092892122217550277e-01
7.317464734698224671e-01
7.037100037535108932e-01
1.000000000000000000e+00
6.579158370681543744e-01
-1.000000000000000000e+00
1.000000000000000000e+00
1.830647555912010005e-01
1.000000000000000000e+00
1.000000000000000000e+00
1.000000000000000000e+00
-1.000000000000000000e+00
-1.000000000000000000e+00
-1.000000000000000000e+00
1.000000000000000000e+00
6.308702833633927920e-01
-1.521290611176714103e-01
5.017356461762442210e-01
-1.000000000000000000e+00
-8.413538264150215440e-01
1.000000000000000000e+00
-1.000000000000000000e+00
-1.000000000000000000e+00
7.168515586822956642e-01
1.000000000000000000e+00
8.380411270674431590e-01
1.000000000000000000e+00
-1.000000000000000000e+00
1.000000000000000000e+00
1.000000000000000000e+00
1.000000000000000000e+00
-1.000000000000000000e+00
-3.877248866628244528e-01
-1.000000000000000000e+00
3.802475044843664498e-01
1.000000000000000000e+00
6.003554702804926313e-01
1.000000000000000000e+00
6.500722948933888024e-01
1.000000000000000000e+00
1.000000000000000000e+00
-2.528087315885915731e-01
-6.937781508990368273e-01
-1.000000000000000000e+00
-8.276345119777583914e-01
-1.000000000000000000e+00
-3.625614203905612731e-01
1.000000000000000000e+00
-1.000000000000000000e+00
-9.362589591709825632e-01
5.985273766290540864e-01
-5.377981971546091922e-01
9.112895440642989620e-01
-9.539186863623871915e-03
-3.244921731383243468e-03
-1.000000000000000000e+00
1.000000000000000000e+00
-9.327647028295031895e-01
-6.325272740621367129e-01
-7.348815146438637536e-01
-7.864836863306385872e-01
5.116685788021904102e-01
7.064434171898715809e-01
-4.440405822363702737e-01
-9.891053786203529707e-02
-1.000000000000000000e+00
2.118415231939867471e-01
1.054817497539528581e-02
9.629567559902934004e-01
1.000000000000000000e+00
-2.223579136905904363e-01
1.588474167651781621e-01
1.000000000000000000e+00
1.000000000000000000e+00
-1.000000000000000000e+00
-1.000000000000000000e+00
-1.000000000000000000e+00
-1.000000000000000000e+00
-5.826177577361166815e-01
1.000000000000000000e+00
-3.703567668619884845e-01
1.000000000000000000e+00
2.617133111314933203e-01
-9.008716512185638292e-01
-9.349468117998954719e-02
1.000000000000000000e+00
-6.839278517251079492e-04
7.633513114364510743e-01
4.458039408604032028e-01
-7.751829171701105636e-01
-2.667689458848325756e-01
1.000000000000000000e+00
1.000000000000000000e+00
-1.000000000000000000e+00
7.045657744616494744e-01
1.000000000000000000e+00
1.000000000000000000e+00
-1.000000000000000000e+00
1.000000000000000000e+00
1.000000000000000000e+00
-4.260784396040839805e-01
-1.000000000000000000e+00
1.000000000000000000e+00
1.000000000000000000e+00
-1.000000000000000000e+00
6.311306319657626895e-01
-3.405022311943014524e-01
1.000000000000000000e+00
2.946767104443155372e-01
-1.000000000000000000e+00
-1.000000000000000000e+00
-6.841273006354815500e-01
-1.000000000000000000e+00
1.703343118644632392e-01
-2.158133468207728001e-01
-8.101956000830170534e-01
5.167498371123493417e-01
1.000000000000000000e+00
7.063489488682542783e-01
-7.391217363519753114e-01
1.991124679583230472e-01
-1.000000000000000000e+00
-1.000000000000000000e+00
4.512819330999399137e-01
-1.000000000000000000e+00
1.000000000000000000e+00
7.977471101411903742e-01
-4.710921548811087822e-01
-8.537950981338024992e-01
1.872919790770644077e-03
-9.202133973729806904e-01
1.000000000000000000e+00
-1.756269855492926246e-01
-1.478749769017012883e-01
1.000000000000000000e+00
-1.000000000000000000e+00
8.943108226228696500e-01
-1.000000000000000000e+00
1.000000000000000000e+00
-1.000000000000000000e+00
-1.000000000000000000e+00
1.022286060887553916e-01
1.000000000000000000e+00
8.129453002069184642e-01
5.638340154727712328e-01
5.132590742397782346e-01
-7.206891271020527956e-01
-1.000000000000000000e+00
-1.000000000000000000e+00
-8.423766654177979873e-01
-4.679033767192631865e-01
8.647444810607121113e-01
1.000000000000000000e+00
-2.146670372541060190e-01
-9.486605915031054437e-01
-7.652874459725104161e-01
-1.334972464719520469e-01
-6.912964094798079717e-03
6.909972077655530676e-01
-6.355812643924119154e-02
-6.413679537080062554e-01
1.000000000000000000e+00
9.531087369745347981e-01
4.436148246127002981e-01
-1.000000000000000000e+00
-1.000000000000000000e+00
-8.737562301462316050e-01
-6.670696272204716948e-01
-5.642307998487018361e-01
3.251625296795883635e-01
1.000000000000000000e+00
1.000000000000000000e+00
1.000000000000000000e+00
1.000000000000000000e+00
-4.537155508586436792e-01
-4.176997590352309331e-01
1.863727349166492964e-01
-1.000000000000000000e+00
1.000000000000000000e+00
-1.440624811082543977e-01
-8.572758043060625388e-01
7.542408921534572430e-01
1.000000000000000000e+00
-1.000000000000000000e+00
-1.000000000000000000e+00
1.000000000000000000e+00
-1.000000000000000000e+00
1.000000000000000000e+00
-8.639708994809958131e-01
5.221028967336651672e-01
-7.792407795822731131e-01
-1.528128899432030785e-01
-6.663989196508257606e-02
8.038336337552530741e-01
-1.000000000000000000e+00
1.000000000000000000e+00
2.321837347925433392e-01
5.266770027085214689e-01
1.000000000000000000e+00
1.000000000000000000e+00
-7.996319854184168463e-01
1.000000000000000000e+00
1.000000000000000000e+00
-7.541133585981487641e-01
1.000000000000000000e+00
-1.000000000000000000e+00
1.000000000000000000e+00
5.466163429382918659e-01
1.000000000000000000e+00
-1.000000000000000000e+00
-1.000000000000000000e+00
1.000000000000000000e+00
1.000000000000000000e+00
2.618816551568943218e-01
1.000000000000000000e+00
-1.605776156089398499e-01
4.662998612421934697e-01
3.773419696945179425e-02
-1.000000000000000000e+00
-7.662541822302471051e-01
9.603548254936360440e-01
-6.877188441497108506e-01
1.000000000000000000e+00
4.291824944725702862e-01
-2.702337331304914825e-01
1.000000000000000000e+00
1.000000000000000000e+00
1.000000000000000000e+00
9.180312838311479595e-01
-1.000000000000000000e+00
1.000000000000000000e+00
-1.000000000000000000e+00
-1.000000000000000000e+00
3.838322070557093069e-01
-1.000000000000000000e+00
-1.000000000000000000e+00
5.711932971595800046e-01
-6.779016193343926355e-01
-8.541818947792290118e-02
-1.000000000000000000e+00
-8.591213531246286728e-01
1.000000000000000000e+00
-1.000000000000000000e+00
-3.555345840365592425e-01
-1.000000000000000000e+00
1.000000000000000000e+00
4.561952082336631076e-01
-4.072942048610901367e-01
-4.954023092058356115e-01
