-2.186791925767019862e+00
2.393879515781246248e+00
3.039716600484750675e+00
2.213265004636043365e+00
5.076389821550262305e-01
-1.544065181611921744e+00
-2.274489601485472079e+00
-2.026110400890213548e+00
3.053631293990752393e+00
-5.360935096655803367e-01
-1.924070245208376218e+00
9.441973194761597021e-01
1.987889655154193580e+00
2.008416300252076958e+00
-5.489292057553845083e-01
6.845149520488331696e-01
-1.000000000000000000e+00
-1.000000000000000000e+00
8.792221836753613129e-01
-4.044932261815891161e-01
-4.190287213571063596e+00
4.130836279279162859e+00
9.305379505297450837e-01
-1.494021260063314038e+00
-1.751356817677087507e+00
1.405708430698473954e+00
-8.069334845587871063e-01
-2.739821071117096718e-01
8.020492385497146604e-02
2.937559271495087110e+00
-9.128172431653749364e-01
2.328496041061786648e-01
3.776870115722354981e-01
-1.127764247036143974e+00
-2.414640193302733273e+00
1.421670287475211847e-01
1.896312585747911950e+00
-2.600071099073497649e-02
8.338597689319362516e-01
3.521061965270305127e-01
-7.774253839001259436e-01
-1.000000000000000000e+00
1.165084054659315749e+00
-1.249914578879634641e+00
1.133283457339627542e+00
-1.254341920623153195e+00
1.028054366791953056e+00
1.941733558414296734e+00
-1.066842833948040248e+00
1.000000000000000000e+00
-3.295274558069054116e+00
1.858152662085641893e+00
-1.379801923750383352e+00
-8.327443328310174531e-03
-2.935393369225507421e-01
-1.776726967457675777e-02
5.215850394185737038e-01
-1.055369140268010764e+00
1.338442092443479003e+00
4.398926071358655321e+00
1.000000000000000000e+00
6.553694051186005343e-01
1.210834422306049207e+00
8.619434536270202951e-01
1.943831336309741031e+00
-1.295323521818144696e-01
-4.967288895209779342e-01
-1.926209143327187290e+00
-3.380499013995379443e+00
-1.000000000000000000e+00
7.681216574037265099e-01
-3.145988282064424268e+00
-1.987948034199459313e-01
2.790903768444833233e+00
-6.425598074465781462e-01
1.107612701403578370e+00
1.000000000000000000e+00
-9.361524130220320039e-01
1.000000000000000000e+00
-9.662098295311247753e-01
-8.156354897166619988e-01
-9.017266726567847446e-01
-1.599061987890309178e+00
-3.244680819729140353e+00
-1.184394697694363119e+00
-2.907822785479765137e+00
-1.976818257333318174e-02
-8.115221375608383525e-02
3.410336686863570943e-01
-3.134758158801538852e-01
-7.719508627427987824e-01
2.217977363698851789e+00
7.221819290569370109e-01
-1.562614948897507405e+00
3.138883366871021985e-01
-1.826879287519008521e+00
-1.000000000000000000e+00
-3.085503068064219812e-01
-3.320456546927000874e-01
2.542213448579915269e-01
1.527870378424123654e+00
1.888226289996435936e+00
-8.477690188896970236e-01
-5.639178389724796014e-01
7.650352171199298112e+00
-1.822585468073874004e+00
-1.232184081625204097e+00
1.370829994603786961e+00
2.906186709782639932e-01
1.969635446418665836e+00
-1.768029999510093653e+00
3.425787630307800757e+00
4.072721451641628798e-01
6.033034110811491546e-02
1.571775401136524364e+00
8.821003476874174076e-01
2.798552952993491161e+00
1.527278293502113415e+00
1.473754595930731881e+00
1.280837325405418170e+00
-3.790819685384415827e+00
1.595054066893938582e+00
-1.019519003937074508e+00
4.788530620708925656e-01
-2.114054234592518178e+00
6.729227352788584859e-01
-2.238268064529640444e+00
8.472274458166062505e-02
1.580380305598523494e+00
4.196064967921604438e-01
-1.441499761420790282e+00
1.461617988112506206e+00
2.527047578559812546e+00
-2.984665490451288150e-03
1.000000000000000000e+00
-1.193369048397600496e+00
-1.804374649893896621e+00
2.724233672951474339e-01
-1.831815124200889322e+00
-2.198616678149032388e+00
-1.151135117016664156e+00
1.000000000000000000e+00
-1.291977075216294679e+00
9.206044088063831676e-01
-1.224724916390226070e+00
2.413700833519533795e+00
-2.739870214100499801e+00
1.695534377147879024e+00
-1.782835041364108752e+00
2.996630387528307349e-01
1.523281255335392936e+00
-9.443877822615964757e-02
1.460323067768714456e+00
1.000000000000000000e+00
8.226343187402602730e-01
1.499138519077304110e+00
4.597910223021184351e-02
1.587319027543956818e+00
-2.100052574475892997e-01
1.778433082884999683e+00
-5.891525893335636255e-03
-6.197116828332867033e-01
9.949762635682470879e-01
-4.036992230088930489e-01
3.115781380865501049e-01
-1.528008989856330935e-01
2.142169074165426457e-01
-2.169284510073720806e+00
1.000000000000000000e+00
1.293385111492427963e+00
-2.553516578204051868e+00
-1.533636309103751483e+00
-4.432894846886969442e-01
-1.071319430827186725e+00
1.000000000000000000e+00
3.365783749231143762e-01
-1.724802870578342917e+00
-3.647123725088235346e+00
-4.430570526979324519e+00
-1.171398975034272372e+00
-2.444027672440508336e+00
1.275154432140075400e-01
5.027022129940750261e-02
1.376632698765283713e+00
-2.729979228475889030e+00
-3.821842557588981393e-01
1.107917969162922400e+00
-2.184806374225134462e-02
-3.940677700704167119e-01
-3.983330106746498345e+00
1.552763663168682085e+00
1.630150176276262020e+00
-1.655673062739381196e-01
2.750153559672361414e+00
-4.442110629171325265e-02
-1.000000000000000000e+00
-1.000000000000000000e+00
1.955125780984617645e+00
2.105162721259123959e+00
-1.018763731474358503e+00
-2.012237460041288450e+00
-1.726917673320759850e+00
-1.173684055273978899e+00
1.000000000000000000e+00
-1.528100505856023750e+00
2.931526270044654048e+00
1.472562302376943189e+00
8.327411969716498330e-01
7.325441145581084168e-01
2.220195893281959876e+00
1.514463508159574756e+00
1.943135456115544502e-01
-4.907456838263678511e-01
1.202808960134397642e+00
-2.063923838113417286e+00
-1.227789257963333602e+00
8.355644550706941232e+00
-1.608143353059703795e+00
-1.294158515072704629e+00
1.677665445802305477e+00
-1.000000000000000000e+00
-1.817355548477925797e-01
-2.469161816653748787e+00
9.614888234035682268e-01
7.602346289399661838e-01
2.687496697352939612e-02
-1.000000000000000000e+00
-6.144755773702594848e-01
6.473581073109686557e-01
-4.443004204481378894e-01
-3.340267951814908542e+00
6.261209671339222904e-01
3.561885252323142570e-01
3.122234644430743167e+00
-2.676517341450788123e-01
-1.133482627159238199e+00
1.000000000000000000e+00
7.829436701512330066e-01
-2.146797470400737540e-01
-9.610329250038688320e-01
-5.788170596336428275e+00
-2.198284113666750805e+00
2.407457081473681981e+00
1.924206047744768444e+00
4.075594697610037676e-01
-2.191649383791918648e+00
-8.024962915346359749e-01
2.158471881783178947e+00
9.156012785993419278e-01
1.000000000000000000e+00
-1.348058646456957943e+00
-8.130709078151643343e-01
8.938714782782306578e-01
-1.424940259222979400e+00
3.869468098513865195e-01
-1.256056000065746581e+00
-5.228777858188630168e-01
1.139095245051680916e+00
-1.183987301477593235e+00
-2.600536160452699558e-02
9.634719114120484651e-01
-4.580237040950381755e-01
-2.078815445480313162e-01
-1.711855507069192761e+00
-1.000000000000000000e+00
