1.000000000000000000e+00
-1.000000000000000000e+00
1.000000000000000000e+00
-6.785607793912629138e-01
1.000000000000000000e+00
4.800801818326518866e-01
1.000000000000000000e+00
9.196619013129304632e-01
-1.000000000000000000e+00
-5.650619929576545797e-01
1.000000000000000000e+00
1.000000000000000000e+00
-1.000000000000000000e+00
-8.359854599517486662e-01
-1.000000000000000000e+00
1.000000000000000000e+00
1.000000000000000000e+00
-9.045901394786592942e-01
1.000000000000000000e+00
-2.801697592986888141e-01
3.643904013218011162e-01
1.000000000000000000e+00
-1.000000000000000000e+00
-1.000000000000000000e+00
1.000000000000000000e+00
1.000000000000000000e+00
1.000000000000000000e+00
-1.000000000000000000e+00
1.000000000000000000e+00
1.000000000000000000e+00
-6.291829828039180450e-02
1.000000000000000000e+00
-4.796605130236051284e-01
-1.000000000000000000e+00
-6.597949799635695334e-02
-1.000000000000000000e+00
2.512819899266625634e-01
-1.000000000000000000e+00
-1.000000000000000000e+00
1.000000000000000000e+00
3.434452340600187004e-01
1.000000000000000000e+00
-1.000000000000000000e+00
-7.413805080025056560e-01
8.070947926924765259e-01
1.000000000000000000e+00
5.255360667034580935e-01
-1.000000000000000000e+00
3.660195619739086137e-01
-2.799625161586719035e-02
1.000000000000000000e+00
-6.778077930146519936e-01
1.000000000000000000e+00
-4.980912834883410301e-01
8.749913765598857918e-01
-1.000000000000000000e+00
-9.546496952036755967e-01
1.000000000000000000e+00
-1.000000000000000000e+00
4.765513111835718019e-01
9.448965579437669238e-01
-1.000000000000000000e+00
1.000000000000000000e+00
1.000000000000000000e+00
6.054958207611538246e-02
-1.000000000000000000e+00
1.000000000000000000e+00
-1.000000000000000000e+00
-1.000000000000000000e+00
1.000000000000000000e+00
2.831274889508479387e-01
1.000000000000000000e+00
1.890955291968137164e-01
-5.609521326907763727e-01
1.000000000000000000e+00
4.161916112728232253e-01
-1.000000000000000000e+00
3.262773961167364511e-03
1.000000000000000000e+00
1.000000000000000000e+00
5.739716961969065778e-03
1.000000000000000000e+00
5.465493871329585307e-02
5.581275088299060272e-01
-4.329210208158149609e-01
5.540654493840653227e-01
1.000000000000000000e+00
-1.000000000000000000e+00
1.000000000000000000e+00
1.000000000000000000e+00
-1.000000000000000000e+00
-3.242001237112702716e-01
-1.000000000000000000e+00
-1.000000000000000000e+00
-1.000000000000000000e+00
4.571785993188208219e-01
-7.963123449961847511e-01
5.062465205210606722e-01
-1.484899928461927976e-01
4.796239754096287555e-01
-1.000000000000000000e+00
-1.619583816938008347e-01
3.249363985447849545e-01
7.244121319571231732e-01
5.545955414931570404e-01
1.000000000000000000e+00
-3.524389875266868422e-01
1.000000000000000000e+00
-1.000000000000000000e+00
-9.088973457364526443e-01
4.634443617296986062e-01
-1.000000000000000000e+00
1.000000000000000000e+00
-9.449091560477926866e-01
1.000000000000000000e+00
2.224962805876350425e-01
1.000000000000000000e+00
-1.000000000000000000e+00
1.000000000000000000e+00
-1.000000000000000000e+00
-1.000000000000000000e+00
-6.159994206267507266e-01
-9.186929926675113656e-01
6.857360069563652738e-01
1.000000000000000000e+00
-1.000000000000000000e+00
-1.000000000000000000e+00
-9.029580758408244368e-01
1.000000000000000000e+00
-1.000000000000000000e+00
-1.000000000000000000e+00
1.000000000000000000e+00
1.677629965318385430e-01
1.000000000000000000e+00
-1.000000000000000000e+00
6.165447035117961327e-01
-2.909404518478952983e-02
-2.326125594645747086e-01
-1.000000000000000000e+00
-1.787813683935379760e-01
-9.105039548473452538e-01
-1.000000000000000000e+00
-1.000000000000000000e+00
-1.000000000000000000e+00
-9.212008258322589294e-01
1.000000000000000000e+00
1.000000000000000000e+00
-2.104788991937134313e-02
-9.744413102065505594e-01
-1.000000000000000000e+00
5.448637537529950059e-01
1.000000000000000000e+00
5.965218211908874801e-01
-1.000000000000000000e+00
-3.781130518354482994e-01
1.000000000000000000e+00
-1.000000000000000000e+00
1.000000000000000000e+00
-1.000000000000000000e+00
-1.000000000000000000e+00
4.208135093078134714e-01
1.000000000000000000e+00
6.286799987459124051e-01
-1.000000000000000000e+00
1.000000000000000000e+00
1.000000000000000000e+00
-3.866901738916064257e-01
-9.401005781798305039e-01
-9.581513578946635468e-01
1.000000000000000000e+00
1.000000000000000000e+00
1.000000000000000000e+00
-1.000000000000000000e+00
-1.000000000000000000e+00
1.000000000000000000e+00
-6.169902373571025667e-01
7.891580794509376329e-01
1.000000000000000000e+00
-6.764786961103250729e-01
-2.491351836440403034e-01
1.000000000000000000e+00
4.266588623717268436e-01
-1.000000000000000000e+00
-1.000000000000000000e+00
-1.000000000000000000e+00
-1.000000000000000000e+00
1.000000000000000000e+00
-2.009839156003876415e-01
4.159395285932789288e-01
1.000000000000000000e+00
1.000000000000000000e+00
1.000000000000000000e+00
1.000000000000000000e+00
-8.615111176627827660e-01
-7.066917716430438645e-01
4.833793383722623238e-01
1.000000000000000000e+00
-6.004564372348758505e-01
-1.986949417966357712e-01
-7.320743305863269823e-01
1.000000000000000000e+00
-5.310229019152135077e-01
1.000000000000000000e+00
-8.093921696483199479e-01
-1.787572901532039626e-01
-1.000000000000000000e+00
1.000000000000000000e+00
1.000000000000000000e+00
1.000000000000000000e+00
-1.612846613688704300e-01
1.000000000000000000e+00
-1.000000000000000000e+00
-1.000000000000000000e+00
3.909510036642758202e-01
4.400604771034227758e-01
-1.000000000000000000e+00
-9.904016490899125724e-02
1.000000000000000000e+00
1.000000000000000000e+00
-1.000000000000000000e+00
1.000000000000000000e+00
6.921244863449288465e-01
1.000000000000000000e+00
7.200709509209156645e-01
1.000000000000000000e+00
7.879369823740286494e-01
-2.892011653347077438e-01
-1.000000000000000000e+00
1.000000000000000000e+00
1.000000000000000000e+00
-1.000000000000000000e+00
5.115114526572017706e-01
1.000000000000000000e+00
-6.958157226129829676e-01
1.000000000000000000e+00
-1.943839871660278940e-01
1.000000000000000000e+00
1.000000000000000000e+00
7.237784202628524399e-01
-1.000000000000000000e+00
-8.357556398772065798e-01
1.000000000000000000e+00
7.570555224990227483e-01
7.992178298642907963e-01
1.000000000000000000e+00
-5.936079455597005339e-01
9.386109431887095234e-01
-7.909540091708957554e-01
-1.000000000000000000e+00
1.331595041509568977e-01
1.000000000000000000e+00
-7.883778008603263832e-01
1.000000000000000000e+00
-4.422441486226583729e-01
-9.532107832561526051e-02
-9.559622076812585023e-02
1.000000000000000000e+00
-8.531916699578341312e-01
-6.964188756974072358e-01
3.822243345875774301e-01
-1.904418113924031264e-01
5.160475480209227861e-01
4.981146600122570156e-01
5.985492694224316956e-01
-5.026264170102717754e-01
