-2.985643667370299070e-01
-1.114038014721354664e-01
-4.653483900173216448e-02
-1.158786572599148634e-01
3.782104171232543166e-01
5.075346739915709282e-01
-4.357550470748932092e-01
-4.305447344609434346e-01
-3.419524182411324276e-01
6.427480517569772456e-01
-7.530955425271568249e-01
9.294702533341077100e-01
-1.056346356387294350e-01
-2.961319458746893840e-01
4.071658526573573855e-01
6.885998233239327693e-01
2.384647367134995477e-02
-5.058094848715486425e-01
-1.382939550089745673e-02
-6.886219094938985652e-01
-5.548365957247078928e-01
9.267319761922423460e-01
8.246807453468176785e-01
-8.716152248695527849e-01
4.976855690407955279e-01
3.539138279492797245e-01
-3.475245242373401489e-01
-2.764858852466538508e-01
-1.488750208610736259e-01
4.378735018684674074e-01
-6.947577827037927367e-01
5.243839333115156709e-01
7.153311006961218244e-01
9.216285709754368227e-02
5.871918917433784912e-01
-8.949951852108279926e-01
3.803791603619914863e-01
8.506933917692258706e-01
1.980116028788891924e-01
-3.544089610246448085e-01
-1.803295854020177114e-01
2.547815712867704807e-01
4.324475788736161785e-01
-9.850378571584741394e-01
8.486206688447284208e-02
7.456749717456800930e-02
-8.936568617436073669e-01
-9.963352647989451860e-01
-5.977845954546401330e-01
9.345404956737077828e-01
9.479228829840957715e-02
-5.587942762381143957e-01
-2.877705976940003740e-01
-2.012868733711592473e-01
9.372166443865141972e-01
-4.172652879168605722e-01
7.568062656783709485e-01
-1.267869120618003720e-02
-7.258859992125128446e-01
-8.279902476175839965e-01
3.100946842948881788e-01
-1.302626334663199437e-01
-7.267387363658417421e-02
-5.576304506689138130e-01
-6.495893445921097076e-02
1.131947890502178478e-01
-1.094344540352780726e-01
4.301619317389140384e-01
-9.262668583877318174e-01
3.971815372335072425e-01
6.926984386444936526e-01
5.115493875963528225e-01
-3.320142975838835664e-01
9.300054523489420522e-01
-4.663179934220682554e-01
-6.924169847503531816e-01
7.001972322284557571e-01
-8.069405162295444356e-01
-2.868518438525087255e-01
9.430896392985996801e-01
-1.785187070125162645e-01
-7.042942888157768255e-01
7.628229789009211004e-01
-2.119771878860601255e-01
2.954206175709013227e-01
-1.151139955486546462e-01
2.045931010175523479e-01
-6.704328871537794665e-01
-8.513298522553536252e-01
-1.984049646157088898e-01
3.186809754996697830e-01
3.961187791581224360e-01
1.643020174936424826e-01
6.534247650689373188e-02
-6.433466679450239312e-02
9.187682399915335640e-01
-9.395119768202198074e-02
-4.342099329805486629e-01
-6.864989096170939220e-01
-6.183037789176504262e-01
-1.636095142847779904e-01
-9.770283390875471596e-01
-3.411567033139004668e-01
4.038066097132184673e-01
5.695591806630109222e-01
7.336197490370846008e-01
5.198684430604776363e-01
1.011872906147959217e-01
3.852580845399340426e-01
5.283617877752333492e-01
7.598121104326776010e-01
5.731250993436352026e-01
1.037843148049588660e-01
-5.937492920571418864e-01
-5.246787771143643919e-01
-2.416625405123344894e-01
7.611026798028142082e-02
-8.185217853669430887e-01
9.445249034911329389e-01
-7.931872998076547887e-01
-7.571829317699396711e-02
-4.814829861097953412e-01
3.622883465607167341e-01
-2.825765991586219883e-01
8.376254309112640684e-01
-9.822203623739080847e-01
5.178163432932310073e-01
-8.139797192988329488e-01
4.273268007844099881e-01
6.839157810622531475e-01
9.111642493611373794e-01
-1.995392725645106502e-01
-4.697397463170427390e-01
8.032105457792200198e-01
-5.064589706115960599e-01
-9.394640259435305119e-01
-7.029014594988600706e-01
8.980985331503250624e-01
-5.434814162052579167e-01
2.631147851138377902e-01
-9.257651321608406647e-01
3.938502452249634800e-01
-7.607496929332746571e-01
-2.904399205401677619e-01
5.353311964041340687e-02
-7.215384881720621202e-01
-5.676375099705084359e-01
5.469062938249691364e-01
1.940571448575627578e-01
5.400679609519754010e-01
-8.105856392237336117e-01
9.860579862623859437e-01
-9.363346454739678304e-01
6.345672139940443657e-01
9.355402840638891160e-01
-1.422681689111038317e-02
2.011158937685886272e-02
-5.349529778356620913e-01
-4.256354728806939214e-01
-2.101807317705062239e-01
5.078127622466954705e-02
8.697542231175765526e-01
9.529841018713389733e-01
-8.299129297637963809e-01
8.180048560703758742e-01
-2.250017405863171671e-01
1.084210423594764716e-01
3.942864006840300917e-01
6.452756966530424076e-01
7.058619608053933181e-01
9.391625835891179719e-01
7.953166746149000765e-01
8.196642802621905144e-01
-3.663372116225809272e-01
-6.971696854001727672e-01
1.773291490555506389e-01
6.900031515319142716e-01
5.481581584768957516e-01
-2.806141046445356224e-01
-1.263088663728544336e-01
3.439798077744127269e-01
-2.897553911273740290e-01
1.452094999493678262e-01
2.630734882822400866e-01
-6.597859489485768947e-02
7.328625519753713125e-01
7.857224678811640661e-01
2.370952644140220666e-01
8.538452840516459474e-01
2.530859411826269501e-01
-5.763950268302833191e-01
6.344993035897772415e-01
7.290905648843071241e-02
-4.856105887604797999e-01
-3.313537202799343717e-02
9.108580881443983923e-01
-3.671069998291365266e-02
7.248299704497844775e-01
-3.575222076949791106e-01
5.536422692790894384e-01
-4.534310346081236176e-01
2.566679745863125195e-01
9.193982184057365448e-01
4.092352674241572785e-03
2.655908111002107663e-01
6.582342899903448341e-02
-5.000705194025050204e-01
-1.684005843574909456e-01
-1.568687482847694881e-01
2.359865367024587268e-01
-1.239200382889744656e-01
1.656897686066800546e-01
6.414348919133836535e-01
6.482109666644066959e-01
4.633484177195883458e-01
8.843601099287714540e-01
-1.603875638659915115e-01
-2.110294610311544972e-01
-7.551446381793296414e-01
4.238554022121625575e-01
-9.761501208766436566e-01
1.564074501067829193e-01
-2.824739889024774353e-01
-1.515415109210018763e-01
8.819470164142813040e-01
-8.154214420871546132e-01
9.994346712823094503e-01
-9.028707305619578793e-01
7.127876114917450767e-01
8.425207538291370479e-01
1.849834292287761972e-01
2.807005550639447566e-01
-6.528067086167195221e-01
5.764124439658455668e-01
6.173814186194892528e-02
-8.559370106675379120e-02
-2.096319878054218044e-01
5.950219000835905714e-01
2.179767972800747966e-01
1.220025405802938057e-01
7.263734349434487481e-01
7.505397445515482602e-03
6.911900448284507004e-01
3.853897505508607768e-01
3.413062404925613080e-01
9.295166222742508033e-01
8.424289768570456527e-01
9.190044834400459273e-01
-5.194945938250705719e-01
1.149446342070146176e-01
-6.524864517213990744e-01
-1.652178141761884156e-02
-1.969112073407404129e-01
-8.233043464609743900e-01
8.956361797380467671e-01
-9.646097829383495359e-01
5.525141184998325627e-01
2.277140046042169796e-01
-6.194411462381261835e-01
9.656715410291369928e-01
-8.381563241269291975e-01
-7.581423229643666772e-01
9.714633954645095493e-01
2.904696171793170745e-01
8.016939626460943824e-01
