1.956878302460152153e-02
-1.000000000000000000e+00
-1.000000000000000000e+00
1.448177106335726272e-01
8.753633598663238535e-01
1.000000000000000000e+00
1.000000000000000000e+00
-7.146252465513857066e-01
1.000000000000000000e+00
-1.000000000000000000e+00
-3.769570186199806550e-01
-4.191749762823715475e-03
8.602991913426385473e-01
-1.000000000000000000e+00
1.000000000000000000e+00
-1.000000000000000000e+00
-1.000000000000000000e+00
1.000000000000000000e+00
-1.000000000000000000e+00
1.000000000000000000e+00
4.812063131345973854e-01
9.882020567129096156e-01
-3.065875798316142209e-01
1.000000000000000000e+00
-1.000000000000000000e+00
-4.137541194443375980e-01
-3.097928499696782634e-01
-1.000000000000000000e+00
-5.234930569621989438e-01
1.000000000000000000e+00
1.000000000000000000e+00
1.000000000000000000e+00
-1.000000000000000000e+00
1.000000000000000000e+00
-1.000000000000000000e+00
1.000000000000000000e+00
1.000000000000000000e+00
1.000000000000000000e+00
-9.303896179424646640e-01
1.000000000000000000e+00
1.000000000000000000e+00
1.000000000000000000e+00
5.311861848732135627e-01
5.943892926432724488e-01
1.000000000000000000e+00
1.000000000000000000e+00
1.000000000000000000e+00
-1.000000000000000000e+00
1.000000000000000000e+00
1.000000000000000000e+00
-1.000000000000000000e+00
1.000000000000000000e+00
-1.000000000000000000e+00
-1.000000000000000000e+00
1.000000000000000000e+00
1.000000000000000000e+00
-8.456193059935283030e-01
2.299810425118558044e-01
-1.000000000000000000e+00
-9.978639478710984445e-01
-1.000000000000000000e+00
-1.000000000000000000e+00
-1.000000000000000000e+00
-4.128902127699157071e-02
1.000000000000000000e+00
1.000000000000000000e+00
-2.449105267680168341e-02
-1.000000000000000000e+00
-1.000000000000000000e+00
1.000000000000000000e+00
1.000000000000000000e+00
-1.000000000000000000e+00
1.000000000000000000e+00
-3.257749654820973895e-01
1.000000000000000000e+00
-1.000000000000000000e+00
-2.325886605337623703e-01
-1.000000000000000000e+00
-1.341129511432692656e-02
-1.000000000000000000e+00
-1.000000000000000000e+00
-1.000000000000000000e+00
-1.000000000000000000e+00
-3.801287075326326703e-01
7.671979647002020730e-01
-1.000000000000000000e+00
1.000000000000000000e+00
-1.000000000000000000e+00
-1.000000000000000000e+00
1.000000000000000000e+00
-8.237028150499883239e-01
8.592131904512984031e-02
1.000000000000000000e+00
-1.000000000000000000e+00
1.000000000000000000e+00
1.000000000000000000e+00
9.801170251631421415e-01
-1.000000000000000000e+00
1.000000000000000000e+00
1.000000000000000000e+00
-6.237546410388032925e-01
-9.990776645276894241e-02
1.000000000000000000e+00
1.000000000000000000e+00
1.000000000000000000e+00
1.000000000000000000e+00
1.000000000000000000e+00
-1.000000000000000000e+00
-1.000000000000000000e+00
6.273106685802609661e-03
2.559685326376588410e-01
-1.000000000000000000e+00
1.000000000000000000e+00
-1.000000000000000000e+00
1.001317921377384845e-01
-1.000000000000000000e+00
-1.000000000000000000e+00
-1.000000000000000000e+00
8.489503355822183295e-01
1.000000000000000000e+00
-1.000000000000000000e+00
1.000000000000000000e+00
1.000000000000000000e+00
-1.000000000000000000e+00
-1.000000000000000000e+00
-1.000000000000000000e+00
1.000000000000000000e+00
-1.000000000000000000e+00
3.347211349370493583e-02
-1.000000000000000000e+00
1.000000000000000000e+00
1.000000000000000000e+00
1.000000000000000000e+00
-1.000000000000000000e+00
-6.877653795881034648e-01
-1.000000000000000000e+00
2.191028086300893518e-01
1.000000000000000000e+00
-1.000000000000000000e+00
-1.000000000000000000e+00
1.000000000000000000e+00
-5.313605862320038842e-01
8.405885585263475068e-01
-4.717231665891356007e-01
3.558780686531370918e-02
-1.000000000000000000e+00
-4.118821098925166124e-01
6.463174862147755828e-01
-1.000000000000000000e+00
1.000000000000000000e+00
-1.000000000000000000e+00
-5.001478813092021802e-01
1.000000000000000000e+00
1.000000000000000000e+00
-9.612646344309117019e-02
-1.000000000000000000e+00
-1.000000000000000000e+00
-1.000000000000000000e+00
-1.000000000000000000e+00
1.000000000000000000e+00
1.000000000000000000e+00
1.000000000000000000e+00
-1.000000000000000000e+00
1.000000000000000000e+00
1.000000000000000000e+00
-1.000000000000000000e+00
-1.000000000000000000e+00
-1.000000000000000000e+00
1.000000000000000000e+00
1.000000000000000000e+00
-1.000000000000000000e+00
1.000000000000000000e+00
1.000000000000000000e+00
1.000000000000000000e+00
1.000000000000000000e+00
1.000000000000000000e+00
1.000000000000000000e+00
-1.180609628628770391e-01
-1.000000000000000000e+00
1.000000000000000000e+00
8.503010245210615992e-01
2.226145375971557705e-01
-1.000000000000000000e+00
-1.000000000000000000e+00
1.000000000000000000e+00
-1.000000000000000000e+00
1.000000000000000000e+00
-1.000000000000000000e+00
1.000000000000000000e+00
1.000000000000000000e+00
1.000000000000000000e+00
-9.614276581550182943e-01
1.000000000000000000e+00
2.502809036414990196e-01
4.859078827691823421e-01
3.641167751940650454e-01
1.000000000000000000e+00
8.671104857253604248e-01
-1.000000000000000000e+00
-1.000000000000000000e+00
-1.000000000000000000e+00
-1.000000000000000000e+00
1.000000000000000000e+00
6.445795195953052392e-02
-1.000000000000000000e+00
1.000000000000000000e+00
-1.000000000000000000e+00
-7.530914359597508101e-01
1.000000000000000000e+00
1.000000000000000000e+00
1.000000000000000000e+00
-1.000000000000000000e+00
1.000000000000000000e+00
-7.916539483666448218e-01
-1.000000000000000000e+00
-1.000000000000000000e+00
-1.000000000000000000e+00
-1.000000000000000000e+00
-1.000000000000000000e+00
-1.000000000000000000e+00
-5.746316855477163754e-01
-1.000000000000000000e+00
-1.000000000000000000e+00
1.000000000000000000e+00
-1.000000000000000000e+00
-1.000000000000000000e+00
1.000000000000000000e+00
1.000000000000000000e+00
4.413368341926060534e-01
1.000000000000000000e+00
-1.000000000000000000e+00
-1.000000000000000000e+00
6.006895906930783680e-01
1.000000000000000000e+00
-1.000000000000000000e+00
1.000000000000000000e+00
-1.949113941938235284e-01
1.000000000000000000e+00
-1.000000000000000000e+00
1.000000000000000000e+00
1.000000000000000000e+00
1.000000000000000000e+00
1.000000000000000000e+00
1.000000000000000000e+00
-1.000000000000000000e+00
3.741732536399817732e-01
1.000000000000000000e+00
9.171561258073059886e-01
1.000000000000000000e+00
1.000000000000000000e+00
-1.000000000000000000e+00
1.000000000000000000e+00
-1.000000000000000000e+00
4.016064123444857414e-01
-1.000000000000000000e+00
-1.000000000000000000e+00
-1.000000000000000000e+00
-1.000000000000000000e+00
-1.000000000000000000e+00
-1.000000000000000000e+00
-1.000000000000000000e+00
5.763632519891557227e-01
-1.000000000000000000e+00
1.000000000000000000e+00
1.000000000000000000e+00
