-2.718872270504648081e-01
-1.000000000000000000e+00
-5.023164183909761826e-01
-1.000000000000000000e+00
-8.264479630695122925e-01
1.000000000000000000e+00
1.000000000000000000e+00
-1.000000000000000000e+00
-1.000000000000000000e+00
1.000000000000000000e+00
1.000000000000000000e+00
-2.583459676925148329e-02
1.000000000000000000e+00
-6.494846598618154720e-01
-1.000000000000000000e+00
6.845157661786807068e-01
-1.000000000000000000e+00
1.000000000000000000e+00
-1.000000000000000000e+00
-1.000000000000000000e+00
2.082536651611672784e-01
1.000000000000000000e+00
-1.000000000000000000e+00
-3.405091895723306172e-01
-1.000000000000000000e+00
-1.000000000000000000e+00
1.000000000000000000e+00
5.573415871269844502e-01
-1.000000000000000000e+00
5.593898189054714587e-01
-1.000000000000000000e+00
1.000000000000000000e+00
-1.000000000000000000e+00
4.310910553933666733e-01
-1.000000000000000000e+00
6.132455024377425623e-01
-1.000000000000000000e+00
1.000000000000000000e+00
1.000000000000000000e+00
-1.000000000000000000e+00
-1.000000000000000000e+00
-1.000000000000000000e+00
8.852387784064414955e-01
2.872752978337833607e-01
-1.000000000000000000e+00
-1.000000000000000000e+00
6.281224400816076692e-03
2.487280351854146421e-01
-1.000000000000000000e+00
-1.000000000000000000e+00
1.000000000000000000e+00
1.000000000000000000e+00
1.000000000000000000e+00
-6.442631142232742025e-01
-1.000000000000000000e+00
1.000000000000000000e+00
-6.174189714129842965e-01
1.000000000000000000e+00
1.000000000000000000e+00
6.214246806169254622e-02
-5.074574405027574286e-01
-8.597783486282166709e-01
1.000000000000000000e+00
1.000000000000000000e+00
1.000000000000000000e+00
-1.000000000000000000e+00
1.000000000000000000e+00
6.796801380670347559e-01
-1.000000000000000000e+00
1.000000000000000000e+00
1.000000000000000000e+00
3.095053521415214171e-02
1.000000000000000000e+00
1.000000000000000000e+00
1.000000000000000000e+00
-1.000000000000000000e+00
9.227346158683363830e-01
-1.000000000000000000e+00
1.000000000000000000e+00
5.595244924624640515e-01
-1.000000000000000000e+00
-2.766457924152873060e-01
-1.000000000000000000e+00
1.000000000000000000e+00
-1.000000000000000000e+00
-1.000000000000000000e+00
-6.124494454234875596e-01
-1.000000000000000000e+00
1.000000000000000000e+00
1.000000000000000000e+00
1.000000000000000000e+00
1.000000000000000000e+00
-2.513536393891210308e-01
5.425821620790567401e-01
-7.659694565278408751e-01
2.726537221243779952e-01
1.000000000000000000e+00
1.000000000000000000e+00
-1.000000000000000000e+00
1.000000000000000000e+00
-1.000000000000000000e+00
-6.975020804972721367e-01
1.000000000000000000e+00
-1.000000000000000000e+00
-1.000000000000000000e+00
-1.000000000000000000e+00
-1.000000000000000000e+00
-5.713173680257914722e-01
-1.000000000000000000e+00
3.011087282492781458e-01
1.000000000000000000e+00
1.000000000000000000e+00
-6.106741504753113725e-01
-1.000000000000000000e+00
-1.000000000000000000e+00
-1.000000000000000000e+00
-1.000000000000000000e+00
1.000000000000000000e+00
1.000000000000000000e+00
-8.537968021747406322e-01
3.428962797666418316e-01
1.000000000000000000e+00
1.000000000000000000e+00
-3.772518784479397258e-01
-1.000000000000000000e+00
1.000000000000000000e+00
1.000000000000000000e+00
-1.000000000000000000e+00
8.263104617437295740e-01
1.000000000000000000e+00
-8.388007109753676804e-01
-1.000000000000000000e+00
1.000000000000000000e+00
1.000000000000000000e+00
1.000000000000000000e+00
-9.328310042637200095e-01
-7.084411645153565473e-01
-1.000000000000000000e+00
1.000000000000000000e+00
1.000000000000000000e+00
-8.042506840274474822e-01
-1.000000000000000000e+00
-1.000000000000000000e+00
-1.000000000000000000e+00
-1.000000000000000000e+00
-1.000000000000000000e+00
-1.000000000000000000e+00
-1.000000000000000000e+00
-1.496197141279189680e-01
-1.000000000000000000e+00
7.439174523495346580e-01
-1.000000000000000000e+00
-1.000000000000000000e+00
-2.839444943756228579e-01
-6.998027979818144395e-01
1.000000000000000000e+00
-1.000000000000000000e+00
-1.000000000000000000e+00
-7.243101789563772819e-01
1.000000000000000000e+00
-8.107614774583635775e-01
1.000000000000000000e+00
1.000000000000000000e+00
-1.329660482988640480e-01
-6.671154993262873312e-01
1.000000000000000000e+00
-1.000000000000000000e+00
-1.000000000000000000e+00
-1.000000000000000000e+00
-1.000000000000000000e+00
1.000000000000000000e+00
1.000000000000000000e+00
-9.006960425604055853e-01
-5.721975333538669162e-01
-1.000000000000000000e+00
-1.000000000000000000e+00
5.672733919899608512e-01
-7.315313430429681851e-02
-1.000000000000000000e+00
-1.000000000000000000e+00
-1.000000000000000000e+00
-1.000000000000000000e+00
1.000000000000000000e+00
2.685514195099726886e-01
-1.000000000000000000e+00
-1.000000000000000000e+00
-1.000000000000000000e+00
-1.000000000000000000e+00
-1.000000000000000000e+00
-1.000000000000000000e+00
1.000000000000000000e+00
-7.075912315907366690e-01
-1.000000000000000000e+00
7.617805605986209816e-01
-1.000000000000000000e+00
-1.000000000000000000e+00
-1.000000000000000000e+00
4.765019481835741644e-01
1.000000000000000000e+00
-1.000000000000000000e+00
1.000000000000000000e+00
1.000000000000000000e+00
1.000000000000000000e+00
1.000000000000000000e+00
1.000000000000000000e+00
1.000000000000000000e+00
-2.315585687974739126e-01
-1.000000000000000000e+00
-1.000000000000000000e+00
1.000000000000000000e+00
6.188022799676282659e-01
7.876875106925003145e-01
1.000000000000000000e+00
3.492255934979063281e-02
-4.378483987072514516e-01
-1.000000000000000000e+00
1.000000000000000000e+00
1.000000000000000000e+00
5.474472999365143089e-01
1.000000000000000000e+00
1.857922538019353143e-01
1.000000000000000000e+00
1.000000000000000000e+00
-1.000000000000000000e+00
-1.000000000000000000e+00
-4.453336586674132569e-01
-1.000000000000000000e+00
9.791103119636954677e-01
-5.942760066735017777e-01
1.000000000000000000e+00
4.382755931871065158e-01
-1.000000000000000000e+00
8.998929181265975519e-01
1.000000000000000000e+00
-1.000000000000000000e+00
-1.000000000000000000e+00
1.000000000000000000e+00
1.000000000000000000e+00
-7.084796395848734774e-01
1.000000000000000000e+00
1.000000000000000000e+00
-1.000000000000000000e+00
1.000000000000000000e+00
-1.000000000000000000e+00
1.000000000000000000e+00
4.196569485110052122e-01
-5.483515735820008175e-01
1.000000000000000000e+00
-1.000000000000000000e+00
-1.000000000000000000e+00
1.000000000000000000e+00
1.000000000000000000e+00
-1.000000000000000000e+00
1.000000000000000000e+00
1.000000000000000000e+00
-7.733141013305513400e-01
1.000000000000000000e+00
1.000000000000000000e+00
1.000000000000000000e+00
-1.000000000000000000e+00
-6.479481055595859296e-01
8.047476793615356838e-01
5.554026830575586882e-01
1.000000000000000000e+00
-1.000000000000000000e+00
