4.135048273307606603e-02
1.000000000000000000e+00
1.000000000000000000e+00
1.000000000000000000e+00
-1.000000000000000000e+00
-3.955177811074698235e-01
-1.000000000000000000e+00
-9.934560910523608790e-01
-7.202550992919665163e-03
1.000000000000000000e+00
5.562197600245257778e-01
-8.833404661198400731e-01
1.000000000000000000e+00
-3.081634762992299104e-01
-1.000000000000000000e+00
1.000000000000000000e+00
-1.000000000000000000e+00
-1.000000000000000000e+00
-1.000000000000000000e+00
-1.000000000000000000e+00
-1.000000000000000000e+00
-1.000000000000000000e+00
1.325934669032675650e-01
1.000000000000000000e+00
1.000000000000000000e+00
-1.000000000000000000e+00
1.000000000000000000e+00
-1.000000000000000000e+00
1.000000000000000000e+00
-3.827531355780450228e-01
-1.000000000000000000e+00
1.000000000000000000e+00
1.000000000000000000e+00
-1.000000000000000000e+00
-5.152883764202557115e-01
1.000000000000000000e+00
-4.615060431425183629e-01
1.000000000000000000e+00
-1.000000000000000000e+00
6.049908358530081687e-01
1.000000000000000000e+00
4.557911118892255531e-01
1.000000000000000000e+00
1.000000000000000000e+00
1.000000000000000000e+00
-1.000000000000000000e+00
-8.113714036755982351e-01
-1.000000000000000000e+00
1.000000000000000000e+00
1.000000000000000000e+00
9.083350862962724648e-02
9.148255557950171202e-01
-1.000000000000000000e+00
9.781561027417463583e-01
4.781423353420674593e-01
-1.000000000000000000e+00
-1.000000000000000000e+00
-1.000000000000000000e+00
1.000000000000000000e+00
-1.000000000000000000e+00
1.000000000000000000e+00
-6.549282974150704151e-01
-1.000000000000000000e+00
-1.000000000000000000e+00
-1.000000000000000000e+00
-1.000000000000000000e+00
-1.000000000000000000e+00
-9.137049162139090352e-01
-1.000000000000000000e+00
-1.000000000000000000e+00
1.000000000000000000e+00
1.000000000000000000e+00
-1.000000000000000000e+00
-6.978678771609971854e-01
-1.000000000000000000e+00
1.000000000000000000e+00
-1.000000000000000000e+00
-1.000000000000000000e+00
1.000000000000000000e+00
-4.033154879447748975e-01
1.000000000000000000e+00
1.000000000000000000e+00
-1.000000000000000000e+00
-9.376069340062813673e-01
8.204233845731887520e-01
8.987320394022110248e-01
1.000000000000000000e+00
1.000000000000000000e+00
1.000000000000000000e+00
7.520823174683884949e-01
5.623160992268199099e-01
1.000000000000000000e+00
1.000000000000000000e+00
-1.000000000000000000e+00
1.000000000000000000e+00
1.000000000000000000e+00
-1.000000000000000000e+00
1.000000000000000000e+00
-8.296791915574814880e-01
-1.000000000000000000e+00
7.249979157169001986e-01
-1.000000000000000000e+00
1.000000000000000000e+00
1.000000000000000000e+00
6.173306670377698424e-01
-1.000000000000000000e+00
6.394030498246933147e-01
3.107687916649188864e-01
-1.000000000000000000e+00
-1.000000000000000000e+00
1.000000000000000000e+00
-9.535984842216672641e-01
-6.428000158293235566e-01
7.254307880237396144e-01
1.000000000000000000e+00
1.000000000000000000e+00
1.000000000000000000e+00
1.000000000000000000e+00
-1.510324559422819846e-01
1.000000000000000000e+00
1.000000000000000000e+00
1.000000000000000000e+00
1.000000000000000000e+00
1.000000000000000000e+00
5.625668082526499303e-01
-1.000000000000000000e+00
1.000000000000000000e+00
-1.000000000000000000e+00
-1.000000000000000000e+00
3.294708229490790896e-01
2.708016931139383132e-01
1.000000000000000000e+00
1.000000000000000000e+00
-1.000000000000000000e+00
1.000000000000000000e+00
1.000000000000000000e+00
8.783334796882978912e-01
1.000000000000000000e+00
-1.000000000000000000e+00
-1.000000000000000000e+00
5.668698191963776889e-01
1.000000000000000000e+00
-2.239191810806933081e-01
-4.288423641796190733e-01
1.000000000000000000e+00
-1.000000000000000000e+00
-1.000000000000000000e+00
1.000000000000000000e+00
-1.000000000000000000e+00
-1.000000000000000000e+00
-1.000000000000000000e+00
1.000000000000000000e+00
2.814769155785220578e-01
-1.000000000000000000e+00
-1.430939064678158901e-01
8.837479276765973779e-01
-1.736085499905558605e-01
-1.000000000000000000e+00
-1.000000000000000000e+00
-1.000000000000000000e+00
-1.000000000000000000e+00
-1.000000000000000000e+00
1.000000000000000000e+00
-1.000000000000000000e+00
-1.000000000000000000e+00
1.000000000000000000e+00
1.000000000000000000e+00
-1.000000000000000000e+00
-1.237518005583884140e-01
1.000000000000000000e+00
1.000000000000000000e+00
-3.983811007922613556e-01
-1.000000000000000000e+00
-1.000000000000000000e+00
1.000000000000000000e+00
-1.000000000000000000e+00
-1.000000000000000000e+00
-1.000000000000000000e+00
-1.000000000000000000e+00
-5.541223033801496722e-01
-1.000000000000000000e+00
1.000000000000000000e+00
-1.000000000000000000e+00
4.142005293092251295e-01
1.000000000000000000e+00
-1.000000000000000000e+00
-1.000000000000000000e+00
-1.000000000000000000e+00
1.000000000000000000e+00
1.000000000000000000e+00
-1.000000000000000000e+00
-1.000000000000000000e+00
1.000000000000000000e+00
-7.737571644530752968e-01
-1.000000000000000000e+00
-1.000000000000000000e+00
1.000000000000000000e+00
1.000000000000000000e+00
1.000000000000000000e+00
1.000000000000000000e+00
-1.000000000000000000e+00
1.377319732038640998e-01
1.000000000000000000e+00
-1.000000000000000000e+00
-2.520885585349977309e-03
-1.000000000000000000e+00
-8.659976081015030580e-01
4.584119405441673401e-01
1.000000000000000000e+00
-1.000000000000000000e+00
-1.000000000000000000e+00
7.974315080340581563e-01
1.000000000000000000e+00
1.000000000000000000e+00
1.000000000000000000e+00
1.000000000000000000e+00
-1.000000000000000000e+00
1.000000000000000000e+00
4.519295614683265794e-01
1.000000000000000000e+00
6.366161678122739254e-02
-1.000000000000000000e+00
-1.000000000000000000e+00
1.000000000000000000e+00
-1.000000000000000000e+00
-1.000000000000000000e+00
2.886967413973011709e-01
7.173676132280832896e-01
1.000000000000000000e+00
-1.000000000000000000e+00
-1.000000000000000000e+00
-1.000000000000000000e+00
1.000000000000000000e+00
1.000000000000000000e+00
1.000000000000000000e+00
2.611857911928654463e-01
1.000000000000000000e+00
-1.940617455086693921e-01
-7.982927356519894380e-01
1.000000000000000000e+00
-8.940016541298767550e-01
-1.000000000000000000e+00
-6.099477119632346067e-01
9.185024234811969279e-01
-1.000000000000000000e+00
1.000000000000000000e+00
-7.784989655468906866e-01
1.000000000000000000e+00
1.000000000000000000e+00
7.319848566043356541e-01
-8.126757892307843179e-01
-9.117430725608545172e-01
-1.000000000000000000e+00
-1.983517725232146756e-01
-1.068836867462174545e-01
-1.000000000000000000e+00
-3.597736910581262881e-01
-1.163233701081296534e-01
-1.000000000000000000e+00
-1.000000000000000000e+00
1.000000000000000000e+00
-8.952215479848890656e-02
1.000000000000000000e+00
-1.000000000000000000e+00
-1.000000000000000000e+00
