3.404072918785336910e-01
9.261243234731781904e-01
3.978186112256985041e-01
1.286485609561784926e-01
3.929368373565220729e-01
1.494281937673385130e-01
7.771970784594919301e-01
4.516380790141421020e-01
-2.403002554361890475e-01
2.912876200787590797e-01
8.029823005439664652e-01
-4.336277452280137279e-01
1.080048448316344167e-01
-9.367908754265865667e-01
2.477536480726358903e-01
9.602179939715012047e-01
3.329088541621001429e-01
-7.426493284005557527e-01
1.473252655384107435e-01
3.809393812534309642e-01
4.820675206783200384e-01
-5.685434211075035549e-01
-4.297485390659918636e-01
-2.584163852636502945e-01
1.989719168380064129e-01
-6.000367418355858629e-01
2.398429873704963633e-01
-6.378696595724091534e-01
3.045548441771057657e-01
-6.131499956521113681e-02
6.671941393733953340e-01
8.137796714673826148e-01
2.219711471314624873e-01
5.587488477918789442e-02
3.758644277989451332e-01
6.655975115989964941e-02
-7.153684612259798570e-01
-6.911234861806789809e-01
5.932990742652051175e-01
-4.133639199534022701e-02
6.611735998157990402e-01
9.378588910596379336e-01
-1.520250551457271726e-01
-1.708429513884184292e-01
4.163453190008474802e-01
-4.728337898197840783e-01
-2.810723286729150949e-01
-9.484683617080569284e-02
-2.666603422614883812e-01
7.330412226156000077e-01
9.304702166685014930e-01
7.084645150975577010e-01
2.843596548140139291e-01
-1.479223670860818629e-02
-1.340535801217472844e-01
7.981407129212712004e-01
-1.808770423286985007e-01
-9.979654926754775168e-01
-6.426743893531461360e-02
-1.041783054570639688e-01
5.122892520659219073e-01
2.295103348203253457e-01
7.357701100159468321e-01
8.200884011736144785e-01
1.146509159751505358e-01
-4.261017958377104620e-01
-4.217551803254937504e-01
8.728085717903488749e-02
5.839007878904363125e-01
-7.692000208028990649e-01
3.943736450892929568e-01
5.234844021196205510e-01
-1.774897364110306075e-01
3.936798415475513124e-01
-4.480926106718008395e-01
-1.638301295212909459e-01
9.920175879826920173e-02
-4.349585552699954949e-01
6.566841761938388977e-01
2.203911065148036474e-01
5.762580550877602903e-01
-4.742236877967620501e-02
6.817507513536276154e-01
9.177940265840496270e-01
9.037904086220780453e-01
5.131194083735350908e-01
-5.747884179679965122e-01
-3.873908461282165039e-01
2.584704312675449867e-01
5.771790315845075625e-01
-3.047184372002571529e-01
6.167168841985020133e-01
-3.768122103957252111e-01
-5.318381233140876407e-01
2.669171073491243273e-01
-4.006880768207792265e-01
8.288615442548337153e-01
1.970300285379849026e-01
-5.861168413890520679e-01
6.403652047187564644e-01
-3.090269129753902000e-01
2.549341731298533364e-01
-9.991357914184817446e-03
-8.922879444448965636e-01
-7.152920382337952798e-01
-4.283794772049365207e-02
3.540956937644190727e-01
-7.542810537166304563e-01
-1.589122683969721450e-01
6.207781744330183038e-01
9.915844017893495899e-01
5.617243355873942079e-01
4.577886962102346580e-01
-2.274984061860003681e-01
-8.420743947535760388e-01
-7.630173007736833490e-01
-5.363980984409397745e-01
-5.828759634145035395e-01
2.516106183850972400e-01
7.976509396631663584e-01
-3.596670063330933420e-01
-1.206954775428621396e-01
-9.741545153450832384e-01
2.774593183718891964e-01
9.607093096265768573e-01
8.368013533230955758e-01
3.273267240904031983e-01
-3.491251757388167398e-01
-8.097512637047763473e-01
6.209616332793854721e-01
-6.674752381552799818e-01
6.506089966139798619e-01
-3.550646277895779246e-01
2.822905278900760262e-01
6.266494206615493834e-01
4.121579007180520282e-01
3.848902924091353039e-01
7.667487523912486225e-01
-6.168055756098091980e-01
5.090360960281310465e-01
5.699141300382344344e-01
-9.444958394671307822e-01
8.393017780348202006e-01
7.231253583762620174e-01
-8.927010055892921070e-01
3.847516354526470117e-01
-4.424154250454523929e-01
9.542889790637754110e-01
8.572923562865253366e-02
5.707168383374205956e-01
4.320693535695740994e-01
-8.234727452550087978e-01
-6.953923219344972928e-01
-6.599451287971300761e-01
9.447477494906726392e-01
5.729557055226366380e-01
-9.007204751424211508e-01
2.630645662766246673e-01
-9.229781029522641234e-01
2.192969553474124478e-01
-1.410095644284441452e-01
-4.827487079721584085e-01
9.613503812495876044e-01
-1.683741297184271346e-01
8.660739920760220922e-01
4.771453897030304425e-01
8.715525436667828085e-01
4.425324993849666377e-02
9.410791340681901040e-01
-4.647501025820697240e-01
-5.350073251047984257e-01
-2.208192206510373179e-01
9.977153697340463978e-01
-7.309075313980561983e-01
6.326886933162649829e-01
-6.543948445458427354e-01
-7.308650841260826425e-01
-7.355709696267986875e-01
-2.572771499702297682e-02
-5.950546030644561224e-01
9.575301593988772009e-01
8.967250852189447841e-01
5.278637930598195638e-02
-4.357346945294520157e-01
7.300884766589039732e-01
5.823220030027138616e-01
8.167828569062864918e-01
7.778189088903364468e-01
-7.798377995837728616e-01
6.481538253032701480e-01
-5.482986760434076512e-01
8.987301338441135989e-01
9.704137046729162108e-01
3.183412768306983498e-01
-8.672817475880880700e-01
4.366550541413631858e-01
9.131817523421601468e-01
-3.067403325723323526e-01
-4.587323883027685234e-01
1.852301840853007864e-01
9.567209124691866684e-02
-4.042345123857207234e-01
-1.664698259152956883e-01
5.820224803356659482e-01
7.227418936820664275e-01
-2.130129649588730079e-01
7.551352496779615286e-01
8.685313045633928919e-01
3.594680086212356240e-01
-2.105914804239854554e-01
-5.972463241819665480e-01
-4.534700860545912704e-01
3.500320784684041175e-01
5.446637551566679836e-01
4.192894143951975128e-01
-8.984887975090942724e-01
1.456101731791290543e-01
-8.104295132703365212e-01
6.720777737510250649e-01
1.219599464790066534e-02
-5.642756740364960333e-01
-1.038273502416187100e-02
8.922421230834289840e-01
8.370830918463685322e-01
-6.703442155799927971e-01
5.239395233205073055e-01
8.627208649859929857e-01
-2.547041974299686373e-01
6.404177357166078721e-01
-6.685727643586332203e-01
-9.461706083447762872e-01
9.358984259990126287e-01
-1.619026371993004254e-01
9.482176924350200764e-01
-3.039279641453169756e-01
-4.288731351276182657e-01
-4.187630415611980350e-01
8.199514109935430728e-01
3.853632790726018165e-01
2.565642639836900329e-01
2.124189041020707602e-01
2.735603237182497871e-01
5.200400250681787018e-01
-2.795330859756695041e-01
-8.720981402406857708e-01
5.372311780350529364e-01
-8.981313243041046945e-01
-8.764843181352828250e-01
7.548330078017004841e-01
-5.559628705989267949e-01
-8.524053698426350412e-01
-2.615783358442600459e-01
1.199767270667739805e-01
2.321068192832387300e-01
-5.540545521253963379e-01
-8.335047806912698753e-01
-4.018648750574160822e-01
4.085423422747862521e-01
3.943014768180408414e-01
4.282255127310772291e-01
8.583739716944134290e-01
-3.474285085505179893e-02
9.793002292219525895e-01
1.137679370609703255e-01
-7.640581813477362871e-01
