-1.000000000000000000e+00
3.459562214931639623e-01
9.703030761630062617e-01
1.000000000000000000e+00
-1.000000000000000000e+00
1.000000000000000000e+00
-1.000000000000000000e+00
1.000000000000000000e+00
-1.000000000000000000e+00
1.000000000000000000e+00
-1.000000000000000000e+00
-1.000000000000000000e+00
1.000000000000000000e+00
2.988793390627088667e-02
1.000000000000000000e+00
2.676737709924572606e-01
4.649593463793101344e-01
-6.762476883395640570e-01
1.000000000000000000e+00
1.000000000000000000e+00
1.000000000000000000e+00
-1.000000000000000000e+00
1.000000000000000000e+00
1.000000000000000000e+00
1.000000000000000000e+00
-2.792387178401262160e-01
-1.000000000000000000e+00
1.916626206231484275e-01
-1.000000000000000000e+00
7.256982119669497244e-01
1.000000000000000000e+00
1.000000000000000000e+00
3.358175878480469390e-01
-1.000000000000000000e+00
-1.000000000000000000e+00
1.000000000000000000e+00
7.633964263124733973e-01
-1.523619980097604687e-01
1.000000000000000000e+00
1.000000000000000000e+00
1.000000000000000000e+00
2.093540002145894974e-01
-1.000000000000000000e+00
-2.723892895652384460e-01
4.432514810961352136e-02
2.154982311310162379e-01
1.000000000000000000e+00
-1.000000000000000000e+00
1.000000000000000000e+00
-2.703026509857188175e-01
-2.886126243038183992e-01
-1.000000000000000000e+00
1.933501544238355185e-01
5.550751586371639457e-01
8.090307006835179005e-02
9.031012678887500034e-01
6.229885243575921105e-01
-9.910660551395853446e-01
-1.090443910731277999e-01
1.000000000000000000e+00
1.000000000000000000e+00
3.924878639738276775e-01
-1.000000000000000000e+00
-1.000000000000000000e+00
1.000000000000000000e+00
-1.000000000000000000e+00
-4.770891348860315517e-01
-7.606484476142344464e-01
2.765137619220352505e-01
1.000000000000000000e+00
-1.000000000000000000e+00
-1.000000000000000000e+00
-1.000000000000000000e+00
1.000000000000000000e+00
1.000000000000000000e+00
-3.719163207826886586e-01
-1.000000000000000000e+00
-1.000000000000000000e+00
1.000000000000000000e+00
-5.992908809292564198e-01
1.000000000000000000e+00
7.705893161651886647e-01
-9.290667890031126808e-01
1.000000000000000000e+00
-1.000000000000000000e+00
1.000000000000000000e+00
-7.230705876640324270e-01
-5.827493184448723218e-01
4.365004147071069873e-01
1.000000000000000000e+00
-1.000000000000000000e+00
3.971984425232943927e-01
-1.000000000000000000e+00
1.000000000000000000e+00
1.000000000000000000e+00
1.000000000000000000e+00
-7.360863284102953097e-01
-2.462435498012581769e-01
-1.000000000000000000e+00
-1.000000000000000000e+00
1.000000000000000000e+00
1.000000000000000000e+00
1.000000000000000000e+00
4.802262822194477421e-01
1.000000000000000000e+00
1.563490252285317794e-01
3.179448275358891518e-01
-1.000000000000000000e+00
-1.000000000000000000e+00
-1.000000000000000000e+00
-1.000000000000000000e+00
-1.000000000000000000e+00
1.117485751240671066e-02
-1.000000000000000000e+00
9.797393757888092081e-01
-1.000000000000000000e+00
1.000000000000000000e+00
4.274377052792561194e-01
1.000000000000000000e+00
-8.412596463339154784e-01
1.000000000000000000e+00
-1.000000000000000000e+00
-1.000000000000000000e+00
1.000000000000000000e+00
-1.000000000000000000e+00
1.000000000000000000e+00
1.000000000000000000e+00
5.110142225559018980e-01
-8.901264910491309967e-01
1.000000000000000000e+00
-1.000000000000000000e+00
1.000000000000000000e+00
-4.145569216070093543e-01
-8.579500688754365667e-01
-1.614587126083186774e-01
-1.000000000000000000e+00
-4.230273641913013805e-01
1.000000000000000000e+00
-4.035846609263595841e-01
-1.000000000000000000e+00
1.000000000000000000e+00
-1.000000000000000000e+00
-1.000000000000000000e+00
-9.434743414676299844e-01
1.000000000000000000e+00
6.948976230400560894e-02
1.000000000000000000e+00
1.000000000000000000e+00
-1.000000000000000000e+00
1.000000000000000000e+00
5.333322180746022934e-01
1.000000000000000000e+00
-1.000000000000000000e+00
-8.453593138465391732e-01
-1.000000000000000000e+00
9.052028370284523895e-01
1.000000000000000000e+00
1.000000000000000000e+00
1.000000000000000000e+00
1.000000000000000000e+00
1.000000000000000000e+00
-1.000000000000000000e+00
1.000000000000000000e+00
-1.000000000000000000e+00
-1.000000000000000000e+00
-8.208136812081634481e-01
-9.375963822509949530e-01
1.000000000000000000e+00
1.000000000000000000e+00
5.901655681669104592e-01
-1.000000000000000000e+00
-1.000000000000000000e+00
-1.000000000000000000e+00
-2.818438544414946234e-01
-1.000000000000000000e+00
6.163414389527941406e-01
-1.000000000000000000e+00
7.636414795582158188e-01
-6.176062702594333764e-01
1.000000000000000000e+00
-1.000000000000000000e+00
-1.000000000000000000e+00
-1.000000000000000000e+00
1.000000000000000000e+00
1.000000000000000000e+00
-4.649986356755970718e-01
-1.000000000000000000e+00
-5.261492387601369725e-01
-1.000000000000000000e+00
-1.000000000000000000e+00
-1.700770287537702874e-01
-6.947678739978861984e-01
-8.747194783294244269e-01
1.000000000000000000e+00
1.879154032690569798e-01
5.232760071042952266e-02
6.089561329996220351e-01
-1.000000000000000000e+00
1.000000000000000000e+00
-1.000000000000000000e+00
1.000000000000000000e+00
1.000000000000000000e+00
-1.000000000000000000e+00
1.000000000000000000e+00
4.308769341028906297e-02
1.000000000000000000e+00
-1.000000000000000000e+00
-1.000000000000000000e+00
-1.000000000000000000e+00
3.219253658045145294e-01
-1.000000000000000000e+00
-1.000000000000000000e+00
-4.994367424837142799e-01
1.000000000000000000e+00
-1.000000000000000000e+00
1.000000000000000000e+00
4.614637534687242582e-01
1.000000000000000000e+00
1.000000000000000000e+00
1.000000000000000000e+00
1.000000000000000000e+00
-1.000000000000000000e+00
-1.000000000000000000e+00
1.875091175818632827e-02
-1.000000000000000000e+00
1.000000000000000000e+00
1.000000000000000000e+00
-1.000000000000000000e+00
1.000000000000000000e+00
-1.000000000000000000e+00
-6.132538181878621764e-02
3.502277289892062884e-01
1.000000000000000000e+00
1.000000000000000000e+00
1.000000000000000000e+00
1.214062794808590251e-01
-1.000000000000000000e+00
-3.792789171622497069e-01
-1.000000000000000000e+00
1.208083909361636898e-01
5.459573384713148902e-01
-1.000000000000000000e+00
1.000000000000000000e+00
1.000000000000000000e+00
-1.000000000000000000e+00
1.000000000000000000e+00
3.315398645905882624e-01
1.000000000000000000e+00
1.319194009096442688e-01
-1.000000000000000000e+00
-6.761718087184591663e-01
1.000000000000000000e+00
3.638420574863742152e-01
-1.000000000000000000e+00
1.000000000000000000e+00
-3.537435491069509941e-01
-6.216641868751757727e-01
-1.000000000000000000e+00
-1.000000000000000000e+00
9.917084125317645604e-01
-1.000000000000000000e+00
1.000000000000000000e+00
4.254111999933741783e-01
-1.000000000000000000e+00
-1.000000000000000000e+00
