2.715993069253859193e-01
-7.159182504843364381e-01
-1.713920458638791278e-01
1.000000000000000000e+00
-2.673064487430609759e-01
-8.936065361633407367e-01
1.686341427634244772e-01
1.000000000000000000e+00
-1.000000000000000000e+00
3.830356468279907389e-01
-2.443133833041644110e-02
3.393144425821022492e-01
-1.000000000000000000e+00
9.410770088549735846e-02
6.526705135057569995e-01
1.000000000000000000e+00
-1.000000000000000000e+00
3.172691024273754934e-03
2.760848780969864524e-01
3.578681878504917924e-01
1.000000000000000000e+00
-1.000000000000000000e+00
4.492492906884829607e-01
1.000000000000000000e+00
1.235107269676083419e-01
-8.257292379141453198e-01
-1.000000000000000000e+00
-1.404759012962942810e-01
1.000000000000000000e+00
1.000000000000000000e+00
-1.000000000000000000e+00
7.627485146173086372e-01
-1.000000000000000000e+00
1.000000000000000000e+00
9.638092097273034398e-01
-1.000000000000000000e+00
-1.000000000000000000e+00
1.000000000000000000e+00
1.217745954851542356e-01
2.309156504541428068e-01
1.000000000000000000e+00
1.000000000000000000e+00
-1.000000000000000000e+00
8.318701322814276988e-01
-1.229701839589072421e-01
1.000000000000000000e+00
-1.000000000000000000e+00
9.064401821640989398e-01
2.587276673896093948e-01
-3.212406592625198787e-01
-1.000000000000000000e+00
-8.399805078202859931e-01
-1.000000000000000000e+00
9.607555282844166822e-01
-1.000000000000000000e+00
-4.408891281519000671e-03
1.000000000000000000e+00
1.000000000000000000e+00
3.541802193881123384e-01
-2.027970497534888339e-01
-1.000000000000000000e+00
1.000000000000000000e+00
1.000000000000000000e+00
2.424670327949162152e-01
1.000000000000000000e+00
-8.910621194408703261e-01
7.316951082218392521e-01
2.358802192635061357e-01
-1.000000000000000000e+00
-4.646888648969275115e-01
-8.552039409026268579e-01
1.920894190741708751e-01
1.000000000000000000e+00
-1.000000000000000000e+00
2.279943392128061519e-01
-1.000000000000000000e+00
-2.443236153374805930e-01
-1.000000000000000000e+00
-1.000000000000000000e+00
1.000000000000000000e+00
3.459224142279881953e-01
1.000000000000000000e+00
4.800372484532648421e-01
-1.000000000000000000e+00
1.506166905249454180e-01
-9.122747087270736133e-01
-6.879570613937922019e-01
9.610145683095595581e-01
-1.000000000000000000e+00
-7.343497995069002693e-01
-1.000000000000000000e+00
1.000000000000000000e+00
-1.000000000000000000e+00
1.000000000000000000e+00
2.791674464265285760e-01
4.875619641156425654e-02
9.632198343835953747e-01
-1.000000000000000000e+00
3.978037402717635174e-01
-6.804508600815558639e-01
1.000000000000000000e+00
1.000000000000000000e+00
4.824887189564384116e-01
-1.000000000000000000e+00
-1.000000000000000000e+00
-1.000000000000000000e+00
-1.000000000000000000e+00
3.637267561612995692e-01
7.486977454846480695e-01
7.736458514223056859e-01
7.414091935450533022e-01
1.000000000000000000e+00
3.970754395608176446e-01
1.000000000000000000e+00
8.420607252907422735e-01
1.000000000000000000e+00
-2.897671032418245307e-01
-2.523368720676645305e-01
3.606132865476757710e-01
-4.837292883162114254e-02
5.760340504287255747e-01
-1.000000000000000000e+00
1.373949907173929175e-01
1.219192602769328393e-02
1.000000000000000000e+00
1.000000000000000000e+00
-1.000000000000000000e+00
1.000000000000000000e+00
1.000000000000000000e+00
1.000000000000000000e+00
-1.000000000000000000e+00
-1.000000000000000000e+00
-1.000000000000000000e+00
1.000000000000000000e+00
-1.609731836530310378e-01
-1.000000000000000000e+00
-1.000000000000000000e+00
-1.000000000000000000e+00
-1.000000000000000000e+00
-8.853455066682374142e-01
4.584238358136101255e-01
1.000000000000000000e+00
9.703271669915194408e-01
-1.000000000000000000e+00
-1.000000000000000000e+00
7.257377049009836600e-01
1.000000000000000000e+00
6.674316558583239800e-01
-1.000000000000000000e+00
1.000000000000000000e+00
1.000000000000000000e+00
-2.820517281510528385e-01
1.000000000000000000e+00
-1.000000000000000000e+00
1.000000000000000000e+00
1.000000000000000000e+00
1.000000000000000000e+00
3.464515230601573625e-01
8.687785224584343435e-01
6.676866663171854288e-02
-1.000000000000000000e+00
-1.000000000000000000e+00
-8.875620008441557074e-01
1.000000000000000000e+00
-4.695008959195381415e-01
8.773149152197604606e-01
2.331234689335998089e-01
-1.000000000000000000e+00
-4.506574652204279885e-01
1.000000000000000000e+00
-1.000000000000000000e+00
2.970645003565897668e-01
-1.000000000000000000e+00
8.472516103649893049e-01
-1.697166988921787745e-01
-1.000000000000000000e+00
1.000000000000000000e+00
-1.000000000000000000e+00
-1.000000000000000000e+00
-9.721223444662648872e-01
1.000000000000000000e+00
-1.000000000000000000e+00
1.000000000000000000e+00
1.091504507536284752e-01
6.632317457858172283e-02
1.000000000000000000e+00
3.909281317367883091e-01
9.263870007210769364e-01
6.145861854888591269e-01
4.487482569253621878e-01
-1.000000000000000000e+00
-1.000000000000000000e+00
1.000000000000000000e+00
1.000000000000000000e+00
-9.445402183534610252e-01
-1.000000000000000000e+00
-1.000000000000000000e+00
-7.940503440172597127e-02
1.000000000000000000e+00
1.000000000000000000e+00
-1.000000000000000000e+00
6.761870494660204844e-01
-6.701207190847591200e-01
1.000000000000000000e+00
7.960851236884827209e-01
-5.198887112319890980e-01
1.000000000000000000e+00
-1.000000000000000000e+00
-1.000000000000000000e+00
-9.846507195580653238e-02
1.000000000000000000e+00
5.036854956967541375e-01
4.902753364452985263e-01
1.000000000000000000e+00
-1.000000000000000000e+00
5.927130645750308124e-01
1.000000000000000000e+00
1.000000000000000000e+00
1.000000000000000000e+00
3.520749558895341913e-01
1.000000000000000000e+00
-4.792944858815532116e-01
8.537609322323991279e-02
-6.621101641886877331e-01
8.891094493274045441e-01
-5.497896894318299310e-02
7.657579192749420782e-01
-1.000000000000000000e+00
9.859195805316020578e-02
-1.000000000000000000e+00
-1.000000000000000000e+00
-1.000000000000000000e+00
-1.000000000000000000e+00
6.999698214198457613e-02
7.797927942485869401e-01
-1.000000000000000000e+00
1.000000000000000000e+00
3.831404477237958517e-01
8.387328629562040838e-02
2.414765959452538080e-01
2.121564619028710741e-01
-1.000000000000000000e+00
3.091673037951973013e-01
-1.000000000000000000e+00
-1.000000000000000000e+00
-1.000000000000000000e+00
-1.000000000000000000e+00
1.000000000000000000e+00
2.165960916597839958e-01
1.000000000000000000e+00
-3.315935947521542193e-01
4.545423161190950134e-01
1.000000000000000000e+00
6.403682371013035279e-01
1.000000000000000000e+00
2.601961742645135245e-01
5.090829828463198092e-01
4.408987828542435539e-01
1.000000000000000000e+00
8.865839585582140359e-01
-2.103367830500567637e-01
-9.419123315381527917e-02
2.151984250899063866e-01
5.474656633771998182e-01
2.921946277304909856e-01
