7.525235963575016562e-02
-7.138833255159722224e-01
-9.419402102539973232e-01
3.300765030542811562e-01
3.867185710322222914e-01
8.287562656100031511e-01
-4.885962210140648576e-01
1.082652616912582744e-02
7.212212308667993454e-01
2.679222233780114149e-01
1.855408742833415392e-01
1.704458954789600522e-01
-9.793975098909917243e-01
1.272501405227686178e-01
8.984593153401525534e-01
3.548512033341240102e-01
8.145412743692430624e-01
-9.409163563289104637e-01
5.051535755324010335e-01
-4.799700900441683515e-02
2.163564872049001941e-01
4.194697600025643069e-02
-1.600553233215500359e-01
-1.161763905777508654e-01
-6.732609190226823692e-01
-1.399994246873175197e-01
3.264302634462079578e-01
-2.377995142873106094e-01
5.160213180381552078e-01
4.033929760201138137e-01
-8.088213991254549207e-01
6.542943797391866934e-01
5.636388562439440530e-01
1.085520646590989458e-01
-4.626800103672963349e-01
-3.651224874412728472e-01
8.709340299042422906e-02
6.294207231737205532e-01
4.226602402474783915e-01
2.431703668450391209e-01
-3.640904193566549818e-01
1.829957936296964238e-01
-2.153856730891978710e-01
-4.098349939853740409e-01
9.663506256399867489e-02
7.569268007648195518e-01
-9.878830493485675213e-01
-6.818480154054300524e-01
6.693469350318581590e-01
-1.860496345609370383e-01
2.986107256200312143e-01
4.611028634993585840e-02
4.013381714307910908e-01
1.777896840480590601e-01
-4.849982017398535294e-01
-1.930710904866905775e-01
4.578981429693975702e-01
1.927693130380951914e-01
4.493555883319875210e-01
3.808252301155332642e-01
-8.000798831072339912e-01
-8.335299313316373304e-01
6.741010119582679927e-02
4.089550129094603470e-01
-8.347318795997318297e-01
7.781090204401053256e-02
1.393701988363920119e-01
9.398007561070276239e-02
6.961494011952962246e-02
9.622023417109217824e-01
-4.717707045670560539e-02
7.464756275347017578e-01
-8.293034723769869832e-01
4.814934624967530663e-01
-4.146540879317599515e-01
3.216477003327633533e-01
-2.502480509254261243e-01
-5.939125284084556533e-01
7.679716143116721572e-01
-8.042903840889996658e-01
2.582780495392187348e-01
-8.908523231494847039e-02
7.964404187827345272e-01
6.875828301555262367e-01
1.688091531252511324e-02
-8.354848390948288461e-01
7.248839507309683405e-01
-7.561600118337719056e-01
7.345069881492143349e-01
1.755324053123252792e-01
-1.532794056102735336e-01
-1.354201682137914364e-01
-5.419697776538470180e-01
1.514327055601367711e-01
-9.287806271013030468e-01
9.731893928304644614e-01
3.051394868348014100e-01
-7.718674174287021295e-01
-3.511770112894059270e-01
-6.722379357149914636e-01
5.637731697579293488e-01
9.797253808416228615e-01
-6.458862889991505707e-01
-3.378216469638475328e-01
-6.335453464423881353e-01
-3.612043128141686488e-01
-6.197956763928764712e-01
8.119045822414605595e-02
-4.280836938705705474e-01
-4.994898346488896301e-01
-4.326743201094676028e-01
8.857733137436258897e-01
1.999868934502657680e-02
-5.781636239523140208e-01
-9.119256446919652426e-01
-6.835754331411885154e-01
-1.424441208326889807e-01
-4.779715359049176993e-01
-2.600535549304971994e-02
-9.050704881092852538e-01
2.803557494254436122e-01
-7.600236063271603726e-02
9.281586173869094125e-01
2.732764169491901374e-01
9.177460277075089046e-02
1.396215365220947469e-01
-9.750148510369063271e-01
-9.122764151816975531e-01
-2.513151150781103293e-01
2.839367946627091577e-01
-8.076903299534603509e-01
1.145708563974050520e-01
7.457141374771010245e-01
-8.832726151758543143e-01
-6.468034021841684300e-02
8.706865815502236039e-01
-4.870773790932703129e-02
-9.601542101638433913e-01
2.234404293999601165e-01
-6.234829970302255830e-01
-1.778078700273277857e-01
-1.773651156740254642e-01
6.520127960144630475e-01
-7.047532857947933493e-01
-7.545752871096775838e-01
-4.104565685436976086e-01
8.162923846757763613e-03
7.881508678741822038e-01
2.523534964438747252e-01
5.970136527356793010e-01
3.815072127278458236e-01
3.107016442709931159e-01
-5.501614272790773530e-01
8.119069592567429439e-02
8.908185589165706908e-02
4.673433090465057838e-01
-7.729808507643887161e-02
-8.911300230465444283e-01
8.063655500147746125e-01
-8.813269402721783941e-01
3.815824381988373037e-01
-6.919340147772135019e-01
9.580761770002557132e-01
3.300355905823253444e-01
6.818770031322505254e-01
-2.975214071068368327e-01
-3.315958874733697659e-01
1.978087088787341408e-01
3.054656242618152273e-01
-3.363720543786676842e-01
2.983720213955523004e-01
2.836113028335467412e-01
2.509841438092277333e-01
-6.457084210949943781e-01
-4.443705602787699771e-01
-2.751076333532804785e-01
3.658911014365642256e-01
1.240708450631866633e-02
-7.428770936803832381e-01
9.283143296355411689e-01
-5.850736778155805062e-01
6.538369841477129629e-01
-8.367198857060123007e-01
8.744647852365339258e-01
2.341969801793144512e-01
-4.378100798666508808e-01
1.094397075432760325e-01
2.733776415364268519e-01
3.843208784628393548e-01
5.701236093143591255e-01
3.234364403468581450e-02
-2.627030705540713829e-01
-8.747753835242009224e-01
8.728593528624388753e-01
8.978696521168463285e-01
-4.988935214300806997e-01
6.392231294360288807e-01
-4.332106392713546139e-01
-2.787979167510370448e-01
5.971234606638171627e-01
9.020710078015754529e-01
3.688073378798277790e-01
-9.696922065349986575e-01
8.370517706629332366e-01
4.168056354618232540e-01
8.322004803064928513e-01
-3.965980349028255247e-01
-2.164546341287294506e-01
-3.407615236718979368e-01
-3.084660306074802349e-01
-4.388244210456675454e-01
-6.817580341436948466e-01
-5.105930911628997482e-01
6.028123668994151974e-01
-3.255558414759143204e-01
4.917177026847203702e-01
-1.023389493517197213e-01
-6.602274392108331558e-01
-8.468055467833459637e-01
-9.282708587174974824e-01
-8.583741605367394278e-01
-5.841602446680536076e-01
-4.123696551394859799e-01
8.729466764605211537e-01
-5.750894871645579887e-01
-1.364443771994952037e-01
6.766841903954319282e-01
2.315478585838217640e-01
-1.667605373975955541e-01
-4.805558128090448022e-01
4.627090089848562293e-01
7.562599330471733161e-01
6.128554937454435692e-01
6.063858328114124507e-01
9.770313965664512157e-01
-8.428438843574999062e-01
-8.151702776408531470e-01
6.691446497140798311e-01
9.427306565436828212e-01
-1.355993135825321882e-01
9.138696059668132143e-01
-4.050031976655952271e-01
1.335327335190636955e-01
-6.829215084738471386e-01
2.382489841000463571e-01
3.531561613246103626e-01
6.710241515165262793e-01
6.163982304135635637e-01
-6.899109757306740587e-01
2.102299620630234678e-01
-8.963200067455290299e-01
6.118335422903793397e-01
2.109930338613261736e-01
-9.445228546007642390e-01
-5.014808429573540671e-01
2.335592105752606340e-01
-3.324368159227990560e-01
1.491126799769886269e-01
-5.064809325702392950e-01
-5.096014723278969871e-01
-8.752206144756171646e-01
-8.337364046983357646e-01
4.785262751535970249e-01
2.796465141476995875e-01
-6.973980869786389203e-01
