-1.000000000000000000e+00
-1.000000000000000000e+00
8.088790367045038954e-01
-1.000000000000000000e+00
1.000000000000000000e+00
5.136457325761741854e-01
-7.699236340223809816e-02
1.632767254746383401e-01
4.130274982610651624e-02
-1.869099418656054445e-01
9.619958648440206650e-01
1.000000000000000000e+00
4.342621253450229535e-01
1.000000000000000000e+00
1.000000000000000000e+00
-4.701440109938372913e-01
-6.930114105747705588e-01
4.723905439564969333e-01
-6.283704321770540169e-01
9.140118381464212849e-01
-7.846854473325747259e-01
1.000000000000000000e+00
-1.597797672850992112e-01
-1.000000000000000000e+00
-8.521709041395197914e-01
8.608354623025964436e-01
-5.955129095023914410e-02
-1.883471195427351974e-01
-1.000000000000000000e+00
8.813769791851164825e-01
5.193517636086144584e-01
-3.127082894716133321e-01
5.713764038649171706e-01
-8.599878926562580794e-01
-8.907526414447154428e-01
-6.642198021995309176e-01
-7.656878049192050728e-01
1.000000000000000000e+00
-1.000000000000000000e+00
4.335277278306278737e-01
8.728956543109215316e-01
9.843165882120131771e-01
5.756785683882663651e-01
-2.744723957553867333e-01
1.000000000000000000e+00
-1.000000000000000000e+00
5.495518576792640664e-01
-8.943569683775143275e-02
1.000000000000000000e+00
5.431216173525974522e-01
1.000000000000000000e+00
8.374896885044169625e-01
-1.000000000000000000e+00
-1.000000000000000000e+00
6.140391064611658845e-01
1.000000000000000000e+00
-2.226938099255671988e-01
1.000000000000000000e+00
-1.000000000000000000e+00
1.000000000000000000e+00
-8.099045698916935709e-01
1.000000000000000000e+00
-4.954856508716481978e-01
-1.000000000000000000e+00
-3.053514915715540567e-01
-1.000000000000000000e+00
-1.000000000000000000e+00
-1.000000000000000000e+00
-9.424997438508617709e-01
-1.518517058228552319e-01
-8.408038927628503911e-01
-5.056958982935534364e-01
1.000000000000000000e+00
-1.000000000000000000e+00
5.161215062598675241e-01
1.000000000000000000e+00
-7.149779975207493088e-01
-1.000000000000000000e+00
2.212197410316252277e-01
6.593073006728428220e-01
8.717832491512123028e-01
-7.473522911442768146e-01
-1.000000000000000000e+00
1.000000000000000000e+00
-5.462113241848469691e-01
-1.000000000000000000e+00
1.000000000000000000e+00
-1.000000000000000000e+00
-1.674340668313036851e-01
7.117240725177470528e-01
9.981116222746049260e-01
-1.000000000000000000e+00
1.000000000000000000e+00
1.000000000000000000e+00
-9.776719477830411731e-02
5.869003083277384292e-01
-8.841261319921198125e-02
-1.000000000000000000e+00
1.000000000000000000e+00
-1.000000000000000000e+00
-2.727857080551286950e-01
-1.000000000000000000e+00
-5.582201249591343117e-01
-6.049908916710137197e-01
4.327822784190987204e-01
1.830422979115989834e-01
-1.000000000000000000e+00
1.000000000000000000e+00
1.000000000000000000e+00
-1.000000000000000000e+00
5.831270715655169079e-01
-1.000000000000000000e+00
-1.000000000000000000e+00
1.000000000000000000e+00
-1.000000000000000000e+00
1.000000000000000000e+00
1.000000000000000000e+00
-5.285395600419922069e-01
-5.196298033941764150e-01
-1.381865457504346528e-01
-2.413105967418722742e-01
3.051045577918626295e-01
-1.000000000000000000e+00
-9.121251134872926380e-02
7.381753976710370146e-01
-2.154994296063263981e-01
1.000000000000000000e+00
-6.422301131622472070e-01
-5.854532486665198210e-01
3.103329894627866459e-01
1.000000000000000000e+00
-1.000000000000000000e+00
-1.000000000000000000e+00
7.976461587928831420e-01
-5.826511083342683639e-01
1.000000000000000000e+00
-6.032491267153439196e-01
-1.000000000000000000e+00
1.000000000000000000e+00
9.241889213683088244e-02
-1.000000000000000000e+00
1.000000000000000000e+00
-6.712043762052996021e-01
1.000000000000000000e+00
7.752673820869275811e-01
-1.000000000000000000e+00
-5.269845438580504915e-01
-1.000000000000000000e+00
-6.703484755859276945e-01
3.166441251096487330e-01
-5.086120960144935310e-02
-5.114274977233013164e-01
1.000000000000000000e+00
-2.360856853061865657e-01
-1.000000000000000000e+00
3.862628228982842860e-01
6.989296393810615626e-01
1.000000000000000000e+00
1.000000000000000000e+00
1.000000000000000000e+00
1.000000000000000000e+00
-1.000000000000000000e+00
5.538773982400007068e-01
-1.000000000000000000e+00
1.000000000000000000e+00
-1.000000000000000000e+00
-1.000000000000000000e+00
1.000000000000000000e+00
-5.157329274349908843e-01
-6.842085844290068941e-02
1.000000000000000000e+00
1.000000000000000000e+00
5.790416536038011097e-01
-7.517037981385273904e-01
-6.907823002781909860e-01
-1.000000000000000000e+00
-7.545563596214786006e-01
-1.000000000000000000e+00
-1.000000000000000000e+00
1.000000000000000000e+00
-6.221228410662027475e-01
1.000000000000000000e+00
4.507081257508150918e-01
-1.000000000000000000e+00
-7.138027556669257478e-03
-1.000000000000000000e+00
-1.000000000000000000e+00
-3.717671866086685872e-01
8.379689181616403193e-01
-1.000000000000000000e+00
1.000000000000000000e+00
-1.000000000000000000e+00
1.607534048646876990e-01
1.000000000000000000e+00
7.168697524011069522e-01
1.000000000000000000e+00
7.150742466931182539e-01
-1.000000000000000000e+00
5.017868674685128649e-01
-8.538955118422375534e-02
6.570476706635968167e-01
9.007301258156616974e-01
-6.089112289712987902e-01
-1.000000000000000000e+00
4.823672544446210297e-01
2.611224373068811722e-01
1.000000000000000000e+00
1.000000000000000000e+00
-1.000000000000000000e+00
-1.000000000000000000e+00
-1.000000000000000000e+00
9.565414945650542178e-01
-9.140231211941792777e-01
-1.958457988825024754e-01
3.967624086874069200e-01
1.000000000000000000e+00
9.280755699011145055e-02
-6.986396182364529306e-02
1.000000000000000000e+00
-1.000000000000000000e+00
-3.662698493862663329e-01
1.000000000000000000e+00
7.569849384025493233e-01
-7.858386187991711624e-01
1.000000000000000000e+00
-1.000000000000000000e+00
6.807856519093039571e-01
1.000000000000000000e+00
9.043956194284201722e-01
7.336180541832197921e-01
2.527855363432395253e-01
-5.446163437846347488e-01
3.983639042377398187e-01
6.109293454574014071e-01
2.293284082330784290e-01
2.155098034626499182e-01
1.000000000000000000e+00
-8.505827594111012857e-01
-3.723337994194677036e-01
2.866858965708840579e-01
1.000000000000000000e+00
-1.000000000000000000e+00
7.949463877635323250e-01
1.000000000000000000e+00
-1.000000000000000000e+00
1.000000000000000000e+00
-7.502295071596523091e-01
-1.000000000000000000e+00
-9.925617900724670317e-01
-9.372013017031123328e-01
-1.000000000000000000e+00
-6.954827846319333595e-01
8.446160741591886012e-01
-2.829292200100942400e-01
8.953154338168276549e-01
-8.606452837468960837e-01
1.000000000000000000e+00
-2.690285435899355537e-01
-1.000000000000000000e+00
1.983726289558890299e-02
-1.000000000000000000e+00
-1.000000000000000000e+00
-2.256793628381432715e-01
8.325101200440154781e-01
-5.825872658318522745e-01
