-1.000000000000000000e+00
7.605606260657059581e-01
-2.147040115338578470e-01
-1.000000000000000000e+00
-1.000000000000000000e+00
-1.000000000000000000e+00
9.838697150946507097e-01
-1.000000000000000000e+00
-3.629630754206974452e-01
1.000000000000000000e+00
-2.153448754446567193e-01
-7.845186696177564034e-02
-1.000000000000000000e+00
1.000000000000000000e+00
-1.000000000000000000e+00
1.000000000000000000e+00
1.000000000000000000e+00
-5.118311123194017043e-01
5.756489404151866607e-01
2.268869038902576740e-01
-4.967729438755948412e-01
3.747519119319355774e-01
1.000000000000000000e+00
-6.440898161194419380e-01
-1.000000000000000000e+00
1.000000000000000000e+00
-3.833789736532550174e-02
-1.000000000000000000e+00
-1.000000000000000000e+00
1.996686655004210609e-01
5.560396952895840794e-01
-7.231748790154164386e-01
4.900618793612967483e-01
1.423114532015798961e-01
-4.486554963195094614e-01
1.000000000000000000e+00
-1.000000000000000000e+00
-9.262138495712539665e-01
1.000000000000000000e+00
1.018298596595825778e-01
1.000000000000000000e+00
-1.000000000000000000e+00
1.000000000000000000e+00
1.000000000000000000e+00
-1.000000000000000000e+00
1.000000000000000000e+00
1.000000000000000000e+00
-1.000000000000000000e+00
-1.000000000000000000e+00
-1.000000000000000000e+00
-1.000000000000000000e+00
-1.813056599012367043e-01
1.000000000000000000e+00
1.000000000000000000e+00
2.147793349311399314e-01
-1.000000000000000000e+00
1.000000000000000000e+00
3.066624184822707710e-01
6.431632049222480996e-01
-1.000000000000000000e+00
1.000000000000000000e+00
-1.000000000000000000e+00
-6.592389314933239097e-01
-3.639499719067887384e-01
2.619356978136739844e-01
3.582620315582537573e-01
1.000000000000000000e+00
-1.000000000000000000e+00
1.000000000000000000e+00
-3.935773653679444095e-01
1.000000000000000000e+00
-6.423942699161411252e-01
1.000000000000000000e+00
-1.000000000000000000e+00
-1.251731960570943714e-01
-4.161067873655516780e-01
7.174392780919014445e-01
6.032384001091946057e-01
-1.000000000000000000e+00
-9.966078801456701441e-01
1.000000000000000000e+00
-9.221755583320813132e-01
-6.554659278081759188e-01
-5.035002855598186278e-01
1.393326664991018093e-02
7.768640147398941931e-01
-1.000000000000000000e+00
-2.007047337168055279e-03
1.293490587427949534e-01
-7.146983455847362166e-01
-1.000000000000000000e+00
3.638010444399810694e-01
5.820703730485803362e-01
2.530623541164848112e-01
-2.169990099755150226e-01
-1.000000000000000000e+00
1.000000000000000000e+00
4.703756064077118104e-01
-7.520037954581285655e-01
1.000000000000000000e+00
-1.000000000000000000e+00
1.348908575716554203e-01
-6.331663692187522452e-01
1.000000000000000000e+00
-1.000000000000000000e+00
1.840504852287041526e-01
8.959522744190023813e-01
-1.000000000000000000e+00
-6.926735752441932625e-01
-1.678451665771427681e-01
-1.000000000000000000e+00
1.000000000000000000e+00
-1.000000000000000000e+00
-1.000000000000000000e+00
1.000000000000000000e+00
7.667196687608015537e-01
1.000000000000000000e+00
2.871620351181125574e-01
-1.000000000000000000e+00
1.000000000000000000e+00
6.312525793374565986e-01
-3.405661936948576329e-01
7.139482845621821783e-01
3.898708303953646315e-01
1.000000000000000000e+00
1.000000000000000000e+00
-1.000000000000000000e+00
-1.596643888415084644e-01
-6.332014699636983046e-01
1.000000000000000000e+00
9.874360097369290212e-01
-1.077227595204441890e-01
4.370386709586668861e-01
1.000000000000000000e+00
-9.518572596182088841e-01
-1.837884894920099876e-01
1.000000000000000000e+00
-4.225731138545252286e-01
1.000000000000000000e+00
-5.253615502276119953e-01
-1.836406778373672610e-01
9.388990522850513276e-01
-1.000000000000000000e+00
1.000000000000000000e+00
-1.000000000000000000e+00
1.000000000000000000e+00
-3.773763757989858081e-01
2.954977333267294060e-01
6.254006601051048664e-02
1.000000000000000000e+00
-1.000000000000000000e+00
1.000000000000000000e+00
-1.000000000000000000e+00
1.000000000000000000e+00
3.240004037313882757e-01
-4.294886876145324051e-01
-5.825735602021629989e-01
1.000000000000000000e+00
-7.180356245605468146e-02
-8.783555739325032974e-02
4.432154030503074882e-01
8.621951015240153504e-01
1.000000000000000000e+00
8.986563778426058802e-01
-1.000000000000000000e+00
4.435621166123185910e-01
5.173693950428530641e-01
-1.000000000000000000e+00
-1.000000000000000000e+00
-1.000000000000000000e+00
1.000000000000000000e+00
5.925251419669566588e-02
-1.000000000000000000e+00
-1.000000000000000000e+00
-1.329467297943203175e-01
1.710131575188856279e-01
5.224340951006826161e-01
3.006889370801701933e-01
2.085185860040336125e-01
1.000000000000000000e+00
-1.000000000000000000e+00
7.283667255752603875e-01
-1.000000000000000000e+00
-6.097183501722716059e-01
2.489282032696625846e-01
1.000000000000000000e+00
-1.000000000000000000e+00
-1.000000000000000000e+00
9.980489012384544667e-01
-1.000000000000000000e+00
2.864850910289873376e-01
1.000000000000000000e+00
1.000000000000000000e+00
4.552060569356497499e-02
4.385738494483897298e-01
-1.000000000000000000e+00
-9.176694023649863974e-01
-8.756659050897486196e-01
-5.785625381000000234e-01
-1.000000000000000000e+00
-1.000000000000000000e+00
1.000000000000000000e+00
1.000000000000000000e+00
-1.000000000000000000e+00
-1.000000000000000000e+00
1.000000000000000000e+00
1.000000000000000000e+00
-1.000000000000000000e+00
-1.000000000000000000e+00
1.000000000000000000e+00
-2.375057957909315620e-01
-1.000000000000000000e+00
1.000000000000000000e+00
6.238589799939494585e-01
1.000000000000000000e+00
6.818701065037346964e-01
-1.000000000000000000e+00
2.829145294872474903e-01
5.925231676845282847e-01
1.000000000000000000e+00
-8.246453167218069646e-01
1.000000000000000000e+00
-9.174020615184349525e-01
-1.000000000000000000e+00
6.855431876409794345e-01
1.000000000000000000e+00
5.484319746998919110e-01
1.000000000000000000e+00
1.000000000000000000e+00
-2.204645231701241048e-01
-1.000000000000000000e+00
-6.532148407071010077e-01
-8.151587924683245667e-01
-3.803047873369098664e-01
4.825041192875780816e-01
2.743861849671330733e-01
-1.000000000000000000e+00
-6.647827488024864451e-01
1.000000000000000000e+00
-8.816214327721967337e-01
1.000000000000000000e+00
3.654033727897860184e-01
9.532430208904212332e-01
-4.313782414690237599e-01
1.879947102469505804e-01
-5.961813793262689121e-01
2.521895826944240415e-01
-1.000000000000000000e+00
1.000000000000000000e+00
-8.118144945135591373e-01
-8.879911907294066875e-01
1.000000000000000000e+00
-1.000000000000000000e+00
-9.010025389641201921e-01
4.290847092094124404e-01
1.241372206131383660e-01
-1.000000000000000000e+00
-4.408165734058218099e-01
-1.000000000000000000e+00
2.599919805068215961e-01
-1.000000000000000000e+00
-4.132610838905633188e-01
1.000000000000000000e+00
-1.000000000000000000e+00
5.160312038754782948e-01
