8.663715029898910736e-02
6.978140780692532186e-01
-1.344544162337564241e-01
6.321803153653573482e-01
-7.674924661938531401e-03
-3.692437102481394007e-01
-6.749841340262632272e-01
-6.069001444158561576e-01
1.612505719823298378e-02
9.676015798766270937e-01
4.736458338840723314e-01
-4.458072803843053933e-01
-4.350008735703505547e-01
-1.246827757028134975e-02
-2.660477714408020500e-01
-5.696181933398289932e-01
7.114599419586771223e-01
7.714874411012062616e-01
-1.073293693189796283e-01
6.431547909221759785e-01
-2.046972033866059082e-01
2.118214577057639936e-01
8.468828644960568752e-02
-7.366805784510896959e-01
2.976869988578920712e-01
2.440891620356839820e-01
-8.045210573490448880e-01
6.949454178356453404e-01
-6.974082224124735774e-01
4.377955835002054208e-01
5.151867259679057121e-01
-6.201925268279806502e-02
-6.900895065006154017e-01
-1.141910792877618430e-01
6.279414579483746373e-01
-8.497361282060182930e-01
9.651124415335103901e-01
-8.932803860623437231e-01
-6.142125401411628882e-01
-6.987925302437081321e-01
-1.469115722222313902e-01
-6.335783028177570664e-01
9.956222522642013129e-01
1.211368371634020669e-01
-2.666504324336693710e-01
-5.765886375841380307e-01
3.513636386818541624e-01
8.559885708794159331e-01
9.210799686774371331e-01
1.834460614896735731e-01
9.052377408345975152e-01
-3.507138072634132797e-01
-3.132652062641112511e-01
-9.996773910957064135e-01
-1.703245042453442881e-01
-8.357441403955334636e-03
8.120673971537151203e-01
-5.556153289009786445e-01
-8.717077292028996283e-02
9.043792896333813225e-02
8.081069457982015258e-02
-5.971903626542649501e-01
-8.753395641457784038e-02
3.791933464116146180e-01
6.800708777621800039e-01
-4.386447179614354486e-01
-4.815104703590586954e-01
-1.761497050215605764e-01
9.355428076544183291e-01
-9.263786161059359703e-01
-8.778376592893599728e-02
-5.770888703696395172e-01
5.333083688042483672e-01
7.557869328048874014e-01
1.108528028679347521e-01
3.454424571427354707e-01
1.687073480277501147e-02
9.956023759328043177e-01
8.277664291984321299e-01
9.941736395824292138e-01
5.079311683282170531e-01
-1.322406299748277725e-01
2.249943862832104458e-01
4.062351067418192851e-01
-5.043412385932530828e-01
2.600835855899605864e-01
-1.415112608424715646e-01
-5.491669067822413375e-02
-1.808251240415561512e-01
8.512563459972333213e-02
8.084163681199678653e-01
-7.743825446979895055e-01
-2.882843532861980584e-01
8.416754916395947639e-01
-7.181608072469041204e-01
-1.151047048725108990e-01
-9.429884387738185492e-01
5.742792894261830039e-01
-7.628135019802979588e-01
-3.100320361423849480e-01
4.558456720689634256e-01
8.857063906800057840e-01
8.874343605628860487e-01
4.668901267690972468e-02
-1.999788590358955176e-01
-4.884289376863826249e-02
6.362347638692369411e-01
-2.056940817544101741e-01
8.907980442595235804e-01
-5.206589619987991302e-01
6.598821842238353774e-01
-5.452779222407526660e-01
4.569352267107262833e-01
4.901095268893200796e-01
9.798937045630504716e-01
-9.377069074926096537e-01
5.230711367659492961e-01
4.556043750382714475e-01
-9.406255447942524217e-01
-9.335774029236809657e-01
-7.245684559470348951e-01
-8.065706838465234174e-01
9.113301153333885907e-01
8.923157482787609229e-01
-8.201764532642523697e-01
3.551170272525767668e-01
-3.910470607275213784e-01
-1.043919830225239487e-01
7.630677205750939773e-01
-5.032091394167979015e-01
-7.974228937255400940e-01
-1.134300024958891928e-01
-4.220827448393389414e-01
4.807554233976021330e-01
-7.729452533687515281e-01
-4.446809475935762368e-01
9.283705875556054199e-01
-3.752361344239345531e-01
2.905389413881271921e-01
9.340567259555758728e-01
-8.385503894760035770e-01
1.785837007484221139e-01
3.791817364348739616e-01
9.549604630904386937e-01
-5.646862198268542965e-01
-4.895615371017969508e-02
-7.487967985080092870e-01
-3.953477217255096932e-01
3.769711553591164055e-01
-4.281188585920454592e-01
9.209508749750339174e-01
-6.167950467683214200e-02
4.284980132473676928e-01
1.531300680352631893e-01
-1.605012075255249915e-01
-2.886363598340269121e-03
4.232628224918872917e-01
8.314621527567229720e-01
2.895451261009140964e-02
-2.083581214369811807e-01
-6.568822906184768051e-01
6.195688346604004693e-01
5.824123685613646906e-01
-1.908636938285543927e-01
9.076026856779983998e-01
5.663648428579661775e-01
3.779259659020623996e-01
-5.762900536214015101e-01
6.248624978195345125e-01
4.248050740072755183e-01
-4.433511252348232290e-01
6.142147065730165778e-01
3.360705140217992160e-01
-7.768903879839246240e-01
2.094744632484404345e-01
-1.561699274262906556e-02
-2.714229624176409672e-01
-6.967668713638728306e-01
-3.711747548763233429e-01
-4.765931541019221562e-01
7.321429789394529042e-01
-6.022512693598376377e-01
-5.090807804787980118e-01
-1.571509385298908157e-02
-5.774731664878673953e-01
6.440755753596141275e-01
-3.861177433398823577e-01
-4.660986405250293618e-01
-5.689399182000232091e-01
5.040165263332485601e-02
-1.165323491997731775e-01
1.339819730975990719e-01
6.701166401727676192e-01
-2.146124759407435079e-01
1.511739220334271661e-01
-1.062290108748817907e-01
7.540913132404880592e-01
-7.182669505073422389e-01
-5.588110119045472945e-01
-1.401201209938871539e-01
4.441936148423466513e-01
-9.506449252939370709e-01
6.484869825769823404e-01
-1.448475716590347240e-01
3.836761510867268132e-01
4.182753709759667871e-02
4.923392778355828447e-01
-9.878670775973277252e-01
-6.374177335919761767e-01
-1.313626366292903747e-01
3.301839909157406883e-01
2.254367780024535417e-01
1.870541744898410741e-01
8.843326113475926675e-01
8.274170422502271638e-01
-7.379632644897522464e-01
1.037963602229308169e-01
6.348736108352281970e-01
-6.450884227481683553e-01
7.614651948169968154e-01
5.690854522782295977e-01
3.195428809617930632e-01
1.929285935206483948e-01
9.510414279284147288e-01
6.879721267138791951e-01
-7.838864739316304675e-01
8.176155832700904291e-01
4.299494605689280213e-01
-3.478762279880103225e-01
-9.310990624609059019e-01
-5.414146283238292501e-01
-9.666256757843427749e-02
-4.678999591802182056e-01
8.649789220459089822e-01
4.809456849011111146e-01
-2.914138884517794015e-01
-5.457880925654017279e-01
-2.799892406618860186e-01
-8.177822394304179454e-01
-1.713711101382155988e-01
-5.230022578821764689e-01
4.235022936239634106e-01
5.484200265832810395e-01
6.607834058842276814e-01
-3.245831704028059317e-01
-1.592139881524698986e-01
-5.925548413717935947e-01
-9.197247441305649307e-01
-5.053813514748808355e-01
-7.771731734580178408e-01
8.072804871672478733e-02
9.152549347369314248e-01
-4.512798898739347475e-01
-4.263314333786347721e-01
-3.938587218138931423e-01
-5.247343697820858743e-01
8.296977054447758348e-01
-7.779547358919023381e-01
-1.084289182745024060e-01
-2.494196666165371390e-01
-4.605327504402556560e-01
-6.379186718733043104e-01
-3.174864218018551565e-01
4.032177400115211086e-01
9.938530063877766274e-01
