-1.000000000000000000e+00
-1.000000000000000000e+00
-1.000000000000000000e+00
9.465827938383281071e-01
-6.146102669279602804e-01
4.879650795598475810e-01
9.662373066437047742e-01
-1.000000000000000000e+00
-4.799108365211990357e-01
1.000000000000000000e+00
1.000000000000000000e+00
-1.000000000000000000e+00
-1.000000000000000000e+00
1.000000000000000000e+00
-9.146194838915628900e-01
1.000000000000000000e+00
-1.000000000000000000e+00
1.000000000000000000e+00
1.000000000000000000e+00
1.000000000000000000e+00
-1.000000000000000000e+00
1.000000000000000000e+00
-1.000000000000000000e+00
1.000000000000000000e+00
3.881537409304502972e-01
-1.000000000000000000e+00
1.000000000000000000e+00
1.000000000000000000e+00
-3.939207739669410291e-01
-1.000000000000000000e+00
-1.000000000000000000e+00
-1.000000000000000000e+00
5.637898967040771980e-01
-4.196905401437742711e-01
-1.000000000000000000e+00
-1.000000000000000000e+00
-1.000000000000000000e+00
3.042979407707124828e-02
1.000000000000000000e+00
-1.432884502939543447e-01
6.871547074480802708e-01
7.404602888490703361e-01
5.428332049364589795e-02
1.000000000000000000e+00
-2.045929394275750324e-01
1.000000000000000000e+00
2.591439494108718211e-01
5.302990924126201044e-02
9.012188549785750125e-01
1.000000000000000000e+00
1.000000000000000000e+00
1.357989751049439864e-01
-7.296930562894543559e-01
-5.597799111944072870e-01
-5.371865828863608971e-01
7.180353007868540693e-01
1.000000000000000000e+00
-1.000000000000000000e+00
-8.916539078479965852e-01
-7.960059119377871362e-02
-2.749879583192866850e-01
-7.174086208199780268e-01
-3.911302694009897163e-01
1.000000000000000000e+00
5.726823764136421691e-01
-1.000000000000000000e+00
2.506098987263708500e-01
1.000000000000000000e+00
-1.000000000000000000e+00
1.000000000000000000e+00
3.371023994742741170e-01
1.000000000000000000e+00
1.000000000000000000e+00
-1.000000000000000000e+00
-1.000000000000000000e+00
1.000000000000000000e+00
-1.000000000000000000e+00
2.826013562637111898e-01
1.000000000000000000e+00
-1.000000000000000000e+00
1.164419904891633717e-02
4.724213737980419436e-01
-1.000000000000000000e+00
1.000000000000000000e+00
1.000000000000000000e+00
1.000000000000000000e+00
1.008423422368871503e-01
-7.376921265229658964e-01
1.000000000000000000e+00
-1.000000000000000000e+00
7.096596921095112975e-01
1.000000000000000000e+00
-1.000000000000000000e+00
4.782638752119415804e-01
-4.361161010158881579e-01
1.000000000000000000e+00
-1.000000000000000000e+00
6.006615098840299982e-01
1.000000000000000000e+00
8.434120618835423411e-01
-8.465723761921990498e-01
-4.675128076851897685e-01
1.000000000000000000e+00
1.000000000000000000e+00
1.000000000000000000e+00
1.000000000000000000e+00
-7.578908128760686314e-01
-1.419104237247281741e-01
-1.000000000000000000e+00
-4.211183817665699047e-01
-1.000000000000000000e+00
1.000000000000000000e+00
7.820949069634010042e-01
-1.000000000000000000e+00
-4.720355913269650983e-01
8.972262987781915999e-01
-1.000000000000000000e+00
-1.000000000000000000e+00
-1.000000000000000000e+00
1.000000000000000000e+00
-3.168399079821101472e-01
5.765640591512969371e-01
-1.000000000000000000e+00
1.000000000000000000e+00
1.000000000000000000e+00
-1.000000000000000000e+00
-2.063639658828042567e-01
3.683021296924695043e-01
-9.937965047137591323e-01
-2.237042662495644929e-01
-2.924830198617967003e-01
-1.000000000000000000e+00
1.000000000000000000e+00
1.000000000000000000e+00
8.128353192786975656e-01
1.000000000000000000e+00
1.000000000000000000e+00
-6.968782427350242448e-02
-1.000000000000000000e+00
1.000000000000000000e+00
-5.181886431893415468e-01
-1.000000000000000000e+00
1.000000000000000000e+00
-9.132980974228150917e-01
4.519366881197134922e-01
-4.874966990559039814e-01
8.737887890509252742e-01
1.000000000000000000e+00
1.000000000000000000e+00
-1.000000000000000000e+00
6.790451161355506304e-01
1.364376517444457759e-01
6.930926057577245780e-01
-1.000000000000000000e+00
-1.000000000000000000e+00
-6.662601715909655109e-01
-6.813713505606751042e-01
4.565299114537723080e-01
1.000000000000000000e+00
-1.000000000000000000e+00
1.000000000000000000e+00
-8.487727075377877739e-01
-1.000000000000000000e+00
7.574253204338118328e-01
1.000000000000000000e+00
-8.522915421856860352e-01
-8.111649591137106707e-01
-3.689472350663511868e-01
1.000000000000000000e+00
-1.000000000000000000e+00
-1.000000000000000000e+00
-1.000000000000000000e+00
-2.164826552845367513e-01
1.000000000000000000e+00
-3.922773503571792553e-01
1.000000000000000000e+00
-1.000000000000000000e+00
1.000000000000000000e+00
-1.000000000000000000e+00
-1.000000000000000000e+00
-1.784617925247231618e-01
-1.000000000000000000e+00
1.000000000000000000e+00
-1.000000000000000000e+00
-6.541653235506257325e-01
1.000000000000000000e+00
-1.378799812207741615e-01
-1.000000000000000000e+00
1.000000000000000000e+00
5.326498289575609668e-01
6.317116858183269290e-01
-4.693510909509508444e-01
-4.336418103641156430e-01
-1.000000000000000000e+00
-1.000000000000000000e+00
1.000000000000000000e+00
-2.186917863200635859e-01
1.000000000000000000e+00
6.581557424621247154e-01
1.000000000000000000e+00
-1.000000000000000000e+00
-1.000000000000000000e+00
-1.000000000000000000e+00
1.000000000000000000e+00
2.911539191872417609e-01
-2.191598934462568593e-01
-1.413634541238785458e-01
4.058681131308704559e-01
-1.000000000000000000e+00
3.235012309439022626e-02
-1.000000000000000000e+00
6.101351645376484889e-02
1.000000000000000000e+00
1.000000000000000000e+00
7.941298927496271975e-01
9.096097535691827218e-01
-1.000000000000000000e+00
1.000000000000000000e+00
1.000000000000000000e+00
-1.493604492393876271e-01
-2.267740319589440778e-01
2.801188338519883247e-01
4.514857065981638939e-01
-5.350557296286035935e-01
9.178016830558405337e-02
-2.946614376591103479e-01
-1.000000000000000000e+00
1.574365853897927714e-01
1.000000000000000000e+00
-7.743262997018298677e-01
-1.000000000000000000e+00
2.130968734778367901e-01
-1.000000000000000000e+00
8.554791665381621391e-01
1.000000000000000000e+00
1.000000000000000000e+00
1.735950710709574518e-01
-6.395112608557548262e-01
-1.000000000000000000e+00
7.877028403234316301e-01
-3.908699411502974952e-01
-1.000000000000000000e+00
1.000000000000000000e+00
6.140174495675079225e-01
-1.464014141464871632e-01
-3.065079634460508018e-01
1.000000000000000000e+00
-1.000000000000000000e+00
1.000000000000000000e+00
-4.078595521536151902e-01
-6.431459965600269113e-01
-9.168881569904399065e-01
1.000000000000000000e+00
-6.903704762664122363e-01
-4.161966622539411409e-01
9.496472453424310567e-01
-6.197047118296220569e-01
1.000000000000000000e+00
1.000000000000000000e+00
-1.000000000000000000e+00
1.000000000000000000e+00
-7.829671142714880183e-01
1.000000000000000000e+00
1.000000000000000000e+00
1.000000000000000000e+00
