-1.000000000000000000e+00
-4.054071289675755807e-01
-3.908634163153889007e-01
-2.692505443642188023e-01
-6.591374267871230597e-01
-2.244576786903835219e-01
-7.250500686449143917e-01
-7.703085562652154383e-01
5.609559631831668725e-01
-7.308581333045777173e-01
7.279221863962368477e-01
-6.640160594067003874e-01
-3.930472440474308549e-02
-1.000000000000000000e+00
-8.690178782390809431e-01
-3.624566111148950220e-01
3.814505707260780198e-01
9.872377419402398324e-01
-2.117461097094037736e-01
1.561980722540078359e-01
4.191179604872652398e-01
-5.544271540447871516e-01
-8.682303938084449113e-01
3.457266014974580415e-02
4.720808627505124200e-01
-8.255635847653670645e-01
-5.088620590983561343e-01
1.000000000000000000e+00
3.954947782078717111e-01
3.979606496139238558e-01
-4.985997316740820029e-01
8.875265080238110560e-01
6.903024615885244852e-01
2.255774022367940113e-01
5.178350545268710636e-01
-7.973780434257393690e-01
6.116869185870458248e-01
-5.674172085675057708e-01
-7.046652488909601608e-01
-6.091291480466864972e-02
-6.599723878250216558e-01
-1.464614716744085943e-01
2.318898485374076834e-02
4.957952206768410086e-01
5.843196640373118367e-01
-1.000000000000000000e+00
3.849792327257550717e-01
1.589451905713069602e-01
2.386008484841245503e-02
-2.351748146435028719e-01
9.976451511450297183e-01
6.265217108158505077e-02
9.248589284820289969e-01
-3.997619420019238312e-01
4.755153108772978143e-01
8.349706260571811978e-01
-2.174184731202495335e-01
-3.560185811471394679e-01
7.525827084937757316e-01
8.610457774746815840e-01
-5.596088562282846013e-01
-1.000000000000000000e+00
-1.729575524748869775e-01
5.673655547947220601e-02
-9.255664132115963838e-01
-9.935873805874413378e-01
-8.504219901601046683e-01
3.014889264451197093e-01
1.710652308311908509e-01
3.858418230081850364e-02
-1.000000000000000000e+00
2.577519991592391868e-02
-7.721765655896034586e-01
4.911255395200342377e-01
5.626893290988710383e-02
-7.821611237116246063e-01
4.626155551728261539e-01
-4.185263683745163998e-01
7.343063907628399889e-01
4.827531798495676707e-01
-9.940949216140475553e-01
7.501577749598515865e-01
-8.419348847775749434e-01
5.724550813536140037e-01
-8.285885014906559931e-01
-1.454167739859779651e-01
-8.308259704303087023e-01
2.855460769769300189e-01
-7.148391484405960394e-01
-8.118523071584011763e-01
-6.759600079720502475e-01
-2.338182296507407276e-01
1.000000000000000000e+00
4.170310290223315786e-01
-9.020265120051946806e-01
7.151648854956209611e-01
1.359733254813757508e-01
3.200767481013935267e-01
5.196308120023618304e-01
8.671565923157853462e-02
9.639747808985699162e-01
2.072159248746907600e-01
-5.372605886794128427e-01
-3.183818035900913834e-01
-9.808397408861477818e-01
2.855333481230859505e-01
-2.473325106252416972e-01
9.914110010735972534e-01
1.000000000000000000e+00
-8.539865191729725247e-01
1.056261202337449578e-01
-2.578269848136296449e-01
-6.781187763519407330e-01
-5.520812912642325543e-01
9.320938176202564485e-02
8.759904070434052503e-01
-7.493882258161987941e-02
1.125340763811335520e-01
-2.857303443144918464e-01
-6.120523885856115065e-01
-6.952482013317451415e-01
-5.875933639046417856e-01
-3.349033094977442726e-01
7.705029191997310178e-01
2.038558486765618127e-02
-1.790924954853709838e-01
4.347008854108731501e-01
7.284669866315762743e-01
1.000000000000000000e+00
3.211487661908101199e-01
3.640993921919821741e-01
-2.595861986948624356e-01
-5.096737545285241477e-01
3.590129093839509178e-01
4.649874580691768511e-01
-9.974943264527080800e-01
9.623907033059073690e-01
1.000000000000000000e+00
3.135980880930936410e-01
-8.743567458899899059e-01
-2.739529348747915538e-01
9.649821440437609255e-01
-5.154173715590140148e-01
-3.176675273134494937e-01
-7.488413649663541172e-01
1.138285100904861125e-01
-1.000000000000000000e+00
6.541854622056921809e-01
2.609279520968745825e-01
2.804017384401129576e-01
1.000000000000000000e+00
4.871850748166981493e-01
-6.437476717551240402e-01
-7.268784253138471652e-01
4.323881130246540749e-01
-3.883609234325950954e-01
6.688531765848839683e-01
-5.717629194548767835e-02
-3.572282363357335289e-01
1.000000000000000000e+00
-8.676516720671059169e-01
-5.801503865056698572e-01
5.749348551120636586e-02
-7.154036342685785588e-01
4.230764103746817995e-01
5.807262925410299204e-01
-3.798459073323814383e-01
-9.672940252493451574e-01
1.981276964240477056e-01
9.256438429599000983e-02
3.368506897334568873e-01
-8.300875237402174367e-01
-7.329318099733326264e-01
6.613042146789687159e-01
9.722507912523781215e-02
-5.171423675121789021e-01
9.478027982768623128e-01
-1.680170644257328316e-01
-3.242824332686962130e-01
5.420179243997269580e-01
4.627469249020423891e-01
9.955232855103308687e-01
9.254520842172275774e-02
2.466182914811660964e-01
5.780912755981029161e-01
-8.551699020178962218e-01
2.625269891145296519e-01
7.105306805629929556e-01
3.461147405406539423e-01
-3.074444905017061913e-01
-5.057172425233351643e-01
-1.261121920233922999e-01
-2.638305144250474576e-01
-3.242109543294529050e-01
-6.358923084229379796e-01
4.222394753310632076e-01
7.046337916725398109e-02
-7.645558309773228256e-01
1.109185108067949344e-01
-8.279401337627307900e-01
-6.273855536363717178e-01
9.834822533171769798e-01
-2.906880457849205790e-01
-1.810764805243632036e-01
5.561759916784281277e-01
-1.000000000000000000e+00
9.312762960896596720e-01
-8.117501250343968078e-01
7.408778339330297502e-01
-1.840899094526282642e-01
-9.989171809469417074e-01
-1.000000000000000000e+00
7.538272979070090862e-01
-6.144059697920947194e-01
9.269109913557340708e-01
-6.084169558597007921e-01
1.738887244063525017e-02
8.638025051552919997e-01
2.868952413012466618e-01
-3.729452048826360500e-01
3.248507739329515864e-01
-1.806961908973867548e-01
-4.829664275038800803e-01
-2.994662083465842173e-01
1.000000000000000000e+00
4.633427784406931593e-01
-4.864013764934234096e-01
-4.515976348631967063e-02
-3.418278284898629282e-01
3.789714471619236580e-01
-1.000000000000000000e+00
8.527509244374611441e-01
1.553908745494356758e-01
1.000000000000000000e+00
-8.894467814625317548e-01
3.633500419841453333e-01
5.310843988083491229e-01
3.400328112222665844e-01
-7.379727070359993757e-01
1.252958145563496384e-01
-4.306647138727358604e-01
9.604439350222602201e-01
2.210575378049119966e-01
-4.501293227069862457e-01
9.436561364836131283e-01
-4.090879757914789305e-01
1.000000000000000000e+00
4.937957990188728274e-01
5.475074740260224004e-01
4.396466018952271959e-02
3.761876454284551752e-01
5.835554472277622029e-01
1.000000000000000000e+00
2.461530274985181954e-01
4.491912659429553312e-01
9.794225395413491686e-01
-7.241910184312381205e-01
-7.711685613786243287e-01
5.176982129447738057e-01
-9.154202815340668486e-01
2.627594162302271386e-01
2.494122683676860408e-01
-7.129717311095293830e-01
5.306413408303194412e-01
6.749445285155275531e-01
