-4.750287522029589260e-02
5.069159156951399403e-01
7.587884293996974838e-01
-3.580145461699644205e-01
-8.725060696703619278e-01
3.136317124203806261e-01
-9.729180077897341405e-01
-1.000000000000000000e+00
-3.503005405250853022e-01
-1.000000000000000000e+00
5.918292663702251488e-01
9.323736984745945033e-01
-1.002412383278727948e-01
-1.000000000000000000e+00
3.437542797136443617e-01
7.706988466335236154e-01
-1.000000000000000000e+00
6.907143725251871924e-01
-2.465183245239894738e-01
1.000000000000000000e+00
2.395144081451764384e-01
1.000000000000000000e+00
-1.000000000000000000e+00
9.104990854745631523e-01
1.769371484037147724e-01
9.320052932813289726e-01
-1.000000000000000000e+00
-1.000000000000000000e+00
-1.000000000000000000e+00
-7.038928772607888629e-02
7.833518995138648577e-01
-8.799187479490644392e-01
-1.000000000000000000e+00
1.000000000000000000e+00
1.000000000000000000e+00
4.431634609160280402e-01
8.187484083447360561e-01
5.165916298980999244e-03
-2.131047908355327980e-01
-6.741513516067334510e-01
1.000000000000000000e+00
5.785341579187321948e-01
6.627375483871273953e-01
8.217149417273628131e-01
6.657958331089197657e-02
-4.350881093571684621e-02
-6.386520912903830283e-01
1.000000000000000000e+00
1.000000000000000000e+00
-1.127722092220534433e-01
5.501462464255673090e-01
-9.846458219770266584e-01
-5.173778387840519688e-01
-1.859916845564255627e-01
3.739014219621700219e-01
-2.927997813779059100e-01
6.482063052175528473e-01
1.000000000000000000e+00
-7.969642691803613399e-02
-4.782634585935696681e-01
1.000000000000000000e+00
6.250978116056060685e-02
6.874837603795413976e-01
-1.258343654837930092e-01
2.863170286284314470e-01
5.047241017927661666e-01
-1.000000000000000000e+00
-5.953326703349205440e-01
1.000000000000000000e+00
6.940599991417727432e-01
-5.123478614528227393e-01
-5.739341612741994947e-01
-1.000000000000000000e+00
-6.758756428122953963e-01
5.347433709357420906e-01
-9.690358353076398146e-01
-1.000000000000000000e+00
-1.996287365684779047e-01
1.000000000000000000e+00
3.849809261935102089e-01
1.364396867575317085e-01
1.000000000000000000e+00
1.000000000000000000e+00
-5.547352900978899104e-01
-5.853648219211997628e-01
-1.081608240663911591e-01
-9.450408495510100870e-01
-1.000000000000000000e+00
2.541628398241064790e-01
-1.185143030791734886e-01
7.187685122372224900e-01
-2.922993271671054938e-01
-1.000000000000000000e+00
8.010707126391000132e-01
1.000000000000000000e+00
-1.000000000000000000e+00
-5.082122634319317100e-01
7.224594692609374036e-01
-1.000000000000000000e+00
-1.000000000000000000e+00
-1.000000000000000000e+00
4.581771254172057883e-01
-1.000000000000000000e+00
1.000000000000000000e+00
1.000000000000000000e+00
2.822792404741270023e-02
1.783206443383141271e-01
1.000000000000000000e+00
2.616348336151346210e-01
1.813877301403252762e-01
-2.653233427621297658e-01
8.581370247733677292e-02
-1.000000000000000000e+00
-2.691098283724491225e-01
-1.395958180640599622e-01
-1.000000000000000000e+00
-1.000000000000000000e+00
5.769250183833927181e-01
-3.075905585979762935e-01
-1.000000000000000000e+00
-9.390433540758857944e-02
-5.299238606823344355e-01
1.000000000000000000e+00
5.567973729109332304e-01
8.215125047083067233e-01
1.000000000000000000e+00
-1.000000000000000000e+00
-1.412893362723823820e-01
4.703794439568069752e-01
2.963647461509439918e-01
1.000000000000000000e+00
-5.877200686278394315e-01
2.941243663132129260e-01
8.256862380283063185e-01
-5.232408001689883292e-01
1.000000000000000000e+00
5.677666720933061129e-02
-2.237560718763511314e-01
-1.000000000000000000e+00
6.077385725467499000e-01
-1.000000000000000000e+00
-7.098959414135290746e-01
-6.452130551635355538e-01
3.860256477702050937e-02
-5.765838374397531663e-01
1.000000000000000000e+00
7.320059160201657367e-01
1.000000000000000000e+00
8.722776884035203793e-01
3.801203078925583512e-01
-5.630298358486010013e-01
-4.334130359021291512e-01
-5.177821333565192363e-01
1.000000000000000000e+00
1.000000000000000000e+00
4.212512669395855891e-01
2.354985411678096607e-01
1.000000000000000000e+00
-1.724841924632980472e-01
6.482020179752694400e-01
-2.606294569878644385e-01
1.000000000000000000e+00
1.000000000000000000e+00
1.420933810436395550e-01
4.843110324340211825e-01
-2.916903505661982976e-05
7.221084259828702834e-03
6.683095684240998313e-01
1.000000000000000000e+00
1.834359722955090088e-01
5.230058330019768942e-01
-9.126468232440638761e-01
1.504058303393946971e-01
1.000000000000000000e+00
2.912586892845335784e-01
9.388832748120754523e-01
1.000000000000000000e+00
6.277942298185827941e-01
-7.320302380593077807e-01
6.843947095501535793e-01
-3.860762913356104442e-01
-6.756894987548343057e-01
1.000000000000000000e+00
1.000000000000000000e+00
2.565263582577405610e-01
-4.060881895715039436e-01
3.223302040947895186e-01
-3.681326447351075948e-01
-8.328546053085086331e-01
1.000000000000000000e+00
-7.507110730140951205e-01
-6.938957723921468368e-01
-9.670579849224032465e-01
1.000000000000000000e+00
-1.000000000000000000e+00
2.389600624258965134e-01
6.563743818719158796e-03
-1.000000000000000000e+00
-4.342018614404359322e-01
1.000000000000000000e+00
-9.972875564376830759e-01
-5.986804869006668861e-01
1.506333758774887066e-01
-9.055281603267518742e-01
5.821368442778536156e-01
-1.000000000000000000e+00
4.773259978812282034e-01
-7.720262642017960975e-01
-1.000000000000000000e+00
-1.937532244482058630e-01
3.299889067862311065e-01
-1.000000000000000000e+00
4.527037967893085546e-02
6.133073763472920437e-01
-7.203833557700733969e-01
9.279798865463959601e-01
-5.850725574005133378e-01
4.388243573066126224e-01
-6.069966421972408099e-01
-4.677021431898364945e-02
-7.755285530088928958e-01
1.000000000000000000e+00
1.000000000000000000e+00
-9.878312055389850688e-01
-3.006036645266916274e-01
6.485754969224397648e-01
1.000000000000000000e+00
-1.000000000000000000e+00
-7.896314453394437383e-02
-4.034291882861031908e-01
-1.000000000000000000e+00
7.760635899860577336e-01
-1.255233787595950723e-01
9.047876800282629306e-01
-1.019850049206472153e-01
1.000000000000000000e+00
-1.000000000000000000e+00
9.975659095361892881e-01
7.781064523897298635e-01
1.972296486247284708e-01
-3.705094874691103879e-01
5.398119447095153234e-01
1.885342155219313920e-01
3.755771285844007323e-01
8.597535608703872345e-01
4.972585352585398022e-01
-6.196679851714913534e-01
-1.000000000000000000e+00
-5.175848812193282189e-01
-2.182851429696202050e-01
-6.976714079012606984e-01
1.000000000000000000e+00
2.202069442259352305e-01
-1.000000000000000000e+00
4.793656079787764757e-01
4.281894391515683740e-01
1.000000000000000000e+00
-2.133024692144938061e-01
-1.000000000000000000e+00
-2.104467326445602637e-02
-7.100633158312630311e-01
1.000000000000000000e+00
-7.035362704133553136e-01
6.911499302945569578e-01
1.000000000000000000e+00
