-3.240351633213772731e-01
1.000000000000000000e+00
-5.508424733578332066e-01
1.000000000000000000e+00
1.000000000000000000e+00
1.000000000000000000e+00
-1.000000000000000000e+00
4.534518377127506605e-01
7.242931235705274418e-01
-1.000000000000000000e+00
6.627756087564133924e-01
-9.320950171603663570e-01
-1.000000000000000000e+00
-3.917672427411371672e-01
-1.000000000000000000e+00
2.388721824802142457e-01
1.000000000000000000e+00
1.000000000000000000e+00
-2.940815631241816552e-01
1.000000000000000000e+00
3.086782412754336402e-01
7.941501833811915878e-01
6.719132913836215470e-01
1.000000000000000000e+00
1.000000000000000000e+00
-3.453346641709136300e-01
8.330912383137285548e-01
6.224405991442698571e-01
-1.000000000000000000e+00
-1.000000000000000000e+00
7.708726175207030185e-01
-1.000000000000000000e+00
-1.000000000000000000e+00
2.227628063884508069e-01
-1.000000000000000000e+00
-1.000000000000000000e+00
-9.600955729408888750e-02
3.451425408096924219e-01
-1.000000000000000000e+00
-1.000000000000000000e+00
-7.350812274241507183e-01
-1.000000000000000000e+00
1.000000000000000000e+00
3.428733550056228818e-01
-4.567828537930886945e-01
-5.971920214863264409e-01
1.000000000000000000e+00
1.765035166168632819e-01
-1.000000000000000000e+00
8.635404029570060702e-01
5.282480138887585275e-01
6.892658887794027578e-01
2.357952656973105743e-02
1.000000000000000000e+00
-1.000000000000000000e+00
1.903580380329624178e-01
1.000000000000000000e+00
1.000000000000000000e+00
-1.000000000000000000e+00
-1.000000000000000000e+00
-6.351696335784687841e-01
1.210364005934266851e-01
9.183487128677059186e-01
6.262435037429663343e-01
-1.000000000000000000e+00
1.000000000000000000e+00
1.000000000000000000e+00
-8.324469909013987312e-01
1.000000000000000000e+00
1.000000000000000000e+00
1.000000000000000000e+00
1.000000000000000000e+00
7.828750710510987698e-01
1.000000000000000000e+00
-2.710093753674980288e-01
1.000000000000000000e+00
-5.946837686926859101e-01
1.000000000000000000e+00
1.000000000000000000e+00
-1.000000000000000000e+00
1.195993771745640366e-02
-4.258573303119860820e-01
-6.991048993824660052e-01
-1.000000000000000000e+00
1.000000000000000000e+00
-1.000000000000000000e+00
3.079973274419797180e-01
1.119282324441452925e-01
1.000000000000000000e+00
-1.000000000000000000e+00
-1.000000000000000000e+00
-5.782475093232067875e-01
1.000000000000000000e+00
-1.000000000000000000e+00
1.000000000000000000e+00
1.450521275287254275e-01
7.208239507096085852e-01
-4.013855148957254371e-01
1.000000000000000000e+00
4.906096694649909606e-01
-6.932984397116823683e-01
1.000000000000000000e+00
-2.929106989485624202e-01
1.000000000000000000e+00
-1.000000000000000000e+00
-1.000000000000000000e+00
-1.000000000000000000e+00
-1.000000000000000000e+00
1.000000000000000000e+00
1.000000000000000000e+00
1.000000000000000000e+00
1.000000000000000000e+00
1.000000000000000000e+00
1.926775964179636702e-01
1.000000000000000000e+00
1.000000000000000000e+00
-1.000000000000000000e+00
1.000000000000000000e+00
-1.000000000000000000e+00
1.000000000000000000e+00
-1.000000000000000000e+00
1.000000000000000000e+00
-1.000000000000000000e+00
-1.000000000000000000e+00
-4.367443791489346028e-01
-1.000000000000000000e+00
-1.000000000000000000e+00
1.000000000000000000e+00
1.000000000000000000e+00
-1.000000000000000000e+00
-1.000000000000000000e+00
9.432122476397729605e-01
3.894017566715296530e-01
-1.000000000000000000e+00
1.000000000000000000e+00
1.000000000000000000e+00
-1.000000000000000000e+00
-3.674567879803909420e-01
1.000000000000000000e+00
-3.384449116347409969e-02
1.000000000000000000e+00
-1.000000000000000000e+00
7.298514380560661152e-02
-8.820506869799022986e-01
-1.000000000000000000e+00
8.346634598193103383e-02
-1.000000000000000000e+00
-1.000000000000000000e+00
-1.000000000000000000e+00
1.000000000000000000e+00
-1.000000000000000000e+00
1.000000000000000000e+00
-1.000000000000000000e+00
-1.000000000000000000e+00
-7.599434634033660485e-01
-1.000000000000000000e+00
-1.000000000000000000e+00
-1.655305642103188646e-02
-1.000000000000000000e+00
7.345664359328338833e-01
7.058627580797808276e-01
-2.222091445546928723e-01
-1.000000000000000000e+00
1.000000000000000000e+00
1.000000000000000000e+00
-1.000000000000000000e+00
1.000000000000000000e+00
1.000000000000000000e+00
-4.233002926056622650e-02
-1.000000000000000000e+00
-1.000000000000000000e+00
1.000000000000000000e+00
1.000000000000000000e+00
1.000000000000000000e+00
1.000000000000000000e+00
9.471846436040889383e-01
-1.000000000000000000e+00
-1.000000000000000000e+00
1.000000000000000000e+00
6.109070903243913886e-01
-1.000000000000000000e+00
-1.000000000000000000e+00
9.561720818080007289e-01
-1.000000000000000000e+00
-1.000000000000000000e+00
-1.000000000000000000e+00
8.124207506771563558e-02
-3.929781867788457173e-01
-1.000000000000000000e+00
-1.000000000000000000e+00
1.000000000000000000e+00
-1.000000000000000000e+00
5.715968535179882792e-02
-5.932597523959421970e-01
-6.053493559938312174e-01
-9.322039418450177584e-01
-4.973641920663716132e-01
-1.000000000000000000e+00
-1.000000000000000000e+00
1.000000000000000000e+00
-1.000000000000000000e+00
-1.000000000000000000e+00
1.000000000000000000e+00
-1.000000000000000000e+00
-1.000000000000000000e+00
-1.000000000000000000e+00
-8.840097668956405919e-01
1.000000000000000000e+00
-2.050541977559843243e-01
-8.272301655836280521e-01
-1.000000000000000000e+00
-1.000000000000000000e+00
1.000000000000000000e+00
1.000000000000000000e+00
-4.017116379636521684e-01
-1.000000000000000000e+00
1.000000000000000000e+00
1.000000000000000000e+00
-1.000000000000000000e+00
1.000000000000000000e+00
-1.000000000000000000e+00
-1.000000000000000000e+00
-1.000000000000000000e+00
1.000000000000000000e+00
8.394489304788403938e-01
-1.000000000000000000e+00
1.000000000000000000e+00
1.000000000000000000e+00
9.708728702645855746e-01
-1.000000000000000000e+00
1.000000000000000000e+00
-1.000000000000000000e+00
1.000000000000000000e+00
-1.000000000000000000e+00
-1.000000000000000000e+00
-9.973107232220788099e-01
1.000000000000000000e+00
-1.000000000000000000e+00
-1.000000000000000000e+00
-1.000000000000000000e+00
-1.838047423996140850e-01
1.000000000000000000e+00
-1.000000000000000000e+00
-1.000000000000000000e+00
1.000000000000000000e+00
-7.212451859111546071e-01
-1.000000000000000000e+00
1.000000000000000000e+00
-6.148785687510330278e-02
5.694893332329786784e-02
-1.000000000000000000e+00
2.108733136055394031e-01
-1.000000000000000000e+00
1.000000000000000000e+00
1.000000000000000000e+00
1.000000000000000000e+00
-1.000000000000000000e+00
5.143079919434716540e-01
-1.000000000000000000e+00
1.000000000000000000e+00
-5.649085025263630433e-01
8.929265942354542851e-01
1.000000000000000000e+00
-1.000000000000000000e+00
-2.594658429674480127e-01
