1.000000000000000000e+00
-1.000000000000000000e+00
-1.000000000000000000e+00
1.000000000000000000e+00
6.759445607712892823e-01
-1.000000000000000000e+00
-1.197152569020431268e-01
1.000000000000000000e+00
-3.759954392292763625e-02
5.044646572405107054e-01
-1.927883866855262252e-01
-1.000000000000000000e+00
4.120587312258575663e-01
-5.065278784046135518e-01
1.000000000000000000e+00
3.038489185880199894e-02
1.000000000000000000e+00
-8.643701057513220043e-01
-1.000000000000000000e+00
1.000000000000000000e+00
1.000000000000000000e+00
1.717496554958722887e-01
1.000000000000000000e+00
8.991618291711085398e-01
-1.000000000000000000e+00
-1.000000000000000000e+00
1.000000000000000000e+00
-1.000000000000000000e+00
-1.000000000000000000e+00
1.000000000000000000e+00
-2.327034703135633098e-02
3.633336785755547638e-01
-1.000000000000000000e+00
-4.439210607089105753e-02
1.000000000000000000e+00
-1.283616891694850382e-01
1.000000000000000000e+00
-1.703351426185013562e-01
5.919514786560070574e-01
-7.253745454717820396e-01
-1.000000000000000000e+00
3.339727768874468095e-01
-1.016841797592250018e-01
-1.000000000000000000e+00
-1.000000000000000000e+00
1.000000000000000000e+00
-2.515436558986103854e-01
7.350098581449846513e-01
-3.055966929707588653e-01
-3.871227435023290031e-01
1.000000000000000000e+00
9.281530562901978421e-01
-1.000000000000000000e+00
1.000000000000000000e+00
-2.705424877924468285e-01
1.000000000000000000e+00
1.000000000000000000e+00
5.487179735179879003e-01
-3.256652795118671895e-01
-7.162663504202999576e-01
3.867614569522527246e-01
-2.601665326851299587e-01
5.224211607687659908e-01
-6.401218336652304552e-01
1.000000000000000000e+00
1.000000000000000000e+00
5.894895400097873717e-01
-9.549154136795547920e-01
5.991212511884131953e-01
1.000000000000000000e+00
1.000000000000000000e+00
5.793629149442774962e-01
-2.632539360214392055e-01
3.729073277454476032e-01
2.043497426528508853e-01
1.000000000000000000e+00
1.567561829744108515e-01
-1.000000000000000000e+00
-1.748745137077784007e-01
-5.626618260999664001e-01
-9.768437024656777545e-01
-6.054126648098395735e-01
1.000000000000000000e+00
1.000000000000000000e+00
3.968017701679221743e-01
-5.087399208693055286e-03
3.912896304397840419e-01
-4.132218951543362717e-01
-2.360148183763335350e-01
1.000000000000000000e+00
1.000000000000000000e+00
4.217650584445234996e-01
-7.285230382689111828e-01
5.255680269567337692e-01
-8.958700009710267587e-01
1.000000000000000000e+00
-6.336444433196681825e-01
1.066724397516184974e-01
7.856327584221683979e-01
1.000000000000000000e+00
3.510082252827669835e-01
3.467486671437192136e-02
-1.000000000000000000e+00
-1.000000000000000000e+00
1.000000000000000000e+00
7.678598476845845955e-01
1.539331597965727383e-01
4.629151519723692654e-02
-1.000000000000000000e+00
-4.766352053935789534e-01
3.717799600756994671e-01
4.620419641160861124e-01
-1.155090895978304749e-01
-1.000000000000000000e+00
9.315642906305260373e-02
1.000000000000000000e+00
7.718714145894833845e-01
1.691319505893924546e-01
1.000000000000000000e+00
1.000000000000000000e+00
-8.973254498354674702e-01
-4.703539867493336524e-01
-1.000000000000000000e+00
3.405101838117480240e-01
1.000000000000000000e+00
-6.452032474669835427e-01
-4.635957853370342718e-01
-5.415819589192811812e-01
3.621963157861191607e-01
-3.093405093522765270e-01
2.291999317708130479e-01
-1.000000000000000000e+00
-6.653407794380410412e-01
1.000000000000000000e+00
1.000000000000000000e+00
8.985940615183077851e-01
1.000000000000000000e+00
-3.548377670312048426e-01
1.000000000000000000e+00
8.179374597873403374e-01
-6.572688957835371992e-01
2.600556141669889687e-01
-9.792663641581518252e-01
1.000000000000000000e+00
-1.000000000000000000e+00
1.000000000000000000e+00
-1.000000000000000000e+00
1.000000000000000000e+00
-1.016970241443452272e-01
-1.000000000000000000e+00
-1.000000000000000000e+00
3.321678340462785872e-01
1.000000000000000000e+00
-1.000000000000000000e+00
1.000000000000000000e+00
-1.000000000000000000e+00
-1.000000000000000000e+00
1.709109125976344679e-01
-7.904590245707492357e-01
4.922991100008367038e-02
-2.084408568972351272e-01
1.000000000000000000e+00
-3.007407685558600718e-01
1.000000000000000000e+00
-5.033843520031072716e-01
-2.565818385391484546e-01
-8.570142300019745196e-02
-9.087221414141983811e-01
-7.950821460761304804e-01
1.000000000000000000e+00
9.879381226464523102e-02
-1.000000000000000000e+00
-1.000000000000000000e+00
-3.803308362874740500e-01
1.000000000000000000e+00
1.000000000000000000e+00
-1.000000000000000000e+00
6.408012759220421684e-01
1.000000000000000000e+00
-1.000000000000000000e+00
-3.471740351888780163e-01
-1.000000000000000000e+00
-1.000000000000000000e+00
-1.000000000000000000e+00
-1.000000000000000000e+00
-1.008583227703876428e-01
1.000000000000000000e+00
-1.000000000000000000e+00
1.000000000000000000e+00
-7.753663718749497225e-01
5.759882777739562254e-01
5.625353837786495337e-01
-1.000000000000000000e+00
2.608844156801465863e-01
1.000000000000000000e+00
1.000000000000000000e+00
-5.451262426626846125e-02
6.043189196959186660e-01
1.000000000000000000e+00
5.782005857505500002e-01
-8.078878273670109245e-01
1.000000000000000000e+00
-7.696318120903999915e-01
9.628561639512492887e-01
-7.178870074400356405e-01
1.000000000000000000e+00
-1.000000000000000000e+00
-1.000000000000000000e+00
2.088098849615672714e-01
-4.934787526657409273e-01
-1.000000000000000000e+00
-1.000000000000000000e+00
7.532998019347783014e-01
-9.684855449948814865e-02
-1.000000000000000000e+00
-4.206402411279197562e-01
-8.592966370530602527e-01
-1.000000000000000000e+00
-1.000000000000000000e+00
-4.521906794139782804e-01
-5.639282056350827244e-01
-1.000000000000000000e+00
1.000000000000000000e+00
8.088146852090540850e-01
-4.955889349873330296e-01
8.569814635416128645e-01
-1.000000000000000000e+00
-1.000000000000000000e+00
1.000000000000000000e+00
-1.000000000000000000e+00
-5.950969552663747386e-01
-3.149533855025699047e-01
-1.000000000000000000e+00
1.000000000000000000e+00
1.000000000000000000e+00
-3.256952060464599619e-01
1.000000000000000000e+00
1.000000000000000000e+00
-6.525550824975782094e-01
-7.021620411965288078e-01
1.000000000000000000e+00
-1.000000000000000000e+00
-7.954314120843380964e-01
1.000000000000000000e+00
-1.588621533458291768e-01
-1.000000000000000000e+00
4.680143569096001377e-01
1.000000000000000000e+00
2.409079745861513189e-01
-4.228100210889889077e-01
-1.000000000000000000e+00
1.000000000000000000e+00
1.000000000000000000e+00
-1.000000000000000000e+00
2.112761867545065453e-02
1.000000000000000000e+00
3.047152543378648382e-01
2.168688867545962573e-01
6.622741181585127812e-01
1.000000000000000000e+00
6.549577213059044611e-01
1.000000000000000000e+00
-1.000000000000000000e+00
8.885744457016551134e-01
-1.000000000000000000e+00
