1.000000000000000000e+00
-6.523357586698081967e-01
-5.429652148748136398e-01
1.000000000000000000e+00
6.992641549192113448e-02
1.262040332723345371e-01
-1.000000000000000000e+00
2.452056919072642671e-01
-5.996562976109782728e-01
-5.080302941045615750e-01
1.000000000000000000e+00
4.643770246719036709e-01
2.462039427231589583e-01
-1.000000000000000000e+00
1.000000000000000000e+00
9.099956497365175867e-01
1.000000000000000000e+00
1.000000000000000000e+00
-1.000000000000000000e+00
6.751907795605772700e-01
-2.877321641106709293e-01
1.000000000000000000e+00
-1.000000000000000000e+00
1.000000000000000000e+00
-6.163221938194201055e-01
-8.310877862450036790e-01
8.523238130458857809e-01
-1.000000000000000000e+00
1.000000000000000000e+00
3.339429185949598367e-01
-1.000000000000000000e+00
-1.000000000000000000e+00
1.000000000000000000e+00
-1.000000000000000000e+00
-1.000000000000000000e+00
-1.000000000000000000e+00
4.003382955794353437e-01
-5.997706725266764849e-01
1.000000000000000000e+00
-8.764862069668730715e-01
9.340900153764559732e-01
-3.756262526048073092e-01
1.000000000000000000e+00
1.000000000000000000e+00
4.762012557075107066e-01
-1.442635389387089129e-01
-2.172821748495717964e-01
-9.991544236458630435e-01
6.147158197538443725e-01
1.000000000000000000e+00
-6.818643047045291894e-01
-3.168466398586915478e-01
-4.684343657533732164e-01
-2.742039280969953419e-01
-1.000000000000000000e+00
-2.775150459165109385e-01
1.285656446172451783e-01
1.000000000000000000e+00
-4.741911411600738813e-01
-1.000000000000000000e+00
6.008525501015667958e-01
2.296780581250985609e-01
-3.146559177941685714e-01
-4.642138352250853028e-01
-3.751383998854316282e-01
-1.000000000000000000e+00
1.000000000000000000e+00
-4.303990134200588735e-01
-9.299909846851824868e-01
1.000000000000000000e+00
9.086269783522014087e-01
2.505695125398643697e-02
-9.336461849442958538e-01
5.207958506796487308e-01
7.235798118369844989e-01
1.000000000000000000e+00
-1.159423390869450676e-01
-6.197498851231968420e-01
1.000000000000000000e+00
1.000000000000000000e+00
1.000000000000000000e+00
8.882443913348438969e-01
2.417837677806888852e-02
1.000000000000000000e+00
-1.000000000000000000e+00
1.000000000000000000e+00
3.606982031964251489e-01
-3.373130758187279366e-01
-5.962661379549663021e-01
7.200846976745154393e-01
1.000000000000000000e+00
7.188687539683993322e-01
3.344908688955714471e-01
-8.246058016903394794e-01
-9.928053424632188317e-01
-8.375086909623900011e-01
-1.000000000000000000e+00
-1.000000000000000000e+00
-1.000000000000000000e+00
-1.000000000000000000e+00
1.000000000000000000e+00
3.285734542071812592e-01
3.262121971088751682e-01
-5.668152659909906355e-01
-1.935551298165956169e-01
-3.211006023250774777e-01
1.000000000000000000e+00
8.525057897818075769e-01
-1.000000000000000000e+00
-1.000000000000000000e+00
5.292367114428990771e-01
8.063232931397639192e-01
-1.000000000000000000e+00
-9.870183883142473746e-01
-8.745006586989961805e-01
7.069247882680835815e-01
1.000000000000000000e+00
-1.000000000000000000e+00
6.405960715496039626e-01
-1.000000000000000000e+00
1.038190697927363348e-01
1.000000000000000000e+00
1.000000000000000000e+00
-1.000000000000000000e+00
8.394336042928034480e-01
-5.258679684227229867e-01
-2.529470580754612508e-01
1.367753913069491012e-01
-9.889731396495720084e-01
1.000000000000000000e+00
2.544190954918668091e-01
5.163134070680079901e-01
9.716692160545152834e-01
1.000000000000000000e+00
-4.756752849727573507e-01
-1.000000000000000000e+00
9.302580114772280862e-01
-9.266603798880628240e-01
-1.000000000000000000e+00
-9.024575199426565497e-02
-9.501255900909753027e-01
1.000000000000000000e+00
6.060581720253741533e-01
1.000000000000000000e+00
1.000000000000000000e+00
5.528820313805169473e-01
8.740655519220945635e-01
-9.415478624265385399e-01
-2.767521187822861162e-01
-7.079111567652747183e-01
-2.206488085018929457e-01
8.329098738981454142e-01
-4.260323509880820092e-01
-2.147185936647930671e-01
-1.000000000000000000e+00
-1.000000000000000000e+00
4.087244366230140535e-01
-1.000000000000000000e+00
-1.000000000000000000e+00
-1.000000000000000000e+00
-3.293956860750120175e-01
-4.186826218217238882e-01
8.492888885483871331e-01
1.000000000000000000e+00
-9.872928148932769155e-01
-7.677529971222940564e-01
-1.959381473297495679e-01
1.000000000000000000e+00
1.000000000000000000e+00
7.047980340556211920e-02
1.000000000000000000e+00
3.678298006934120901e-01
1.613500359421203845e-01
-9.194091239124584369e-01
-1.000000000000000000e+00
1.000000000000000000e+00
1.000000000000000000e+00
3.957487158624839463e-01
1.203482205882924205e-01
7.517642024470567730e-01
1.000000000000000000e+00
1.000000000000000000e+00
1.000000000000000000e+00
-1.000000000000000000e+00
-1.302430235204101172e-01
7.516112718899481404e-01
1.000000000000000000e+00
1.000000000000000000e+00
-1.000000000000000000e+00
-4.776496259190543547e-01
-9.810040378551493356e-01
-1.000000000000000000e+00
1.000000000000000000e+00
5.665235431191162352e-01
-2.488239054081942125e-01
4.272695352440927241e-01
-6.556595022014855001e-01
-1.000000000000000000e+00
1.000000000000000000e+00
6.186709324884851480e-01
-9.415903735745642100e-01
1.000000000000000000e+00
-9.733094840729341612e-01
6.665565693380859358e-01
-2.124688870338257152e-01
-1.000000000000000000e+00
-1.000000000000000000e+00
1.000000000000000000e+00
-3.756557155395667813e-02
4.256700559754930113e-01
-1.000000000000000000e+00
8.117957980042402877e-01
1.000000000000000000e+00
4.929854417860773941e-01
1.000000000000000000e+00
3.668069852171673695e-02
-1.000000000000000000e+00
7.572069688254911002e-01
-7.344354120282239329e-01
9.410694890476112295e-01
-1.000000000000000000e+00
-1.000000000000000000e+00
-4.635281236222781875e-01
-2.025430507860103424e-01
2.448302870758021776e-01
1.729402131756194727e-01
7.207277738655196719e-01
-1.000000000000000000e+00
4.316779912253390084e-01
-1.529817292972670550e-01
-3.465716092403638982e-01
-1.000000000000000000e+00
1.000000000000000000e+00
7.367874574424466694e-01
-1.000000000000000000e+00
1.000000000000000000e+00
1.000000000000000000e+00
1.000000000000000000e+00
1.000000000000000000e+00
1.000000000000000000e+00
2.685288214115093552e-01
-3.939073789536504666e-01
6.047975126533119417e-01
-1.000000000000000000e+00
-9.837623929782726151e-01
1.000000000000000000e+00
-2.036471391264267350e-01
1.000000000000000000e+00
1.000000000000000000e+00
4.769539867150326407e-01
8.403649214766542586e-02
-1.000000000000000000e+00
-1.000000000000000000e+00
1.000000000000000000e+00
-4.330044490146933711e-02
-1.000000000000000000e+00
-3.501994101788443725e-01
-1.840005957722646857e-01
1.093910211321302839e-01
2.344782570368110219e-01
4.942965363208726703e-01
1.000000000000000000e+00
-4.328700852976631319e-01
-2.805111128985405822e-01
5.432904683439236937e-01
