-1.000000000000000000e+00
-1.000000000000000000e+00
1.000000000000000000e+00
8.912264524425170253e-02
-1.000000000000000000e+00
-1.000000000000000000e+00
-2.362203980239747647e-01
1.000000000000000000e+00
-8.365302444753400790e-01
-1.000000000000000000e+00
1.000000000000000000e+00
-1.000000000000000000e+00
6.020109064574761248e-01
6.983318638108912402e-02
-1.000000000000000000e+00
-7.619253259297760206e-01
1.000000000000000000e+00
-8.683719169649550818e-01
1.000887526419431683e-01
-1.000000000000000000e+00
-1.000000000000000000e+00
1.000000000000000000e+00
1.000000000000000000e+00
-1.000000000000000000e+00
-1.000000000000000000e+00
1.000000000000000000e+00
1.000000000000000000e+00
-1.000000000000000000e+00
-1.000000000000000000e+00
1.000000000000000000e+00
-2.122635114003252887e-01
-1.000000000000000000e+00
3.298950723912817407e-01
2.807005138776752506e-01
7.987850250368073723e-01
1.000000000000000000e+00
8.383462213549284225e-01
-1.000000000000000000e+00
1.000000000000000000e+00
-3.948751235751820077e-01
-6.118760036654647960e-01
-1.000000000000000000e+00
-9.907287886756734885e-01
-1.000000000000000000e+00
-9.818718205704082269e-01
1.000000000000000000e+00
7.439501426730572575e-01
4.992677419102182768e-01
-1.000000000000000000e+00
-1.000000000000000000e+00
1.000000000000000000e+00
1.000000000000000000e+00
-3.798520425682441193e-01
1.000000000000000000e+00
-9.570746740750462056e-01
1.000000000000000000e+00
1.000000000000000000e+00
-1.000000000000000000e+00
-1.000000000000000000e+00
1.000000000000000000e+00
-1.000000000000000000e+00
1.000000000000000000e+00
5.866247365575962824e-01
1.000000000000000000e+00
1.000000000000000000e+00
-1.000000000000000000e+00
-5.515403319848692920e-01
-6.153389999591483139e-01
1.000000000000000000e+00
1.000000000000000000e+00
1.000000000000000000e+00
1.000000000000000000e+00
-1.000000000000000000e+00
3.581740574220722007e-01
1.000000000000000000e+00
1.000000000000000000e+00
-1.000000000000000000e+00
-3.379664811834584004e-01
1.000000000000000000e+00
1.000000000000000000e+00
-1.000000000000000000e+00
6.235758847893713153e-02
1.000000000000000000e+00
-1.000000000000000000e+00
-1.000000000000000000e+00
4.826895473682624171e-02
1.000000000000000000e+00
-6.410842019981526363e-01
-1.000000000000000000e+00
1.000000000000000000e+00
1.000000000000000000e+00
1.000000000000000000e+00
-1.000000000000000000e+00
1.000000000000000000e+00
1.000000000000000000e+00
-1.000000000000000000e+00
8.459497368888846403e-01
-1.000000000000000000e+00
1.000000000000000000e+00
1.000000000000000000e+00
-1.000000000000000000e+00
-1.000000000000000000e+00
1.000000000000000000e+00
1.000000000000000000e+00
-1.000000000000000000e+00
1.000000000000000000e+00
-9.628411163301517917e-01
-5.880833210793040555e-01
-1.000000000000000000e+00
-2.068605834031631563e-01
-1.000000000000000000e+00
-1.000000000000000000e+00
1.000000000000000000e+00
-1.000000000000000000e+00
1.000000000000000000e+00
-1.000000000000000000e+00
1.000000000000000000e+00
1.000000000000000000e+00
-1.000000000000000000e+00
-1.000000000000000000e+00
-1.000000000000000000e+00
1.000000000000000000e+00
-1.000000000000000000e+00
-1.000000000000000000e+00
-1.000000000000000000e+00
-9.160595816028517246e-01
-1.000000000000000000e+00
-4.006601270786146474e-01
-3.495930767359208824e-01
6.206073845735007311e-01
-1.000000000000000000e+00
-1.000000000000000000e+00
-1.000000000000000000e+00
-1.000000000000000000e+00
1.000000000000000000e+00
1.000000000000000000e+00
-1.000000000000000000e+00
-1.000000000000000000e+00
3.227141233897892203e-01
3.880681200769351413e-01
-8.966305379165335765e-01
8.338166615035623730e-01
-1.490536119750910382e-01
3.299439105279999840e-01
-1.000000000000000000e+00
-1.000000000000000000e+00
1.000000000000000000e+00
1.000000000000000000e+00
3.097616046458515626e-01
1.000000000000000000e+00
1.000000000000000000e+00
1.000000000000000000e+00
-1.000000000000000000e+00
1.000000000000000000e+00
1.000000000000000000e+00
-1.000000000000000000e+00
-1.000000000000000000e+00
-1.820797428436823351e-01
-1.000000000000000000e+00
-6.788326271123054090e-01
1.000000000000000000e+00
-4.559790477927583296e-02
1.000000000000000000e+00
1.000000000000000000e+00
1.000000000000000000e+00
-1.000000000000000000e+00
-9.930510358526766224e-01
7.185358917413853241e-02
9.470478157000858932e-01
-2.823453985997129712e-01
1.000000000000000000e+00
1.000000000000000000e+00
1.000000000000000000e+00
1.000000000000000000e+00
-1.000000000000000000e+00
-1.000000000000000000e+00
1.000000000000000000e+00
-7.995174352697758113e-01
1.000000000000000000e+00
-5.291554728918664852e-01
1.000000000000000000e+00
-6.533384041920955454e-01
-1.000000000000000000e+00
8.283772819368795393e-01
1.000000000000000000e+00
-1.000000000000000000e+00
9.724368586132137171e-02
-7.671151100115150001e-01
6.592022488707206529e-01
-1.000000000000000000e+00
1.000000000000000000e+00
1.000000000000000000e+00
1.000000000000000000e+00
1.000000000000000000e+00
-1.000000000000000000e+00
-1.000000000000000000e+00
-9.526665719382554354e-01
1.000000000000000000e+00
1.000000000000000000e+00
4.094723593133208217e-01
1.209540173267678598e-02
1.000000000000000000e+00
1.000000000000000000e+00
1.000000000000000000e+00
1.000000000000000000e+00
1.000000000000000000e+00
-1.000000000000000000e+00
-2.808510825049869153e-01
-2.018400027140961894e-01
-1.000000000000000000e+00
-2.433936224288393291e-01
-9.354236631766543741e-01
1.226874342429563614e-01
1.000000000000000000e+00
-5.401000303226581867e-01
-1.037028998719864425e-01
6.832085970473462666e-01
7.573890292624670950e-01
1.000000000000000000e+00
-1.000000000000000000e+00
-6.055378598711733673e-01
1.000000000000000000e+00
1.000000000000000000e+00
6.129951646149928157e-01
-1.000000000000000000e+00
-1.000000000000000000e+00
-1.000000000000000000e+00
-6.099383616575162481e-01
1.000000000000000000e+00
2.672595219543926204e-01
-1.000000000000000000e+00
5.102438371462874045e-01
-4.860791300449766039e-01
-6.151126927140888601e-01
1.000000000000000000e+00
1.000000000000000000e+00
6.021371973494685781e-01
5.053590780138417227e-01
-1.000000000000000000e+00
-1.000000000000000000e+00
1.219958872383906101e-01
-1.507955724534058017e-01
-1.000000000000000000e+00
1.000000000000000000e+00
-1.000000000000000000e+00
6.371589731363164200e-01
-1.000000000000000000e+00
1.000000000000000000e+00
6.239651799866515747e-01
1.000000000000000000e+00
5.723985605613319816e-01
1.000000000000000000e+00
-5.014673824605420105e-01
-1.000000000000000000e+00
1.000000000000000000e+00
1.000000000000000000e+00
-1.000000000000000000e+00
1.000000000000000000e+00
1.000000000000000000e+00
-1.000000000000000000e+00
-1.000000000000000000e+00
1.000000000000000000e+00
-1.000000000000000000e+00
1.000000000000000000e+00
1.203608455573758063e-01
