-1.000000000000000000e+00
2.731890794233776121e-01
-1.000000000000000000e+00
-6.055987163288523156e-02
1.000000000000000000e+00
4.164572993354659358e-01
-1.000000000000000000e+00
1.000000000000000000e+00
1.000000000000000000e+00
1.000000000000000000e+00
7.833178816773439523e-01
-3.878363010923610021e-01
1.000000000000000000e+00
6.206469851185596465e-01
-1.000000000000000000e+00
2.417437571096767712e-01
7.360628136903346608e-02
4.151475598391063393e-01
9.234497758857860283e-01
-6.640349265054635852e-01
1.000000000000000000e+00
-1.000000000000000000e+00
9.514695562513246774e-01
-9.004606096264815562e-01
1.000000000000000000e+00
-1.000000000000000000e+00
1.000000000000000000e+00
-1.000000000000000000e+00
-1.000000000000000000e+00
-9.196593396569832102e-01
1.000000000000000000e+00
-1.000000000000000000e+00
1.677257495642517915e-01
-1.000000000000000000e+00
-1.000000000000000000e+00
-4.184072910815982427e-01
-1.000000000000000000e+00
6.578631479616990907e-01
-8.028709794787027842e-01
1.000000000000000000e+00
6.207164857220583976e-01
6.886639843923523241e-01
1.000000000000000000e+00
1.000000000000000000e+00
-1.000000000000000000e+00
-3.443227974976907912e-01
1.000000000000000000e+00
-9.515743158899707677e-01
1.000000000000000000e+00
-3.225664583607252833e-01
-8.439728129778795163e-01
-4.879345147263663973e-02
-1.000000000000000000e+00
1.000000000000000000e+00
4.323515737978249618e-01
3.895762875126571601e-01
-7.363402721161564912e-01
-7.692813535719436047e-01
-4.960614160888099367e-01
-3.139048812580427228e-01
-1.000000000000000000e+00
-4.576878225256805210e-01
-1.000000000000000000e+00
-3.461723368821408853e-01
-1.000000000000000000e+00
1.000000000000000000e+00
-1.000000000000000000e+00
-6.814000168094056509e-01
1.000000000000000000e+00
-4.730162790009593277e-01
9.465838276281752783e-01
1.000000000000000000e+00
1.000000000000000000e+00
-1.000000000000000000e+00
-1.525195778108626721e-01
2.785353613492467240e-01
-2.122133720722859662e-01
-1.000000000000000000e+00
-8.254592777906566425e-01
8.018636069869757854e-01
-1.000000000000000000e+00
-6.408701742709084215e-01
-7.597558512516762175e-01
8.882340468301052061e-01
-5.921722486093594640e-02
1.000000000000000000e+00
1.000000000000000000e+00
-1.000000000000000000e+00
6.771631048672503983e-01
8.303131377453685236e-01
-8.091480631170200333e-01
1.000000000000000000e+00
-5.937260132743071850e-01
-8.795676435890809053e-02
1.393113458244875091e-01
4.227979945833731934e-02
1.000000000000000000e+00
-7.557437716901018732e-01
-1.000000000000000000e+00
2.268675593505773413e-01
-2.651703440116057742e-01
-1.904336303422682342e-02
4.349273871576669892e-01
-1.000000000000000000e+00
-1.000000000000000000e+00
-1.000000000000000000e+00
1.000000000000000000e+00
6.478972727881719962e-01
1.000000000000000000e+00
-1.726484001585473216e-01
8.024869524814298716e-02
-1.000000000000000000e+00
6.213472701252046315e-01
-1.000000000000000000e+00
1.000000000000000000e+00
-3.432410074643632014e-01
1.812022464414975165e-02
-1.000000000000000000e+00
9.318059673240375318e-02
-8.517261591684399669e-02
1.000000000000000000e+00
-7.495015497085489864e-01
-5.079402126736189960e-01
3.881689092428476928e-01
-9.664572641128150732e-01
1.000000000000000000e+00
-9.854353465517113886e-01
-1.000000000000000000e+00
2.101330350801268176e-01
-1.000000000000000000e+00
-2.509644019258039371e-01
1.000000000000000000e+00
-1.000000000000000000e+00
9.950734128266680578e-02
1.000000000000000000e+00
-1.000000000000000000e+00
6.027119053086423817e-01
-1.000000000000000000e+00
-1.000000000000000000e+00
-1.000000000000000000e+00
-5.417186599062476793e-01
-3.018724086567351472e-01
1.000000000000000000e+00
8.415201580469862108e-01
-5.318505912187004858e-01
-5.487130092641063772e-01
-2.523124529374531910e-01
-1.000000000000000000e+00
-1.000000000000000000e+00
7.605644774480032622e-01
-1.000000000000000000e+00
-1.000000000000000000e+00
3.778235098767195321e-01
4.004795925960971115e-01
-1.000000000000000000e+00
-1.000000000000000000e+00
6.141183807561085839e-01
1.000000000000000000e+00
-1.000000000000000000e+00
1.000000000000000000e+00
1.000000000000000000e+00
-1.000000000000000000e+00
1.000000000000000000e+00
-1.000000000000000000e+00
3.177905939216053022e-01
-1.000000000000000000e+00
-4.312581094729849296e-01
-2.788230066825967413e-01
-4.964350202184159011e-01
1.398566547614158995e-01
1.000000000000000000e+00
3.492024053204928480e-02
1.000000000000000000e+00
-8.536553147928643837e-01
4.207252827175640419e-01
1.000000000000000000e+00
1.000000000000000000e+00
-4.153601064842989410e-01
6.235218547682741530e-01
-1.000000000000000000e+00
-7.357028064273714030e-01
8.854732233195701241e-01
-1.000000000000000000e+00
-5.654852057910060292e-01
-1.870996171840400013e-01
1.000000000000000000e+00
1.000000000000000000e+00
1.000000000000000000e+00
1.000000000000000000e+00
1.238663321443673193e-01
1.000000000000000000e+00
1.000000000000000000e+00
1.000000000000000000e+00
1.000000000000000000e+00
1.000000000000000000e+00
-2.921365054282438756e-01
7.690293828377353647e-01
-1.000000000000000000e+00
-8.389829840724783994e-01
-5.714877214304114883e-01
7.431625738766045597e-01
-1.000000000000000000e+00
6.623962431598662270e-02
6.609933821742536297e-02
2.960896474978238491e-01
8.948765827761573366e-01
-1.000000000000000000e+00
1.002393026379641006e-01
-1.000000000000000000e+00
-8.394698713849494398e-01
-1.000000000000000000e+00
-7.098014029576199535e-02
-1.000000000000000000e+00
8.464979574225864889e-01
-5.674218101516262380e-02
-1.008180732559133541e-01
1.000000000000000000e+00
-8.866325294353967212e-01
-1.000000000000000000e+00
-1.000000000000000000e+00
-4.333391897504716983e-01
-1.000000000000000000e+00
-1.000000000000000000e+00
3.080445781608013300e-01
-7.084639818872764394e-01
-1.000000000000000000e+00
3.710718474501868425e-01
9.076933670284057509e-01
5.484630818299418564e-02
-1.000000000000000000e+00
1.000000000000000000e+00
-5.960618709793885639e-02
-1.000000000000000000e+00
-2.879887833704197209e-01
8.924219266031030440e-01
5.654350866112787255e-01
8.395058722624435532e-01
9.267299026313895460e-01
4.226591153599141837e-01
-1.000000000000000000e+00
4.955720401916551832e-01
-1.000000000000000000e+00
1.000000000000000000e+00
9.662598990413900912e-02
-1.000000000000000000e+00
2.532267693363197125e-01
-1.000000000000000000e+00
-8.696066448801300641e-01
1.000000000000000000e+00
1.000000000000000000e+00
9.944385838564038238e-01
1.000000000000000000e+00
-1.000000000000000000e+00
4.229850482332639938e-01
-1.000000000000000000e+00
1.000000000000000000e+00
-1.000000000000000000e+00
1.000000000000000000e+00
1.000000000000000000e+00
-3.421641459261759444e-01
-1.199101940632118779e-01
1.000000000000000000e+00
1.000000000000000000e+00
1.833827765286617506e-01
-1.309983062037936019e-01
