3.880757887026152209e-01
1.000000000000000000e+00
3.463622556981995615e-01
1.000000000000000000e+00
-1.000000000000000000e+00
-2.032585735536671656e-01
1.000000000000000000e+00
-1.350478057177622038e-01
8.424167990776232351e-02
1.000000000000000000e+00
-3.335938444041195439e-01
-1.000000000000000000e+00
-1.000000000000000000e+00
-2.554371415695244618e-02
-1.000000000000000000e+00
-1.000000000000000000e+00
6.358141291918155691e-01
4.032387819375198301e-01
-3.801151133778255531e-01
-1.000000000000000000e+00
-1.000000000000000000e+00
8.698089360589689178e-03
1.043890666443657578e-01
-1.000000000000000000e+00
-3.927240057872312118e-01
-1.000000000000000000e+00
-1.000000000000000000e+00
-5.490092848001775216e-01
8.856965361273452242e-01
-7.787391649149213446e-01
9.571941933298588889e-01
-2.646267501768617136e-01
4.073993634605959646e-01
-3.122636722398346443e-01
-1.000000000000000000e+00
2.440021080083436544e-01
1.000000000000000000e+00
9.595081450108360333e-01
-2.018742148311134521e-01
-1.000000000000000000e+00
-1.000000000000000000e+00
-8.725316365101307703e-01
-3.258950884702932482e-01
-9.498790634475584582e-01
1.000000000000000000e+00
1.000000000000000000e+00
-8.105007738390656025e-01
4.371014607149998898e-01
-2.091882549350588261e-01
1.000000000000000000e+00
-3.823858064505361032e-01
-1.000000000000000000e+00
-2.903931765792537867e-01
8.033928476512059991e-01
1.000000000000000000e+00
-1.000000000000000000e+00
1.000000000000000000e+00
-1.000000000000000000e+00
-1.000000000000000000e+00
1.059512625470099834e-01
1.000000000000000000e+00
-1.000000000000000000e+00
-1.000000000000000000e+00
-1.000000000000000000e+00
-2.707084328494402392e-02
1.000000000000000000e+00
3.256515950131413373e-01
-4.149810240579356879e-01
7.454049149185911771e-01
6.602065434670754129e-01
-7.937854857969975919e-01
7.853093396846426710e-01
1.839386402340839055e-01
8.135119030219647440e-01
1.000000000000000000e+00
1.447256317005821691e-01
1.000000000000000000e+00
1.000000000000000000e+00
1.000000000000000000e+00
4.475812886557533066e-01
-1.000000000000000000e+00
-1.000000000000000000e+00
-6.473585931333250554e-02
-2.219292566172524073e-01
-5.610080559806815970e-01
8.182679436474458168e-01
-1.000000000000000000e+00
8.654130572680507338e-01
-1.000000000000000000e+00
9.706735816405842598e-01
-7.136455914729133987e-01
1.000000000000000000e+00
9.828977123069055910e-01
1.000000000000000000e+00
-1.856983522234018080e-02
9.544242217132609118e-01
-4.391638472150201089e-01
6.307859328475133864e-01
1.000000000000000000e+00
8.602779314068736971e-01
-1.000000000000000000e+00
-1.000000000000000000e+00
-3.139042407606416063e-01
1.000000000000000000e+00
1.000000000000000000e+00
-2.563079063341542896e-01
-1.000000000000000000e+00
-1.000000000000000000e+00
-1.000000000000000000e+00
-3.305551518834648483e-02
-1.704627892588294058e-01
3.442567927455222887e-01
1.000000000000000000e+00
-1.000000000000000000e+00
-1.000000000000000000e+00
-5.292045092638414383e-01
-6.883181327621415990e-01
-7.512353070897360707e-01
9.824494289285723436e-01
2.527162863642787305e-01
1.000000000000000000e+00
-1.000000000000000000e+00
-1.000000000000000000e+00
-9.377463233631297967e-01
-4.129328926920322607e-01
-1.000000000000000000e+00
-8.319602558294934003e-01
-2.759578355169689523e-02
-1.000000000000000000e+00
1.000000000000000000e+00
1.000000000000000000e+00
-1.001085193034351173e-01
1.000000000000000000e+00
2.174990786228466755e-01
1.832808355884250062e-01
8.564682697434964354e-01
-1.000000000000000000e+00
-1.000000000000000000e+00
7.870215673664369138e-01
1.000000000000000000e+00
7.004946189045506699e-01
-6.169952680774043463e-01
-1.000000000000000000e+00
1.000000000000000000e+00
1.000000000000000000e+00
-7.865460117743625634e-01
1.000000000000000000e+00
-1.000000000000000000e+00
-1.000000000000000000e+00
1.000000000000000000e+00
-1.000000000000000000e+00
-1.000000000000000000e+00
3.119175227412802620e-01
5.042571742729478057e-01
1.000000000000000000e+00
6.881950726134195007e-02
1.246585708795886482e-01
-1.000000000000000000e+00
1.000000000000000000e+00
1.000000000000000000e+00
9.643728370758454238e-01
3.436959283213421035e-01
3.566081181336488992e-01
-1.000000000000000000e+00
5.874564043721708373e-01
-1.331596996444144310e-01
-2.110091573572990820e-01
1.000000000000000000e+00
-2.955416661641241394e-01
-9.679139845533994979e-01
-8.052522741609378087e-01
-4.084049998177450291e-01
-2.188051192962311431e-01
9.251233159081063695e-01
-2.117432250137264438e-01
1.000000000000000000e+00
4.191107874821377033e-01
8.371836404827122102e-01
-1.000000000000000000e+00
3.619074578728123104e-01
-9.539670501361029453e-01
1.000000000000000000e+00
-1.000000000000000000e+00
-1.000000000000000000e+00
4.212776297743419107e-01
4.533954115026217480e-03
5.134074589620057916e-01
-1.000000000000000000e+00
1.000000000000000000e+00
-5.511022962780932621e-01
-1.000000000000000000e+00
1.000000000000000000e+00
-6.933392520622296828e-01
-1.000000000000000000e+00
3.303161492990530634e-01
1.000000000000000000e+00
-1.000000000000000000e+00
-1.000000000000000000e+00
1.000000000000000000e+00
-1.000000000000000000e+00
1.000000000000000000e+00
-1.000000000000000000e+00
1.279654225538507939e-01
3.909010701517653397e-01
-1.000000000000000000e+00
-9.315017403192218381e-01
-1.000000000000000000e+00
-1.000000000000000000e+00
-1.000000000000000000e+00
1.000000000000000000e+00
-3.613518670819463319e-01
-1.000000000000000000e+00
1.000000000000000000e+00
-2.171440424158643800e-02
-1.000000000000000000e+00
1.000000000000000000e+00
9.070448788831411147e-01
1.000000000000000000e+00
-4.307819551133924563e-01
-1.000000000000000000e+00
3.203672646333573515e-01
-1.000000000000000000e+00
-4.971978099788387784e-01
7.976067323115494379e-01
-8.324250534217416675e-01
-3.768092542178169690e-01
-1.000000000000000000e+00
-3.355467710891836264e-01
-5.450086443530277602e-02
-1.000000000000000000e+00
-1.000000000000000000e+00
-1.000000000000000000e+00
1.000000000000000000e+00
1.000000000000000000e+00
2.674006710285671273e-01
7.420945922332602418e-01
-1.000000000000000000e+00
-4.543366296703332807e-02
-1.000000000000000000e+00
1.000000000000000000e+00
2.075952572997893375e-01
1.641435377111811200e-01
-2.099687400186436292e-01
1.000000000000000000e+00
-5.386352815786732418e-01
1.000000000000000000e+00
-1.000000000000000000e+00
-9.697365198785868889e-01
-1.000000000000000000e+00
4.869296017964509504e-01
-8.099121881293352976e-01
-9.060413694265183615e-01
-4.188321604437633128e-01
8.910154318749335944e-01
-1.000000000000000000e+00
1.000000000000000000e+00
4.718264839991673232e-01
5.880129685529530970e-02
1.000000000000000000e+00
1.000000000000000000e+00
-1.000000000000000000e+00
1.115368929304147994e-01
-2.247184341747247016e-01
-6.975436538514059315e-01
1.000000000000000000e+00
