-2.552209214603483822e+00
1.816558174805624315e+00
3.461847169664930224e+00
-4.916261890545824187e+00
4.918867072905174886e+00
-6.266797920982217995e+00
6.110553533954375283e+00
-1.147704338437060212e+00
-1.523756225519588003e+00
-2.989600922228287772e+00
4.972826904206466558e+00
-4.443823109088917422e-01
1.471035512256093192e+00
6.329636308917925280e-01
-3.636729129700815299e-01
2.940524382816650295e+00
-5.243136997626672624e+00
3.309924084443973680e-01
8.547485402381203912e+00
-7.723773643842130276e+00
2.477846923363672182e+00
4.826704566251833750e-01
1.941641560175881853e-01
-1.640255309078453516e+00
-6.254896857686794043e+00
8.041273257040344902e+00
1.282376728889081940e-01
-8.187249628429387194e-01
-2.453778644262603947e+00
3.955798081031747238e-02
-2.063324513961251494e+00
-4.057603248677164598e-01
-7.609777703075955024e-01
6.909111259376528480e+00
5.414463116952255461e+00
-5.762704946903657977e+00
2.320888569089115450e+00
-1.193865660229542769e-01
4.635681300333184263e-01
-7.843376775613204455e-01
-1.847211121966936487e+00
2.537824931407859363e-01
-9.815583639355893730e-01
3.857040820058748931e+00
-2.786954769533071641e+00
-2.001141797092775843e-01
-2.144383381771213237e+00
-1.598170769009842784e+00
2.243226642788126668e+00
-2.184628190847293983e+00
2.556357940689399477e+00
-2.439347511551895220e+00
-5.018214420479590210e+00
5.131619395697418540e+00
-7.291061849688011964e-01
1.264889220463470743e+00
1.436395646899526035e+00
1.330005283006990613e+00
2.810826242785704032e+00
5.293426159739376136e-01
6.901205090542994469e-01
-2.167153950703605947e+00
1.104895778056216860e-01
2.961332373847497035e+00
-1.727639883212899630e+00
2.828175351986749408e+00
3.542680802984101263e+00
-5.926123012551637315e-02
8.588128417204776710e-01
7.577648119468650689e-01
-2.861107360136645461e+00
-5.365006406293527874e+00
-1.817831567968797524e+00
-1.284609583364335172e+00
-1.694160585643446737e+00
-2.772232194791222515e+00
9.683506566899675594e-01
1.306719147776436607e+00
1.557924880808603252e+00
1.279133583571026689e+00
-3.758051172539900175e+00
-1.155625359549141251e+00
3.717834666231760288e+00
3.839188444226237173e+00
-5.700447485823037397e+00
-3.999368267618719663e+00
5.470556602160661086e+00
1.771049183987346565e-01
-1.767861695235787067e+00
-3.670421370647348525e+00
2.737984467757328400e-01
-1.783568522895026209e+00
7.768732879972995997e-01
-1.147872966601016564e+00
2.864355287774477121e-01
-6.429315214828522640e-01
2.193452124973644501e+00
-5.266419970904379966e+00
4.018579699078664857e-01
1.890737749513430876e-01
-1.654523365572467153e+00
1.209535706237657937e+00
4.105312635552229139e+00
-1.437724955339374722e+00
-2.386120336772528105e+00
3.611373635580753527e-01
-1.297586981058259425e+00
-2.292528724715998223e+00
2.467474644880008228e+00
-1.382951692699537993e+00
1.874822116849113929e+00
2.002252497955535837e+00
6.785068320736504788e+00
3.802404093668365181e+00
1.104282239267734500e+00
2.384740587310838933e+00
-1.117967944870032149e+00
-5.560129680588192791e+00
2.418076563291367886e+00
8.653675078506700702e-01
-1.009122531338780382e+00
-2.467146776570630529e+00
-5.272825508268632611e+00
-1.923893634452696233e+00
1.270559534799236001e-01
3.358031516728048893e-01
-2.331126699793244050e+00
-4.009375168757730812e+00
-4.885334145840363185e-01
4.705593688050826451e+00
-1.052023279810969214e+00
-9.417366175417445362e-01
-2.188125442056994885e+00
2.133507187265484273e+00
-2.257901106724236051e+00
-6.778086700898928729e-01
-5.244230185368845554e-01
-4.481958689734597989e+00
-1.110371362260676342e+00
-3.374956158367169223e+00
3.736917084186630156e+00
-5.276147800272410926e+00
-3.269398993857985936e+00
3.765398658232468332e-01
-2.415555767879101479e-01
-2.088086314007952637e+00
1.612952895411881471e+00
5.679908633498746973e+00
-4.049980142703006436e+00
4.368069968274665982e+00
7.309057903286575453e-02
2.449820858252010680e+00
-4.364629265424064819e+00
-1.062667409079760095e+00
4.463369003005585256e+00
1.613298778629885355e+00
-3.969354965178271577e+00
1.416305493565906737e+00
-3.548061959929682541e-03
-2.089042028749192426e+00
2.781977378821808067e+00
-2.915296874686166717e+00
1.763766568397566736e-01
1.231636402878706127e+00
3.065953741269457744e+00
-1.736985424507949904e+00
2.822211311247964538e+00
1.583408910025030369e+00
2.888851098896582315e+00
-2.048442966849473912e+00
1.538160299973686973e+00
-2.080045811529132038e-01
2.113084769649824501e-01
-2.712813709654549044e+00
5.719417230315674949e+00
1.041628289495713844e+00
-5.707997221942220367e-01
2.188087628666581352e+00
4.040032836450433429e+00
-3.196970958974113319e+00
-2.379511029255424681e+00
1.062732329224605365e+00
-1.406876623738534171e+00
8.893689664155273178e-01
-3.108900140784216504e+00
-3.893844705582861110e+00
1.370421614195075133e+00
1.447764580718981176e+00
2.852022560361126224e+00
2.878366848826071633e-01
6.864314345895224712e+00
-1.203253961975027764e+00
-2.678607903526715739e-01
9.578190857619486298e-01
2.468229252679224217e+00
1.009864479102764001e+00
-1.039866295047797928e+00
1.535224936163299692e-01
7.005253630899974659e-01
-2.097678014731890528e+00
-3.692301343545575598e+00
-3.429851583333152210e+00
1.754664744742863380e+00
-4.862564097512117378e+00
3.820694957184784357e+00
3.869210954288964111e-01
-5.490223219009290112e+00
-2.950615276215977079e-01
2.325641363731121736e+00
4.865493458626572121e+00
6.328485814023092182e+00
1.517194739507772283e+00
5.052645331965428532e+00
-5.859688134140670357e-01
-3.849387849709395848e-01
5.941152875961223323e+00
-4.098972664375194697e+00
-4.986046465109997827e-01
-5.922338453976498052e+00
1.327071274899517483e+00
-3.808521380938474366e+00
5.293051491198742298e+00
-1.457395267108404502e+00
9.431820121400971146e-01
9.821479369452610353e-01
-3.435729027950192638e+00
1.595762522687168561e+00
-2.754582313532608850e+00
-5.703940470620545433e+00
-1.892326667795712236e+00
-3.529619981393457895e+00
6.255365568075033522e+00
-2.285634801247692138e+00
1.015983501062589944e+00
-8.170636099664116969e-01
9.258608007356196046e-01
-7.405503045213891467e-01
-1.666908513382190149e+00
3.077775436730067149e+00
3.663473992057842743e+00
1.768808151094035708e+01
-4.600763756270310090e+00
3.083865896178469068e+00
-1.395223895317347917e-01
-1.609676926078297265e+00
2.374776683427903379e+00
8.505978325637258974e-01
2.456384939975503556e+00
-5.260844693066180078e-01
-3.333388180176410032e+00
-8.760895954649947637e-01
1.323967250131749540e-01
6.938053344494004904e+00
-2.861983862353099095e+00
1.091455416147682822e+00
-1.421003631449639037e+00
-4.284259988193725999e-01
-2.385829012136644334e+00
5.886605520180346884e-01
-7.959603964300566936e+00
1.375961238149941757e+00
4.557245488319544791e+00
-2.659770995404396876e-01
6.122495310756274733e+00
-2.782039900549591049e+00
