-1.752037828615884973e-01
-1.000000000000000000e+00
-1.000000000000000000e+00
1.000000000000000000e+00
-1.000000000000000000e+00
9.890809829591736824e-01
-1.000000000000000000e+00
-1.000000000000000000e+00
6.340028068835441566e-01
5.953799736986566948e-01
5.950259571102285427e-01
1.000000000000000000e+00
-9.922016472369676876e-01
1.000000000000000000e+00
-1.000000000000000000e+00
8.790691870565593424e-01
-1.000000000000000000e+00
1.000000000000000000e+00
-1.000000000000000000e+00
-2.958298413221113199e-01
-1.000000000000000000e+00
1.000000000000000000e+00
1.000000000000000000e+00
9.946667223605296648e-01
-6.644991815272235369e-01
-1.000000000000000000e+00
-1.000000000000000000e+00
9.167111763710217298e-01
1.000000000000000000e+00
2.233497949776551694e-01
-1.000000000000000000e+00
1.000000000000000000e+00
2.332976543160603100e-02
-1.000000000000000000e+00
1.210293993745923391e-01
5.375125175551668244e-01
-1.000000000000000000e+00
1.000000000000000000e+00
5.912191416038146130e-01
-1.000000000000000000e+00
-8.542314775148110995e-01
-2.135292806887920114e-01
-3.890182160955177881e-01
-3.782180271973785146e-01
1.000000000000000000e+00
-2.363015822945688238e-01
4.100852384371218573e-01
-1.000000000000000000e+00
7.511502377480309134e-01
-1.000000000000000000e+00
2.310797463988067957e-02
-7.566421788768719070e-01
-4.991031484459040879e-01
1.000000000000000000e+00
6.420939929075769603e-01
-1.000000000000000000e+00
-8.431882278075999437e-01
6.364186825213031806e-01
-3.990908433755727680e-01
-6.329248411350452130e-01
-1.000000000000000000e+00
-1.000000000000000000e+00
-1.000000000000000000e+00
8.439911717057375917e-02
-1.000000000000000000e+00
-1.000000000000000000e+00
3.686079141804508019e-01
1.000000000000000000e+00
-1.000000000000000000e+00
1.000000000000000000e+00
3.249156141279363474e-02
1.600690596665718113e-01
-7.231661574726300223e-02
-1.000000000000000000e+00
1.000000000000000000e+00
3.905076972703117599e-01
1.000000000000000000e+00
-9.690150527188292617e-01
-1.000000000000000000e+00
-1.755701274458096872e-01
-1.000000000000000000e+00
-9.355918109512791903e-01
1.000000000000000000e+00
-6.806013716899528276e-01
-1.409870109448586872e-01
5.691560995824374025e-02
-5.699190391426980362e-01
-1.000000000000000000e+00
1.000000000000000000e+00
-1.000000000000000000e+00
1.000000000000000000e+00
-1.000000000000000000e+00
1.000000000000000000e+00
1.000000000000000000e+00
8.490879624096026035e-02
8.072553937029387505e-01
1.000000000000000000e+00
-1.960169352449212532e-01
7.142848838035491532e-01
-6.541204693881523813e-01
-7.666594242868025599e-01
3.812462331337097554e-01
-1.447744626942559787e-01
-1.000000000000000000e+00
1.000000000000000000e+00
1.000000000000000000e+00
1.000000000000000000e+00
1.000000000000000000e+00
-1.000000000000000000e+00
-1.000000000000000000e+00
-1.000000000000000000e+00
8.114714658040140804e-01
-2.457651074515436740e-01
-1.000000000000000000e+00
1.000000000000000000e+00
1.000000000000000000e+00
4.708214177571479198e-02
3.796516930555955405e-01
-9.834990792067395127e-01
3.925830099382541238e-01
-1.000000000000000000e+00
-7.463560938367236330e-01
-3.101186898876117648e-01
-3.300130747146476917e-01
5.616959921041608794e-03
-7.162875595404083473e-01
-1.000000000000000000e+00
-9.410547652658035611e-01
8.959645825096634875e-01
-1.000000000000000000e+00
3.197006397346868756e-01
1.717871673204153238e-01
1.224778287624872508e-01
-1.000000000000000000e+00
-1.000000000000000000e+00
1.000000000000000000e+00
8.422085902924288936e-01
1.000000000000000000e+00
-1.649590580006006224e-01
8.700634943764510298e-01
-1.000000000000000000e+00
-1.000000000000000000e+00
1.078274494185599008e-01
-1.233167607780794039e-02
-8.195583997720704561e-01
-1.000000000000000000e+00
-8.454447989622739801e-01
-1.000000000000000000e+00
5.662644970703212266e-01
-1.000000000000000000e+00
6.109034757933340387e-01
-1.000000000000000000e+00
4.466518928619100937e-01
-7.169902344920648929e-01
-1.283381384027831307e-01
1.000000000000000000e+00
1.000000000000000000e+00
-1.000000000000000000e+00
1.000000000000000000e+00
1.000000000000000000e+00
-8.895325897499875012e-01
1.000000000000000000e+00
1.000000000000000000e+00
-4.766151968593685950e-01
-1.000000000000000000e+00
-7.040009349633943314e-01
4.861428756469063917e-01
2.797724109737531606e-01
-1.000000000000000000e+00
1.000000000000000000e+00
1.000000000000000000e+00
-1.000000000000000000e+00
-1.688867483116399670e-01
-1.000000000000000000e+00
-9.829239716332777155e-01
-1.000000000000000000e+00
-7.859233650960972817e-03
-9.944565566910629206e-01
-1.000000000000000000e+00
-4.747341737574740650e-01
1.000000000000000000e+00
1.000000000000000000e+00
-1.000000000000000000e+00
8.236392097819368319e-01
1.000000000000000000e+00
1.000000000000000000e+00
1.000000000000000000e+00
-1.000000000000000000e+00
1.000000000000000000e+00
-1.543589270851468687e-01
2.848175625824770352e-01
1.000000000000000000e+00
1.000000000000000000e+00
-1.000000000000000000e+00
-4.475856242799541862e-01
-1.000000000000000000e+00
1.000000000000000000e+00
-2.618413771452141603e-01
4.128754345311728136e-01
1.000000000000000000e+00
-1.941617104246048942e-01
1.000000000000000000e+00
-9.401886238625385417e-01
1.000000000000000000e+00
-9.311063870316779179e-01
-1.000000000000000000e+00
2.615525809758637577e-01
-1.000000000000000000e+00
1.000000000000000000e+00
1.000000000000000000e+00
-7.564941321085201231e-01
-1.867905452015793388e-01
1.000000000000000000e+00
1.024669305129999319e-01
-7.571599707693716930e-01
1.000000000000000000e+00
1.000000000000000000e+00
1.000000000000000000e+00
-1.000000000000000000e+00
-1.952065620830367720e-01
1.710318508900265932e-01
-1.000000000000000000e+00
1.000000000000000000e+00
4.476255260849371087e-02
-6.145834318594610712e-01
-3.256224931099249709e-01
6.184252744628360166e-01
-7.982895123477443677e-01
-8.899281205809681516e-01
1.000000000000000000e+00
-1.000000000000000000e+00
-6.898402037961792743e-01
9.688674615895902509e-01
9.781295802687939300e-03
-1.000000000000000000e+00
-1.000000000000000000e+00
2.849231711004096557e-01
-1.000000000000000000e+00
-5.194982788418952557e-01
-1.000000000000000000e+00
1.000000000000000000e+00
-4.265368986147427544e-01
1.000000000000000000e+00
1.000000000000000000e+00
-7.142338589997512255e-01
-6.287817994719497872e-01
-1.000000000000000000e+00
1.000000000000000000e+00
1.000000000000000000e+00
7.118276551825953868e-01
-6.323081072672118719e-01
1.000000000000000000e+00
1.000000000000000000e+00
6.055606671963806864e-01
-3.068037780601818865e-01
6.767647013301010261e-01
-1.000000000000000000e+00
-3.490148170452354037e-01
5.815565999732386082e-01
4.321022781144339131e-01
-3.715169805084780341e-01
6.107312295100915112e-01
1.000000000000000000e+00
-1.000000000000000000e+00
1.000000000000000000e+00
