-3.495845048565431323e-01
4.581320196156282165e-01
4.054617262658115617e-01
-5.237139569474886791e-01
-9.579737561611267882e-01
-7.462076002368400740e-01
-2.162478552907987073e-02
-4.128333798772232388e-01
-4.516208191130324234e-01
9.630919754926337006e-02
-6.832303512240958110e-01
-8.681914007420781232e-01
6.171075322284444997e-01
2.438834496813198083e-01
7.230753409276935439e-01
8.113943273369645937e-01
2.842412637553430876e-01
-6.947422316930835784e-01
3.095016778542774016e-01
-2.632998276762428258e-01
-4.389143244363837848e-01
-8.075032412402123327e-01
9.048915125086809397e-02
3.550855625312101527e-01
-7.892348922049168269e-01
-4.802739700030076442e-01
6.736802141306030833e-01
8.293125877371152477e-01
6.036500334694530068e-01
9.400220730689841098e-01
2.260659326777600953e-01
-8.473720810262503900e-01
-5.191919412054077920e-01
-9.020695871768176222e-01
8.327090550364371069e-01
9.345946506191986636e-01
-5.375671975918119294e-01
7.895167953482660206e-01
7.931786421740036896e-01
-7.189110805011418304e-01
7.036252638808804249e-01
4.274084675842628744e-01
-7.185619058894148203e-01
-3.873734552323926383e-01
-4.399154924761985441e-01
7.556818939140867997e-01
3.702018078389923694e-01
-1.767676561458908502e-02
3.424882904737573952e-01
4.414922180034144272e-01
-6.568327867423429112e-01
-9.689971449287331229e-01
9.356703676832589522e-01
-3.834062263327684406e-01
7.990321772623043550e-02
1.116218039118377359e-01
-4.483614395868975588e-01
-3.544183635243818298e-01
1.247849171659254353e-01
9.497998161730489830e-01
2.276019402082105625e-01
7.033472187225524586e-01
4.568926586946302493e-01
-8.157074294777597601e-01
6.121187049164924510e-01
2.883479244141007314e-03
-2.760478532671202245e-01
7.670672708539794105e-01
2.272116373495693953e-01
-5.488321961316113828e-01
-1.223372784258598411e-01
-4.997645000192003639e-01
3.773456154172767363e-01
-6.531837327388181347e-01
1.123128696360353729e-02
-2.455952825717897525e-01
-5.796866348054185991e-01
3.841672713784187732e-01
8.368377176049088817e-01
1.395664384420574056e-01
8.943116672349602503e-01
-2.909060166684995785e-01
-4.629714734620298255e-01
-7.961848775325739425e-01
9.250864359935102588e-01
-3.673455010660571229e-01
-4.082837179209510836e-01
8.076953983172157070e-01
-5.445626856156118301e-01
9.324090898327217491e-01
4.958550358886100184e-01
2.087496961077677238e-01
-3.258589909480100744e-01
-2.897510936469573917e-01
6.388189506488339831e-03
2.093186456574633869e-01
1.030482196109594462e-01
3.397711167912982333e-01
-2.289788433410258062e-01
-4.371804218447092882e-01
5.044461236640076507e-01
8.094814616528600570e-01
-2.913673881766216667e-01
5.357718915078713007e-01
-3.911397287279592128e-01
5.911096644629068031e-01
7.500305087894121314e-03
1.531439290745568726e-01
-3.751664497106026452e-01
-9.513963824975371075e-01
-2.298992153429155749e-01
3.983789042334187069e-01
4.928058319926664765e-01
5.565645507824978910e-01
-7.901733645633315373e-01
-7.979708720743474704e-01
5.610508408406111869e-01
-6.400806504057203750e-01
-5.066456185318470862e-01
9.626519508022910454e-01
-6.217040063734398103e-01
6.318354934393368705e-01
-4.772859681165018131e-01
-8.783351544939790312e-01
9.726055329776825964e-01
4.374624198901759797e-01
9.585053459672148168e-01
6.197650875235516388e-02
1.831680779470739040e-01
-1.721325872501722198e-01
3.231581434342023496e-01
5.379096004732835112e-01
6.543997344934686655e-01
-5.454755547308429708e-01
3.720822824011160712e-01
3.282947586362043868e-01
-6.960384430650568000e-02
-9.432939922508360997e-01
-7.957809635436197127e-01
3.421330849466668322e-01
9.904005594236735543e-01
-1.132543381167130381e-01
7.945274103435402413e-01
-4.382061282446292338e-01
4.491303555278842730e-01
-3.263459777786579252e-01
2.121417852966351880e-01
-5.383789607079956241e-01
1.432695705096094230e-01
6.406512798449106594e-01
5.211880216916664477e-01
2.934531517787686283e-01
2.828141519542093363e-02
2.410546428091528970e-01
-7.195108156156651003e-01
-8.056214932398955142e-01
9.612795121526946929e-01
-8.090073535068695865e-01
-6.953514751150431383e-01
-6.166121766599077514e-01
-9.606907199043017709e-01
-9.659669421685446178e-01
2.360722633797096570e-02
-3.480458145020635108e-01
-5.702373049937192739e-02
-1.784352299083138416e-01
-4.813789371003451834e-02
3.725562470425540784e-01
-6.097171677035242432e-01
7.001644555120216662e-01
8.967904675553586280e-01
-6.349777890674828118e-01
4.380564808248539332e-01
-6.285291214675463589e-01
-1.822269483885872177e-01
-9.134009515765617593e-02
2.499697498315789357e-01
2.312773955740832221e-01
5.522610449821940826e-01
-2.273586997040142332e-01
7.021192522219379395e-01
7.803485331051900342e-01
5.292531633552428616e-01
1.302639433367567268e-01
-2.097891325408651753e-02
1.075437309716593681e-01
-2.606360574512887052e-01
-1.447952358041872944e-01
9.693300141417773297e-01
6.873443979322393371e-01
-8.297714682968195810e-01
8.952559033776039676e-01
5.300798439524936345e-01
-1.091639394964143417e-01
-9.432844816636580809e-01
-8.257829279302937309e-01
-5.649160931142671593e-02
8.099333275438764801e-01
-8.512394757768872999e-01
1.761289193804758124e-01
-5.910287825404449968e-01
-7.574584662692207537e-02
-1.004674859168110945e-01
6.055359695605706527e-01
-5.645440860036659014e-01
-2.209495443381221946e-01
-4.791160973166719295e-01
6.513037563010626307e-01
5.975078473881898500e-01
-3.114816235322739324e-01
-9.599029054936289995e-01
-4.983796097158303962e-01
6.941065625804445638e-01
4.950646377392373676e-01
-9.220427679368938811e-01
-8.387374592632255155e-01
-4.347348161865880467e-01
5.672321100525061777e-01
6.560727532282142338e-01
9.677881692494509913e-01
-8.590846274956565054e-02
-9.354513808872599867e-02
-8.828871139604383966e-01
5.670023520148848029e-02
-3.815006992749059300e-02
-4.323790889785561475e-02
-2.971624098609386699e-01
-4.331637116816067223e-01
-2.933639321787131493e-01
1.647471958662889424e-01
4.442000114330368898e-01
-8.839334016641786640e-02
9.868327569955064327e-01
9.427677248192070092e-01
-9.649242470629262325e-01
-2.290034277510279992e-01
-8.613454881291626730e-01
-9.257369170936422531e-01
8.333782972889756113e-01
-8.499074516980107408e-01
8.289317488655438826e-01
6.867350271642542747e-01
7.283247830002834711e-01
4.332418689486858820e-01
-9.268345550847634229e-02
8.221190328675966885e-01
8.378118027618459696e-01
9.236282724942221911e-01
-7.848790476351426015e-01
-9.447130555985572276e-01
-5.927217476369555094e-01
-3.566039309552591074e-01
6.003953135171857802e-01
9.352622298448725058e-01
6.487036258988256865e-01
5.458255603023276503e-01
4.656601530440649395e-01
-3.276950901095414537e-01
-4.375276579049642844e-01
7.971345895400605563e-01
-6.074657554654003810e-01
-7.618391124848673535e-01
-8.451930366077735624e-01
-5.977521712786628694e-01
-2.732246688008681534e-01
