4.323740900938417564e-01
-8.698729616456968294e-01
1.000000000000000000e+00
-1.000000000000000000e+00
-1.000000000000000000e+00
-1.000000000000000000e+00
6.427345717309411732e-01
2.543579595327293275e-01
-1.463952222188461549e-01
8.769877583613157057e-01
1.000000000000000000e+00
5.784404179304702964e-03
-1.931095577672357066e-01
2.347114565963810406e-01
7.325842727650135888e-01
3.190400170073472985e-01
5.983686559725807097e-01
-7.202720899594261539e-02
2.267512331684962135e-02
4.830550457014759491e-01
-1.000000000000000000e+00
3.719435079696127300e-01
-5.768560762583332391e-01
-3.191972003764778076e-01
2.155081479176035320e-01
8.880171815792428092e-01
-8.340387419396799729e-03
-1.538374455349411640e-01
1.840710628970354534e-01
6.695688198484923692e-01
7.703409324686256721e-01
-5.577625591117676418e-01
-3.269382598759345004e-01
-1.000000000000000000e+00
2.807564875852760489e-01
-8.643076214777800637e-01
-1.000000000000000000e+00
7.323064993798864553e-01
9.312436544782844994e-01
-7.836213682362586086e-01
-4.065982475957606868e-01
1.000000000000000000e+00
-1.828173840382003590e-01
9.411583911617305009e-01
-1.000000000000000000e+00
-8.410045746795663524e-01
1.000000000000000000e+00
6.296182175629800870e-01
-1.000000000000000000e+00
1.000000000000000000e+00
-1.000000000000000000e+00
9.507994474033854004e-01
-9.323533910942339853e-01
-4.739380759549451927e-01
-2.938343043733249171e-01
6.919685755189476373e-01
7.086295271524307715e-01
2.026946168105989710e-01
-6.596349134756933630e-01
-1.000000000000000000e+00
-1.165260552400162464e-01
-1.000000000000000000e+00
-1.000000000000000000e+00
3.338835385171745607e-02
-1.000000000000000000e+00
1.000000000000000000e+00
5.970576754573470035e-01
1.000000000000000000e+00
4.024441679685200057e-01
2.307330574748012175e-01
-6.520053360799389353e-01
-9.869713084030782291e-01
5.414463055068874375e-01
-4.657025459661610078e-01
6.799765597005438256e-01
-5.336676515018989875e-02
1.000000000000000000e+00
-5.945517083826068472e-01
9.595657043043335221e-01
8.066094774316279192e-01
7.953570674620324965e-03
7.649125518086314912e-01
-8.632217271080638854e-01
-1.000000000000000000e+00
-4.202581807331973174e-02
1.693042517770112498e-01
3.537394569463994110e-01
-8.150438466604337240e-01
-8.993364570823147996e-01
1.000000000000000000e+00
-1.000000000000000000e+00
-3.677386925053278688e-01
-1.912440932267833738e-02
5.168793422793507286e-01
-1.000000000000000000e+00
9.590488812539161856e-01
-8.377478249798038235e-01
-4.888668676740535179e-01
6.462475457429357473e-01
-5.281922364309930007e-01
1.000000000000000000e+00
1.915299812368683186e-01
1.000000000000000000e+00
4.752131455683378247e-01
9.486387337258037622e-01
-1.000000000000000000e+00
-3.071599662931989716e-01
-3.112463569179111933e-01
-1.000000000000000000e+00
-2.138240640380110191e-01
2.699752264283642456e-01
-9.211028324488481633e-01
7.492875734111382746e-01
1.000000000000000000e+00
3.106062273026699572e-01
1.000000000000000000e+00
9.045738966510634693e-01
1.000000000000000000e+00
9.581489875096014242e-01
9.614519141255921664e-01
-4.103214869445164226e-01
-1.000000000000000000e+00
1.000000000000000000e+00
-3.698383861326719479e-01
-7.132743836633462786e-01
-4.255842677835122712e-01
-3.731738427705564298e-01
-1.000000000000000000e+00
-1.843667736403085122e-01
-1.433930916304614334e-01
-1.000000000000000000e+00
1.000000000000000000e+00
4.395110147381545151e-01
2.393076592784979528e-01
-7.825422631878218294e-01
-8.106704356733005490e-01
1.000000000000000000e+00
-8.176642496487775968e-01
3.927058444953919203e-01
-1.000000000000000000e+00
4.187506651160526894e-01
1.000000000000000000e+00
1.000000000000000000e+00
2.415871534621751859e-01
2.377679902403877499e-01
-7.265169678527860775e-01
1.000000000000000000e+00
2.783034003752571373e-01
-1.324490032299506237e-01
-2.827696653953239991e-01
8.102320689844983992e-01
1.462422632686842805e-01
-1.000000000000000000e+00
9.146766988729149173e-01
1.927709826153158890e-01
-7.723066324720196940e-01
1.131225262301852608e-01
-1.000000000000000000e+00
1.693361177864669553e-01
5.444801101422722667e-01
-1.000000000000000000e+00
-6.546187058966037586e-01
1.834871771934912799e-01
-8.988455533194406044e-01
-1.115885536949685619e-01
1.000000000000000000e+00
1.860256580161114837e-01
-1.510856635774389112e-01
3.145482807578268147e-01
-3.387992983409779946e-01
1.000000000000000000e+00
-3.295596878083140169e-01
5.038967650223534767e-01
-5.864007151258735506e-01
-1.000000000000000000e+00
3.565321837842789776e-01
9.914589513051101921e-01
-5.239316207078245080e-01
-8.316292545924690582e-01
1.000000000000000000e+00
5.385479893905302795e-01
-1.456159532496714704e-01
7.116351252632173718e-01
-1.399111774721562562e-01
-1.809892697171484599e-01
-6.863659714420549118e-01
-7.821787477960655544e-01
6.353017670578464671e-01
-1.862323629397036884e-01
-5.375156351303796987e-01
-7.544857450785857900e-01
4.596920967023652160e-01
-1.000000000000000000e+00
-1.000000000000000000e+00
-9.413747485127826886e-01
-4.815413165782143623e-01
-1.595104299518232960e-01
-9.674929284432653986e-01
1.000000000000000000e+00
3.503512504358337054e-01
-4.412655488643000279e-01
4.834361359348404719e-01
-1.666365556235946954e-01
1.919368294900746230e-01
-6.595225461528304578e-01
-1.000000000000000000e+00
-1.805477884481327955e-01
-4.488146282147145172e-01
-1.438262517417385755e-01
-6.458769716804595440e-01
6.010560191048150980e-01
6.121749263786167017e-01
-4.550071632004107913e-01
2.456030561542232871e-01
-1.000000000000000000e+00
5.850302239626081757e-02
-4.526807194105115784e-01
3.270110752560118073e-01
-1.483102990675326804e-01
-1.412838127713593739e-01
-4.077509491285575827e-01
-1.000000000000000000e+00
-7.743276644976668788e-01
9.506181801515635188e-01
6.103185951784821928e-01
-1.975197049905171309e-01
-1.016223654263860299e-01
-3.777099641256201346e-01
7.013241597542594352e-01
-9.872378540158273097e-01
-1.000000000000000000e+00
7.632552495105868751e-01
-6.444211055953189549e-01
-6.518363360291495878e-01
1.000000000000000000e+00
1.613502264931243602e-02
-2.220216733464641656e-01
-6.389888240618696313e-01
-7.370383157660624907e-01
-3.884554666348263297e-01
1.000000000000000000e+00
-3.580810771705029705e-01
-3.960956107255733105e-01
6.027874323231390274e-01
3.849225835661080897e-01
-8.392929793247212444e-01
-1.000000000000000000e+00
5.902224914860089156e-01
-8.856178892372039702e-01
-3.252568158965143397e-01
-6.331507178387623114e-01
-4.565464624382356007e-01
-1.000000000000000000e+00
1.000000000000000000e+00
9.859098760509812376e-01
1.000000000000000000e+00
2.879785436615753813e-01
9.094470049678168300e-01
-8.859201550840636319e-01
3.612677679671563169e-01
-3.939005610048365025e-01
1.000000000000000000e+00
-3.627233725178373169e-01
1.000000000000000000e+00
2.047455273712939228e-01
