7.074461792671546956e-01
-6.688744594793265552e-01
-2.315966050369294704e-01
-1.000000000000000000e+00
-1.000000000000000000e+00
1.000000000000000000e+00
-7.503073716410821881e-01
-1.000000000000000000e+00
-4.611948160872190727e-01
-1.000000000000000000e+00
6.385895172902412709e-01
-2.822221021834012689e-01
5.856449970478940781e-01
1.000000000000000000e+00
1.000000000000000000e+00
1.138306335223249199e-01
-1.000000000000000000e+00
-7.988592674393802939e-01
1.000000000000000000e+00
-1.332061276921736592e-01
-1.098688684854550734e-01
3.933753765160614702e-01
-1.860367445950797394e-01
-1.000000000000000000e+00
1.000000000000000000e+00
-4.819757645979760863e-01
-6.760238234112219136e-01
-1.000000000000000000e+00
-4.233204481630788996e-01
-5.952197965300021210e-02
-1.000000000000000000e+00
2.566071312957614037e-01
-1.000000000000000000e+00
5.162614743481204194e-01
-9.460880444904251618e-02
2.562982688775009565e-01
-2.045641512482266333e-01
5.148191005531910225e-01
1.000000000000000000e+00
8.126633833512093563e-01
-2.525607952077034701e-01
-1.000000000000000000e+00
3.786868453713310156e-01
-9.799976144905546693e-01
1.077899109537285849e-01
-1.000000000000000000e+00
3.340757635890232446e-01
1.000000000000000000e+00
3.546824778760926389e-01
-8.497808008408584968e-01
1.000000000000000000e+00
-1.000000000000000000e+00
-1.000000000000000000e+00
2.371489532282680945e-01
-9.493550614371752960e-01
-1.000000000000000000e+00
2.006393591968979040e-01
1.000000000000000000e+00
-1.000000000000000000e+00
-1.000000000000000000e+00
-2.289728606583643078e-01
-4.684898644514894350e-01
-4.963404487081457539e-01
-1.000000000000000000e+00
6.339206069231151375e-01
8.912799288050361479e-01
1.703962088582151591e-01
4.753439291479585327e-01
4.321430942872057646e-01
3.847993200597084051e-01
-6.594608342017300728e-01
-3.666713486871586714e-02
5.682837741021991018e-01
-1.276751646898892645e-01
7.875449952216824201e-01
-5.198009102155431993e-01
1.000000000000000000e+00
1.000000000000000000e+00
1.000000000000000000e+00
-9.904972262792011151e-01
-1.000000000000000000e+00
8.495255163201322901e-01
-1.000000000000000000e+00
1.000000000000000000e+00
5.767715738306782303e-01
-6.359329847201342645e-01
-5.927639553184516075e-02
-1.000000000000000000e+00
1.424395896173352993e-01
-3.104640341538040804e-01
1.242110297754276393e-01
5.631137828791550337e-01
4.916129606582302358e-01
9.339556255642193772e-02
5.810083859008544627e-01
1.000000000000000000e+00
-5.457864193202963676e-01
1.101635021489077992e-01
1.181459845683038301e-01
-2.519717243706436349e-01
1.000000000000000000e+00
-2.669442038612721557e-01
9.148655521688253689e-01
-2.969827219320747558e-01
-7.770691061614320994e-02
1.000000000000000000e+00
-1.000000000000000000e+00
-1.000000000000000000e+00
-7.610534629921962280e-01
-1.804071893050096520e-01
1.000000000000000000e+00
1.044198204252024809e-01
-8.379192330820143253e-01
3.197355707518573231e-01
1.473167236468363450e-01
-1.000000000000000000e+00
-9.693527690852521417e-01
1.000000000000000000e+00
-1.258090758099807971e-01
-1.000000000000000000e+00
-3.386006397673040347e-01
-4.153722622540865217e-01
-8.736627714555103008e-01
9.330365581235676720e-01
1.000000000000000000e+00
2.988780710705254418e-01
-1.000000000000000000e+00
-7.181742783102909033e-01
8.313847959298814594e-01
-9.588121027507640060e-02
-1.000000000000000000e+00
-1.000000000000000000e+00
-8.981495793496807600e-02
5.671619521689841292e-02
1.000000000000000000e+00
1.000000000000000000e+00
2.288108146672185317e-01
-1.000000000000000000e+00
1.000000000000000000e+00
8.015825182261810955e-01
1.000000000000000000e+00
-1.000000000000000000e+00
1.000000000000000000e+00
-1.000000000000000000e+00
-1.000000000000000000e+00
-7.175815881585472233e-01
-1.546801579910925817e-01
-2.009102469611351305e-01
-1.525245447097957063e-01
1.000000000000000000e+00
-1.000000000000000000e+00
1.000000000000000000e+00
-1.000000000000000000e+00
-1.000000000000000000e+00
1.000000000000000000e+00
1.000000000000000000e+00
-5.833804870014154265e-01
-7.381956752089399165e-01
5.768657429421950589e-01
-6.243826265163303635e-01
6.791734362633983224e-02
-1.000000000000000000e+00
-7.988481189486927869e-01
-4.913880800522976156e-01
7.558470862946626845e-01
4.711655969207573236e-01
5.659564021498436626e-02
7.961768792021430841e-01
-3.362919544843068209e-02
-6.771316894501748784e-01
-8.787275175422198936e-02
8.557041091898612839e-01
-9.758845173417793895e-01
-1.000000000000000000e+00
8.717367918036738050e-01
3.152727063976989985e-02
-7.591736411794012263e-01
4.784788288645061005e-01
-1.000000000000000000e+00
-3.136887125828060618e-01
-1.000000000000000000e+00
-1.000000000000000000e+00
-5.416172336637659068e-02
6.541902856788536225e-01
-2.464687025779828122e-01
1.729125056376605296e-01
9.727505975975758723e-01
-4.881690587707309126e-01
1.000000000000000000e+00
1.000000000000000000e+00
4.526583699874069389e-01
-1.842513124490007259e-01
-1.000000000000000000e+00
-1.000000000000000000e+00
-8.028498496706987231e-01
-1.000000000000000000e+00
8.644441713457653442e-01
1.000000000000000000e+00
8.605072105168478647e-01
-2.039191645818740906e-01
2.253863122996233592e-01
-1.000000000000000000e+00
5.020496059465880956e-01
-7.243922427115356832e-03
1.000000000000000000e+00
-1.000000000000000000e+00
-1.000000000000000000e+00
1.000000000000000000e+00
6.115639714286249529e-01
1.000000000000000000e+00
-1.000000000000000000e+00
-5.909678101880730949e-01
-4.086070089274607131e-01
6.206898141318146767e-01
1.000000000000000000e+00
8.773011872560390056e-01
1.000000000000000000e+00
1.000000000000000000e+00
7.548268290395462321e-01
5.781085459966001094e-01
-2.200301714277380638e-01
-3.815031823005313183e-01
-9.248961694517632282e-02
1.000000000000000000e+00
-4.323681476378549160e-02
7.940492191164325586e-01
1.000000000000000000e+00
-1.000000000000000000e+00
1.000000000000000000e+00
-8.818422654719668685e-01
-3.663097437707036885e-01
6.041999552342486313e-01
4.906539688667044263e-01
1.000000000000000000e+00
9.080906840867142282e-01
-1.000000000000000000e+00
-1.000000000000000000e+00
1.000000000000000000e+00
8.931735843135488739e-01
-9.000077568178610488e-01
-6.180741122899928719e-01
1.000000000000000000e+00
-2.569144812623211926e-01
1.000000000000000000e+00
-3.588989897048949773e-02
7.318701311676133470e-01
-6.022832748256672364e-01
1.000000000000000000e+00
7.831991048228925667e-01
-3.421887253471208035e-01
-1.000000000000000000e+00
1.000000000000000000e+00
6.148317251163271102e-01
6.926365038989201750e-02
-1.000000000000000000e+00
1.000000000000000000e+00
-1.000000000000000000e+00
-7.057021337644067138e-01
1.767724292869976566e-03
-1.000000000000000000e+00
4.297434342587691525e-02
-3.260360427091507640e-01
1.000000000000000000e+00
6.603466781900676486e-01
-4.359483484413035348e-01
