1.000000000000000000e+00
-1.000000000000000000e+00
1.000000000000000000e+00
-1.000000000000000000e+00
-8.826802868316666606e-01
1.000000000000000000e+00
-1.000000000000000000e+00
2.712371420307033709e-01
-1.000000000000000000e+00
1.000000000000000000e+00
1.000000000000000000e+00
-1.000000000000000000e+00
1.000000000000000000e+00
1.000000000000000000e+00
-1.000000000000000000e+00
1.694806446375880515e-01
-5.007014375519227567e-01
-1.000000000000000000e+00
1.000000000000000000e+00
7.190182764757742095e-01
1.000000000000000000e+00
1.000000000000000000e+00
-2.308204787550958426e-01
-1.000000000000000000e+00
1.000000000000000000e+00
4.835381986227146323e-01
1.000000000000000000e+00
1.000000000000000000e+00
-1.000000000000000000e+00
-1.000000000000000000e+00
1.000000000000000000e+00
1.000000000000000000e+00
-1.000000000000000000e+00
1.000000000000000000e+00
-1.000000000000000000e+00
1.000000000000000000e+00
-6.063919165250108989e-02
-3.761365048247312659e-01
-1.000000000000000000e+00
-1.000000000000000000e+00
1.000000000000000000e+00
-3.442152219173687522e-01
1.000000000000000000e+00
-9.344006947553328279e-01
-1.000000000000000000e+00
1.000000000000000000e+00
-1.000000000000000000e+00
1.000000000000000000e+00
1.000000000000000000e+00
1.000000000000000000e+00
1.000000000000000000e+00
-1.000000000000000000e+00
-1.000000000000000000e+00
-1.000000000000000000e+00
1.000000000000000000e+00
1.000000000000000000e+00
1.000000000000000000e+00
-1.000000000000000000e+00
-1.000000000000000000e+00
1.000000000000000000e+00
1.000000000000000000e+00
-1.300305062128271905e-01
1.000000000000000000e+00
1.000000000000000000e+00
-4.809746964736787422e-01
-1.000000000000000000e+00
1.000000000000000000e+00
1.000000000000000000e+00
-1.000000000000000000e+00
1.000000000000000000e+00
1.000000000000000000e+00
2.220559633625197316e-01
1.000000000000000000e+00
-1.000000000000000000e+00
-9.291892188635093586e-01
1.000000000000000000e+00
1.000000000000000000e+00
-1.000000000000000000e+00
1.000000000000000000e+00
-1.000000000000000000e+00
1.000000000000000000e+00
1.000000000000000000e+00
-3.461180520605943722e-01
-1.000000000000000000e+00
1.000000000000000000e+00
9.584376080640928386e-01
1.000000000000000000e+00
1.536589767812670537e-01
-1.000000000000000000e+00
1.000000000000000000e+00
-1.000000000000000000e+00
1.000000000000000000e+00
-1.000000000000000000e+00
1.000000000000000000e+00
1.000000000000000000e+00
-4.794061847663730891e-01
-1.000000000000000000e+00
-8.413808679221761455e-01
-2.948523259375156469e-01
1.241034443063480097e-01
1.000000000000000000e+00
1.000000000000000000e+00
1.000000000000000000e+00
-1.000000000000000000e+00
-1.000000000000000000e+00
6.118045536898794046e-01
-1.000000000000000000e+00
1.457217519931988114e-01
-1.000000000000000000e+00
-3.933390151457274442e-01
1.000000000000000000e+00
-1.000000000000000000e+00
4.846316195264916971e-01
1.000000000000000000e+00
-4.893663181527430073e-02
2.660630173448180757e-01
-1.000000000000000000e+00
1.000000000000000000e+00
3.413888929302071329e-01
1.000000000000000000e+00
2.246828097853997008e-01
1.000000000000000000e+00
1.000000000000000000e+00
-1.000000000000000000e+00
3.105636765519359521e-02
-1.000000000000000000e+00
6.148565308391078510e-01
5.061295528681064582e-02
-5.222719876173663733e-01
1.000000000000000000e+00
8.085494558705230705e-02
-1.000000000000000000e+00
9.981912722465675625e-01
-5.530393069869059541e-01
-1.000000000000000000e+00
-1.000000000000000000e+00
1.000000000000000000e+00
-2.056403565819124868e-01
-6.562203631409492255e-01
1.000000000000000000e+00
-1.000000000000000000e+00
1.550349688834209427e-01
1.000000000000000000e+00
1.000000000000000000e+00
1.000000000000000000e+00
-9.479364276342046036e-01
-1.000000000000000000e+00
6.904287902342187699e-02
5.077103916160546904e-01
-3.906029600123528400e-01
-1.000000000000000000e+00
-2.156434936030726668e-02
1.000000000000000000e+00
-3.209818257157895927e-01
-9.068982512916573535e-01
-3.384612646846592021e-01
3.073037111379836595e-01
-1.000000000000000000e+00
1.000000000000000000e+00
1.000000000000000000e+00
1.000000000000000000e+00
-1.000000000000000000e+00
-1.000000000000000000e+00
1.000000000000000000e+00
-1.000000000000000000e+00
-4.523548420915068924e-02
-1.000000000000000000e+00
1.000000000000000000e+00
-1.000000000000000000e+00
1.000000000000000000e+00
6.044193367525421134e-01
1.000000000000000000e+00
-1.000000000000000000e+00
-1.000000000000000000e+00
1.000000000000000000e+00
-1.000000000000000000e+00
-3.772088452117094981e-01
-1.000000000000000000e+00
1.000000000000000000e+00
1.000000000000000000e+00
1.000000000000000000e+00
1.000000000000000000e+00
-1.000000000000000000e+00
-8.861568192622759632e-02
-1.000000000000000000e+00
9.883022892085695510e-01
-1.000000000000000000e+00
1.000000000000000000e+00
1.124187231144726518e-01
-1.000000000000000000e+00
-1.000000000000000000e+00
-1.000000000000000000e+00
1.000000000000000000e+00
-1.000000000000000000e+00
1.000000000000000000e+00
1.000000000000000000e+00
-1.000000000000000000e+00
1.000000000000000000e+00
-6.045035909249611983e-01
-1.000000000000000000e+00
-2.014153381193432013e-01
-1.000000000000000000e+00
-1.000000000000000000e+00
-2.962796361780208887e-01
-1.508702219702950931e-01
1.000000000000000000e+00
3.346009027557763638e-01
1.000000000000000000e+00
1.000000000000000000e+00
1.000000000000000000e+00
1.000000000000000000e+00
-1.000000000000000000e+00
1.000000000000000000e+00
1.000000000000000000e+00
1.000000000000000000e+00
-1.000000000000000000e+00
-6.799961453352447727e-01
1.000000000000000000e+00
1.000000000000000000e+00
-1.000000000000000000e+00
-1.000000000000000000e+00
1.000000000000000000e+00
1.000000000000000000e+00
-1.000000000000000000e+00
-1.000000000000000000e+00
-1.000000000000000000e+00
1.455227192286764337e-01
1.000000000000000000e+00
1.000000000000000000e+00
-5.382615718250631787e-01
-1.000000000000000000e+00
-1.000000000000000000e+00
-1.000000000000000000e+00
-1.000000000000000000e+00
-1.000000000000000000e+00
-1.000000000000000000e+00
3.722482781489067083e-01
8.741352496602867728e-01
-9.314950408679982807e-01
8.035042729052561672e-01
1.000000000000000000e+00
8.668090467845945835e-01
-1.000000000000000000e+00
-1.000000000000000000e+00
3.478890699488460525e-01
-6.479944654346969646e-01
1.000000000000000000e+00
1.000000000000000000e+00
1.000000000000000000e+00
1.000000000000000000e+00
-1.000000000000000000e+00
7.912753562150776077e-01
-1.000000000000000000e+00
1.000000000000000000e+00
-1.000000000000000000e+00
-4.963494103602750229e-03
-1.433062455269580315e-01
1.000000000000000000e+00
-1.000000000000000000e+00
1.000000000000000000e+00
1.000000000000000000e+00
-4.069304082584558335e-01
-1.000000000000000000e+00
-1.000000000000000000e+00
1.000000000000000000e+00
