-1.000000000000000000e+00
3.087178816121473046e-01
-1.000000000000000000e+00
-1.000000000000000000e+00
3.580181747306896423e-01
1.656784495028238435e-01
-4.333214256500702577e-01
-4.959442390759098429e-01
-1.000000000000000000e+00
1.000000000000000000e+00
-1.000000000000000000e+00
-1.000000000000000000e+00
-1.000000000000000000e+00
1.000000000000000000e+00
-1.000000000000000000e+00
1.000000000000000000e+00
-5.047022918203213360e-01
-1.000000000000000000e+00
-1.290952354464235396e-01
-1.000000000000000000e+00
-1.000000000000000000e+00
-1.726278728625358916e-01
-8.131877655068319166e-01
1.674343877929593827e-01
-1.000000000000000000e+00
-9.897480190578434867e-01
8.546679212054844044e-01
-1.000000000000000000e+00
-3.988398545693347952e-01
-1.000000000000000000e+00
8.471768695233583557e-03
1.084626435853518478e-01
-1.000000000000000000e+00
-1.000000000000000000e+00
-4.564998932733238535e-01
9.576345448093678270e-01
1.000000000000000000e+00
1.000000000000000000e+00
-1.000000000000000000e+00
2.401761187526467722e-01
-1.000000000000000000e+00
-5.362714707416389448e-01
-1.000000000000000000e+00
1.000000000000000000e+00
1.000000000000000000e+00
-2.167015322691144830e-01
8.152157237712520654e-02
1.000000000000000000e+00
-2.549205067045899886e-01
1.000000000000000000e+00
1.000000000000000000e+00
1.000000000000000000e+00
1.000000000000000000e+00
-1.000000000000000000e+00
1.000000000000000000e+00
1.000000000000000000e+00
1.000000000000000000e+00
-1.000000000000000000e+00
9.913361702407459397e-01
-1.000000000000000000e+00
5.201198675705702712e-01
1.000000000000000000e+00
-1.000000000000000000e+00
-1.000000000000000000e+00
-1.000000000000000000e+00
-7.934865913311912600e-01
-1.000000000000000000e+00
-8.281532263469708610e-01
1.000000000000000000e+00
4.582196395309757753e-01
3.443811347219160601e-01
-1.000000000000000000e+00
5.959484535615955370e-01
1.000000000000000000e+00
-1.000000000000000000e+00
1.000000000000000000e+00
-1.000000000000000000e+00
-1.000000000000000000e+00
1.000000000000000000e+00
-1.000000000000000000e+00
-1.000000000000000000e+00
1.000000000000000000e+00
1.000000000000000000e+00
-1.000000000000000000e+00
1.000000000000000000e+00
-1.000000000000000000e+00
1.000000000000000000e+00
-1.000000000000000000e+00
-5.720053158221087841e-01
-1.000000000000000000e+00
-1.000000000000000000e+00
-1.000000000000000000e+00
1.000000000000000000e+00
1.000000000000000000e+00
1.000000000000000000e+00
1.077728210600074621e-01
5.416516940495631482e-01
-1.000000000000000000e+00
-2.695118102958116713e-01
3.074215598883385248e-01
1.000000000000000000e+00
-1.000000000000000000e+00
8.705233171911084256e-01
2.869378509820574852e-02
3.229658529663344546e-01
3.936680351632193542e-05
1.000000000000000000e+00
9.946021393736026450e-01
-9.548778960173405217e-01
6.040030390271744487e-02
7.526133440165169164e-01
-3.038979337629206245e-01
-9.116980050992777862e-01
-1.000000000000000000e+00
1.000000000000000000e+00
-1.000000000000000000e+00
-5.891788380906313183e-01
4.479804512450793474e-01
2.098342344294195083e-01
1.000000000000000000e+00
-7.339011740196419442e-01
9.550356065247793680e-01
-1.000000000000000000e+00
1.000000000000000000e+00
-1.000000000000000000e+00
-1.000000000000000000e+00
-1.000000000000000000e+00
1.000000000000000000e+00
-1.000000000000000000e+00
-1.000000000000000000e+00
8.052921285271190666e-01
-1.000000000000000000e+00
6.440267727162540812e-01
-7.184499764066697436e-01
-1.000000000000000000e+00
2.104242801815460195e-01
1.000000000000000000e+00
1.000000000000000000e+00
-1.000000000000000000e+00
1.000000000000000000e+00
1.000000000000000000e+00
1.000000000000000000e+00
6.836078890799908159e-01
-1.000000000000000000e+00
1.000000000000000000e+00
-2.751884457172145138e-01
-1.000000000000000000e+00
-7.820157863046803826e-01
-1.000000000000000000e+00
9.477697533714467548e-01
-1.000000000000000000e+00
-6.857485673132102111e-01
1.000000000000000000e+00
1.000000000000000000e+00
1.000000000000000000e+00
-1.000000000000000000e+00
-1.000000000000000000e+00
-1.000000000000000000e+00
-2.434892668304744490e-01
8.761696349716334709e-01
1.000000000000000000e+00
-1.419067712754960020e-01
-1.466764823315736543e-01
1.000000000000000000e+00
1.000000000000000000e+00
-1.000000000000000000e+00
1.000000000000000000e+00
1.000000000000000000e+00
1.000000000000000000e+00
-1.000000000000000000e+00
-1.000000000000000000e+00
-1.000000000000000000e+00
-1.000000000000000000e+00
3.103336708572101976e-03
1.000000000000000000e+00
-1.000000000000000000e+00
-6.536125820399143471e-01
1.000000000000000000e+00
-1.000000000000000000e+00
1.000000000000000000e+00
1.000000000000000000e+00
-1.000000000000000000e+00
-1.000000000000000000e+00
1.000000000000000000e+00
-1.000000000000000000e+00
-4.917971698052936991e-01
1.000000000000000000e+00
-1.000000000000000000e+00
1.000000000000000000e+00
-1.000000000000000000e+00
-1.000000000000000000e+00
1.000000000000000000e+00
2.171391500385808637e-01
1.000000000000000000e+00
-1.000000000000000000e+00
-1.000000000000000000e+00
1.000000000000000000e+00
7.029802724983991169e-01
9.775894203177888375e-01
-1.000000000000000000e+00
1.270821505325560596e-01
1.000000000000000000e+00
1.000000000000000000e+00
9.383527458316560654e-01
-1.000000000000000000e+00
-4.717082001018136905e-01
-1.000000000000000000e+00
-4.554443395737250988e-02
-8.130542250601764387e-01
-7.576884465196335183e-01
-4.792760315877896415e-01
1.000000000000000000e+00
1.000000000000000000e+00
1.000000000000000000e+00
1.000000000000000000e+00
-6.558787606609701726e-01
-1.215256531212121072e-01
-9.256557104142406622e-01
1.000000000000000000e+00
-3.140481967421109299e-01
-1.000000000000000000e+00
-5.855849022950095906e-01
1.000000000000000000e+00
-1.000000000000000000e+00
-1.000000000000000000e+00
-1.000000000000000000e+00
-1.000000000000000000e+00
-1.000000000000000000e+00
-1.000000000000000000e+00
-1.000000000000000000e+00
-1.000000000000000000e+00
-8.451228717385703693e-01
-1.000000000000000000e+00
1.000000000000000000e+00
2.282516608998634844e-01
-9.340308552881353421e-01
1.000000000000000000e+00
-3.604338547706387175e-01
1.000000000000000000e+00
-1.000000000000000000e+00
7.713754284291924890e-01
-6.848693881471381584e-01
-1.940374310247862111e-01
-1.000000000000000000e+00
-1.000000000000000000e+00
1.000000000000000000e+00
1.000000000000000000e+00
1.000000000000000000e+00
-1.000000000000000000e+00
7.516827214104411237e-01
1.000000000000000000e+00
-1.000000000000000000e+00
3.471503299680153143e-01
1.000000000000000000e+00
-1.266270745156305999e-02
1.000000000000000000e+00
3.152300916800563346e-01
1.000000000000000000e+00
1.000000000000000000e+00
-1.000000000000000000e+00
4.206119640947041383e-01
-1.000000000000000000e+00
-1.000000000000000000e+00
-1.000000000000000000e+00
-6.725119714717731068e-03
