-9.998101518629454176e-01
-6.834406224436777588e-01
-9.729776395112055276e-01
-4.084742925291489080e-01
-7.164818633108582802e-02
7.350927182632700507e-01
4.143970320434517962e-01
-6.262897456775617933e-01
-1.845669546690562601e-01
-7.627666226285771955e-01
-9.623706783225522976e-01
9.631606031194666073e-01
6.998606432265317423e-01
4.421301119605118846e-01
-2.001550099206921285e-01
9.795396679904544435e-02
2.331140011245764754e-01
7.654459293221311800e-01
1.084902955845286066e-01
1.258722446398785610e-01
-2.245857695694792877e-01
-4.108402032481570654e-01
6.676467718391407846e-01
2.677684718087103288e-01
-4.521756307389031004e-01
2.003508507255151727e-01
5.579283006688284807e-02
6.924714983776154575e-01
1.939075894060282579e-03
9.572726607155714884e-01
-4.196836967028749754e-02
1.364444709676013723e-01
-4.371705617875767391e-01
-1.176568169992673329e-01
-7.809501099772317989e-01
-8.603562506489370598e-01
-3.969066167100128162e-01
-7.080054907912218809e-01
7.825042271755369150e-01
-1.178839571903986805e-01
-8.175371332202050478e-01
5.947280017421014975e-01
2.785937706951178150e-01
8.847579014581170576e-01
-8.296145143940403255e-01
3.713367552939028648e-01
1.722801937771103464e-01
-6.539950736238182571e-01
8.878921219525610642e-01
8.485024192391485975e-01
-4.287179923682924443e-01
-7.332751004033568609e-01
-2.833046554293874308e-01
9.757643199278676072e-02
-5.187600456728478360e-01
7.690644534942747690e-02
1.629145254324582126e-01
3.772241783242558100e-02
2.520490062403706322e-01
-4.338081095886776595e-01
5.466609095762742232e-01
-7.070704797281175402e-01
-8.016749138767400584e-01
3.570762795049566840e-01
9.796002356639244013e-02
3.911846297052359311e-01
-5.393718119975039471e-01
-5.256430558068774239e-01
7.881604326473046207e-01
7.335466035462443468e-01
6.764194240712908535e-01
3.743484968732313511e-01
8.466788571151691034e-01
7.820893572034102181e-01
1.742088430296506729e-01
-9.630971916476200878e-01
7.193685029374330409e-01
3.286718319888688455e-01
3.875915558766371838e-01
-6.100056028241489514e-01
-5.503751269558188053e-01
2.898750223702810658e-01
7.409534725576423231e-01
-3.725926780259340987e-01
-4.690072498422082070e-01
4.114164567044729104e-01
1.862685528907706001e-01
-4.524861350728293097e-01
4.175410159959813683e-02
-1.551464677103229217e-01
3.677397750630084783e-01
9.191587887563423820e-01
2.145864778079609181e-01
-9.361442950147533804e-01
3.562710037655427708e-01
9.947023459256376654e-01
1.966411919430537392e-01
2.130094926825698565e-03
-8.062132735240368220e-01
-6.786725658997723176e-01
-4.114444381792798922e-01
5.075046956471118698e-02
-6.291104786857115716e-01
6.519573015251485248e-01
-1.268923008176932044e-01
6.461462435322866682e-01
-8.164062129128084599e-01
8.238990469453117971e-01
6.862838138510163333e-01
5.505385799053421625e-01
-1.709518601901436341e-01
1.248463841846862987e-01
-2.471932054881378349e-01
9.596484531376436866e-01
5.967966896707828095e-01
-5.266970432747710706e-01
-8.901078981622401187e-01
4.929360814097278887e-01
5.688539971038881760e-01
-2.177877496030928839e-01
-1.162515779507371505e-01
-2.734899567232877970e-01
-1.240876985503371888e-01
-8.244995142714559577e-01
-6.564158902235077697e-01
-1.436373751723303283e-01
9.303488302618290184e-02
-9.160415510846371401e-01
7.323730496074138951e-01
6.076178257883624312e-01
-8.068932249295133197e-01
6.015417917552734473e-01
3.987668800300878669e-01
-3.182618138079327252e-01
-2.388979183155366393e-01
9.068086244516182504e-02
8.988544472051729350e-01
-8.005092150924597583e-02
7.695134974889528134e-01
-4.275068783837931985e-01
-6.157186952244502187e-01
-6.008160908295194780e-01
6.675983235220450673e-01
-7.305051853003903251e-01
-7.114725267641963669e-01
3.030472012859048991e-01
7.553132509746203205e-01
4.734258821207917300e-01
3.945555460093170819e-01
-8.672011033397630797e-02
-7.755848941994447632e-01
-5.890030246280828496e-01
1.076424211739572812e-01
-8.559482478854256726e-01
4.722980772492233470e-01
-6.309313422949980321e-02
-6.181949867865519366e-01
3.310064285205587264e-01
9.948186162265670873e-02
-1.366501225605785130e-01
7.015105587606951243e-01
6.431335273292890786e-01
4.904748247448575960e-02
9.452293833062626049e-01
-3.575176593305879891e-01
-7.964329125583029523e-01
7.987693684927559268e-01
-4.906125342035485559e-01
-9.553990191336170223e-01
-4.409069219827894681e-01
4.403802737636133280e-01
9.774454797785911975e-01
4.159045705485791000e-01
-7.085508048321842445e-02
4.650633440613209935e-01
-5.809977741392247097e-03
-9.545837603432971719e-03
6.868980761512089028e-01
-7.761145539816560746e-01
9.587159790143906513e-01
3.230431824433412924e-01
5.953686722413467081e-01
2.309605149893165787e-01
-2.616972274230706663e-01
-9.897560022913922673e-01
7.804197377020267723e-01
-8.877398877637701080e-01
-1.540368036585888500e-01
-5.376622918547722119e-01
4.938466775030505573e-01
8.557213998312331871e-01
-1.649722146805763234e-01
8.323862761337885718e-01
9.917708509497502600e-01
-5.789556040906600476e-01
6.995642647354305410e-02
3.680211859427944265e-01
2.506784161729713745e-02
8.773637586082254636e-01
-9.098308516691697712e-01
8.638619893758983093e-01
-8.639500418809731297e-01
-5.265596832697183594e-01
-2.213595241853043571e-01
-6.982656620309242168e-01
-9.803792602315817284e-01
7.754033498013763737e-01
6.335292626865105525e-01
-3.472185697897169909e-01
8.740480803000285626e-01
-4.230862070984582335e-01
3.426273314807284365e-01
-7.410255269576560000e-01
-3.355349651625205709e-02
-8.070597100047225414e-01
9.240631152132001702e-01
-3.264121445997976156e-01
6.482770237290187421e-01
5.376565291339896469e-01
-3.195687468108676654e-02
-2.145024499516809957e-01
-5.625107198671805975e-01
3.849512455520587295e-01
3.190146628194066025e-01
7.846038340820695733e-01
-9.460339203488599136e-01
1.626222330951900830e-01
-3.880400049525651873e-01
-6.914112286648703698e-01
7.453088241183105644e-01
2.502060609090963617e-01
-3.205845205667314790e-01
-3.523571448584990051e-01
-1.471626338106442056e-01
7.028662370607678955e-01
-1.436927250783319732e-01
-4.565143487089702301e-01
7.710314805448121867e-01
-9.769530092358369444e-02
-4.782873922775767728e-01
-3.238422506941263102e-02
-9.434942934549357396e-01
-7.400394684384088428e-01
7.566999540962271453e-02
-4.756698576858455763e-01
7.749177565251368360e-01
9.812868290366980606e-01
6.784973955531070633e-01
1.705979779067197111e-01
3.973587540280445474e-01
2.652956471491789703e-01
-9.813947519204346825e-02
6.292012730196867576e-01
-4.256775642831134299e-01
1.057719336398954546e-02
-2.991418319605085863e-01
1.155619456093222031e-01
1.202323529011364300e-01
5.865804235506759667e-01
4.207818522433841579e-01
-9.490011665739681579e-01
4.120477946811340608e-01
-7.570262912642824471e-01
2.982495469754800066e-01
7.078200774580538646e-01
