-6.402697906639251979e-01
-1.000000000000000000e+00
-1.000000000000000000e+00
-1.000000000000000000e+00
-1.000000000000000000e+00
-2.716889605335095492e-01
1.000000000000000000e+00
-1.000000000000000000e+00
6.061674912200982757e-01
-3.856681491331506173e-01
1.000000000000000000e+00
-1.810481030992316942e-01
1.000000000000000000e+00
-6.872015543866654141e-01
-1.734076249270380399e-01
1.000000000000000000e+00
1.000000000000000000e+00
-1.000000000000000000e+00
-1.000000000000000000e+00
8.089452881537684270e-01
1.000000000000000000e+00
-1.000000000000000000e+00
2.397563357546839136e-01
5.174518039148526816e-01
-1.000000000000000000e+00
1.636508159192223699e-01
1.000000000000000000e+00
-1.000000000000000000e+00
-1.000000000000000000e+00
1.000000000000000000e+00
1.000000000000000000e+00
-1.000000000000000000e+00
-1.000000000000000000e+00
-1.000000000000000000e+00
1.000000000000000000e+00
1.000000000000000000e+00
-9.946966374132278910e-01
5.681891359890001159e-01
-1.000000000000000000e+00
-1.000000000000000000e+00
-8.615784020220041972e-01
-1.000000000000000000e+00
-2.184490588116408949e-01
-1.000000000000000000e+00
7.745132314418716746e-01
1.000000000000000000e+00
6.633658791542892397e-01
-1.000000000000000000e+00
1.000000000000000000e+00
1.000000000000000000e+00
-5.831162415111914576e-01
-1.000000000000000000e+00
1.000000000000000000e+00
1.000000000000000000e+00
-1.000000000000000000e+00
-1.000000000000000000e+00
-1.000000000000000000e+00
1.000000000000000000e+00
-1.000000000000000000e+00
-1.000000000000000000e+00
-1.000000000000000000e+00
9.787667989885540099e-02
-5.890595238510671905e-01
5.763905592139351164e-01
1.876371837929795283e-01
1.000000000000000000e+00
-1.809761024235658766e-01
-1.000000000000000000e+00
1.000000000000000000e+00
2.125796335331492370e-02
-1.000000000000000000e+00
9.339522551700241149e-01
-6.935624324637899019e-01
-3.163468321979373554e-01
-1.000000000000000000e+00
-6.658037389915275051e-02
-9.296754243427656217e-01
-1.000000000000000000e+00
-1.000000000000000000e+00
-8.728547100224132160e-02
-6.378997496649976284e-01
9.421062759540109743e-01
-3.207086167929779075e-01
1.000000000000000000e+00
-1.846944422649547946e-01
-3.900424432053278823e-02
1.000000000000000000e+00
5.558376844711020448e-01
-1.610669166158984478e-02
1.000000000000000000e+00
3.736191231187752093e-02
1.000000000000000000e+00
-1.000000000000000000e+00
-1.181409236022203102e-01
-1.000000000000000000e+00
-1.000000000000000000e+00
-1.000000000000000000e+00
-2.940920312327071073e-01
2.217233148575245005e-01
1.000000000000000000e+00
1.000000000000000000e+00
1.000000000000000000e+00
-1.000000000000000000e+00
5.893776148217351185e-01
-8.426412439378226926e-01
-8.303810997666565274e-01
6.901781166058137407e-01
-8.959704835304148629e-01
2.628211193951373037e-01
1.000000000000000000e+00
4.257411612537060908e-01
5.680352307630109898e-02
3.279541331353341693e-01
-1.000000000000000000e+00
-3.949873454211989543e-01
-1.000000000000000000e+00
-1.000000000000000000e+00
-8.288430848775745208e-01
1.000000000000000000e+00
5.794828356490582255e-01
1.000000000000000000e+00
4.331848221941630994e-02
-1.000000000000000000e+00
-5.921841600517347981e-01
1.000000000000000000e+00
-2.929733092442183828e-01
-7.410075917313549976e-01
3.602419586652823025e-01
1.000000000000000000e+00
-8.400149311943388986e-01
-2.046319450888708369e-01
1.000000000000000000e+00
-2.136533472799460043e-01
-8.608588231071756525e-01
5.220674810613312733e-01
8.819064246665704321e-01
1.000000000000000000e+00
1.000000000000000000e+00
-1.000000000000000000e+00
-8.093039565295946369e-01
8.931787904646704135e-02
7.389292123001820478e-01
3.337578139126970989e-01
7.556022215577129497e-01
-6.295339440802262265e-01
1.000000000000000000e+00
1.000000000000000000e+00
8.251825204453756557e-01
7.643075160574297477e-02
-6.417994402497873008e-01
2.807054553031407274e-01
-9.685664302008893944e-01
-4.552726443396239997e-01
-3.621363321269268631e-01
-3.689629030502729057e-01
1.000000000000000000e+00
-1.000000000000000000e+00
-1.000000000000000000e+00
-1.000000000000000000e+00
-1.000000000000000000e+00
-4.126612856942357688e-02
-1.000000000000000000e+00
1.000000000000000000e+00
1.000000000000000000e+00
-5.683758447880347120e-01
-1.000000000000000000e+00
1.000000000000000000e+00
9.873347241166757771e-01
-9.013239830716399670e-01
4.426181593856605145e-01
-1.000000000000000000e+00
1.000000000000000000e+00
1.000000000000000000e+00
-1.000000000000000000e+00
1.000000000000000000e+00
2.355377163948764174e-01
-3.385542822221092596e-01
-5.929988606606739765e-01
-1.000000000000000000e+00
-1.000000000000000000e+00
-5.075730421316584362e-01
1.000000000000000000e+00
-5.947859524177454560e-01
4.374323658288819527e-01
-1.000000000000000000e+00
1.000000000000000000e+00
-1.000000000000000000e+00
1.000000000000000000e+00
-1.000000000000000000e+00
-1.940200267741964968e-01
-4.909806317901825312e-01
-9.772797423087969948e-01
-1.000000000000000000e+00
6.977853641452147482e-02
1.000000000000000000e+00
6.760705970583331670e-01
-7.741911534722404342e-01
-4.221713367058419486e-01
-1.000000000000000000e+00
-1.000000000000000000e+00
1.000000000000000000e+00
1.000000000000000000e+00
-1.000000000000000000e+00
1.000000000000000000e+00
3.039819422454947961e-01
-1.000000000000000000e+00
-4.926236733625755648e-01
3.168707117446900590e-02
-1.000000000000000000e+00
2.917602944323305914e-01
5.049508855304565280e-01
-7.204508450661537555e-01
1.000000000000000000e+00
1.000000000000000000e+00
-9.091597026451831987e-01
-1.000000000000000000e+00
1.000000000000000000e+00
-1.127090628099087777e-01
1.000000000000000000e+00
-1.000000000000000000e+00
-1.000000000000000000e+00
-1.000000000000000000e+00
1.000000000000000000e+00
1.000000000000000000e+00
-1.000000000000000000e+00
-8.427394842488891147e-01
1.000000000000000000e+00
1.000000000000000000e+00
-1.000000000000000000e+00
-1.000000000000000000e+00
3.449889267055741282e-01
-4.775045452434437676e-01
-1.000000000000000000e+00
1.000000000000000000e+00
-4.886083129867004882e-01
-1.000000000000000000e+00
1.000000000000000000e+00
-1.000000000000000000e+00
2.881997780673011267e-01
-1.000000000000000000e+00
-1.000000000000000000e+00
1.000000000000000000e+00
1.000000000000000000e+00
-8.123334585788748452e-01
-1.000000000000000000e+00
-1.000000000000000000e+00
9.471969882102473925e-02
9.062553784300069193e-01
-1.000000000000000000e+00
-1.000000000000000000e+00
-1.000000000000000000e+00
1.000000000000000000e+00
-8.336079391002773065e-01
1.000000000000000000e+00
5.724792341588793576e-01
-1.000000000000000000e+00
-1.000000000000000000e+00
1.000000000000000000e+00
-8.291149667159856129e-01
-1.000000000000000000e+00
-6.306796493447676122e-01
-4.008124616320323241e-01
-1.000000000000000000e+00
-5.104704839377689485e-01
-8.238198988973924886e-01
