-8.361701802791452476e-01
4.124725208526800468e-01
-4.257882673217880942e-01
4.072026849300647289e-01
2.664565008355506137e-01
-5.595275671235873105e-01
8.696649179052631240e-01
7.483079700253538746e-01
-6.812076196028171715e-01
9.168863189860527729e-01
-8.080306371202183868e-02
-2.874027898903916967e-01
3.201371169464719557e-01
-2.290824332334131519e-01
2.173625256980225018e-01
-3.244354917077452161e-01
1.423458843592868561e-01
1.160023275418164967e-01
-5.501499490972383555e-02
-3.090157127047430397e-01
-7.841923097848568780e-01
2.724647697451789696e-01
-8.828297981787189830e-01
3.117390784175733121e-01
2.077439179064308750e-01
8.763094712361096938e-01
-5.829472803775410661e-01
1.127902751842704276e-01
2.470056923588757058e-01
-6.753532125773409334e-02
-2.450878182781102144e-01
-9.929914061375126888e-01
6.333229324154823203e-01
7.996133242807941244e-01
-7.927711347227148764e-01
-7.173756107006656890e-01
-4.412841591799041563e-01
1.295989204807288520e-01
-9.235725814950688228e-01
1.200781812236861867e-02
3.146199865642995697e-01
-4.481873209514934953e-01
-9.066324295259997612e-03
3.805182812457101882e-01
-1.728565034236262399e-01
-6.698266695225720824e-01
-6.095595808652782832e-01
2.784324018350219365e-01
1.317294283540029198e-01
-3.125252127909352584e-01
-5.999324831222396792e-01
3.045353484335322491e-02
7.304474901853263979e-02
-4.744666814121289988e-01
-8.161992887898588123e-01
-5.392556297294437417e-01
2.037428156294660564e-01
1.833567098710806587e-01
-9.153081981468067507e-01
1.031378654249806015e-01
-1.504826629708091446e-01
-5.848357635604519711e-01
4.261048713813138100e-01
9.714295946099196222e-01
1.615098192298671798e-01
-3.457993569735693384e-01
-6.325148247987975036e-01
5.547642529901588571e-01
-1.055343051295325463e-01
-6.608146130021119724e-01
-4.273339289521744799e-01
-6.595621360775159037e-01
-7.732513518725667723e-01
-8.198729759108855930e-01
6.817774493862185370e-01
-5.665680024787647096e-01
7.616449212145326442e-01
7.060241394311006502e-01
-5.950677576016476511e-01
9.097992951528919292e-01
-6.647328043362787930e-02
-8.477317138869140400e-01
9.913085231251230756e-01
-5.262990712665238657e-01
3.312972806617966448e-01
4.910812939563855561e-01
9.421896671789977695e-01
-7.316816399845549324e-01
2.152778566635349389e-01
4.920070060061545458e-01
4.263462178882435616e-01
-8.144852887836817601e-02
-9.010925275347314578e-01
6.379679364246217954e-01
-9.983850911620653079e-01
-4.948726024646621369e-01
2.256307917249853467e-01
4.486028036737890190e-01
4.947498024165386532e-01
4.280402305282415831e-01
5.846100711012403028e-01
6.475090140809791617e-01
-7.564990755974567715e-01
-8.719150872048262446e-01
6.816616092877332278e-01
2.048876075559868948e-01
3.813221486748119560e-04
-6.562812675805287377e-01
-9.112748662643437303e-01
-5.167764424122236466e-01
-8.603724215080155169e-02
-5.997311084045535701e-01
7.132363081476156275e-02
-5.115359785809456827e-01
4.202047833051072434e-01
6.970486477832427141e-02
4.791394587437520780e-01
9.548943045450435374e-01
4.979907964060730219e-01
4.692836939302977850e-01
4.950702252819390026e-01
1.758150068970696367e-01
2.269250054705922448e-01
-9.554986448610411909e-01
3.495336041612164824e-01
2.209301656622066901e-01
4.017288453932521541e-01
4.911847305930474583e-01
8.040366846318702798e-03
-4.599032084962306755e-02
-4.709917192438506373e-01
2.648241047626060940e-01
4.398592904643630064e-01
-7.263102594911114984e-01
-9.476734583341710483e-01
-4.294948153739719388e-01
-7.447908464487871250e-01
2.098075740468370309e-01
9.269860857239782259e-01
-4.395079399587129565e-01
-2.963991804512460249e-01
1.318249322467146545e-01
-2.582643927008358986e-01
-2.989674677229143818e-01
2.187098007540664302e-01
-8.355713130696651447e-02
4.018529248304327783e-01
5.183839843723645480e-01
2.912743061947209444e-01
-2.211813196126228842e-01
2.435955502745517087e-01
7.915060644780238519e-01
5.883347705819672591e-01
5.698815462860205017e-01
-9.564643560858998583e-02
-4.529711765429667025e-02
-5.871429493978470582e-01
-4.608085755535729078e-03
-9.082104524271441548e-01
-3.427156705926162061e-01
9.500417277530566196e-01
-9.209483547329977426e-04
5.158248963252836106e-01
4.743477708577390484e-01
5.064843706770136844e-01
-3.049197954658051657e-01
-7.520427547856913808e-01
-4.910086207930586255e-01
1.111387751381838207e-01
1.370260447157649608e-01
-5.935501806705540950e-01
-1.588657614070010382e-03
-2.046985489452139984e-01
-9.525247009166433187e-01
-8.770973632933460884e-01
1.950740554677914407e-01
-5.996381987403216485e-01
4.749481724934654370e-01
2.811171495669737563e-01
1.899523270973899614e-01
2.955699350435805339e-01
-9.690116534765351730e-01
1.101467912806455285e-01
-4.024327125520807957e-01
-7.244024590345827797e-01
-4.334815702337913024e-02
3.561571525175581954e-01
-3.653179751117678897e-01
4.325541361325213607e-02
-2.320509711759561888e-01
7.220758517855365710e-01
-9.884939528295595412e-01
8.580911561715460767e-01
6.062823002631618774e-01
5.078221329508312287e-01
3.805425014008152473e-01
7.876281171458399122e-02
-1.099395550463788673e-02
9.915530019910350212e-01
-8.840218403022674920e-01
2.453270641418829889e-01
5.872382277627365976e-01
-5.923240771753137679e-01
-8.307672625461217653e-01
1.134965867269417394e-01
-7.584093012676305090e-01
6.138102217488539125e-01
4.124495599640951582e-01
-8.923501267664628589e-01
8.259910027471164540e-01
-5.625799622971547898e-01
-6.387437841906202785e-01
5.267583185903113030e-01
-4.112749034965397232e-01
3.385468711215711135e-01
-4.145669338061526155e-01
-8.762649117056995340e-01
-5.637905169734458433e-02
2.289281363150064141e-01
7.697477983508724808e-01
8.057855652681296110e-01
-1.084400134862191223e-01
1.512432243303989399e-01
4.543783944904973282e-01
6.125496941631121128e-01
4.739345948089432881e-01
2.879728027274375268e-01
-4.469931950845362767e-01
5.453683910355371367e-01
2.980861459006045600e-02
6.889118153208761974e-01
-6.362895476835728203e-01
9.358233676559737368e-01
-9.172892619416461724e-01
4.279781310290233787e-01
-1.140411839374966263e-03
6.659114098285612293e-01
5.609133489507960313e-01
8.015656949893879002e-02
-8.281086881315702364e-01
8.499746660472156101e-01
-9.678829218491660225e-01
3.697554911231493158e-02
-4.526798892747485592e-01
-2.998211456382919859e-01
-7.567730789653179801e-01
7.475843482530717399e-01
-1.868255823252686909e-01
1.284941714024190329e-01
4.988447786868457356e-01
-1.573735135800606866e-01
-9.583461050349617594e-01
4.155137931764030235e-01
9.364974744568022036e-01
-2.080447587539739907e-01
-2.839727952018964441e-01
-6.031891385292311725e-01
-8.143538916048054244e-01
4.730488921141100533e-01
2.441693236172435277e-01
2.401072411364615355e-01
4.688929437941149470e-01
9.239766851069048936e-01
-2.056937672823968555e-01
3.898176936413897398e-01
