-9.056885455157189790e-01
-7.074921988817570728e-01
-3.818369042209011077e-01
-1.000000000000000000e+00
7.143058756824463007e-01
-1.000000000000000000e+00
-1.000000000000000000e+00
-3.753589139199533520e-01
-5.735238296002369562e-01
-7.539634105882904169e-01
-1.392683937480576617e-01
3.222283675956285620e-01
2.331247694443689955e-01
-1.000000000000000000e+00
-3.646601205895467768e-01
9.353499418662402087e-01
7.931944258825751604e-02
-5.140794004174786824e-01
-1.000000000000000000e+00
-1.000000000000000000e+00
-1.000000000000000000e+00
6.202486759968994789e-01
4.994950115910923305e-01
-6.754260890002050655e-01
-3.978378088114293831e-01
3.280670274741335213e-01
-1.000000000000000000e+00
6.834893094130878310e-03
1.000000000000000000e+00
7.809553085381759630e-02
3.767014650524898034e-01
-7.998645152938190783e-01
-6.112878262482945857e-01
7.844759025113484663e-01
-1.000000000000000000e+00
-1.975365178518349030e-01
-8.920759577841709254e-01
-1.000000000000000000e+00
7.593201673875138447e-01
1.695066853742574486e-01
9.991476632522444667e-01
5.029738646600629970e-01
-9.230032434067834135e-01
5.511073342563501676e-01
-5.417689691929927776e-02
1.868874364282931966e-01
-4.584987394638497804e-01
1.457268431041383039e-01
-1.000000000000000000e+00
4.347900806574305221e-01
-8.875814046706080873e-01
-1.000000000000000000e+00
2.759433167739889226e-01
-7.963171435785434404e-01
-2.387438348706787394e-01
-1.000000000000000000e+00
-1.000000000000000000e+00
-3.049321295808395949e-01
-1.307781638529242896e-02
-9.469055185376040740e-02
1.000000000000000000e+00
-3.774510921923206475e-01
-3.943049876131194953e-01
3.262655338969924212e-01
7.987275695690349009e-01
-8.827429927970638079e-01
-9.581057059129898246e-01
-8.047827769414279686e-01
-3.286909085269633657e-01
-2.536972637805225972e-01
-5.806925316293758410e-01
-5.460244302049537257e-01
-1.000000000000000000e+00
-7.385674678063769427e-02
-4.005979238479737692e-01
-1.000000000000000000e+00
-5.572141823866798571e-01
-6.528853536035303939e-01
-2.469207510851341159e-01
1.447968089050817309e-01
5.993439097955464145e-01
1.000000000000000000e+00
1.247923562041218792e-01
-2.996330275672383081e-01
2.727845737955306715e-01
3.897727109302522308e-01
-1.000000000000000000e+00
5.077810933023816364e-01
4.066638313742831912e-01
7.151227944426921113e-01
-4.759760987616628025e-01
-1.000000000000000000e+00
-2.365385636645067624e-01
1.000000000000000000e+00
7.781325954740030415e-01
1.000000000000000000e+00
-2.908927479076928169e-01
-4.495191296121384128e-02
-1.000000000000000000e+00
-9.749724097827214830e-01
1.000000000000000000e+00
7.766116410741976672e-01
4.476783747502031119e-01
-8.991794725449233638e-01
9.199588373878295755e-01
4.338418136223807231e-01
7.661672080555573250e-02
7.613497072366095519e-01
4.561656646438903007e-01
9.435955871587875521e-02
9.628258357580119497e-01
1.712313361877665363e-01
1.485297936515017625e-02
-1.000000000000000000e+00
8.278325417718341850e-01
3.676280801779456819e-01
6.616592971541042090e-01
3.620633116512543825e-01
1.001966996989214209e-01
-4.560153270794136127e-01
-9.554723118607886256e-01
1.000000000000000000e+00
-2.786173511445144690e-01
5.657396345355159006e-01
9.628515735797249508e-01
-1.000000000000000000e+00
-1.000000000000000000e+00
-3.142267360859526404e-01
2.598695466165259482e-01
-1.000000000000000000e+00
-1.000000000000000000e+00
-3.686975183415817092e-01
-1.000000000000000000e+00
-1.000000000000000000e+00
6.243858153144945522e-01
5.640180353353709819e-01
1.461046425116907521e-02
-3.752999119003707640e-01
-7.880137157657610691e-01
-8.864666017764921691e-02
1.127516339013741042e-01
-9.660598569916545308e-01
-4.932100027521633123e-01
-1.000000000000000000e+00
-8.165202903573414162e-01
-7.192374855751875184e-01
7.602347841167422793e-01
-7.335456762782344153e-02
2.778605621712990636e-01
1.000000000000000000e+00
7.484519081118008454e-01
-4.435439179641815222e-01
6.221381511095696037e-01
7.429939792288082767e-01
-1.000000000000000000e+00
-4.002650800765947814e-01
1.000000000000000000e+00
1.000000000000000000e+00
7.233816757292406419e-02
-2.454215515880480147e-01
1.905324105820267455e-01
1.000000000000000000e+00
4.038463268103402726e-01
5.234147231028272174e-01
-1.000000000000000000e+00
6.311924731044593617e-01
-2.239710410871681989e-01
9.983595741128012957e-01
7.539714259626122406e-01
-5.890440556253075943e-01
-1.000000000000000000e+00
1.000000000000000000e+00
-8.661163438814074578e-01
3.404036992015921914e-01
8.577602816602896141e-01
3.768513662005353870e-01
2.426492015945669323e-02
5.843085377689158921e-01
7.435949738551995702e-01
1.000000000000000000e+00
2.487982845274452348e-01
-9.898582252176211238e-01
6.606680841866019449e-01
5.263728002635863490e-01
-1.281722221716666832e-01
7.838079853881145809e-01
-7.980629387911679640e-01
-1.000000000000000000e+00
6.865262840926915633e-01
-1.830273097193694798e-01
1.000000000000000000e+00
4.687065822758942346e-01
-3.028667749306251933e-02
-7.712618617328030890e-01
-1.000000000000000000e+00
-6.494092410178633479e-01
-6.613213749880637593e-01
1.966996848179718427e-01
-7.267704753300459064e-01
-9.462686221534462039e-01
-8.507980871753872965e-01
8.599598725417358924e-01
-1.000000000000000000e+00
1.000000000000000000e+00
-1.379592636976249009e-01
-7.895384752652180316e-01
-9.673443913671393446e-01
1.000000000000000000e+00
-6.975293622884313205e-01
1.000000000000000000e+00
-7.018577103107008774e-01
2.514222409027377370e-01
7.053933379531052150e-01
1.000000000000000000e+00
1.000000000000000000e+00
-4.971013644727229064e-01
1.000000000000000000e+00
-1.000000000000000000e+00
-1.000000000000000000e+00
8.427665966271158382e-02
5.163186111118520660e-01
1.393143213021419413e-01
1.000000000000000000e+00
1.000000000000000000e+00
-2.322604317866938661e-01
1.993440546200055952e-01
1.000000000000000000e+00
9.917749709659402502e-01
1.000000000000000000e+00
-3.891005882192131171e-01
-9.913195074848499821e-01
3.877901085557815541e-01
-1.559434913339403650e-01
7.808027250867533020e-01
1.000000000000000000e+00
1.000000000000000000e+00
8.582941154797396610e-01
1.593102486032961229e-01
-3.686950206990844414e-01
1.000000000000000000e+00
1.000000000000000000e+00
-1.000000000000000000e+00
1.000000000000000000e+00
1.000000000000000000e+00
1.000000000000000000e+00
1.000000000000000000e+00
9.458906735397785148e-01
6.644034430206240405e-01
9.251662232613195869e-01
1.000000000000000000e+00
-9.037175557453971386e-01
-7.647253163114804408e-01
2.907703996224361709e-01
4.064757319954726555e-01
-1.000000000000000000e+00
-9.189127896358777470e-01
4.804673362646783019e-01
8.452214840185681144e-01
-7.377075412689566569e-01
1.000000000000000000e+00
1.000000000000000000e+00
6.727882655561041592e-01
-1.000000000000000000e+00
3.919128140927430337e-01
9.666246654724561793e-01
