9.167029791899771185e-01
-8.084853681694497141e-01
-7.454641608091807647e-01
1.000000000000000000e+00
1.000000000000000000e+00
-1.000000000000000000e+00
9.861527379905234980e-01
1.000000000000000000e+00
-1.000000000000000000e+00
-1.000000000000000000e+00
-1.000000000000000000e+00
-1.000000000000000000e+00
-1.000000000000000000e+00
5.113596539356174420e-02
1.000000000000000000e+00
9.873882989372422259e-01
-1.930156698786955616e-01
1.000000000000000000e+00
-9.208062864367594358e-03
-2.800602914281629663e-01
6.643648540266192670e-01
1.000000000000000000e+00
4.457967587516031283e-01
1.000000000000000000e+00
-1.000000000000000000e+00
1.000000000000000000e+00
-5.372000217740019457e-01
1.000000000000000000e+00
1.000000000000000000e+00
1.000000000000000000e+00
-3.453415922503638713e-01
1.000000000000000000e+00
-6.608078739139364721e-01
1.000000000000000000e+00
-7.088162147532275359e-01
8.336860057119205303e-01
1.000000000000000000e+00
-1.417777783348024290e-01
-1.000000000000000000e+00
-1.000000000000000000e+00
-1.000000000000000000e+00
-1.000000000000000000e+00
1.314248448179238249e-01
-1.000000000000000000e+00
-1.000000000000000000e+00
1.000000000000000000e+00
1.000000000000000000e+00
-1.000000000000000000e+00
1.000000000000000000e+00
-1.000000000000000000e+00
1.000000000000000000e+00
1.000000000000000000e+00
-5.320096042073879650e-01
9.882894025557961148e-01
1.000000000000000000e+00
1.000000000000000000e+00
-1.000000000000000000e+00
-1.000000000000000000e+00
-1.000000000000000000e+00
1.000000000000000000e+00
-3.737927934641401828e-01
-1.000000000000000000e+00
5.272651835477792925e-01
1.000000000000000000e+00
-1.000000000000000000e+00
1.000000000000000000e+00
1.000000000000000000e+00
6.689049264064292899e-01
-1.000000000000000000e+00
-4.180757926752615705e-01
-1.000000000000000000e+00
-1.000000000000000000e+00
1.000000000000000000e+00
-1.000000000000000000e+00
-1.000000000000000000e+00
-1.000000000000000000e+00
-7.446705569593924379e-01
-1.000000000000000000e+00
1.000000000000000000e+00
1.000000000000000000e+00
-8.292014318909517456e-01
-1.000000000000000000e+00
-1.000000000000000000e+00
-4.341416833231873662e-01
-1.000000000000000000e+00
1.000000000000000000e+00
1.000000000000000000e+00
7.420146926469142201e-01
1.000000000000000000e+00
-3.966145936238856251e-01
-1.000000000000000000e+00
1.000000000000000000e+00
-1.000000000000000000e+00
1.000000000000000000e+00
1.000000000000000000e+00
5.915065263176078059e-01
-1.000000000000000000e+00
1.000000000000000000e+00
-2.537032589087238055e-01
2.946229415039791633e-02
-1.000000000000000000e+00
-3.291764914434327505e-01
-8.001843407014754828e-01
6.429055350681700531e-01
1.000000000000000000e+00
-1.000000000000000000e+00
-1.000000000000000000e+00
-1.000000000000000000e+00
1.000000000000000000e+00
-3.891446728172872627e-01
1.000000000000000000e+00
-1.000000000000000000e+00
1.010441384375282275e-01
-1.000000000000000000e+00
5.654655206867339468e-01
7.788056574128958687e-01
1.000000000000000000e+00
1.000000000000000000e+00
2.954737214583635363e-01
1.000000000000000000e+00
-8.381345270834360539e-01
-1.000000000000000000e+00
1.000000000000000000e+00
1.000000000000000000e+00
1.000000000000000000e+00
-2.563084215379569097e-01
-1.000000000000000000e+00
1.000000000000000000e+00
-3.586989826330710951e-02
-1.000000000000000000e+00
1.000000000000000000e+00
4.571178382209504232e-01
7.238009910253765389e-01
7.729000698792221069e-01
-8.028026726112351685e-01
-1.000000000000000000e+00
-2.105219599473195369e-01
1.000000000000000000e+00
9.442555391947994314e-01
-6.119819908786052753e-01
-7.230574192768326469e-01
6.419027721105776685e-01
-1.000000000000000000e+00
-1.000000000000000000e+00
1.000000000000000000e+00
1.000000000000000000e+00
-1.000000000000000000e+00
1.000000000000000000e+00
-9.309609340685695011e-01
1.000000000000000000e+00
-1.000000000000000000e+00
-1.000000000000000000e+00
-1.000000000000000000e+00
-9.174730304292968430e-01
-4.740319672609748514e-01
1.000000000000000000e+00
1.000000000000000000e+00
-2.105444161836761419e-02
-5.765783893169839081e-01
-9.461547078332300797e-01
-3.796659718920102899e-01
-1.000000000000000000e+00
-2.925985727872940645e-01
1.000000000000000000e+00
-3.949544724971010279e-01
7.481889658108058505e-01
-1.000000000000000000e+00
-9.233727197186445412e-01
-2.745667336817950721e-01
-5.355225315550637966e-01
-1.000000000000000000e+00
1.000000000000000000e+00
-1.000000000000000000e+00
1.000000000000000000e+00
-1.000000000000000000e+00
1.000000000000000000e+00
2.865889977508239705e-01
1.000000000000000000e+00
-7.655253401754206211e-01
1.000000000000000000e+00
7.399875975843231424e-02
1.000000000000000000e+00
-1.000000000000000000e+00
-1.000000000000000000e+00
6.178207052168452895e-01
1.000000000000000000e+00
-8.871078297142922509e-01
1.000000000000000000e+00
-6.029662766945077523e-01
1.000000000000000000e+00
-6.578147849212764298e-01
-1.000000000000000000e+00
7.108568599408604527e-01
-1.000000000000000000e+00
-1.318564864231394074e-01
-1.000000000000000000e+00
-1.000000000000000000e+00
-1.000000000000000000e+00
1.000000000000000000e+00
-1.000000000000000000e+00
3.727349716466336060e-01
2.093808753621634322e-01
-1.000000000000000000e+00
-1.000000000000000000e+00
-1.000000000000000000e+00
-1.000000000000000000e+00
9.972715674980763279e-01
-1.000000000000000000e+00
6.521635556808275114e-01
-1.000000000000000000e+00
-1.000000000000000000e+00
-3.468737671598224326e-01
3.517587312630480190e-01
1.445222172477638178e-01
-2.285692702992305758e-01
-8.351669623433366496e-01
-1.000000000000000000e+00
-5.667497785114673503e-01
-1.000000000000000000e+00
1.000000000000000000e+00
-1.000000000000000000e+00
-1.000000000000000000e+00
-1.000000000000000000e+00
-4.164519831834060382e-01
1.000000000000000000e+00
-1.000000000000000000e+00
3.850759200787545744e-01
1.000000000000000000e+00
-3.430839768659330602e-01
-8.272387195432475693e-01
1.000000000000000000e+00
2.409657973204007986e-01
-9.627593335845396894e-02
1.000000000000000000e+00
1.000000000000000000e+00
-1.000000000000000000e+00
-1.000000000000000000e+00
-1.000000000000000000e+00
8.970529318239806038e-02
-1.000000000000000000e+00
-7.838705502673614101e-01
1.892466945054404048e-01
5.345520864732112853e-01
1.000000000000000000e+00
-3.378129043743282600e-01
9.369421005779050571e-01
-7.762209825029364740e-02
-1.000000000000000000e+00
1.134357837130056668e-01
1.000000000000000000e+00
-1.000000000000000000e+00
1.000000000000000000e+00
2.225310164985336014e-01
-1.322351058398937851e-01
5.934800328074775200e-01
7.655898348494918904e-02
-1.000000000000000000e+00
-7.276149110845770984e-01
-1.000000000000000000e+00
-1.000000000000000000e+00
-3.345323917208071762e-01
3.299792498864554391e-01
-3.307990720705072940e-01
-1.000000000000000000e+00
-1.000000000000000000e+00
