-7.286282420902221446e-01
-9.576141720424704573e-01
8.966885639994799373e-01
-8.449380566167976614e-01
1.528884912021055698e-02
-5.913192577484360779e-01
7.075848901262571378e-01
-5.347760083650432428e-02
-2.247625962310311198e-01
-8.047882129680092866e-01
-9.688996229535349336e-01
-6.076237166387208344e-01
-9.469466236514683111e-01
-4.852703068141746012e-01
-7.718456567761267095e-01
-8.462565424566930172e-01
-7.790043375220832012e-01
9.227427534622241190e-01
6.864209101676606029e-01
-1.130653025460299776e-01
-2.032874017207944028e-01
-6.369944666854512327e-01
-7.980189261756189811e-01
-2.811347057461912602e-01
-5.278882473317496604e-01
-9.625508199167009948e-02
-3.675782733800276869e-01
1.752958318451500741e-01
7.867624712030434342e-01
-6.583719911588838958e-01
-5.460606548982078756e-01
-1.286906678801698067e-01
-3.731360713911437976e-01
2.927321573330885496e-01
-9.795392858962894689e-01
7.246307279052517369e-01
7.820574938277553567e-01
4.951888939289263991e-01
1.567514213890290886e-01
-7.072455941853195149e-01
4.282209316294536272e-01
-3.550544800126342881e-01
3.284563959297912561e-01
-1.117302500896795170e-01
-8.226804889160448386e-01
-9.661317685413428613e-01
-8.624151966188802199e-01
5.922319610451463046e-01
9.382106592943428858e-01
6.704224883409961588e-01
-6.378125244479451172e-01
7.952703287389553122e-01
-4.933428942328468292e-01
-9.532560472509210570e-02
-6.697392248732121356e-01
5.118696186520879099e-01
1.614226098679036880e-01
-4.869832205016506599e-01
-4.695037235595280745e-01
-1.577497054914640540e-01
-9.235760733010023316e-02
9.536774722013463546e-02
-9.739331028670334955e-01
8.787325633676457137e-01
5.773275881084860561e-01
8.478723845974955875e-01
7.187952558100252354e-01
-9.773178494265932770e-01
-6.734547362135285820e-01
7.687986084943949638e-01
5.234674619979173826e-03
6.137780621150217275e-01
-2.966008889258420211e-01
-5.464043285526254401e-02
5.257996808927949406e-01
5.619569373682167246e-01
-5.387943756349562463e-01
-5.454363755139446379e-01
9.856081414374850969e-01
9.063635679298220893e-02
7.173344916436117380e-01
-7.832321518150133777e-01
3.141011229874386412e-01
-7.554243342791326921e-01
2.326668929565811617e-02
3.040686437244113360e-01
1.496885863858177235e-01
-7.899754427048202299e-01
6.211685995068390032e-01
-7.921278840861187831e-01
7.164663986961776754e-01
8.818274537561170412e-01
8.401385624987380840e-01
-1.257293190714958708e-01
-5.017662958294157871e-01
5.669797678540220431e-01
7.984378003740499885e-01
1.625586316444371793e-01
9.834771523181371489e-01
-9.803558413493480561e-01
6.658228758484943111e-01
9.336519285988020833e-02
-6.213552585953103780e-01
2.688483298386039611e-01
3.815577195635717622e-01
-9.191727060318535258e-01
2.507932475884004919e-01
8.527279540824972415e-01
-6.693261246011641408e-01
-1.815309452629649822e-01
-6.609304963016011669e-01
-6.446134284948998872e-01
-1.651318832286885474e-01
-9.124761703917272371e-02
9.407549847350178407e-01
4.850653081685871726e-01
-8.155144387486459312e-01
3.416232767683362592e-01
1.892374505870544343e-01
-1.455227342854303885e-03
8.600143674906606250e-01
6.396656337549251337e-01
4.745549936682618153e-01
-7.476276352188346852e-01
8.063929250720569541e-01
-5.046393630046990264e-01
-3.717422004315280581e-01
-6.026691736952112244e-01
5.277859282816050879e-01
-4.605258046276023975e-01
-2.807991387029575847e-01
9.525168505972687605e-01
5.929417007906165882e-01
-4.623686732943710354e-01
9.230255767094164288e-01
-8.906575951580533168e-01
-4.836443389515610036e-01
-7.703645190690060485e-01
-8.959226920932670257e-01
-7.917857243512833598e-01
4.135454312217823336e-01
5.395026763263117697e-01
9.541294256024590581e-01
9.582798984202089976e-01
9.559451962967107086e-01
6.932784800106825962e-01
-9.228192234306711317e-01
4.937812008137454356e-02
9.599931649496316055e-01
3.355672813162353663e-01
-3.304332277445647392e-01
-6.763540404406340745e-01
-9.951833664627660614e-01
-3.945960496067257850e-02
-1.800901331191826493e-01
-3.756585831061878267e-01
-3.795377773684620593e-01
-1.082546743406398448e-02
-3.201725581596863712e-01
-7.858123381748320924e-01
-4.811281330188217353e-01
-4.711974912345993083e-01
4.753331816331132220e-01
5.939424965963802094e-01
-9.595994480182603592e-01
7.604100683038146347e-01
-7.844990969968794747e-01
2.807749567367074928e-01
-1.110644056489851206e-01
-4.333340771334928121e-01
4.462972068072261767e-01
9.683602282286829510e-01
5.936555465743873494e-01
4.274994706337680306e-01
-2.352924420099555824e-01
-8.771639080510633679e-01
5.767575579852777246e-01
6.851225582605995346e-01
-4.223397673615674197e-01
8.283129889173412863e-01
3.174759250877989825e-01
7.163748710588182522e-01
-9.196877563693741653e-01
5.647086369586586940e-01
-5.914977267816319273e-01
-2.774317014545322202e-01
-1.659864137440991705e-02
-6.415944918310167999e-02
-1.093539710538775633e-01
-2.229951360979456343e-01
3.603995897081135880e-01
4.114961526815053006e-01
7.510023552943729808e-01
5.433028325067670306e-01
-2.276683941471893124e-01
-9.225057595568038060e-01
-4.120507307548886278e-01
-9.919620337518428865e-01
-1.017530323925461833e-01
3.964682270247079643e-01
7.013595214325420990e-01
1.120448896441563758e-01
4.768876837521169865e-01
-4.343034531902187911e-01
3.987989058869310099e-01
1.723478266394988800e-01
-3.091870574882837897e-01
5.202729287467278141e-02
1.890015882107261014e-01
9.114247174934164697e-02
7.046172462586328678e-01
-4.309840806137665847e-01
3.859512366270378969e-01
4.324281212740044289e-01
-4.340718985777147765e-02
-9.151824641212000788e-01
-6.281185986038222424e-01
3.907852707826147132e-01
-4.009324875294428825e-01
4.511981152640287540e-02
7.373193540348361719e-01
-1.406562045058046273e-02
7.538156169592404865e-01
5.446598646811646738e-01
6.451356497356586228e-01
-9.958859210597597045e-01
-3.558832272391903029e-01
3.830212506350654245e-01
-5.410736170916563559e-01
8.863258288620874392e-01
-3.091731523222056577e-01
2.065428913134359501e-01
3.287787458363202742e-01
8.982127486515538717e-01
-7.061807900892760337e-01
2.410310406220423918e-01
7.940548333032162454e-01
-3.479995965019544446e-01
7.088687823992179116e-01
3.052310723349109800e-01
3.552873355267127664e-01
6.363269906148603106e-01
5.029320429404795512e-01
-5.892677721458312590e-01
6.593482764786053885e-01
-6.089888462093306920e-01
6.318405987788033862e-02
-4.933878497030041999e-02
-6.009112099070565982e-01
-9.362813907227267585e-01
4.322379273705869718e-01
8.504918982726326071e-01
-9.673669512887885791e-01
3.480750669783330142e-01
-4.635056936242969439e-01
-4.857006416836395779e-01
-8.515324444069787280e-01
8.343293538496587836e-02
-8.158813742480961473e-01
-8.576643724160353255e-01
-6.435702091736872354e-01
9.459731084958056258e-02
6.182472426217031636e-01
9.444605685129712214e-01
1.291214006654655133e-01
