-2.995665917618296481e-01
1.000000000000000000e+00
1.647851355879108581e-01
1.000000000000000000e+00
8.354399481652867721e-01
5.547615623776163130e-01
3.153988372558267361e-01
1.000000000000000000e+00
-1.000000000000000000e+00
8.602236365766213755e-01
-1.000000000000000000e+00
1.000000000000000000e+00
1.815235338376053331e-01
-1.000000000000000000e+00
2.953816806500224601e-01
-3.177071572188950865e-01
9.825804679278739018e-01
-1.000000000000000000e+00
-1.770748693442683874e-01
-1.000000000000000000e+00
-4.762147781391725676e-01
8.917792460773635854e-01
-6.358552890881640218e-01
1.000000000000000000e+00
-4.724500462204458406e-01
-1.170565704283277331e-01
6.415890495674700933e-01
1.000000000000000000e+00
-1.000000000000000000e+00
7.674175152359363761e-01
-1.000000000000000000e+00
5.720549336688660613e-01
-1.000000000000000000e+00
-1.000000000000000000e+00
-8.686618867109996422e-01
1.000000000000000000e+00
1.000000000000000000e+00
-2.851441481060915106e-02
-1.000000000000000000e+00
-1.000000000000000000e+00
-1.000000000000000000e+00
-1.000000000000000000e+00
-3.926014429193271926e-01
4.380600081698078352e-01
6.679778245735203956e-01
-4.221621368991432810e-01
-8.653186215370521905e-01
-6.257787511724604013e-01
5.041146889114153096e-01
-6.011247335576377360e-01
-9.031910355392533951e-01
5.371270767105834620e-01
2.787025472334671572e-01
-3.017504280851563969e-01
1.000000000000000000e+00
-6.747063530510345464e-01
7.423260663819075678e-02
2.297876278420158125e-01
1.293268719511428966e-01
-1.000000000000000000e+00
-1.000000000000000000e+00
-3.230756920495942985e-01
8.675040969314962158e-01
-1.000000000000000000e+00
-8.526303192076085669e-01
3.348957842588967670e-01
-1.000000000000000000e+00
-1.000000000000000000e+00
-1.000000000000000000e+00
-1.000000000000000000e+00
-1.289436167863013960e-01
7.066365886878800406e-01
-1.000000000000000000e+00
3.838371351787415175e-01
1.000000000000000000e+00
-7.569899583877912619e-01
-7.276545993247376387e-01
-1.000000000000000000e+00
-8.044587133763192455e-01
7.177255291584483388e-02
-4.721285819763412217e-01
-5.308363182539772573e-01
-1.472963273274588980e-01
-1.334170221323119909e-01
-4.233784077702378301e-01
-1.000000000000000000e+00
1.000000000000000000e+00
-1.000000000000000000e+00
-3.928481510844651359e-01
5.518894571519952219e-01
-5.418422628556001097e-01
1.000000000000000000e+00
7.109761016676818812e-01
7.324899456382873986e-01
-1.000000000000000000e+00
-1.000000000000000000e+00
1.000000000000000000e+00
1.000000000000000000e+00
8.152024861887567919e-01
8.472161793020572818e-01
1.000000000000000000e+00
-1.000000000000000000e+00
1.000000000000000000e+00
-2.692970523238749081e-01
4.085055363106282478e-02
7.630634917562393316e-01
8.154939851476309398e-01
3.629135942449852603e-01
8.765486453271043032e-02
8.236534670122355184e-01
-1.000000000000000000e+00
-4.002352504944663991e-01
3.917251760426661567e-01
1.000000000000000000e+00
-6.238145062658106976e-01
-8.653373145451284110e-01
8.705480607787187131e-01
8.023009946941366266e-01
-1.790160176718333940e-01
1.232530493864584797e-01
-5.522153333698451849e-01
7.310094237814301898e-01
-7.155821891110317745e-01
-9.028291276200961502e-02
-1.000000000000000000e+00
5.325610280091586102e-01
-4.863555388782709876e-01
3.380710515957674467e-03
-1.241225127051466259e-01
-4.760610014289956560e-02
4.483158228559764868e-01
-8.509180022142315281e-01
1.000000000000000000e+00
1.000000000000000000e+00
9.524011816006281439e-01
-1.000000000000000000e+00
1.426957971384937851e-01
8.143010527470406767e-01
-4.194415793565784423e-01
2.922328859270300061e-01
3.541531215722242276e-01
-7.342227506643044244e-01
-1.000000000000000000e+00
-7.972308529229066298e-02
-3.294929548160004940e-01
-6.327293178044186561e-01
9.223076506920275808e-01
1.000000000000000000e+00
9.780783817847389372e-01
-3.878637823854240718e-01
-4.527543726682161651e-01
4.497981667387895843e-01
-9.024672453392230675e-01
7.379568380318173304e-01
-1.248308066946119954e-01
-1.000000000000000000e+00
5.832730792090670136e-01
-1.932382176150089226e-01
7.708769580796748233e-01
1.000000000000000000e+00
-9.498819642954958731e-01
1.207131048928120620e-01
-4.370394443829612730e-01
6.627475472307564619e-01
1.000000000000000000e+00
-2.569514645033810218e-02
-8.476437750964522788e-01
1.000000000000000000e+00
1.000000000000000000e+00
5.457370715284131091e-01
1.996377205910722097e-01
4.573784562690506039e-01
1.000000000000000000e+00
-1.667355605288523002e-02
-6.927369109352064791e-02
-4.167998779381887342e-02
-1.000000000000000000e+00
-1.186473883941991381e-01
2.175950581677606466e-01
1.068111708214223854e-01
-6.386391526187263912e-01
6.099299393637624966e-02
3.193978202872758132e-01
9.144742927030860002e-01
3.125642682137441675e-01
1.000000000000000000e+00
-3.772046589015873863e-01
8.435069879034463591e-01
-2.911583942496929200e-01
-7.857405313353924559e-01
1.000000000000000000e+00
-6.484901464786954062e-01
-1.000000000000000000e+00
4.806416332193181873e-01
-9.401491167118867232e-01
1.000000000000000000e+00
-1.000000000000000000e+00
-1.000000000000000000e+00
6.576232838252213941e-01
1.274463614112484322e-01
-2.145279018591630393e-01
-4.419285118493987419e-02
1.000000000000000000e+00
7.744396263714219408e-01
4.094842287294019889e-01
-3.383971846631002034e-01
9.448887212430170379e-01
-1.000000000000000000e+00
1.000000000000000000e+00
-1.000000000000000000e+00
-4.606443781780189539e-02
8.330041323574673973e-01
-9.881492067637986931e-01
3.591546898232926832e-01
-7.875066679127733504e-01
1.866583534528853949e-01
4.636988076657484470e-01
-1.000000000000000000e+00
-4.295798274583906284e-02
1.000000000000000000e+00
-5.881276103947519207e-01
-9.230511905074733070e-01
1.000000000000000000e+00
1.000000000000000000e+00
6.728384296748819438e-01
-5.437095737476749235e-01
-6.148022772171082284e-01
-1.000000000000000000e+00
2.796845436384460259e-01
-3.898520486331222834e-01
1.000000000000000000e+00
3.866209070549764260e-01
1.000000000000000000e+00
9.109750329415966519e-03
-8.139593974195248327e-01
1.000000000000000000e+00
1.000000000000000000e+00
-2.560125172806622107e-01
-5.767633958670692618e-01
-5.705549153735167689e-01
7.283858795710289602e-01
7.163078110596907688e-01
-5.579842453636810751e-01
6.343831364182745958e-01
-2.617739038521249562e-01
-4.374465603561820126e-01
-2.348806536058105077e-01
1.000000000000000000e+00
4.906437672696776220e-01
7.842979076928253690e-01
-1.000000000000000000e+00
1.534920958508582123e-01
3.220892526863465832e-01
-3.049919353680118350e-01
1.000000000000000000e+00
-1.000000000000000000e+00
-1.000000000000000000e+00
-1.000000000000000000e+00
1.000000000000000000e+00
-2.875488736973927928e-01
1.000000000000000000e+00
-6.648860004163092974e-01
2.520777961822580071e-01
3.563808497408673670e-01
4.812598235477681952e-01
