8.428979432494454471e-02
-1.000000000000000000e+00
-3.686706185202418551e-01
-5.670766684672448044e-01
-3.520429157969415801e-01
6.005189658319456392e-01
-5.870442926705456976e-01
-8.400398551618457610e-01
1.968890954030366736e-02
-9.984906476150166021e-01
-4.366172971271213843e-01
-7.565132822357618636e-01
7.343184809336216201e-01
8.843897318131108687e-01
2.213880728059658409e-02
-1.588550347968059051e-01
6.342435870650668939e-01
4.079262735145847696e-01
3.902514462644484095e-01
-4.116042577065690544e-01
3.144307422657592888e-01
1.000000000000000000e+00
-5.954527935932958371e-01
-2.359986356159589072e-01
-8.864248062686719276e-01
5.418624797440019236e-02
8.823680659706045759e-01
-7.059556430318874032e-01
-5.136097073293319770e-01
-2.246581966027347832e-01
5.975244618985553480e-02
4.462746839412679023e-02
-6.218661030593422012e-01
-8.213160955344245284e-01
9.805995872655550727e-01
-3.283848355258321972e-01
9.873782042061067798e-01
-9.423995570769914121e-01
-9.678412650295904474e-01
4.338213479592205601e-01
-8.700356466787844134e-01
1.771483033703282750e-01
8.031284497426725011e-01
-5.570714080394909562e-01
1.301682414010281175e-01
-5.061976036770705623e-01
4.216453844093959180e-01
9.619688936693997494e-01
-2.988614626801640028e-01
-5.313678621487767373e-01
-7.145271407870492641e-01
5.415738070292031026e-01
-9.097216955707208008e-01
9.785811303532483407e-01
-2.753549109731538991e-01
-2.597318353521811396e-01
-5.376248365140177121e-01
1.000000000000000000e+00
-2.343941404397460460e-01
-5.020899059934436082e-01
-8.054472386324498245e-01
9.137407733569586910e-01
9.286986664731786689e-01
7.917415768969482404e-01
-2.319550784213804118e-01
6.499106254670199423e-01
-7.799635597168601553e-01
-8.120518570390198310e-01
6.807474372492317016e-01
-5.836072502403852891e-01
1.806222549430052116e-01
2.451344813829134939e-01
-5.803688991549571519e-01
7.827515314181875405e-01
6.192889971319901488e-01
8.935039213063178387e-02
8.525837486324356895e-01
6.413868242428412136e-01
-1.000000000000000000e+00
-6.848559109182438265e-01
-6.819807712262255794e-01
9.316073137664486747e-01
-3.967159750095347048e-01
5.441333301572293113e-01
3.830837159015800797e-01
-7.979088732784922477e-01
5.204472442152074940e-01
7.626416912562075101e-01
3.920918005540576790e-01
7.928636450209387565e-01
-6.479390077565687633e-01
9.563431896858743952e-01
6.386199213766674543e-01
-5.004336876231625375e-01
-3.844779734530022197e-01
-1.000000000000000000e+00
2.584761633932182168e-01
-7.392722083041609604e-01
-1.000000000000000000e+00
6.663226798978760801e-01
9.027489797231185165e-01
3.398624119215737371e-02
-1.786220603316728273e-01
-5.276566923324617076e-01
5.029531069124839604e-01
-3.566781884109098133e-01
2.984262654238940549e-01
-6.079842728541153818e-01
7.803780433488651802e-01
1.000000000000000000e+00
-6.285371574513982651e-01
-5.724751207949696497e-01
5.032046744487830292e-01
2.258432858986256786e-01
-1.334773291723689859e-02
-7.663732079790297469e-02
7.963035839709362573e-01
4.833525578289012969e-01
8.133857526747112487e-03
1.000000000000000000e+00
1.000000000000000000e+00
2.382839042794375750e-01
-5.461682667854830253e-01
2.132019585630846592e-01
-8.315081567197484258e-01
7.506723405604869281e-01
6.465267869684576674e-01
-4.706202484463108959e-01
-8.626971778816949765e-02
-8.145145377583218327e-01
7.289453530697784789e-01
-1.166411950512231677e-01
-7.785761557142718559e-01
1.000000000000000000e+00
-1.000000000000000000e+00
7.004781612745869523e-03
9.055630388232438488e-01
7.840411936435014439e-01
9.306879741016036434e-01
-7.815996616035636446e-01
-6.473794831108865555e-01
-6.534859152817322769e-01
6.456368455906302817e-01
-1.263057557353055582e-01
4.270981850388162471e-01
9.160661737159705442e-01
3.253150397307085218e-01
6.740432137730609785e-01
-9.788435258118186599e-01
-7.611619584446942532e-01
1.000000000000000000e+00
9.175919840941297867e-01
-2.383019907538435067e-01
-1.658980745439970206e-01
7.896222213641093113e-01
7.149433328132193122e-01
1.000000000000000000e+00
7.102879064904406015e-01
-1.000000000000000000e+00
-8.677315185451321966e-01
2.175425803328976393e-01
9.770270523287283293e-01
1.000000000000000000e+00
9.936666092222312674e-01
4.379167394184237949e-01
7.015695239016336293e-01
-5.508249510910243618e-01
1.000000000000000000e+00
5.196159814664269572e-01
-3.679269831316549499e-01
1.663464797607019374e-01
1.749582445868675951e-01
-8.245666997823493105e-01
-2.556426949481043209e-01
4.098080327641573373e-01
-6.956860751262430309e-01
2.781363721575749182e-01
-7.833894864819377357e-01
1.915771674921034062e-01
2.489867756410395483e-01
-1.000000000000000000e+00
-3.021935070003876067e-01
-9.652944487503414273e-01
-1.000000000000000000e+00
1.319213887093959592e-01
6.358272150736343775e-02
-2.689890446479099584e-01
1.000000000000000000e+00
-8.996700821186818242e-01
-1.686773740232223595e-01
1.000000000000000000e+00
7.175929379928627228e-01
3.277821608200977010e-01
8.616126691755692235e-01
-7.809647623385957971e-01
-6.709341686118202031e-01
9.003678566877204581e-02
-6.615548710395696697e-01
-9.787971912933870478e-01
6.583205416438371316e-01
7.256015888498767996e-01
6.259774216123514812e-02
9.542397364709875873e-02
6.650733453803501227e-01
-2.545763737264583604e-01
4.724198877833369892e-01
-7.408043028808080077e-01
-7.909539267585694589e-01
8.065073360749295261e-01
-1.000000000000000000e+00
7.441738369726780267e-01
6.080548085017063453e-01
-8.100736860928003935e-02
8.541753924904191830e-01
-6.178616563122092398e-01
4.312666964295117644e-01
1.000000000000000000e+00
-6.090249868264030475e-01
-3.382449821260629097e-01
-2.699842668555227920e-01
3.644850224735785016e-01
8.731215822342576205e-01
3.655975501257220373e-01
4.895187744152420528e-01
2.303101946863379546e-01
7.576247308542922720e-01
-8.007385500311359205e-01
9.388133558559013103e-01
-7.884801865957349332e-01
-8.645060550306460367e-01
-8.365833004215339486e-03
-7.929259199161504679e-01
-5.668206654169292147e-01
3.352456126624641097e-01
-3.041738277210754848e-01
-8.401265279924412521e-01
5.783672209951065124e-01
9.319102105289920335e-01
1.000000000000000000e+00
4.749594071369478421e-02
-8.715715062811659752e-01
-7.607015776091263781e-01
1.107266634654362480e-01
7.811887021865062675e-01
-1.387306401943340095e-01
-8.810258169293583297e-01
7.874642974710375221e-01
5.257115145392527999e-01
-4.570446584021747860e-01
8.918512195331262937e-01
1.671145852073370186e-01
5.871575569805250749e-01
-1.357674832654784947e-01
2.233556798096147933e-01
2.402466014173576525e-01
2.182417437706607455e-01
5.565997290169062417e-01
8.422704357230783589e-01
-4.708972958858785862e-01
-5.728184518666009639e-01
3.088658964639150462e-01
1.465895998957058577e-01
9.308399319194140542e-01
1.515891311578305700e-01
-9.592764506423958615e-01
