1.000000000000000000e+00
1.409362882786373561e-01
-1.000000000000000000e+00
1.000000000000000000e+00
6.373192830056383373e-01
1.000000000000000000e+00
2.606631999782684783e-01
-1.919350910569915802e-01
8.033619913888135899e-01
2.934933937224561973e-01
-3.248490162691963778e-02
-1.000000000000000000e+00
-1.000000000000000000e+00
-1.000000000000000000e+00
-1.000000000000000000e+00
-8.914936041912193687e-01
1.000000000000000000e+00
6.573694663629225943e-03
-1.000000000000000000e+00
1.000000000000000000e+00
1.000000000000000000e+00
1.583364337066449912e-01
-6.780099118577899153e-01
5.599137708817807368e-01
-1.000000000000000000e+00
-1.000000000000000000e+00
2.838787754704710231e-01
-1.000000000000000000e+00
-1.000000000000000000e+00
1.000000000000000000e+00
8.106230947175560031e-01
5.287898150984761125e-01
1.000000000000000000e+00
-1.000000000000000000e+00
-4.974007987289634780e-01
-5.365098632280220770e-01
1.000000000000000000e+00
-1.000000000000000000e+00
-8.104778318719897401e-01
-1.000000000000000000e+00
-2.541395584547256892e-02
1.000000000000000000e+00
-8.082499895806456447e-01
-1.000000000000000000e+00
-1.902667685206085313e-01
7.924209819130445531e-02
-3.314015423748732925e-01
-1.000000000000000000e+00
1.000000000000000000e+00
-1.000000000000000000e+00
-1.000000000000000000e+00
-9.681442069808257056e-01
-2.533764472868840212e-01
1.000000000000000000e+00
-5.656263406092263413e-01
-1.000000000000000000e+00
4.213452903721204845e-01
1.000000000000000000e+00
-4.855595646497746221e-01
-7.482857753948124468e-02
1.277875525773082277e-01
2.580181382347528363e-01
-3.321335796039693866e-01
1.000000000000000000e+00
-8.159719527896243108e-01
-1.000000000000000000e+00
-4.734019901574512135e-01
3.290904050685657389e-01
-1.000000000000000000e+00
6.394174774228189584e-01
-1.000000000000000000e+00
-1.000000000000000000e+00
1.000000000000000000e+00
1.000000000000000000e+00
1.000000000000000000e+00
2.784300517517258600e-01
-1.000000000000000000e+00
4.122775466565369307e-01
-1.000000000000000000e+00
1.000000000000000000e+00
7.211858357162967970e-01
-9.321882593012260632e-01
-1.000000000000000000e+00
8.703016844319622081e-03
2.543518789677645664e-01
-2.235661517263898279e-02
-1.000000000000000000e+00
-1.000000000000000000e+00
-1.000000000000000000e+00
-2.404399569195286301e-01
-9.916797231395964030e-01
1.000000000000000000e+00
-6.374899353832852444e-01
-3.394628735322758883e-01
7.745467116646354011e-02
3.874334848093342609e-01
-8.960339422572703993e-01
-4.629393103910950380e-01
1.000000000000000000e+00
-5.537466333286619191e-01
1.000000000000000000e+00
-1.000000000000000000e+00
-2.655177532951868979e-01
1.000000000000000000e+00
1.000000000000000000e+00
3.047809715464839808e-01
-1.000000000000000000e+00
1.000000000000000000e+00
1.000000000000000000e+00
7.524379668065253046e-01
-9.908439250752700822e-01
1.000000000000000000e+00
1.000000000000000000e+00
5.105636825648186550e-01
-2.120752950012667615e-01
-8.253011408906572033e-01
-1.000000000000000000e+00
-2.793751488892203261e-01
-7.171423410271291488e-01
-5.528154058177552344e-01
4.075608159152288579e-01
1.000000000000000000e+00
-1.000000000000000000e+00
-1.943271468772638233e-01
-1.205939094123887889e-01
5.308591954611084907e-01
2.566254471329973974e-01
1.000000000000000000e+00
2.858110153787703500e-01
-9.356124546833013422e-01
-8.407441238817821016e-01
1.000000000000000000e+00
9.660408152006313420e-01
1.000000000000000000e+00
-1.000000000000000000e+00
-1.000000000000000000e+00
1.000000000000000000e+00
7.820591749159853112e-01
1.000000000000000000e+00
4.476935202393086399e-01
1.212853257082715519e-01
1.000000000000000000e+00
-1.000000000000000000e+00
-1.000000000000000000e+00
-1.000000000000000000e+00
-4.118095465072040273e-01
1.568727420018221907e-02
-3.234202986326552010e-01
1.000000000000000000e+00
2.526905965148995570e-01
3.999475897216486775e-02
-1.922772803667223696e-01
1.000000000000000000e+00
1.747419606644835532e-01
7.111176335130331427e-01
-2.002851899502484101e-01
4.738780875714643237e-01
2.467854897679480075e-01
1.000000000000000000e+00
-1.000000000000000000e+00
-6.467635489871434995e-01
8.944612379904103294e-01
-1.000000000000000000e+00
-1.000000000000000000e+00
-3.096899937688000204e-01
-6.002267690983664750e-01
2.555402573117256937e-01
-9.037066713530828022e-02
1.366723852573448195e-01
1.000000000000000000e+00
1.000000000000000000e+00
-8.141579680761334981e-01
-5.630912365806065578e-01
1.000000000000000000e+00
-1.926385176497278362e-01
-1.000000000000000000e+00
-7.203031718246442061e-01
1.000000000000000000e+00
-4.219635832631651873e-02
1.000000000000000000e+00
1.000000000000000000e+00
-2.591794319867343765e-01
-8.618519640674284776e-01
-9.825054876255057135e-01
-1.000000000000000000e+00
4.472752499937709958e-01
-1.000000000000000000e+00
5.270309531026526884e-01
4.121793451736756042e-01
7.412446606190861154e-01
1.000000000000000000e+00
1.000000000000000000e+00
-8.315819571535190136e-01
1.000000000000000000e+00
-1.051561729466641559e-01
-6.380405087503193684e-02
3.619907483966791073e-01
-6.904819089542525434e-01
-2.587038702418025249e-01
-1.000000000000000000e+00
1.000000000000000000e+00
-1.000000000000000000e+00
2.567413486836644942e-01
8.016326774563884427e-01
6.919181282704589542e-01
-1.000000000000000000e+00
-1.000000000000000000e+00
1.000000000000000000e+00
4.779347812361163239e-01
2.593932755061033046e-01
1.000000000000000000e+00
3.178302569329702898e-01
-1.000000000000000000e+00
-7.948001344540865931e-01
1.591435919997674642e-02
1.779352460923766532e-02
1.000000000000000000e+00
1.819638626021666816e-01
1.000000000000000000e+00
7.234898059307641738e-01
-1.000000000000000000e+00
-8.383306052323167279e-01
1.000000000000000000e+00
1.000000000000000000e+00
8.638511825352712670e-02
1.609907362220434623e-01
-2.989254931014725392e-01
-1.000000000000000000e+00
-1.000000000000000000e+00
9.459526383780827441e-01
-1.000000000000000000e+00
-1.000000000000000000e+00
1.000000000000000000e+00
1.000000000000000000e+00
8.688925201945483234e-01
6.008452443493531581e-01
-7.737411893335355284e-02
2.432561736101173100e-01
9.166802711242184598e-01
1.000000000000000000e+00
7.643759161394731994e-01
-9.084602682621654157e-01
8.040521550899187853e-01
8.369937851204245494e-01
-1.000000000000000000e+00
1.000000000000000000e+00
-7.575296236215904866e-01
1.000000000000000000e+00
-1.000000000000000000e+00
7.871214075414103561e-01
-1.000000000000000000e+00
2.498504908463200502e-01
1.000000000000000000e+00
1.000000000000000000e+00
-1.000000000000000000e+00
-4.445632690863672298e-01
1.000000000000000000e+00
-4.436819626121117910e-01
-5.296379274446161300e-01
1.000000000000000000e+00
-1.000000000000000000e+00
1.200825442361667106e-01
-1.000000000000000000e+00
1.000000000000000000e+00
1.000000000000000000e+00
