1.000000000000000000e+00
7.856023427431930717e-01
-5.330086233179671673e-01
-8.278222174976945791e-01
-5.274598948176593138e-01
-3.705654547129657583e-01
-4.414820198784117355e-01
5.436094825645787498e-02
-2.961921041607760152e-01
9.317242520277562168e-01
-6.751428993086361352e-01
-3.119020585198622464e-01
1.819069657106192617e-01
-2.596534426033763054e-01
-4.923398206364120178e-01
4.345607067598049600e-01
-6.518289976915156991e-01
6.057032518749992933e-01
6.679314504114447493e-01
1.000000000000000000e+00
-5.777003560405469251e-01
-1.000000000000000000e+00
3.378843022161767684e-01
1.257368722423852780e-01
-3.130978787487453951e-01
7.104473841564673542e-01
1.384813877918716907e-01
5.737251879877638405e-01
2.604671650050658371e-01
6.017819541009705731e-02
-6.126065543435534888e-01
6.858886557646517446e-01
1.000000000000000000e+00
-8.384368708683055393e-01
4.685999968183538478e-01
9.088281640297707353e-02
1.000000000000000000e+00
-1.000000000000000000e+00
6.816030097140518551e-01
3.802041135020712836e-01
-8.746133528911084198e-01
-9.522820897580830390e-02
-5.266008726506899995e-01
1.000000000000000000e+00
-1.000000000000000000e+00
-1.383632944934762854e-01
-3.938996397067051625e-01
1.000000000000000000e+00
2.670686234401023484e-01
-1.000000000000000000e+00
-6.695235690393110950e-01
6.221758506553951573e-01
-1.000000000000000000e+00
3.536240527678158330e-01
1.467552919516097454e-01
-1.000000000000000000e+00
1.000000000000000000e+00
-2.138590291253030795e-01
8.502358972345444021e-01
7.646095313420753214e-02
-7.688003408527550597e-01
4.484243750755638747e-01
-1.000000000000000000e+00
3.430977846454428271e-01
5.454149893999468146e-01
1.000000000000000000e+00
-7.817067652383679066e-01
6.866664167731432178e-01
-5.253033074842604622e-01
-7.062048641845869446e-03
1.927522546061231079e-01
1.000000000000000000e+00
-1.000000000000000000e+00
1.000000000000000000e+00
-2.363864230628471841e-01
1.000000000000000000e+00
-2.375504253927084863e-01
-1.000000000000000000e+00
-1.000000000000000000e+00
1.000000000000000000e+00
1.000000000000000000e+00
-1.000000000000000000e+00
-8.209960101910586117e-01
6.551185248086801582e-01
1.803937125037481937e-01
-1.000000000000000000e+00
-9.113452614333585888e-01
-1.000000000000000000e+00
-1.000000000000000000e+00
4.339135212145193154e-01
1.000000000000000000e+00
-1.000000000000000000e+00
-8.224660206447298449e-04
7.354645914065747192e-01
1.000000000000000000e+00
9.063036295417221666e-01
9.582467815808957123e-01
-4.276380843525474096e-01
-3.170866553082943295e-02
-3.635679915710079424e-01
-8.228959480832467310e-01
-9.814554240566673027e-01
7.067038743174531845e-01
3.074326371511559852e-02
4.342251427216399229e-01
-5.570220558172316316e-01
1.000000000000000000e+00
-7.836375590642309374e-01
-3.432789355745424209e-01
6.397581102143624632e-01
-1.000000000000000000e+00
1.400012846457093785e-01
1.000000000000000000e+00
9.942117073394401983e-02
6.076716047300414481e-01
4.237064046939464923e-01
1.000000000000000000e+00
7.555366481689933522e-01
8.408682729490274399e-01
-1.000000000000000000e+00
-8.768779253475849078e-01
-1.000000000000000000e+00
-2.043455604876802112e-01
1.000000000000000000e+00
-1.000000000000000000e+00
8.439785449595054168e-01
1.000000000000000000e+00
1.688678851642527734e-01
-8.910342302089588884e-01
1.822584493165685382e-01
-3.066347997161766870e-01
9.307178994566313035e-01
2.707622262962412485e-01
2.982570877245469543e-01
-7.687814022120436075e-01
9.556160806165868715e-01
-8.378650291160059105e-01
-1.000000000000000000e+00
1.000000000000000000e+00
9.659826580433937826e-01
1.000000000000000000e+00
3.729354570684793035e-01
1.000000000000000000e+00
-7.244814661525051935e-01
1.000000000000000000e+00
6.702889509465814744e-01
-3.918571146512939141e-01
6.160190698965450906e-03
1.821922295612496967e-01
1.000000000000000000e+00
3.352493591320383493e-01
-9.933461662374780676e-01
-8.004794242903133794e-01
8.018111213946710336e-01
4.392529503660980161e-02
-9.093522911366880290e-02
-3.492347650953111504e-01
-6.902837100230226897e-01
1.000000000000000000e+00
3.199137150953834663e-01
5.942449751804642633e-01
1.000000000000000000e+00
4.514493856869293276e-01
9.662027363488756571e-03
1.000000000000000000e+00
8.698919099328716875e-02
-3.407820328269518528e-01
-2.348149365597776983e-01
6.144187136031136198e-01
-1.000000000000000000e+00
2.970663381538900527e-01
3.504079652512310794e-01
3.063976962880357036e-01
-4.618992340675120989e-02
-1.083094951253893434e-02
-1.000000000000000000e+00
1.000000000000000000e+00
1.000000000000000000e+00
5.007899126146555524e-01
-8.973541349677839341e-01
-1.000000000000000000e+00
8.513346690734729938e-01
6.187451039992820645e-01
1.000000000000000000e+00
1.000000000000000000e+00
2.211521397837937775e-01
6.148339211840195828e-01
4.193292623313991108e-01
7.711306595576803424e-01
6.646470397458781321e-02
-7.826183705054802209e-01
9.750422457153493649e-01
6.502432668685711459e-01
3.542516189780409164e-01
7.637303048623120261e-02
-3.919641812700291883e-01
-1.000000000000000000e+00
-5.711544237192103246e-01
8.418276717339414628e-01
-1.519285178883926779e-01
-2.985591416082954419e-01
-7.314510277919245018e-01
6.935153088291862167e-01
-9.073191331955543504e-01
-8.998124701740422005e-01
1.000000000000000000e+00
-1.000000000000000000e+00
6.497843570395359647e-01
-2.877289984163801106e-01
1.000000000000000000e+00
-1.313592972285340110e-01
3.282163172471632695e-01
-5.991581793502966935e-01
1.051698784333651160e-01
7.589112662217827321e-01
5.327020721899969891e-01
-1.000000000000000000e+00
-1.000000000000000000e+00
-1.000000000000000000e+00
1.000000000000000000e+00
3.636526848595655892e-01
-8.501268826948854551e-02
1.000000000000000000e+00
-1.000000000000000000e+00
1.000000000000000000e+00
-1.000000000000000000e+00
-3.736554092394723803e-01
8.538125493079127271e-01
-1.000000000000000000e+00
3.510160008365137418e-01
3.411633113863741240e-01
4.945203921938113867e-01
1.728015629901176187e-01
6.052918598672060169e-01
-1.832938690366519019e-01
-1.277084619931307397e-01
-8.242218910234685447e-01
-2.018267225621442895e-01
7.818440679504459201e-01
-3.694556710331706739e-01
-6.904959570993030038e-01
-1.000000000000000000e+00
1.000000000000000000e+00
-1.000000000000000000e+00
1.000000000000000000e+00
-5.247710773655895888e-01
1.000000000000000000e+00
4.184024883803437733e-01
1.253318994982579593e-01
8.763600383334807509e-01
3.580877546681393575e-01
2.226510199283726621e-01
4.743721599813519596e-01
4.705968273048929396e-01
1.000000000000000000e+00
-1.000000000000000000e+00
6.056821033817829658e-01
9.715738570847178845e-01
3.663042980611539434e-01
-1.000000000000000000e+00
1.748465997397885552e-01
-1.000000000000000000e+00
-1.000000000000000000e+00
1.000000000000000000e+00
-1.000000000000000000e+00
