2.126355702270918968e-01
-1.000000000000000000e+00
-1.000000000000000000e+00
-1.000000000000000000e+00
-1.000000000000000000e+00
1.000000000000000000e+00
6.970457403363138349e-01
7.172519985348532190e-01
-3.293396876490342073e-01
1.000000000000000000e+00
1.000000000000000000e+00
1.933357892234291442e-01
-1.000000000000000000e+00
-2.646616609330745273e-01
-8.787808075512046901e-01
-1.531215963089360699e-02
1.000000000000000000e+00
8.239569812259872617e-01
-3.790540142565602677e-01
-1.000000000000000000e+00
-7.517396888910043984e-01
-1.000000000000000000e+00
-9.148432149341597652e-01
-1.000000000000000000e+00
1.000000000000000000e+00
1.000000000000000000e+00
-1.000000000000000000e+00
-2.606869660456522242e-01
1.000000000000000000e+00
-1.000000000000000000e+00
1.000000000000000000e+00
-1.000000000000000000e+00
1.000000000000000000e+00
-1.000000000000000000e+00
6.790690772569954459e-02
1.000000000000000000e+00
8.060451081521124994e-01
-7.220986545112197952e-01
-1.000000000000000000e+00
4.474159474970641481e-01
-5.684346289925411577e-01
1.000000000000000000e+00
-6.483678908777954497e-01
2.188741733642520781e-01
1.000000000000000000e+00
1.000000000000000000e+00
1.000000000000000000e+00
-1.000000000000000000e+00
-1.000000000000000000e+00
-1.828996755698610865e-01
1.000000000000000000e+00
1.000000000000000000e+00
-1.000000000000000000e+00
-3.102827009560438221e-02
1.000000000000000000e+00
-1.000000000000000000e+00
-1.000000000000000000e+00
-1.000000000000000000e+00
-1.000000000000000000e+00
1.000000000000000000e+00
-8.470568570054486379e-01
-3.679223118899951350e-01
-1.000000000000000000e+00
1.000000000000000000e+00
9.165087715686175418e-01
8.363668712200640343e-01
1.000000000000000000e+00
-4.522421129913750670e-01
3.333040448499458019e-01
-1.000000000000000000e+00
-7.978202119522682656e-01
2.793075479256311722e-01
1.000000000000000000e+00
1.000000000000000000e+00
1.000000000000000000e+00
1.000000000000000000e+00
-1.000000000000000000e+00
2.987632164391109679e-01
1.000000000000000000e+00
5.527985372130104214e-01
1.000000000000000000e+00
1.000000000000000000e+00
1.000000000000000000e+00
9.241529090487391462e-01
8.724957912417898864e-01
1.000000000000000000e+00
1.000000000000000000e+00
1.000000000000000000e+00
1.000000000000000000e+00
-1.000000000000000000e+00
7.453499637993010740e-02
-1.000000000000000000e+00
1.000000000000000000e+00
1.000000000000000000e+00
1.198077710951406250e-02
-3.473016044331259655e-01
5.496348488328376414e-01
1.000000000000000000e+00
1.000000000000000000e+00
-1.000000000000000000e+00
1.000000000000000000e+00
1.000000000000000000e+00
-2.136382064764084099e-01
-6.223497000394359602e-03
-8.816089824516092355e-01
1.000000000000000000e+00
1.000000000000000000e+00
-1.000000000000000000e+00
-1.000000000000000000e+00
1.000000000000000000e+00
-1.000000000000000000e+00
-1.000000000000000000e+00
-3.795997181477572258e-01
1.000000000000000000e+00
2.251428483328641317e-01
1.000000000000000000e+00
5.410567174010927349e-01
1.000000000000000000e+00
1.000000000000000000e+00
-1.000000000000000000e+00
1.000000000000000000e+00
-1.726026735649009436e-01
-1.000000000000000000e+00
-1.000000000000000000e+00
-1.000000000000000000e+00
-1.000000000000000000e+00
9.411390261410631508e-01
-1.000000000000000000e+00
1.000000000000000000e+00
1.000000000000000000e+00
1.000000000000000000e+00
7.850808407668377620e-02
-1.000000000000000000e+00
7.895503296241471736e-01
6.633416108588789939e-01
1.000000000000000000e+00
-1.000000000000000000e+00
4.908579227931355593e-01
-9.004959411179600526e-01
1.000000000000000000e+00
-1.000000000000000000e+00
-6.325336653308996082e-01
1.000000000000000000e+00
-1.000000000000000000e+00
1.000000000000000000e+00
-1.000000000000000000e+00
1.522035861533439505e-01
1.000000000000000000e+00
-6.882611859076862570e-01
-3.684212662310658581e-01
1.000000000000000000e+00
-1.000000000000000000e+00
2.256251093743878444e-01
-1.000000000000000000e+00
-1.000000000000000000e+00
7.630355210543491307e-01
-1.000000000000000000e+00
-1.000000000000000000e+00
-1.000000000000000000e+00
1.000000000000000000e+00
-1.000000000000000000e+00
-1.000000000000000000e+00
-1.000000000000000000e+00
3.154008021564771447e-01
1.000000000000000000e+00
-1.000000000000000000e+00
1.000000000000000000e+00
-1.000000000000000000e+00
1.000000000000000000e+00
-1.000000000000000000e+00
-1.000000000000000000e+00
1.974763722248725761e-01
-8.116873907219434026e-01
1.000000000000000000e+00
1.000000000000000000e+00
-1.000000000000000000e+00
-8.489923863356468869e-01
-7.665053039638927146e-01
1.000000000000000000e+00
3.324549888499143124e-01
-3.370203191636962359e-01
1.000000000000000000e+00
6.876982755323765018e-01
1.000000000000000000e+00
-8.280230825078227497e-02
1.000000000000000000e+00
-1.993795789179169109e-01
-1.000000000000000000e+00
1.000000000000000000e+00
3.374277680251864808e-01
-1.000000000000000000e+00
-1.000000000000000000e+00
-1.000000000000000000e+00
7.696816524519027869e-01
-1.000000000000000000e+00
-1.000000000000000000e+00
-1.000000000000000000e+00
1.000000000000000000e+00
2.817927404979297945e-01
-1.000000000000000000e+00
-1.000000000000000000e+00
-1.000000000000000000e+00
1.000000000000000000e+00
1.000000000000000000e+00
-8.107527981750735080e-01
-1.000000000000000000e+00
-5.133333227802295839e-01
2.109578308841546512e-01
1.148304066519980626e-01
-1.000000000000000000e+00
1.000000000000000000e+00
1.000000000000000000e+00
1.000000000000000000e+00
1.000000000000000000e+00
-6.093838138677252214e-01
1.000000000000000000e+00
1.000000000000000000e+00
-3.058634847848931138e-01
-1.000000000000000000e+00
-1.000000000000000000e+00
-1.000000000000000000e+00
-7.343267401984066023e-01
-7.188569110253123506e-01
-1.000000000000000000e+00
1.729376674521829749e-01
-1.000000000000000000e+00
1.000000000000000000e+00
1.000000000000000000e+00
1.000000000000000000e+00
4.370263180344583498e-01
-1.000000000000000000e+00
-1.000000000000000000e+00
1.000000000000000000e+00
1.000000000000000000e+00
5.709045208864669263e-01
-1.000000000000000000e+00
-1.000000000000000000e+00
1.000000000000000000e+00
-1.000000000000000000e+00
1.000000000000000000e+00
-1.000000000000000000e+00
-1.000000000000000000e+00
1.000000000000000000e+00
4.054312081853371774e-01
-8.993677590597013438e-01
-3.111085472089856196e-01
1.000000000000000000e+00
1.000000000000000000e+00
1.000000000000000000e+00
-9.310760591427915678e-01
-1.000000000000000000e+00
-1.000000000000000000e+00
5.832921629705734023e-01
-1.000000000000000000e+00
3.865960649859988552e-01
1.000000000000000000e+00
-1.000000000000000000e+00
1.000000000000000000e+00
1.000000000000000000e+00
-1.000000000000000000e+00
-2.435671740885196890e-01
1.000000000000000000e+00
1.000000000000000000e+00
5.021441078949587800e-01
-7.173020915449255241e-01
