-1.000000000000000000e+00
2.175247563910901460e-01
9.842673748444271675e-01
1.000000000000000000e+00
1.000000000000000000e+00
9.023847600371015520e-01
1.000000000000000000e+00
1.000000000000000000e+00
-2.206213923163478086e-01
-5.735523928452792575e-01
-1.000000000000000000e+00
1.000000000000000000e+00
-1.269595706084880593e-01
1.999563619596398945e-01
-3.118938277716878232e-02
1.000000000000000000e+00
1.000000000000000000e+00
-1.000000000000000000e+00
-7.451727456899496227e-01
-1.000000000000000000e+00
-4.938196886515480166e-01
-1.000000000000000000e+00
-5.416161630554652828e-02
1.000000000000000000e+00
3.024371353590544764e-01
1.000000000000000000e+00
-1.000000000000000000e+00
1.253753385618927574e-02
1.000000000000000000e+00
1.000000000000000000e+00
4.441707083087064190e-01
1.000000000000000000e+00
1.000000000000000000e+00
-1.000000000000000000e+00
-1.000000000000000000e+00
-1.000000000000000000e+00
-9.865145871987346382e-01
-4.459691790523203636e-01
-8.386754821394075687e-01
-7.506733777684642117e-01
-1.000000000000000000e+00
1.000000000000000000e+00
-1.000000000000000000e+00
1.000000000000000000e+00
3.793922984072254367e-01
-1.000000000000000000e+00
-1.000000000000000000e+00
1.000000000000000000e+00
-1.000000000000000000e+00
-1.000000000000000000e+00
-1.000000000000000000e+00
1.000000000000000000e+00
-4.273534210143962175e-01
-1.000000000000000000e+00
6.779776391345574416e-01
8.921755181432486914e-01
1.000000000000000000e+00
-8.269118478588558530e-01
8.191767280447567190e-01
-1.340776811482052855e-01
-1.000000000000000000e+00
-1.000000000000000000e+00
-1.000000000000000000e+00
-1.000000000000000000e+00
4.408582076909757230e-01
1.000000000000000000e+00
-1.000000000000000000e+00
-1.000000000000000000e+00
-1.000000000000000000e+00
-5.017985439505339151e-01
-1.385518107460947945e-01
-1.000000000000000000e+00
-6.607599681240619027e-01
1.000000000000000000e+00
-1.000000000000000000e+00
1.000000000000000000e+00
1.000000000000000000e+00
1.000000000000000000e+00
3.758785459744396623e-02
8.907290928213824621e-01
-6.363489346894676268e-01
-1.000000000000000000e+00
-1.000000000000000000e+00
-1.000000000000000000e+00
-9.270912947976703844e-01
-7.938134835073312745e-01
1.000000000000000000e+00
-1.000000000000000000e+00
-3.179675858726784821e-01
-3.902292022040336761e-01
-1.000000000000000000e+00
-5.516562493387744404e-02
-1.000000000000000000e+00
1.000000000000000000e+00
-9.033578388041515472e-01
1.000000000000000000e+00
-1.000000000000000000e+00
1.000000000000000000e+00
1.000000000000000000e+00
-4.731323615842392694e-01
1.000000000000000000e+00
-6.544104903643651605e-01
-7.552004016158526678e-01
1.000000000000000000e+00
1.000000000000000000e+00
-1.000000000000000000e+00
-8.660068122043930172e-01
-1.000000000000000000e+00
7.582582332551194293e-01
-1.000000000000000000e+00
1.000000000000000000e+00
-1.000000000000000000e+00
-1.000000000000000000e+00
-1.000000000000000000e+00
-8.658143692951706383e-01
-1.000000000000000000e+00
-1.000000000000000000e+00
1.000000000000000000e+00
-9.878105615743206780e-01
1.000000000000000000e+00
1.000000000000000000e+00
-1.000000000000000000e+00
4.527885820769655956e-01
-8.587605503722601785e-01
-1.000000000000000000e+00
1.000000000000000000e+00
1.000000000000000000e+00
1.000000000000000000e+00
-7.302509682317965822e-01
1.000000000000000000e+00
-4.846348492941343622e-01
7.634262056353373627e-01
-1.000000000000000000e+00
-1.000000000000000000e+00
-1.000000000000000000e+00
-1.000000000000000000e+00
1.000000000000000000e+00
1.000000000000000000e+00
-1.000000000000000000e+00
2.248404719966734522e-01
4.983749305437084054e-01
-6.313286203488681636e-01
-1.000000000000000000e+00
8.283463023956266769e-02
1.922430090227339461e-01
3.951425442195961590e-01
-1.000000000000000000e+00
5.935953123724133640e-01
1.000000000000000000e+00
1.000000000000000000e+00
-1.000000000000000000e+00
-1.000000000000000000e+00
1.000000000000000000e+00
1.000000000000000000e+00
1.000000000000000000e+00
1.000000000000000000e+00
6.098146611249454230e-01
-1.000000000000000000e+00
1.000000000000000000e+00
-1.000000000000000000e+00
-1.000000000000000000e+00
-1.000000000000000000e+00
-1.000000000000000000e+00
-1.000000000000000000e+00
1.000000000000000000e+00
-1.000000000000000000e+00
-1.000000000000000000e+00
5.513857083903458411e-01
1.000000000000000000e+00
-2.372388862486005667e-01
-1.000000000000000000e+00
1.000000000000000000e+00
1.000000000000000000e+00
-1.000000000000000000e+00
2.899610749005187005e-01
1.000000000000000000e+00
-9.712225341259688172e-01
1.000000000000000000e+00
1.000000000000000000e+00
-1.000000000000000000e+00
-1.000000000000000000e+00
1.000000000000000000e+00
7.208980814402474735e-01
-1.000000000000000000e+00
-4.947488805846036453e-01
-1.000000000000000000e+00
1.000000000000000000e+00
1.000000000000000000e+00
1.000000000000000000e+00
1.000000000000000000e+00
1.000000000000000000e+00
-1.000000000000000000e+00
-3.181271895188159116e-01
-8.806404791186481784e-01
1.000000000000000000e+00
1.000000000000000000e+00
-1.000000000000000000e+00
1.000000000000000000e+00
-1.000000000000000000e+00
4.620537947837265458e-01
-1.000000000000000000e+00
-1.000000000000000000e+00
1.000000000000000000e+00
1.000000000000000000e+00
1.000000000000000000e+00
-1.000000000000000000e+00
1.000000000000000000e+00
-4.844288074397926636e-01
1.000000000000000000e+00
8.016508034743439204e-01
1.000000000000000000e+00
-1.000000000000000000e+00
1.000000000000000000e+00
1.000000000000000000e+00
-1.000000000000000000e+00
-7.151977897697483488e-01
-2.171644531961111069e-01
2.617529954075997756e-01
1.000000000000000000e+00
1.000000000000000000e+00
-1.038672774215780858e-01
-1.000000000000000000e+00
1.000000000000000000e+00
-1.000000000000000000e+00
9.466333828922101068e-01
-1.000000000000000000e+00
1.156889359976853715e-01
-4.144198199043838127e-01
-1.000000000000000000e+00
-1.000000000000000000e+00
-3.826760371654028825e-01
-1.000000000000000000e+00
1.000000000000000000e+00
-9.165572236121838356e-01
1.000000000000000000e+00
-9.079549499392662870e-01
1.000000000000000000e+00
1.000000000000000000e+00
-6.030514822586638957e-01
-1.000000000000000000e+00
-1.000000000000000000e+00
-8.153526498150720503e-01
-1.000000000000000000e+00
-5.938290897658675682e-01
1.000000000000000000e+00
-1.000000000000000000e+00
-1.000000000000000000e+00
1.000000000000000000e+00
-1.000000000000000000e+00
8.523633362314044781e-01
-1.000000000000000000e+00
1.000000000000000000e+00
-1.000000000000000000e+00
9.904197876461102723e-01
-6.161350282165178882e-01
-1.000000000000000000e+00
-2.341759618418802757e-01
-7.923813145700533411e-01
-1.857741463765912038e-01
-8.009607126990757608e-01
-1.823408282694273796e-01
1.000000000000000000e+00
-1.000000000000000000e+00
1.000000000000000000e+00
1.000000000000000000e+00
