-5.650738055119854941e-01
8.976209937447552356e-01
9.124935628947752342e-01
6.481812185760404965e-01
7.504629900598589476e-01
-8.814064966443619920e-01
3.716751204040102952e-02
-1.000000000000000000e+00
9.119257508013092206e-01
1.000000000000000000e+00
7.804144525600986704e-01
2.395980619374160625e-02
6.400727142305246975e-01
8.728899494719390972e-01
-1.330673434069062910e-01
-9.994156992780811599e-02
-3.890691182544354643e-01
-5.190088952221674212e-01
8.690431362208173027e-02
2.503208188420047997e-01
-6.064168715560367406e-01
4.928535565883509495e-01
-9.644965627669105368e-01
-8.384025830907282373e-01
4.750095126306612681e-01
-3.030196296090086339e-01
-1.000000000000000000e+00
3.860947746848786277e-01
-3.036683352408098280e-01
6.343412940364769881e-01
-3.553467215002292789e-02
-7.634418122353967551e-01
6.896799852228432393e-01
-4.485236706221682468e-01
5.412098992883291881e-01
4.758890272189901793e-01
-7.208790574796851702e-01
-5.156491634200945917e-01
-7.420789437002963673e-01
-6.355149736228824509e-01
-5.210911886394375969e-01
1.000000000000000000e+00
3.160270930585080684e-01
-4.410098664105646660e-01
1.000000000000000000e+00
-7.498937805326006956e-01
9.930366715483545104e-01
-7.551375902815988805e-01
-1.142090059780459521e-01
7.668239573416135713e-01
2.802162926615152649e-01
-7.387611652111659710e-01
-1.000000000000000000e+00
-4.259746129769943490e-01
9.462292703227279667e-01
-5.793793253789301101e-01
5.210695636742306291e-01
9.443345528360842511e-01
1.000000000000000000e+00
-1.661785315233599292e-01
-5.443799219738310047e-01
1.198192244312124011e-02
4.347551256133013187e-01
3.880850468990164615e-01
-3.571839084909955719e-01
-5.811213625937801108e-01
-5.565294399550380078e-02
-7.487488777839002019e-02
-1.000000000000000000e+00
-9.520557771772866218e-01
2.036642964048185345e-01
4.274777713719171146e-01
-4.579660995140117929e-01
3.738157154051076070e-01
5.522707378103755005e-01
-2.624185150392825960e-01
-8.620760402194904692e-01
2.376791541892380177e-01
6.036771338252375774e-01
9.789891578844227560e-01
-3.277501209923636694e-01
4.933553379890056600e-01
6.166101172124571761e-01
7.112455477365984269e-01
-6.515662900944563241e-01
5.037754100988860451e-01
8.029188206741306733e-01
-6.891815582214053659e-01
6.582580597510394593e-01
-6.961744898419774952e-01
9.675204376173665022e-01
7.976647234221156957e-01
-6.359893363679822720e-01
1.680324863920648060e-01
-7.475009281287432472e-01
5.805659077091012144e-01
-4.829733374147120450e-01
-4.163426753716488182e-01
-8.313916811595700729e-01
1.000000000000000000e+00
1.714837565479765957e-01
4.139369765095074483e-01
-8.725579926970583600e-01
7.533368884925077946e-01
-1.964061308765852054e-02
-1.000000000000000000e+00
-4.182646076657703382e-02
1.000000000000000000e+00
-7.158631082400421786e-01
5.698341619990563434e-01
-2.490080567489891816e-01
7.791291465966283525e-01
-1.000000000000000000e+00
4.245024836651738465e-01
-9.267145602031070517e-01
-1.796821128383834232e-01
-5.540312532657936107e-01
-7.924718261289083188e-01
8.873918347033016296e-01
3.670253115753197015e-02
-3.112192925481571670e-01
-6.561748886797831304e-01
4.232455706043327659e-01
-3.642393335088183193e-01
-1.234664151213382688e-02
4.860902236307611535e-01
1.000000000000000000e+00
3.645320783426300171e-01
2.141900965421603686e-01
9.078597542263255882e-01
1.000000000000000000e+00
4.521431919427554291e-02
7.451342519444994483e-01
5.691267293340295241e-01
-9.041008018848706307e-02
2.569442613416490495e-01
1.000000000000000000e+00
1.000000000000000000e+00
-6.039074043650827228e-02
1.000000000000000000e+00
1.124485668505412761e-01
-9.023472696883968469e-01
-2.618213179783390743e-01
-9.440060421261931012e-02
9.845374272714868535e-01
-1.000000000000000000e+00
-4.441025247119705366e-01
-2.029127552599683249e-01
9.716310094047497792e-02
6.913958571944234244e-01
-3.276682995153861189e-01
4.790339520494544256e-01
2.628051314301542707e-01
-8.512058267064820383e-01
-1.248520227760507861e-01
-5.739722494340901982e-01
-9.725442962561609006e-02
-5.328921233985262074e-02
7.763528679808620048e-01
-9.369911441812832642e-01
8.670051285128133056e-01
-1.658425771904781243e-01
-6.938307575337976374e-02
8.762647407921062559e-01
-6.903811653570821605e-01
-1.000000000000000000e+00
-1.668612188846219091e-01
8.655892481269833461e-01
1.837409986625304636e-01
-7.891533016640146503e-01
7.624780110546507395e-01
6.004240316488584916e-01
-1.817838391204023019e-01
-2.664264387756651864e-01
-5.406540596277586985e-01
1.233963191803724158e-01
8.493120032834525768e-01
-6.429214104811629138e-01
-1.000000000000000000e+00
-2.687825822030068812e-01
-8.161658506565043769e-01
5.856693798408041385e-02
3.587261356257289702e-01
2.190894783087313780e-01
-5.175621203667397641e-01
-1.000000000000000000e+00
-4.516862691872551849e-01
2.942002240934844526e-01
-8.436653222779970651e-01
1.000000000000000000e+00
-8.488267236317958986e-02
9.425355788270777246e-01
-7.784449049661816833e-01
1.000000000000000000e+00
-3.465387835728701571e-01
-7.947919567031243027e-01
-7.326686879953310250e-01
-7.878659104689120785e-01
8.076404514938340107e-02
-5.742743535198542304e-01
-2.494812038040767899e-01
-1.000000000000000000e+00
1.733028656623469832e-01
-7.322044616852554366e-01
2.532256544768363149e-02
5.594248695451541353e-01
3.964401242265760406e-01
7.215999372152170910e-01
-9.671531563015067778e-01
1.320306442175755990e-02
-6.195250033586940930e-01
-8.686276485801274205e-01
2.290318035620879655e-01
-1.196948055811053457e-02
5.093287332352576247e-01
-1.022876001924026834e-01
-2.751750291868231280e-01
-5.742603412796309925e-02
-5.527192892688521653e-01
-3.981106194929577846e-01
-9.391642367288406401e-01
6.342548990036072087e-01
4.964614278931465119e-01
1.000000000000000000e+00
3.765096611657012815e-01
9.787109729460574670e-01
1.000000000000000000e+00
9.746501663841098395e-01
6.143479194361605167e-01
-7.539202591740763459e-01
-1.618448943268886442e-01
1.978387663984713385e-01
-2.964583160112810312e-01
3.659847276473136013e-01
-3.605110797792063781e-01
6.950508462128683895e-01
6.196474568438716801e-01
-3.801500426189055037e-01
9.856393379728902726e-01
-9.620859231040634896e-02
-1.036193364172406373e-01
1.542072755070102996e-01
8.993084195730793873e-02
6.289324787897747626e-01
-4.478851013886722132e-01
-6.487569704873057397e-01
5.863674599246475605e-01
-1.000000000000000000e+00
4.982380925732110555e-02
-8.303504898259750355e-01
-1.000000000000000000e+00
7.207122793658822246e-01
3.595235835488372889e-01
8.197803414010231826e-01
1.000000000000000000e+00
5.023520821337450482e-01
8.415891861252955408e-01
-8.585378827398397750e-01
1.943563092243979218e-01
7.727324761581890744e-01
7.800686305019557398e-01
-6.906943434306911378e-02
-6.061863540123590965e-02
6.642930809475358078e-01
2.477616269155943352e-01
