1.000000000000000000e+00
1.000000000000000000e+00
1.000000000000000000e+00
1.000000000000000000e+00
-7.525077465942819899e-01
-1.000000000000000000e+00
-1.000000000000000000e+00
-6.086711227512950906e-01
1.000000000000000000e+00
-1.000000000000000000e+00
-1.000000000000000000e+00
1.000000000000000000e+00
-1.000000000000000000e+00
-1.000000000000000000e+00
-3.817690090789085389e-01
-1.000000000000000000e+00
1.000000000000000000e+00
-1.000000000000000000e+00
5.933965849432023543e-01
-1.290189727003634990e-01
-1.000000000000000000e+00
-1.000000000000000000e+00
-1.000000000000000000e+00
-4.299031783934492701e-01
1.000000000000000000e+00
-4.733830547527020371e-01
-1.000000000000000000e+00
-1.000000000000000000e+00
-1.000000000000000000e+00
-1.000000000000000000e+00
1.000000000000000000e+00
-1.000000000000000000e+00
4.612435108508672332e-01
1.000000000000000000e+00
-6.397851838913173328e-01
-4.320713473837699548e-01
-1.000000000000000000e+00
-9.284443768944624642e-01
-1.000000000000000000e+00
-1.000000000000000000e+00
1.000000000000000000e+00
-1.000000000000000000e+00
8.978191406727273338e-02
-1.000000000000000000e+00
-1.000000000000000000e+00
-4.437720462111582886e-01
-5.989300109371304970e-01
-8.386976608585456905e-01
5.948767573945556997e-01
-9.577648905667027757e-01
-1.000000000000000000e+00
-1.000000000000000000e+00
1.000000000000000000e+00
-1.000000000000000000e+00
-6.803883360419962223e-01
-1.000000000000000000e+00
1.000000000000000000e+00
9.914285799930913079e-01
1.000000000000000000e+00
1.245366271436232353e-02
-1.000000000000000000e+00
7.295941608443119453e-01
-1.000000000000000000e+00
1.000000000000000000e+00
-1.000000000000000000e+00
1.000000000000000000e+00
1.000000000000000000e+00
1.000000000000000000e+00
1.000000000000000000e+00
1.000000000000000000e+00
-1.000000000000000000e+00
-1.000000000000000000e+00
1.000000000000000000e+00
-1.000000000000000000e+00
1.000000000000000000e+00
1.000000000000000000e+00
-2.119121104228937069e-01
1.000000000000000000e+00
1.000000000000000000e+00
-1.000000000000000000e+00
-1.000000000000000000e+00
1.000000000000000000e+00
-1.000000000000000000e+00
-8.089503510083769777e-01
2.925091433466858182e-01
-1.000000000000000000e+00
2.761681402834645915e-01
-1.000000000000000000e+00
1.000000000000000000e+00
6.159811131316684785e-01
-1.000000000000000000e+00
1.000000000000000000e+00
1.000000000000000000e+00
6.553609966499009953e-01
-1.000000000000000000e+00
-1.000000000000000000e+00
1.000000000000000000e+00
-3.291671927388444274e-01
-1.000000000000000000e+00
-1.000000000000000000e+00
1.000000000000000000e+00
-1.000000000000000000e+00
-1.000000000000000000e+00
-1.000000000000000000e+00
-1.000000000000000000e+00
-8.388724740917264944e-01
-1.000000000000000000e+00
-5.149564284763555877e-01
-1.000000000000000000e+00
1.000000000000000000e+00
-7.678124264385757236e-01
1.000000000000000000e+00
-1.000000000000000000e+00
-9.669699942627183464e-01
-1.000000000000000000e+00
-7.047244134155836726e-01
-6.577727833699735793e-01
-1.000000000000000000e+00
8.300025614409533015e-01
1.000000000000000000e+00
3.630713110194144777e-01
1.000000000000000000e+00
-1.000000000000000000e+00
-1.000000000000000000e+00
8.694243139439918888e-01
-1.000000000000000000e+00
-2.333766071276193177e-01
1.000000000000000000e+00
1.000000000000000000e+00
1.000000000000000000e+00
-1.000000000000000000e+00
-8.564320557469367046e-01
1.000000000000000000e+00
1.000000000000000000e+00
-1.000000000000000000e+00
1.000000000000000000e+00
-1.000000000000000000e+00
1.000000000000000000e+00
1.000000000000000000e+00
-1.000000000000000000e+00
7.886972706049362181e-01
-1.000000000000000000e+00
7.381789066104038621e-01
1.000000000000000000e+00
-1.000000000000000000e+00
-1.000000000000000000e+00
-9.905495495086040769e-01
8.148483814706034556e-01
-1.000000000000000000e+00
1.000000000000000000e+00
-8.444893003309003054e-01
-1.000000000000000000e+00
-2.509601953219319226e-01
-1.000000000000000000e+00
-2.360788448913121729e-02
1.000000000000000000e+00
1.000000000000000000e+00
1.000000000000000000e+00
1.000000000000000000e+00
-1.000000000000000000e+00
1.000000000000000000e+00
9.698154559199251290e-01
1.000000000000000000e+00
5.808464280486299591e-01
1.000000000000000000e+00
-1.000000000000000000e+00
-1.000000000000000000e+00
-1.000000000000000000e+00
-1.000000000000000000e+00
1.000000000000000000e+00
1.000000000000000000e+00
1.000000000000000000e+00
1.000000000000000000e+00
1.304198557862958907e-01
-1.000000000000000000e+00
-1.000000000000000000e+00
7.663141014570434839e-01
1.000000000000000000e+00
1.000000000000000000e+00
1.000000000000000000e+00
1.000000000000000000e+00
1.000000000000000000e+00
-6.017951757689448122e-01
9.763107333405011135e-01
1.000000000000000000e+00
1.730431349124085805e-01
-1.000000000000000000e+00
-9.157103958010047728e-01
-7.181879302857245850e-01
-8.749958035193260431e-01
3.502484339165199412e-01
8.076482932582473850e-01
6.693161696747044198e-01
8.314450109307731651e-01
1.000000000000000000e+00
1.000000000000000000e+00
-2.941959381978493937e-01
8.356705416887854065e-01
1.000000000000000000e+00
-5.724410524124051713e-01
1.000000000000000000e+00
1.000000000000000000e+00
-1.499209824071350283e-01
1.000000000000000000e+00
-1.000000000000000000e+00
-1.000000000000000000e+00
1.000000000000000000e+00
-1.000000000000000000e+00
-1.000000000000000000e+00
2.425054317158069628e-01
-5.884858626456788144e-01
2.449385918346935753e-02
1.000000000000000000e+00
-8.291494085571116113e-02
1.000000000000000000e+00
1.000000000000000000e+00
1.000000000000000000e+00
4.467375750021744807e-01
-1.000000000000000000e+00
-1.000000000000000000e+00
-6.260134975987561301e-01
-1.000000000000000000e+00
-1.000000000000000000e+00
-1.000000000000000000e+00
1.000000000000000000e+00
-1.000000000000000000e+00
8.541152455976717128e-01
-1.000000000000000000e+00
1.000000000000000000e+00
-9.193834191783472054e-01
1.000000000000000000e+00
1.000000000000000000e+00
1.000000000000000000e+00
1.000000000000000000e+00
1.000000000000000000e+00
-1.000000000000000000e+00
-1.000000000000000000e+00
-4.342675451805898534e-01
-6.524578545117134531e-01
-7.144767509115601545e-02
-1.000000000000000000e+00
-1.000000000000000000e+00
-1.330268694495004844e-01
1.000000000000000000e+00
4.465320672700777704e-01
1.000000000000000000e+00
-2.561696464212559476e-01
6.857411611180195266e-01
1.000000000000000000e+00
-1.000000000000000000e+00
-1.000000000000000000e+00
1.000000000000000000e+00
1.000000000000000000e+00
1.000000000000000000e+00
3.392840808614246972e-01
1.000000000000000000e+00
-1.382447263874919674e-01
1.000000000000000000e+00
8.763669265096291072e-01
-1.000000000000000000e+00
-1.000000000000000000e+00
1.000000000000000000e+00
6.136798637960505509e-02
-1.000000000000000000e+00
2.336684879756150135e-01
