-4.234222781707093208e-01
-6.019956564705417623e-01
6.366521636291750941e-01
8.521163913915918986e-01
-9.202410115849426475e-01
5.726541302361767283e-01
2.322587646663383243e-01
7.539188939575331982e-01
-2.578511139122785512e-01
-4.259398290946234678e-01
5.265697324456697359e-03
1.129290863692367086e-01
-4.116379977894637499e-01
-2.430624729708841247e-01
7.997815770350360509e-01
-9.352534654398954039e-01
-7.543318241508227828e-01
-3.356223489618532785e-01
2.291672512580555932e-01
-4.311231119014260482e-01
-6.383278749121159557e-01
-9.184943355463917047e-01
1.007510948705252485e-01
-5.533852627344209019e-01
6.972466711539091477e-01
6.622916355101540198e-01
-9.049112361891260559e-01
7.818811896883071100e-02
3.678890746912835130e-01
-3.196341675377172287e-01
1.550206128061939470e-01
3.115055452364514643e-01
-8.501442063169171171e-01
-1.474082627450634675e-02
-2.866763320901299927e-02
1.348620692960433853e-01
-9.978070340220595025e-01
-3.231767334691921789e-01
4.385264949976042104e-03
4.993156800805353956e-01
6.460711147439712754e-01
8.076255089650972163e-01
-3.112329277246603798e-01
8.688911297378216769e-01
-9.903231602708690851e-01
-8.855291074556292941e-03
-1.146687307851301796e-02
-6.986378045112506818e-02
-2.147540088088744081e-01
-2.978474653755567303e-01
4.382314110709832899e-01
-2.244704059714686117e-02
-2.970980874479933753e-02
7.836321619515020931e-01
6.808565464501104003e-01
8.562658023632934157e-01
4.446793715169683470e-01
-5.652768796554810127e-01
9.691462416068963304e-01
-1.602357803442846507e-01
-4.637719197056688891e-02
8.004731477883082480e-01
7.553403317361644387e-01
-7.488736626457470624e-01
2.501830865320688879e-01
2.323724616834537127e-01
3.799430429147589994e-01
-1.831350636560435952e-01
1.357664185335469842e-01
-7.907863543819597663e-01
-2.048758595871269517e-01
-7.548939460209873609e-01
8.111519378998948149e-01
-3.824643894417600887e-01
5.040866971679323072e-01
-1.891519469640665640e-01
-1.876243715216594499e-01
4.064186225066634961e-02
4.275942871687354874e-02
-4.244059230953818318e-01
4.159859657267417354e-02
6.901779249239017311e-01
7.625068194630035823e-01
9.115412176709785097e-01
-5.999005131132431057e-01
-4.270915890845805585e-02
4.504472618470138912e-01
5.873960271297038460e-01
1.727466932536509958e-01
-5.723650771966217743e-01
5.902343776337373171e-01
2.131927699948494848e-01
-3.920320369337733091e-01
5.354149555990890264e-01
3.744088999911070470e-01
-9.762894802297745755e-01
7.740319833392850235e-02
6.087494898325720438e-01
-8.470645435482226926e-01
6.572176013359420921e-01
-4.765506947071469490e-01
-3.208730227328266960e-01
-3.118717451103305560e-01
-3.071940741697123389e-01
5.627556629232384200e-01
-5.820649185237858347e-02
-3.048806940348887107e-01
-2.332290201601949775e-02
6.776082253320057092e-01
4.535794800603107912e-01
8.920289636604079586e-01
7.393190168734360412e-01
-5.048487804615620078e-02
-6.615685784749492093e-02
-7.310483193316181794e-01
-3.448928146684786533e-01
-1.096359229461549845e-01
3.329725103270948505e-01
-9.051374309430082477e-01
-4.514395252173131201e-01
5.891662045011005766e-01
-5.826338637878671900e-01
9.492782882379127152e-01
4.217924665819612340e-01
2.794095089199581938e-01
1.327247720700515110e-01
-1.938258659963760788e-01
8.315993790687330467e-01
7.969268226106551722e-03
3.588871056853142338e-01
2.507157910242940879e-01
-3.449535566312718071e-01
-7.426862891174514925e-01
-5.200475669185955496e-01
-7.226405253668590767e-01
-4.002258452040285963e-01
4.723735094970631376e-01
-8.483807120285968839e-01
-4.624457226796665488e-01
-1.620758096824972405e-01
2.891603144340100240e-01
8.096705946875593085e-02
-1.648050365797277816e-01
2.092978121448343387e-01
6.347083793497387827e-01
6.116025656696841839e-01
3.078826230290090393e-01
-5.816764655129713635e-01
-8.730524169113573763e-01
8.492201236852023882e-01
-9.056717304997987661e-01
7.888898906380519271e-01
4.295348166546186786e-01
-8.680451965786968316e-01
-4.021954912366885182e-01
-1.247680544314389017e-01
-9.401286203370420314e-01
7.282977156872325608e-01
9.886318296745733036e-02
7.863514155808615236e-02
9.992751510225181821e-01
4.041381364148355360e-02
3.858514392926093439e-01
-6.055303762473169815e-01
-9.923460031601982756e-02
9.325054319043786233e-01
-5.091451684386538723e-01
3.323091532492654654e-01
-8.317667555109409250e-01
8.203636755046281870e-01
-3.575619307572317496e-01
6.310667767457804889e-01
-2.114326310297354183e-02
7.847694667841786931e-01
-6.540560837012936446e-01
-3.888076000305606961e-02
4.806318540718654830e-01
-2.348031667938199618e-02
-2.749805957165947223e-01
-2.853509366184741047e-01
-8.671962565336222006e-01
5.629346740453873288e-01
8.854722640626553343e-01
6.761115856210309083e-02
-2.535584147752607542e-01
-4.648234445974712692e-01
-3.662266842803880706e-01
2.187666960600231914e-01
-4.237120252896433570e-01
-1.868576666422279153e-01
1.379476460674635696e-01
8.247618533656457807e-01
2.613289376354099858e-02
-1.745034023218194896e-02
2.652518681302795667e-01
5.528672827331111428e-01
-8.547331559095916464e-01
8.521795833135992204e-02
4.150520764710161625e-01
-2.186101445410237876e-01
1.095806550217264252e-01
5.931965827855343321e-01
7.974092404630208630e-01
-7.949738824424334993e-01
8.595613361086162918e-01
-5.063334459908670482e-01
-8.118566771872508525e-01
1.160345806097529131e-01
-5.652334075951452874e-01
6.899856605160508138e-01
5.235386602678329115e-01
4.476562915769981554e-01
-3.075079965452811592e-01
-3.185431010005641550e-01
9.491914239951735333e-01
-7.299643413477447940e-01
-7.170371729721347620e-03
-7.561317576445862887e-01
3.396170323824176940e-01
-3.139374640299856800e-01
-8.454520067543969120e-02
8.606315726363373830e-01
-4.590910353270662991e-01
-7.435334108542468456e-02
3.580782203137167219e-01
2.711038113555441775e-01
-3.545942450061345674e-01
6.505622677163991341e-01
5.953728742156960685e-02
4.689678836816710827e-01
6.785566618944967043e-01
-6.289848280250946999e-01
7.345047428685855806e-01
8.106995934998657560e-01
8.300337742518595352e-01
3.442755690715904038e-01
-5.840681795533289034e-01
1.265396059402776885e-01
6.847622752368809351e-02
8.719829439475024202e-01
-4.456730359083720394e-01
-4.417984300064503600e-01
3.172613541840518803e-01
9.821340325269440896e-01
-6.208287307854158943e-01
2.219037643422416828e-02
3.001031480878251223e-01
8.238636142254298633e-01
-1.760613662797172463e-01
-2.978784663006792677e-01
-2.960645582533385500e-01
9.538984789906626016e-01
-2.705692789094891193e-01
8.959368406686338826e-01
1.156855317904899039e-01
-8.187603776938550126e-01
-3.658225075179655228e-01
6.851335650905692187e-01
5.198093606584852644e-02
-8.574421330953880815e-01
-3.393582475656464759e-01
8.953375403689953771e-01
2.078357263427996759e-01
8.638464001541128479e-01
-5.227467621086547833e-01
