-7.490538339388426170e-01
-3.154424171931651255e-01
-3.221691192056981290e-01
1.496019891284015024e-01
8.185879147845189774e-01
5.869012938616622321e-01
-2.015154439043216339e-01
-7.841335216888918325e-01
1.347458039594626733e-01
9.885667112697811287e-01
7.312584839401530257e-01
1.359460255983580002e-01
5.109966347633387862e-01
-9.242269469399344572e-01
-3.635693132287090013e-01
-9.138701448792103665e-01
-1.433097523748083635e-01
-7.169680530317266154e-01
7.370143548161571800e-01
8.324459589340835741e-01
-3.408839871706701441e-01
-2.283521640113410633e-01
-9.175241040646824331e-01
-3.090399076326193484e-01
-7.961236257009072226e-01
3.632595601420445242e-01
3.998481512058311704e-01
-5.915901175283564406e-01
-5.468435328910721260e-01
-9.220877399896336701e-01
-5.182725052314580694e-01
4.420055369078035312e-02
-9.263459437730270363e-01
-3.952568597648296045e-01
-1.799055634078037258e-01
-6.352783253568765609e-01
1.551730580493744238e-01
1.608940675749053195e-01
-2.617982755224113056e-02
-3.684641315162071606e-01
6.013730591869441700e-01
6.137530625488210045e-01
2.200067480436835865e-01
-7.582270665724053504e-01
9.091391254673553135e-02
-9.708975651740259227e-01
-1.772593162843250081e-01
1.835611792389011399e-01
7.882392710683052695e-01
-3.258682392657767934e-01
-1.098880722292472356e-03
-5.584886253155851854e-02
7.747636697385338334e-01
9.744299709260482167e-01
7.983420846721356323e-01
-9.467119661756404625e-01
6.911830847294324620e-01
-3.502817021028525879e-02
5.410694109129685625e-01
9.591091714345711949e-01
8.638917056280694950e-01
3.177538430795689983e-01
-1.763996011295805300e-01
-5.615733921296950371e-01
-6.067703376545927618e-01
-8.638566470264918973e-01
-3.717509537371237460e-01
-3.666194450579054465e-01
2.278482472894638455e-02
2.911176433753603909e-01
-7.250299208672401630e-01
-6.426808188940849043e-01
7.341546496074518036e-01
-9.173271612535367492e-01
-2.569910204031971013e-01
3.360187242383716466e-01
7.068503750986723233e-01
2.613316189834629100e-01
1.069333940593084620e-01
-9.771751066865108637e-01
2.802842423362299495e-01
-5.138677596986946927e-01
7.759029602789535573e-01
3.202282170935584205e-01
6.842064799316165402e-01
-4.874948125928393328e-01
-3.074052958721251727e-02
2.757000161154574691e-01
9.772268216950128483e-01
-1.233463260642813086e-01
1.187648059552746105e-01
-4.045216798212654119e-01
-9.010736797739193893e-01
2.641134969026108781e-01
8.204474398363466037e-01
-1.923671647827345232e-01
4.085706389989227638e-01
2.133360062571083571e-01
-2.210015115959005350e-01
-8.852177189883150277e-01
-9.924160957489713830e-02
2.682539571354916053e-01
7.872658857881107419e-01
1.797302203916233410e-01
-7.513872180371830023e-01
2.062192668621318781e-01
4.222973378365009189e-01
9.765816214868767720e-01
2.997715344301705720e-01
-1.578360916598546826e-01
-8.636952389215395431e-01
-5.949310189346772582e-01
6.983384975340625189e-01
-1.343765983605187397e-01
8.005524287579102172e-02
-6.806805598802356805e-02
7.748460643186101393e-01
4.692135591675448136e-01
-1.489881015965344169e-02
1.405435357798836549e-01
-8.727016505334601604e-01
-2.726952641985844750e-01
3.567954553608487789e-01
8.803234645901749644e-01
8.687169841649331481e-01
6.813718037557570106e-01
6.501337900040522477e-01
3.558598865045776716e-01
3.888723841230243838e-01
8.810460168980658313e-01
-5.134507909852832341e-01
-2.662836382615147990e-01
-7.259481327048498134e-01
-2.296632604317607740e-01
8.964434012034869781e-01
1.189534086669064017e-02
6.825048857213174003e-01
5.659572056945254559e-01
8.166087681379392560e-01
-7.502470404034022877e-01
-3.083468211231001899e-01
2.814910958790897144e-01
3.801532457624703376e-01
-4.733553270073025399e-01
-3.043333189628421032e-01
6.313083535268062541e-01
-3.915751907578670643e-01
-3.814468831244710589e-01
9.954316927150279604e-01
-7.895526464143087786e-01
-4.621214999796081635e-01
7.262287794075299452e-01
5.759496476699415002e-01
4.490875511031193756e-01
2.147000031485024607e-01
-5.519449233667939048e-01
6.246975315473559665e-01
9.452396958914983660e-01
3.014951953631341830e-01
-6.039980644918807595e-01
-7.855476033671862091e-01
-9.035559003400206457e-01
-2.810930168123753070e-01
9.606492805563220383e-01
-7.988996068971210285e-02
5.037111264273026467e-01
-8.842575960029621651e-01
7.408642541013996663e-01
5.090026151156554768e-01
-9.549546839035467638e-01
3.277486776267128921e-01
-5.496423696860319730e-02
-2.713437976028996168e-01
-2.788024207655988018e-01
-5.442866456075476922e-01
2.457092535671634437e-01
6.446768223419134802e-01
-5.905404951143327086e-01
8.323900537355322093e-02
-9.966549504538408932e-01
4.915630704858908739e-01
-2.351110998670926655e-01
-4.782966146255063222e-03
-1.455702950465422862e-01
-1.496107600782470293e-01
6.633152271862203797e-01
8.504017313923566412e-01
7.409989269350907293e-01
3.778171802750303065e-01
-2.033307365422989399e-01
-9.274097292647482949e-01
-2.103141716849326048e-01
3.338116657273837440e-02
7.928653068374229562e-01
-1.391634937833738928e-01
-4.705979212970738956e-01
-7.540498785073346255e-01
-4.953376025286448936e-03
4.524270379039128098e-01
5.085990755388862805e-01
-8.027805859688983414e-01
-3.839757036976816362e-01
-1.379717486516482960e-01
4.524625853195349823e-01
1.078430700757995186e-01
4.362749412573299068e-01
2.029297114796195789e-01
6.000390050376911422e-01
6.391792813358978531e-01
-9.916870111068818439e-01
-9.067282864118078045e-01
-9.396786945839601390e-01
5.566375153616107685e-01
2.270979751788138046e-01
6.057821919154120494e-01
-3.587032069727353889e-01
5.002525135076318907e-01
-2.568335340727798677e-01
-9.021178212795499807e-01
9.236618040283945952e-01
-3.198581136630707089e-01
8.452534514208849270e-01
-5.268875497578624501e-01
-4.700069827805113398e-01
8.358307047893589470e-01
-9.974784049217551019e-01
-4.340092253952247958e-01
7.323823117044303554e-01
9.542435839015772636e-01
-4.669832340571384854e-01
6.132071502061762214e-01
2.734010099974226726e-02
2.148820854718744844e-01
8.620227777253750556e-01
2.037837605915127082e-01
-9.627404926561442533e-01
6.818652515180074758e-01
2.497043982970730269e-01
9.850771692968247617e-01
-7.300352173836726077e-01
-1.846802565865468537e-01
2.328405090512075670e-01
2.448682572033167304e-02
-1.027226810445804883e-01
6.072771427394958454e-01
4.459516055150751779e-01
-5.809181847011579691e-01
-7.942018638914891682e-01
-7.562035327471416934e-01
9.030870543703313214e-01
7.737874945149656458e-01
9.702135243805365405e-02
9.754893993385262974e-01
-2.433845223743462682e-01
-4.215811559979134593e-01
-9.329500282232638941e-01
4.191023398289119850e-01
7.858331800779094767e-01
6.385591127077283602e-02
-8.424473954061246772e-01
1.435183188222786121e-01
2.134818105303386560e-01
-3.266662523583763189e-01
7.882923539317334694e-01
7.221315828267846904e-01
