1.000000000000000000e+00
-1.000000000000000000e+00
1.000000000000000000e+00
8.314370667958137506e-01
1.000000000000000000e+00
9.001336634826029304e-02
-9.625730156811987959e-01
1.000000000000000000e+00
-9.131632374367442129e-01
1.000000000000000000e+00
-2.352608255129935433e-01
-1.000000000000000000e+00
1.000000000000000000e+00
-1.000000000000000000e+00
-1.000000000000000000e+00
-1.000000000000000000e+00
5.384325758703126796e-01
1.000000000000000000e+00
-1.000000000000000000e+00
-1.000000000000000000e+00
1.000000000000000000e+00
-3.437249883364974501e-01
1.000000000000000000e+00
-1.000000000000000000e+00
2.106462556132124853e-01
-5.385292730632598168e-01
1.000000000000000000e+00
1.000000000000000000e+00
1.000000000000000000e+00
-1.000000000000000000e+00
-1.000000000000000000e+00
1.000000000000000000e+00
1.000000000000000000e+00
2.387161248619267540e-01
-1.000000000000000000e+00
1.000000000000000000e+00
-1.000000000000000000e+00
-1.000000000000000000e+00
1.000000000000000000e+00
1.000000000000000000e+00
1.000000000000000000e+00
1.000000000000000000e+00
1.000000000000000000e+00
-6.272519178971946996e-01
1.000000000000000000e+00
-9.872176762255731042e-01
7.743763790111914957e-01
-4.792208580293363385e-01
-1.000000000000000000e+00
1.000000000000000000e+00
1.000000000000000000e+00
-8.066969082449946260e-01
-1.000000000000000000e+00
-1.000000000000000000e+00
-9.868825492674746513e-01
1.960118956380567656e-01
1.000000000000000000e+00
1.000000000000000000e+00
-1.000000000000000000e+00
-1.000000000000000000e+00
6.093865542773674315e-02
-2.838329766733956872e-01
-6.018047596337572358e-02
1.000000000000000000e+00
1.000000000000000000e+00
5.349176998126980997e-01
1.000000000000000000e+00
1.000000000000000000e+00
-9.663789492894925282e-01
1.000000000000000000e+00
1.000000000000000000e+00
-1.000000000000000000e+00
1.000000000000000000e+00
1.000000000000000000e+00
7.229115505436881639e-01
1.000000000000000000e+00
5.788919065869062575e-01
9.718450074999921418e-01
-3.207434237059187954e-01
-6.762968277160991137e-01
-4.156688221871106537e-01
-1.000000000000000000e+00
-1.000000000000000000e+00
-1.000000000000000000e+00
6.730027799066690131e-02
-4.406447768059524317e-01
-3.062778625513688513e-01
-1.000000000000000000e+00
1.000000000000000000e+00
-1.000000000000000000e+00
8.387291288027474145e-01
-1.000000000000000000e+00
-1.000000000000000000e+00
1.000000000000000000e+00
2.362795771053312621e-01
1.000000000000000000e+00
1.000000000000000000e+00
1.000000000000000000e+00
2.556199348293131113e-01
1.000000000000000000e+00
1.000000000000000000e+00
-6.314432794216175981e-01
-1.000000000000000000e+00
1.000000000000000000e+00
4.221725993641434194e-01
-1.000000000000000000e+00
1.000000000000000000e+00
6.780527190827044803e-01
-1.000000000000000000e+00
-1.000000000000000000e+00
1.000000000000000000e+00
9.107888502317453838e-01
-9.349571310321025397e-01
1.000000000000000000e+00
1.000000000000000000e+00
1.000000000000000000e+00
-1.948470340954489011e-01
1.000000000000000000e+00
2.344503730102129868e-01
-1.000000000000000000e+00
-1.000000000000000000e+00
1.000000000000000000e+00
5.720797547842482178e-02
-1.000000000000000000e+00
-1.000000000000000000e+00
2.403947110203640825e-01
-1.000000000000000000e+00
1.000000000000000000e+00
-2.468332353929211243e-01
1.000000000000000000e+00
-1.000000000000000000e+00
-1.000000000000000000e+00
8.149341947498506267e-01
1.000000000000000000e+00
-9.905946558342254571e-01
5.262551839317874958e-01
-1.000000000000000000e+00
1.000000000000000000e+00
1.000000000000000000e+00
-9.388350805702165847e-01
1.000000000000000000e+00
5.460862073085859247e-01
4.659262060577011866e-01
-1.000000000000000000e+00
-1.000000000000000000e+00
-8.797442186812547416e-01
1.000000000000000000e+00
1.000000000000000000e+00
-1.000000000000000000e+00
1.979608357095256899e-01
-1.000000000000000000e+00
1.000000000000000000e+00
1.000000000000000000e+00
3.060659237273584132e-01
4.261540440032314248e-01
-1.000000000000000000e+00
-1.000000000000000000e+00
1.000000000000000000e+00
1.000000000000000000e+00
-1.000000000000000000e+00
-1.000000000000000000e+00
1.000000000000000000e+00
-7.485375510688008216e-01
1.000000000000000000e+00
1.000000000000000000e+00
-6.884241396150886372e-01
-5.193059876471538550e-01
1.000000000000000000e+00
-1.000000000000000000e+00
5.926935048187877975e-01
7.717854548921008195e-01
1.000000000000000000e+00
-1.009114560958155327e-01
-1.000000000000000000e+00
5.452055803852453586e-01
8.940937802279151914e-01
-1.000000000000000000e+00
1.000000000000000000e+00
1.000000000000000000e+00
1.000000000000000000e+00
1.000000000000000000e+00
-1.000000000000000000e+00
1.000000000000000000e+00
1.000000000000000000e+00
-1.000000000000000000e+00
1.000000000000000000e+00
-1.000000000000000000e+00
1.000000000000000000e+00
-1.000000000000000000e+00
1.000000000000000000e+00
1.000000000000000000e+00
1.000000000000000000e+00
1.000000000000000000e+00
3.887011580039539949e-01
-8.524706361215270700e-01
-2.664231918609938354e-02
-1.000000000000000000e+00
-1.000000000000000000e+00
-1.000000000000000000e+00
8.758750426165984315e-01
1.000000000000000000e+00
-4.588665069538211405e-02
1.000000000000000000e+00
-1.000000000000000000e+00
-1.000000000000000000e+00
1.366640572828612954e-01
-1.000000000000000000e+00
1.000000000000000000e+00
-6.395972108324234906e-01
-1.000000000000000000e+00
-8.060681557101896377e-01
1.000000000000000000e+00
-4.318289209113291838e-01
1.000000000000000000e+00
-1.000000000000000000e+00
1.000000000000000000e+00
-1.000000000000000000e+00
7.672782109920806004e-01
1.000000000000000000e+00
-1.000000000000000000e+00
-1.000000000000000000e+00
-1.000000000000000000e+00
1.000000000000000000e+00
1.000000000000000000e+00
1.000000000000000000e+00
-4.131318472942248077e-01
1.000000000000000000e+00
1.000000000000000000e+00
4.651952335263508376e-01
5.242281930910503984e-01
1.000000000000000000e+00
-1.000000000000000000e+00
1.000000000000000000e+00
1.000000000000000000e+00
6.959554312992958236e-01
-9.598659466651110472e-02
-1.000000000000000000e+00
5.028301643161375845e-01
-2.985225983319371723e-01
-1.000000000000000000e+00
-1.000000000000000000e+00
8.210476220438174266e-01
7.449881464614434012e-01
1.000000000000000000e+00
-1.000000000000000000e+00
-1.000000000000000000e+00
1.000000000000000000e+00
1.000000000000000000e+00
-1.000000000000000000e+00
-1.000000000000000000e+00
-9.422771812612853459e-01
-9.757318363259228633e-01
1.000000000000000000e+00
-1.159712335370259861e-01
1.000000000000000000e+00
6.191508188815604274e-01
-1.000000000000000000e+00
-1.000000000000000000e+00
-1.000000000000000000e+00
-1.000000000000000000e+00
-8.183646099488669501e-01
1.000000000000000000e+00
1.000000000000000000e+00
1.000000000000000000e+00
1.000000000000000000e+00
