5.074549290461011219e-01
5.996985522868181206e-02
1.000000000000000000e+00
2.097972370257461527e-02
-7.805574034981579423e-01
5.355155550206119885e-01
8.525041222691189802e-01
5.170838033567383141e-01
-6.097189740821185033e-01
-7.353643059164316487e-01
-8.672718597633306548e-01
-7.744722474428922254e-01
2.223160302104605357e-01
6.875691132826002860e-01
-8.160587942345953749e-02
6.876685240048185932e-02
-8.890267146214525518e-02
-2.867659277726769540e-02
2.289790806758754127e-01
7.502677311152283757e-01
3.248033617662178241e-01
9.333595406514811899e-01
-1.000000000000000000e+00
-3.437223948238978810e-01
-9.275625541243748273e-01
9.778005944113863368e-01
6.346761511056786542e-01
-1.000000000000000000e+00
-9.008222434955026614e-02
-2.486975683888188460e-01
-5.993621794858114971e-01
-7.897702430778990035e-01
-4.445191916277776434e-01
-7.252995617403453776e-01
7.893421080058811157e-01
5.664057412798215729e-01
-5.741784812830064144e-01
-1.000000000000000000e+00
2.963995499923475219e-01
-5.977896499039134781e-01
6.403810180377222938e-01
1.000000000000000000e+00
-5.914611449523285991e-01
-3.336782105429076939e-01
-5.664033595176443114e-01
-1.000000000000000000e+00
7.012289840785443928e-01
5.544042746392967569e-01
9.408596129385662366e-01
8.916371110011911405e-02
1.000000000000000000e+00
6.132987107187868325e-01
1.000000000000000000e+00
4.905708978244505136e-01
-4.721284231193560998e-01
1.000000000000000000e+00
1.367772046142591846e-01
1.000000000000000000e+00
-1.142015236510611764e-01
-5.295134089971373914e-01
-1.000000000000000000e+00
1.000000000000000000e+00
-9.933393155795496865e-01
-1.000000000000000000e+00
-3.639604752592716652e-01
-6.395594989347119785e-01
-8.777610292110697987e-01
4.644390568222609428e-01
9.852201228077884787e-01
1.000000000000000000e+00
-6.047943450041335378e-01
7.302249268587652775e-01
8.016066538513841877e-01
-6.467745696385757137e-02
6.140912441641636077e-01
-3.422738656849972916e-01
-7.546413958100965935e-01
-3.717849547992351233e-01
-4.109165868666051491e-01
8.463752083804139126e-01
1.117850099215109694e-01
-9.445930334770868964e-01
1.555389118256589320e-02
-7.751603462929836930e-01
1.989755072570875971e-01
-9.152446981880586474e-01
-1.000000000000000000e+00
1.000000000000000000e+00
6.712571570541898680e-01
-1.012953739957500598e-01
-8.003938681376159270e-01
-1.000000000000000000e+00
-7.252469465360825707e-01
9.938742485262982429e-01
-2.697241275104627078e-01
6.277134510816004820e-01
-1.536787927489347005e-01
-2.438865088886918997e-01
8.712519783867467282e-02
8.191483082820403272e-01
-1.000000000000000000e+00
-9.558940875317836205e-01
1.054348507107749633e-01
7.292311981799987075e-01
-1.189861231069477832e-01
-1.000000000000000000e+00
-1.195212643867354929e-01
-1.000000000000000000e+00
7.868960072759796365e-01
5.869082939396697007e-01
2.364163863234554630e-01
-8.232793683255481554e-01
7.369610278248932556e-01
-7.366402182256903686e-02
-9.317366462605258803e-01
2.002388047270533544e-01
1.000000000000000000e+00
3.675036035051846284e-01
6.668958729764938864e-01
-3.144894140288416740e-01
7.590315652365179355e-01
1.000000000000000000e+00
-1.000000000000000000e+00
-4.202193758289221037e-01
-1.254331019379955059e-01
-4.115485034468921999e-01
5.590681881839230094e-01
8.272401395278246028e-01
-5.984222416307729553e-01
6.354039465530401110e-01
-9.764546598197272331e-01
-4.420844777731636199e-01
-1.000000000000000000e+00
-2.198002524004274427e-01
1.000000000000000000e+00
-7.778784517318503289e-01
4.409392273493195624e-01
-9.576463911845536359e-01
1.000000000000000000e+00
-2.083209919827419543e-02
1.000000000000000000e+00
1.000000000000000000e+00
9.963939621950557157e-02
-4.639614270487544823e-01
-3.056685539475962887e-01
5.703289876584725082e-01
-1.337047808100513269e-01
3.329602469880068583e-01
3.044723313949177501e-01
-1.454639963342869713e-01
-7.568876887346300819e-01
8.213633583476858124e-01
-2.179037685039357797e-01
-7.846525499463137265e-01
2.035060604385323657e-01
7.728712175953362795e-01
2.563456107503461201e-01
1.000000000000000000e+00
9.850832181060813486e-01
2.224884015530522730e-01
4.182637070753036923e-01
-9.953236532757906430e-01
6.440673833309995544e-01
-3.700574855004945540e-02
9.581786490300527870e-01
-1.000000000000000000e+00
1.000000000000000000e+00
-1.000000000000000000e+00
-1.000000000000000000e+00
4.180129824661362181e-01
8.727056901911744990e-01
-2.962728094165376636e-01
-8.219938346886459524e-01
1.044439404762469437e-01
1.410544352047251593e-01
-3.850218478082079177e-01
8.404213999015535119e-01
1.179342704450180579e-01
-7.190813541619542892e-01
-6.632559207711821170e-01
-6.160781245165236619e-02
-1.000000000000000000e+00
3.261702186399741965e-01
-4.311875472432679657e-01
1.000000000000000000e+00
-1.000000000000000000e+00
4.064325048944252838e-01
1.019136766757136048e-01
-8.227363027750187463e-01
-5.776099812325281579e-01
5.244341726616641441e-01
2.780294147780726366e-01
-1.000000000000000000e+00
5.366913144517539980e-01
-2.303471448115823605e-02
1.671063429430819092e-01
-4.991898665530329904e-01
-8.110064687318709886e-01
-1.000000000000000000e+00
4.185794776658779970e-01
1.000000000000000000e+00
-5.394859937603604383e-01
-1.000000000000000000e+00
-6.239555587399607806e-01
8.138680914684448542e-02
-4.979924952825065532e-03
-6.884601523665337952e-01
1.000000000000000000e+00
-3.548306675458723358e-02
-4.360396700585409402e-01
-9.595592715991330124e-01
2.221724287821238430e-01
1.000000000000000000e+00
-5.029128187317535303e-01
7.330826834115600210e-01
-5.087584235338524774e-01
-1.000000000000000000e+00
7.673330718025954678e-01
1.692988094865676141e-01
9.084375214212812022e-01
4.989987687498822488e-01
1.000000000000000000e+00
6.682655600411131491e-01
9.326826422774150416e-01
-4.811001582592736581e-01
-1.000000000000000000e+00
1.000000000000000000e+00
-8.477291157368762597e-01
-1.000000000000000000e+00
-1.000000000000000000e+00
-5.600003457468605284e-01
4.583223052275813281e-01
-1.140985083743264461e-01
-1.000000000000000000e+00
1.000000000000000000e+00
-2.853379462227991770e-01
1.000000000000000000e+00
1.000000000000000000e+00
6.694621023692781669e-03
-1.000000000000000000e+00
6.926938020219495229e-01
-4.960779788370812682e-01
8.914072479862986675e-01
1.000000000000000000e+00
-1.081402468913713610e-01
3.937310250310537274e-01
-1.000000000000000000e+00
8.554802191148149770e-01
3.803075791489374247e-02
1.000000000000000000e+00
-1.000000000000000000e+00
6.175627486402615052e-01
9.000160155162388875e-01
6.135279247967972971e-02
7.048469625888575951e-02
-7.324707061420658860e-01
-1.000000000000000000e+00
-1.000000000000000000e+00
5.325411087379050556e-01
-2.978016142542185829e-01
-7.183294030798319518e-01
3.586376754877560469e-01
2.277317119508892596e-02
9.098280674159283654e-01
1.000000000000000000e+00
