1.000000000000000000e+00
1.000000000000000000e+00
-1.000000000000000000e+00
-9.777869853414560275e-01
-1.000000000000000000e+00
1.000000000000000000e+00
-1.000000000000000000e+00
1.000000000000000000e+00
-7.120375182647503687e-01
-1.513972754126752251e-01
-1.000000000000000000e+00
-1.000000000000000000e+00
-6.848735863365140730e-01
4.391979138259013427e-01
1.000000000000000000e+00
-1.000000000000000000e+00
-7.269494984358146894e-01
-1.000000000000000000e+00
-8.466905263050878983e-01
5.452359219650394495e-01
-1.000000000000000000e+00
5.432778798152262389e-01
-4.697124133213016473e-01
-1.000000000000000000e+00
1.000000000000000000e+00
-1.000000000000000000e+00
-1.000000000000000000e+00
-1.000000000000000000e+00
3.855240260135744945e-01
1.361179194744522869e-01
8.704679050359378500e-01
-1.000000000000000000e+00
-1.000000000000000000e+00
1.000000000000000000e+00
3.063231924118253735e-01
4.432404622446664000e-01
-5.401426750619575667e-01
-8.431491876997306845e-01
1.000000000000000000e+00
1.000000000000000000e+00
-1.000000000000000000e+00
1.000000000000000000e+00
3.276728409473728676e-01
1.000000000000000000e+00
-6.515085089163675791e-01
-6.476477808208112030e-01
9.176876182977014018e-01
-1.000000000000000000e+00
7.343155298717598534e-01
-1.000000000000000000e+00
-1.000000000000000000e+00
1.000000000000000000e+00
-1.000000000000000000e+00
1.000000000000000000e+00
-1.000000000000000000e+00
-1.000000000000000000e+00
1.000000000000000000e+00
-1.000000000000000000e+00
-1.000000000000000000e+00
-5.298687355804537757e-01
7.946633276365238086e-01
1.000000000000000000e+00
1.000000000000000000e+00
-1.000000000000000000e+00
1.000000000000000000e+00
-1.000000000000000000e+00
1.243555712846067252e-02
-1.000000000000000000e+00
5.675517952193240845e-01
-4.678557728082167744e-01
1.000000000000000000e+00
3.593533814661295511e-02
1.000000000000000000e+00
-9.652636649925754320e-01
4.386565804378264044e-01
-2.228628438643504572e-01
-2.169116887252285908e-01
-1.000000000000000000e+00
-6.447002865872808464e-02
-1.000000000000000000e+00
1.000000000000000000e+00
-7.756730144647555614e-02
1.000000000000000000e+00
1.000000000000000000e+00
-1.000000000000000000e+00
1.000000000000000000e+00
1.000000000000000000e+00
-1.000000000000000000e+00
7.488123283689639420e-01
4.537593513101099152e-01
1.000000000000000000e+00
1.000000000000000000e+00
-1.000000000000000000e+00
1.000000000000000000e+00
1.000000000000000000e+00
1.000000000000000000e+00
-7.830372423606066778e-01
1.000000000000000000e+00
-1.000000000000000000e+00
1.000000000000000000e+00
1.000000000000000000e+00
9.413068352216008572e-01
6.597150598407809374e-01
-4.975304091823530284e-01
1.000000000000000000e+00
9.199432319894516041e-01
1.000000000000000000e+00
1.000000000000000000e+00
7.018417286504529118e-01
1.000000000000000000e+00
9.635848210780674217e-01
-1.000000000000000000e+00
-1.000000000000000000e+00
-8.961164332858463366e-01
-1.000000000000000000e+00
-2.244902358708081858e-01
1.000000000000000000e+00
-8.780896369669429768e-01
-1.000000000000000000e+00
-1.000000000000000000e+00
-5.853925991491752967e-01
-1.000000000000000000e+00
-1.000000000000000000e+00
3.655457229342280456e-01
6.379213088951687372e-01
-1.000000000000000000e+00
-1.000000000000000000e+00
-1.000000000000000000e+00
-1.000000000000000000e+00
-3.810688385780115484e-01
1.000000000000000000e+00
1.741751387604866252e-01
2.636111241283389806e-01
1.000000000000000000e+00
-4.749394876375573893e-01
1.000000000000000000e+00
-4.702560866045588095e-01
1.000000000000000000e+00
-1.000000000000000000e+00
8.064928389899207462e-01
1.000000000000000000e+00
-1.000000000000000000e+00
8.081336249679310635e-01
-6.706978201869205902e-01
4.023604189403611753e-01
-9.872754948149269349e-01
1.000000000000000000e+00
-1.000000000000000000e+00
5.683307341428122106e-01
4.730112276354876966e-01
1.000000000000000000e+00
-1.000000000000000000e+00
5.070349034337064964e-01
-9.624552519425417785e-01
-1.000000000000000000e+00
8.143151679454153635e-01
2.824586293102504531e-01
1.000000000000000000e+00
-2.214758879836546956e-01
-4.716813289142521848e-01
-1.462427911184960294e-02
-1.000000000000000000e+00
-1.000000000000000000e+00
1.000000000000000000e+00
1.000000000000000000e+00
-1.000000000000000000e+00
-9.444693169213271844e-01
1.000000000000000000e+00
1.653210819399573150e-01
-3.750299543409951197e-01
-1.000000000000000000e+00
-1.000000000000000000e+00
-1.000000000000000000e+00
1.000000000000000000e+00
-1.000000000000000000e+00
3.558183045631128083e-01
-5.923964328598780860e-01
-8.382261599570092203e-01
-1.000000000000000000e+00
-9.430975494616689048e-02
-1.000000000000000000e+00
1.000000000000000000e+00
7.959463124520702038e-02
1.000000000000000000e+00
-6.442764030327744473e-01
3.198655204816113207e-01
-4.904155843944968951e-01
8.256112252059366607e-01
1.000000000000000000e+00
7.036302190822254499e-01
-8.796856669814955287e-01
1.000000000000000000e+00
3.149309872280801059e-01
1.000000000000000000e+00
2.850096203511438553e-01
5.556979051930004410e-01
-1.000000000000000000e+00
-7.142193500500684245e-01
-1.202731745795443397e-02
1.000000000000000000e+00
-1.000000000000000000e+00
7.105803095951227499e-01
-1.000000000000000000e+00
-3.252519693357807107e-01
-1.000000000000000000e+00
-1.000000000000000000e+00
1.000000000000000000e+00
-8.683891188047845322e-01
-1.000000000000000000e+00
-8.209289767145233618e-02
-3.317167230728360616e-01
-1.659477587232373597e-01
4.466493318450757144e-01
1.000000000000000000e+00
1.000000000000000000e+00
-7.915722678882530783e-02
-1.000000000000000000e+00
1.000000000000000000e+00
-1.099014837318705307e-01
1.000000000000000000e+00
-1.000000000000000000e+00
-1.000000000000000000e+00
-1.000000000000000000e+00
-6.302180632907179447e-01
1.000000000000000000e+00
-1.000000000000000000e+00
-1.000000000000000000e+00
1.000000000000000000e+00
-1.000000000000000000e+00
1.000000000000000000e+00
-3.053498703824374383e-01
-1.000000000000000000e+00
1.000000000000000000e+00
-1.000000000000000000e+00
-1.000000000000000000e+00
-1.000000000000000000e+00
1.000000000000000000e+00
1.000000000000000000e+00
1.000000000000000000e+00
-1.000000000000000000e+00
-7.665129658610183583e-01
1.000000000000000000e+00
-1.000000000000000000e+00
1.000000000000000000e+00
7.202287663378545979e-01
-5.916418335839803699e-01
1.000000000000000000e+00
2.339526994952336736e-01
-5.434567140717785350e-01
1.000000000000000000e+00
1.000000000000000000e+00
-3.467693593439369337e-01
2.641922740630181510e-01
-1.000000000000000000e+00
1.000000000000000000e+00
-1.000000000000000000e+00
4.807620148543954031e-01
-1.000000000000000000e+00
-1.000000000000000000e+00
-8.731033092908095927e-01
-1.000000000000000000e+00
-5.927723281167818214e-02
4.394942898114962970e-01
1.000000000000000000e+00
-1.000000000000000000e+00
