1.000000000000000000e+00
1.000000000000000000e+00
-1.000000000000000000e+00
1.000000000000000000e+00
-1.000000000000000000e+00
1.420697962851479867e-01
-1.000000000000000000e+00
1.000000000000000000e+00
1.041815312068848504e-01
-1.000000000000000000e+00
-1.000000000000000000e+00
9.249413291937460535e-01
1.000000000000000000e+00
1.000000000000000000e+00
-1.000000000000000000e+00
6.856966267579256424e-01
-4.719000373996783404e-01
-1.000000000000000000e+00
1.000000000000000000e+00
1.000000000000000000e+00
-1.000000000000000000e+00
-1.000000000000000000e+00
-1.000000000000000000e+00
3.938675722840115911e-01
1.000000000000000000e+00
3.923856992975391367e-01
7.043342296121812840e-01
-5.057408179844427032e-01
1.000000000000000000e+00
1.000000000000000000e+00
1.000000000000000000e+00
1.000000000000000000e+00
1.000000000000000000e+00
-1.000000000000000000e+00
-1.000000000000000000e+00
1.000000000000000000e+00
-1.000000000000000000e+00
-1.000000000000000000e+00
3.163856582260473616e-01
-1.000000000000000000e+00
-1.000000000000000000e+00
1.000000000000000000e+00
-8.166724539402125949e-01
-3.552210612008076529e-01
-1.000000000000000000e+00
3.519491600606293180e-01
-3.768936997455338833e-01
1.000000000000000000e+00
1.000000000000000000e+00
1.000000000000000000e+00
-1.000000000000000000e+00
1.000000000000000000e+00
-1.307733370489199132e-01
-1.000000000000000000e+00
1.000000000000000000e+00
9.427057480372493803e-01
1.000000000000000000e+00
-1.000000000000000000e+00
1.000000000000000000e+00
4.878817747948036576e-01
8.600364880627977548e-01
-1.000000000000000000e+00
2.005490237399732978e-01
-4.868610531654347096e-01
4.203579303429827441e-01
1.000000000000000000e+00
1.000000000000000000e+00
-1.000000000000000000e+00
-1.000000000000000000e+00
-1.000000000000000000e+00
-1.000000000000000000e+00
-1.000000000000000000e+00
-1.000000000000000000e+00
-1.000000000000000000e+00
1.000000000000000000e+00
6.001165867141304844e-01
1.245470142818145831e-01
1.000000000000000000e+00
1.000000000000000000e+00
7.109354568646044648e-01
1.000000000000000000e+00
-1.849082406090244435e-01
-1.000000000000000000e+00
3.661442504797467468e-01
-4.336645345899843296e-01
1.000000000000000000e+00
-4.337226584037893184e-01
-1.385459560889053532e-01
-1.000000000000000000e+00
-5.402827232548099712e-01
-1.000000000000000000e+00
1.000000000000000000e+00
-1.000000000000000000e+00
-5.985561223071699244e-01
1.000000000000000000e+00
1.000000000000000000e+00
1.000000000000000000e+00
-4.235917446878022519e-01
9.423793900913951527e-01
-1.000000000000000000e+00
1.000000000000000000e+00
-1.000000000000000000e+00
1.000000000000000000e+00
2.333132917546181240e-01
-7.304340014717543017e-01
4.467021581201017222e-01
1.000000000000000000e+00
8.324395845417229545e-01
-3.732146020753070448e-01
-1.000000000000000000e+00
1.000000000000000000e+00
-1.000000000000000000e+00
-1.000000000000000000e+00
-3.668436248403953437e-01
3.955621664514161751e-01
7.784297686927794668e-01
-1.000000000000000000e+00
1.000000000000000000e+00
1.000000000000000000e+00
4.836681403708312788e-01
1.000000000000000000e+00
-1.000000000000000000e+00
-1.000000000000000000e+00
1.000000000000000000e+00
1.000000000000000000e+00
-1.000000000000000000e+00
1.000000000000000000e+00
1.000000000000000000e+00
1.000000000000000000e+00
-1.000000000000000000e+00
-4.166509033887948465e-01
-1.000000000000000000e+00
-8.878920808073521576e-01
-7.797866037245203552e-01
-1.000000000000000000e+00
1.000000000000000000e+00
-1.000000000000000000e+00
-4.722499489072784495e-02
-1.000000000000000000e+00
5.529562844504423147e-01
1.000000000000000000e+00
4.109350149701618271e-01
-7.519339014747032923e-01
-1.000000000000000000e+00
6.061011349536148396e-01
-1.000000000000000000e+00
-1.000000000000000000e+00
-8.362227337168041119e-01
-1.000000000000000000e+00
-1.000000000000000000e+00
-5.260058664820613794e-01
-1.000000000000000000e+00
-1.000000000000000000e+00
-1.000000000000000000e+00
7.805639820319987265e-01
1.000000000000000000e+00
1.000000000000000000e+00
-8.377517108988443706e-01
1.000000000000000000e+00
-1.000000000000000000e+00
-7.547981629551843152e-01
-1.000000000000000000e+00
-5.508872422086682485e-01
1.483065481717220080e-01
-2.874522679939287562e-01
1.401134643458872009e-01
1.000000000000000000e+00
-1.000000000000000000e+00
-1.000000000000000000e+00
-1.758448577228982623e-01
-5.900528892607337372e-01
1.000000000000000000e+00
1.000000000000000000e+00
1.000000000000000000e+00
2.562491944972968838e-01
6.736471584514180933e-01
5.616404299354913476e-01
-6.815869979798157008e-01
-1.000000000000000000e+00
-1.000000000000000000e+00
-1.000000000000000000e+00
-1.000000000000000000e+00
-1.000000000000000000e+00
7.170166757085445486e-01
8.937733691552740556e-01
1.000000000000000000e+00
9.884825990247899652e-01
1.942351680657312674e-01
-1.000000000000000000e+00
1.000000000000000000e+00
3.105987557342450578e-01
1.935802904516793488e-01
-1.375555175371672156e-01
3.598594790851826764e-01
9.456167522195307873e-01
-8.962293643264782617e-01
-2.368817560415573120e-01
-2.335376942641087805e-01
-1.000000000000000000e+00
-1.000000000000000000e+00
1.554129446448915264e-01
3.197863496398634098e-01
1.000000000000000000e+00
-1.000000000000000000e+00
-1.000000000000000000e+00
1.604129919633981716e-01
3.742135628603518449e-01
1.000000000000000000e+00
6.544013195345346201e-01
1.000000000000000000e+00
-6.382358294611012450e-01
1.000000000000000000e+00
1.000000000000000000e+00
9.427135381806660552e-01
1.000000000000000000e+00
-1.000000000000000000e+00
-1.000000000000000000e+00
5.565735765875007290e-02
-9.454830557742448516e-01
-1.457908436872529245e-01
-1.000000000000000000e+00
9.224676629994851274e-01
8.298544575457869055e-01
9.699800907399318550e-01
-1.000000000000000000e+00
-2.211276619146007594e-01
-1.221195176723863796e-01
-6.878193512956073397e-01
-1.000000000000000000e+00
-1.000000000000000000e+00
-4.288675981225056333e-01
-3.886709741952769637e-01
-6.793723457106179975e-01
-1.000000000000000000e+00
-1.000000000000000000e+00
-3.755501599903280363e-01
-1.000000000000000000e+00
1.000000000000000000e+00
-8.820939787286146139e-01
-1.000000000000000000e+00
3.188168078672704020e-01
-1.000000000000000000e+00
1.000000000000000000e+00
4.167915174338687190e-01
8.342127044537565039e-01
1.000000000000000000e+00
-7.648048324316265578e-01
-1.271869359323526405e-01
1.000000000000000000e+00
-7.384068977800586353e-01
4.698888142297008574e-02
1.000000000000000000e+00
1.000000000000000000e+00
1.000000000000000000e+00
-1.000000000000000000e+00
-7.863847409342805683e-01
9.996660340206338091e-01
1.000000000000000000e+00
-2.591697283169835941e-02
-8.083130489177354772e-01
-1.000000000000000000e+00
-1.000000000000000000e+00
-1.000000000000000000e+00
1.000000000000000000e+00
3.463752117611260672e-01
