-9.935587174027058488e-01
-7.928411882233454833e-02
8.660911854325181736e-01
-9.350973354172582575e-01
7.507960337550525498e-01
-2.659435670218570635e-01
2.798464935999540604e-01
-8.621295298909803506e-01
-3.427471899488856444e-01
9.275757637337755934e-01
-6.550250309944860572e-01
3.303324971004204524e-01
-3.811249328294241678e-02
1.520627986357636630e-01
-3.290338735419973126e-01
4.680842068864892180e-01
2.102132590920466892e-01
2.263387507087819550e-01
-8.759648827035522167e-01
-9.684712126551233702e-01
3.213126999385060856e-01
-7.531560173756877141e-01
-6.198885044232085306e-01
1.794104884486695806e-01
-4.476558037009583657e-01
7.511227473370187813e-01
-9.954229501876183939e-01
-8.173413704340839470e-01
2.636832231234196300e-01
2.624711028748727415e-03
-8.048115614738864387e-01
3.150754008744458545e-01
-3.084145804063618268e-01
-4.507073241649157680e-01
5.951779716566396594e-02
6.821707917193085002e-01
2.656642499149162173e-01
-4.445379405201523859e-01
7.086981881260154825e-01
5.995072856411809425e-02
-7.069980131792443778e-01
-1.787814942782248728e-01
-5.270573361979342675e-01
-5.611309279140213047e-01
3.945009363625386900e-01
7.818423406444867663e-01
9.820525669757182996e-01
5.179868875034487896e-01
-6.840315093881841335e-01
-9.405925031756190435e-01
9.059086701495120408e-01
9.089822869608557010e-01
3.542272726640633973e-01
-2.411264909750059360e-01
5.447946818840265770e-01
9.851460185451739182e-01
-2.216905242717741586e-01
8.500104735737472605e-01
-4.324386662077457366e-01
5.896131943646834017e-01
-3.472855858789312133e-01
-2.461174146935645179e-01
-4.010886424452331234e-01
5.670331026926485052e-01
4.870094961408568679e-01
-4.203620775325969117e-01
-7.848463802930327748e-01
-9.944933069730581554e-01
6.816518086028331425e-01
-3.542793255082110626e-02
-4.514515991387069160e-01
-7.801972741496603359e-01
1.953249782355732656e-01
-3.670409833253862608e-01
6.381444061603074314e-01
8.141453727491929637e-01
5.772597009622186803e-01
-4.066500147119147535e-01
4.341034540384887119e-01
-6.696326081784225170e-01
1.297608812685022706e-01
-6.798519891169716445e-01
-1.752290475032101114e-01
-3.458385017027310049e-01
9.707061088588626596e-01
5.787766070187445600e-01
1.787918066126947814e-01
6.344853575586639760e-01
4.169239073126362882e-01
7.459190800786341669e-02
-8.311654423355108179e-01
-9.406460071087612285e-01
-2.370512194386720228e-01
2.494070992244858953e-01
-4.196221788751031134e-02
-1.846559199941022467e-01
-8.166233831816485100e-01
-6.117903779826485700e-01
-1.146690526909026620e-01
6.066391818176239958e-01
-6.035732498231478615e-01
2.824587976898247366e-01
-7.936895258173053413e-01
1.723023580523008746e-02
4.608788450128862291e-01
-5.668261219803538697e-01
4.073027134243725200e-01
-1.079118374613630138e-01
-4.134735788924110977e-01
8.910981189823705684e-01
-3.261398554555174911e-01
-1.259458983057928361e-01
-8.858131157772652919e-02
-1.152844479361820884e-01
-8.031270935494514429e-01
8.015420797775125727e-01
5.818659179319320973e-01
2.759958765464063379e-01
2.049045043763511043e-01
3.832643239184629902e-01
-1.404802992825660013e-01
-1.837910366529194039e-01
-8.603939665625224276e-01
-6.208686245567631712e-01
1.921161563571760489e-01
-3.536420436210208074e-02
7.058621815029568758e-01
-3.973338544133688810e-01
-7.371534260115595316e-01
5.848745760845730501e-02
1.045978142523202870e-01
-6.841052439786394768e-01
5.198746354245042944e-02
7.932510312246789930e-01
-4.112529523768624351e-01
-4.572596394335211034e-01
3.113490176766895434e-01
-5.880052663710451100e-01
-2.916115881680823030e-01
-6.344127511662900343e-01
-3.665062213102123767e-01
4.349360619198110456e-01
-2.990113576854835920e-02
7.542972623676802435e-02
-6.678566103268939180e-01
-3.788866120754053046e-01
2.763887596978564787e-01
6.800511041095245179e-01
3.190530905095356751e-01
-6.450909478885356041e-01
2.377860009043288869e-01
6.101374206196432670e-01
-2.332586028265852818e-01
-7.741464950521439459e-01
-2.236738010483507733e-01
2.073445237574467193e-02
-9.445030204970588095e-01
-7.743654224643652384e-01
9.810126060210975218e-01
-7.766830089414173965e-01
-1.675356561384322429e-01
2.875121884017710627e-01
2.107309254610545413e-01
-4.908396440521536341e-01
-7.188715191697148121e-01
5.204719495933387563e-01
-2.523568767381245692e-01
7.415403257463415443e-01
-6.066842982970499509e-01
9.187327038422865577e-02
-7.438916615162403101e-01
-6.590590346409741507e-02
-9.118030817834452684e-01
6.103982232967102295e-01
-5.564595678152290947e-01
5.469301815414502332e-01
8.257226358672089539e-01
1.978086646374925817e-01
6.585767074455157744e-01
-8.904196366787298089e-02
-6.330063938489414177e-01
-4.165911929420023085e-01
-9.870762806805644107e-01
7.006196978487710947e-01
8.684622876023970761e-01
6.833133528357153708e-01
5.290922286272619068e-01
-9.684685149348395417e-01
5.775622617934967895e-01
-1.928807552174205409e-01
-4.065119241386192517e-01
7.759285491071361562e-01
-1.201020154984993038e-01
6.732629161826397812e-01
8.456574383848001197e-01
5.658762425940506713e-01
5.854736886262101869e-02
8.532364295232421902e-01
-9.967596998725742896e-01
8.931602707157892951e-01
-7.275544252711640958e-02
9.781937924166903553e-01
-5.978881366722252899e-01
-4.150342948547760535e-01
9.028612026650624234e-01
7.755508372993731303e-01
-9.044531387077279216e-01
-9.500005464445075987e-01
-4.683350084281867609e-01
6.266066489677057927e-01
-7.751541511403823304e-01
9.550448951438843537e-01
-5.591714950506747606e-01
-2.335601628831942556e-01
-7.408891781824586964e-01
-2.231279640984262791e-01
8.034626644024323028e-01
9.006865487947821602e-01
-1.374472410054543570e-01
-4.851552131059659878e-01
-4.611807484271486235e-01
-9.138608077482410774e-01
-4.535466651228206025e-01
-4.645326835089043094e-01
9.354909244711029359e-01
-5.825814287033490579e-01
-5.096003410518523680e-03
-4.850989983461859723e-01
-6.179770218242714996e-01
9.261803658616141188e-01
-8.742958720328792843e-01
6.124559874096100476e-01
2.215639300410949808e-01
3.124096049553177767e-01
4.173492938602250124e-01
-9.588289354536514431e-01
-2.249033168035490249e-01
-1.021708035809665294e-01
9.958040399407130927e-01
4.761105022842373469e-01
-1.171719458691713456e-01
2.077755198881583443e-01
6.207752712268361783e-01
4.125519400761816780e-01
5.353410711831805280e-01
-9.872188048522185788e-01
-7.959714537279152236e-01
-7.328809741622768215e-01
-5.872313822759842594e-01
-2.801655314154216647e-02
-5.724113093749900738e-01
-5.505691226931419546e-01
-8.383063226846634297e-01
2.592116002821189813e-01
2.837561963886197081e-01
9.544439499863270893e-01
-7.621474679521633711e-01
9.760789341460651691e-01
-8.932222403278651246e-01
6.777014111097656723e-03
1.149178208712138272e-01
-9.225021775860002826e-01
6.906177357899900837e-01
1.049682331734391738e-01
9.542350656478877369e-01
