-1.000000000000000000e+00
1.000000000000000000e+00
6.400692941043303330e-01
-1.000000000000000000e+00
-1.000000000000000000e+00
-1.000000000000000000e+00
9.675969449968702119e-01
9.036362760136062988e-02
-1.000000000000000000e+00
1.000000000000000000e+00
1.000000000000000000e+00
-1.000000000000000000e+00
-1.000000000000000000e+00
-5.355408247722994730e-01
-2.940710309657867949e-02
3.009371411534751406e-01
-1.000000000000000000e+00
-1.749215671113444337e-01
9.587454977594631611e-01
-9.811401015509393364e-01
1.000000000000000000e+00
-1.000000000000000000e+00
-1.000000000000000000e+00
-1.000000000000000000e+00
1.000000000000000000e+00
1.000000000000000000e+00
-1.000000000000000000e+00
1.000000000000000000e+00
-1.000000000000000000e+00
-1.000000000000000000e+00
-1.000000000000000000e+00
1.000000000000000000e+00
-2.383086567026617697e-01
1.000000000000000000e+00
1.000000000000000000e+00
-1.000000000000000000e+00
1.000000000000000000e+00
3.726967134983556473e-01
-1.000000000000000000e+00
-1.000000000000000000e+00
1.000000000000000000e+00
-1.000000000000000000e+00
-1.000000000000000000e+00
-1.000000000000000000e+00
-6.921743760458326511e-01
-6.961880233881261315e-01
-1.000000000000000000e+00
1.000000000000000000e+00
1.000000000000000000e+00
-2.369371162215226922e-01
1.000000000000000000e+00
1.000000000000000000e+00
1.000000000000000000e+00
-1.000000000000000000e+00
-1.000000000000000000e+00
-1.000000000000000000e+00
1.000000000000000000e+00
-9.705509939757941407e-01
-1.000000000000000000e+00
-7.191376628314514186e-01
3.501034819026031530e-01
-1.000000000000000000e+00
-1.384893623896943371e-01
1.000000000000000000e+00
9.638512319036742770e-01
-1.000000000000000000e+00
-1.000000000000000000e+00
-1.000000000000000000e+00
7.386740812292518221e-01
1.000000000000000000e+00
1.000000000000000000e+00
1.000000000000000000e+00
-1.331204760976081314e-01
1.000000000000000000e+00
-1.000000000000000000e+00
-1.000000000000000000e+00
1.000000000000000000e+00
3.825514469966271314e-01
2.895037819116601518e-01
1.000000000000000000e+00
-1.000000000000000000e+00
5.662600534493755777e-01
-6.640423488754740866e-01
-1.000000000000000000e+00
1.000000000000000000e+00
1.000000000000000000e+00
1.000000000000000000e+00
9.655943871918345467e-01
-1.000000000000000000e+00
1.000000000000000000e+00
-1.000000000000000000e+00
-1.000000000000000000e+00
1.000000000000000000e+00
-1.000000000000000000e+00
-1.000000000000000000e+00
1.000000000000000000e+00
-1.000000000000000000e+00
-8.483948247044990065e-01
1.000000000000000000e+00
-1.000000000000000000e+00
-1.000000000000000000e+00
1.000000000000000000e+00
-1.000000000000000000e+00
-1.000000000000000000e+00
-1.000000000000000000e+00
7.187468548991515771e-01
1.000000000000000000e+00
-5.068011718726888049e-01
1.000000000000000000e+00
-1.000000000000000000e+00
1.000000000000000000e+00
-1.000000000000000000e+00
7.429886040271421743e-02
-7.309921634982663452e-02
-1.000000000000000000e+00
-1.362327602608446320e-01
1.000000000000000000e+00
-1.000000000000000000e+00
-1.000000000000000000e+00
1.000000000000000000e+00
-1.000000000000000000e+00
2.716392680618493483e-01
1.000000000000000000e+00
-1.000000000000000000e+00
9.733574754565920140e-01
-1.000000000000000000e+00
1.000000000000000000e+00
-1.000000000000000000e+00
-1.000000000000000000e+00
-1.000000000000000000e+00
6.524278553733582342e-01
-1.000000000000000000e+00
-4.283709227808564779e-01
-1.000000000000000000e+00
1.000000000000000000e+00
-1.000000000000000000e+00
-1.000000000000000000e+00
1.000000000000000000e+00
1.000000000000000000e+00
-1.129678085372242818e-01
-1.000000000000000000e+00
1.000000000000000000e+00
-1.000000000000000000e+00
-1.000000000000000000e+00
-1.000000000000000000e+00
-1.000000000000000000e+00
4.919618289757325957e-01
-3.471817448614636370e-01
1.000000000000000000e+00
-1.000000000000000000e+00
-1.000000000000000000e+00
-1.000000000000000000e+00
1.000000000000000000e+00
-1.000000000000000000e+00
3.782440491956624573e-01
1.000000000000000000e+00
-1.000000000000000000e+00
1.000000000000000000e+00
1.000000000000000000e+00
1.000000000000000000e+00
1.000000000000000000e+00
1.000000000000000000e+00
1.023619106448066668e-01
1.000000000000000000e+00
-1.000000000000000000e+00
1.842361325230743030e-01
-1.000000000000000000e+00
1.000000000000000000e+00
1.000000000000000000e+00
4.296748432331574108e-01
1.000000000000000000e+00
1.000000000000000000e+00
1.000000000000000000e+00
-1.000000000000000000e+00
-5.056246735014016114e-01
-1.000000000000000000e+00
-1.000000000000000000e+00
1.000000000000000000e+00
-1.000000000000000000e+00
1.000000000000000000e+00
3.410270001933420891e-01
1.000000000000000000e+00
4.020604605786076702e-02
-5.341543284382228585e-01
-7.958488248957698574e-02
1.000000000000000000e+00
3.546631019229541382e-01
1.000000000000000000e+00
-1.000000000000000000e+00
-1.000000000000000000e+00
-1.000000000000000000e+00
1.000000000000000000e+00
1.000000000000000000e+00
1.000000000000000000e+00
1.000000000000000000e+00
-1.000000000000000000e+00
1.000000000000000000e+00
1.000000000000000000e+00
1.000000000000000000e+00
-1.000000000000000000e+00
1.645544794085053164e-01
-3.926553280243982869e-01
1.000000000000000000e+00
8.797948602636342930e-01
1.000000000000000000e+00
-1.000000000000000000e+00
1.000000000000000000e+00
4.973564965513481706e-01
-1.000000000000000000e+00
-1.000000000000000000e+00
1.000000000000000000e+00
1.000000000000000000e+00
8.566191940370420088e-01
1.000000000000000000e+00
9.388004053163632179e-01
7.657640130516236709e-01
-1.000000000000000000e+00
-1.000000000000000000e+00
-1.000000000000000000e+00
-1.000000000000000000e+00
-1.000000000000000000e+00
1.000000000000000000e+00
1.000000000000000000e+00
-1.000000000000000000e+00
-1.000000000000000000e+00
1.000000000000000000e+00
-1.869163031539634590e-01
-1.000000000000000000e+00
1.000000000000000000e+00
-1.000000000000000000e+00
-3.960431063917999595e-01
-1.000000000000000000e+00
1.000000000000000000e+00
-1.665438174220100209e-01
1.000000000000000000e+00
9.162506109474091165e-01
-1.000000000000000000e+00
4.963968670028159891e-01
1.000000000000000000e+00
1.000000000000000000e+00
1.000000000000000000e+00
-1.000000000000000000e+00
1.000000000000000000e+00
1.000000000000000000e+00
-1.000000000000000000e+00
-3.414862039758957968e-01
1.000000000000000000e+00
-3.746991834198735161e-01
1.000000000000000000e+00
1.000000000000000000e+00
-1.000000000000000000e+00
-1.000000000000000000e+00
1.000000000000000000e+00
-1.000000000000000000e+00
-9.904556226551550768e-01
-7.044122770528224997e-01
-4.375658981344702769e-01
-3.149056501387403895e-01
1.000000000000000000e+00
-1.000000000000000000e+00
-6.520128136624049331e-01
-6.748295187977484400e-01
7.900253433091930511e-01
-1.000000000000000000e+00
-1.000000000000000000e+00
