1.196931456961200096e-01
1.000000000000000000e+00
9.250663028860129922e-01
-8.135382146264902303e-02
3.237290185270655929e-01
-2.631763514770620871e-01
1.000000000000000000e+00
-1.522788562830863501e-01
7.536000201172761148e-01
-1.000000000000000000e+00
-1.000000000000000000e+00
4.364149035049952330e-01
1.000000000000000000e+00
-1.000000000000000000e+00
1.000000000000000000e+00
-1.000000000000000000e+00
9.502576761410153061e-02
-5.002011888654624983e-01
-8.027684021464138731e-01
1.000000000000000000e+00
1.000000000000000000e+00
5.654750344455097277e-01
1.000000000000000000e+00
1.000000000000000000e+00
9.048965356276270633e-01
-4.868898852612598693e-01
-1.000000000000000000e+00
9.556438530136828202e-01
-3.980795202943567812e-01
1.000000000000000000e+00
3.816271451061041819e-01
-9.188508935368577824e-02
-6.532997049025723868e-02
4.440196279167760718e-01
1.000000000000000000e+00
7.485873267583719182e-01
1.000000000000000000e+00
2.622764949552414127e-01
9.499827046977543654e-01
2.889296875585968261e-01
-1.000000000000000000e+00
-1.191456536586221748e-01
-3.325734252834496307e-01
-1.323714999171479167e-01
5.961787630115893410e-01
2.417307532611813747e-01
8.404654833464848540e-01
1.000000000000000000e+00
1.000000000000000000e+00
-1.000000000000000000e+00
4.047487020053452955e-01
1.000000000000000000e+00
1.000000000000000000e+00
3.593529548083251868e-02
-8.311671772982935913e-01
7.006343512982149413e-01
-1.000000000000000000e+00
1.000000000000000000e+00
-1.000000000000000000e+00
1.000000000000000000e+00
-1.000000000000000000e+00
-1.000000000000000000e+00
7.465961314020287398e-01
-1.772849372358206166e-01
-1.000000000000000000e+00
8.048195722573678879e-01
-9.267352850081902460e-01
6.976996658165584009e-01
-6.716954751055287387e-01
-5.516970033755692615e-01
1.000000000000000000e+00
-7.263258024898304743e-01
-1.000000000000000000e+00
9.306639641964598031e-01
4.716995146250599902e-01
-7.825781254467087944e-01
-1.911690869357425271e-01
-5.366693182106053728e-01
-1.000000000000000000e+00
6.468887008227195423e-01
1.000000000000000000e+00
9.104356494994112481e-01
2.874391858099880626e-01
3.728827778337578946e-01
3.828343793529609407e-02
-6.576778909114663341e-01
-1.000000000000000000e+00
5.724350537106381864e-01
-2.442480508026088071e-01
-1.000000000000000000e+00
-4.606160383453674623e-01
-1.000000000000000000e+00
2.320006779431478261e-01
-3.583672917361611088e-01
-1.000000000000000000e+00
-6.843934629774126588e-01
2.141642078472696387e-01
-4.300798026988068568e-01
1.000000000000000000e+00
1.000000000000000000e+00
-1.000000000000000000e+00
-9.132424865085864152e-01
-1.000000000000000000e+00
2.061354023603361174e-01
-1.000000000000000000e+00
3.195015653735773231e-01
-1.000000000000000000e+00
-1.000000000000000000e+00
1.000000000000000000e+00
1.000000000000000000e+00
1.000000000000000000e+00
1.000000000000000000e+00
-1.000000000000000000e+00
4.121912670776246568e-01
1.000000000000000000e+00
-6.773511262698050928e-02
-1.000000000000000000e+00
-8.629168509508750029e-01
-6.936855197836933051e-01
1.000000000000000000e+00
-9.671145784776014054e-03
-7.938386978305069785e-01
-1.320873710048505179e-01
1.000000000000000000e+00
1.000000000000000000e+00
7.397910450275806404e-01
-1.000000000000000000e+00
1.311216171332467706e-01
4.374014846749640917e-01
-1.000000000000000000e+00
-2.964104958484645724e-01
-1.145939375847929154e-01
-8.723092561618441820e-01
5.805095405510085627e-02
-1.000000000000000000e+00
-1.000000000000000000e+00
-2.640391147333065458e-02
-1.000000000000000000e+00
-2.615981638913409402e-01
-1.000000000000000000e+00
1.644067007824688287e-01
-6.086965585206474127e-01
1.000000000000000000e+00
-3.914196840944317302e-02
-4.389317709943862944e-01
-9.664638477188558507e-01
-4.201141044710917649e-01
5.322230201318265408e-01
-1.000000000000000000e+00
1.000000000000000000e+00
8.415794993637326638e-01
-3.483774325438693253e-01
-1.000000000000000000e+00
-1.000000000000000000e+00
1.000000000000000000e+00
1.074282281707628489e-01
-8.693022861303001392e-02
1.000000000000000000e+00
1.000000000000000000e+00
3.578644062788861602e-01
1.000000000000000000e+00
1.000000000000000000e+00
5.030238099932482498e-02
-4.851454210262162725e-01
4.892742824646642008e-01
-3.439283460248634405e-01
-1.000000000000000000e+00
1.000000000000000000e+00
1.000000000000000000e+00
1.000000000000000000e+00
4.478353858976761304e-01
1.000000000000000000e+00
9.229720455722552064e-01
-7.452875796847961976e-01
8.172658350149222262e-01
1.000000000000000000e+00
-2.807826683462086859e-01
3.547809931090666336e-01
4.918964738557529692e-02
-8.777145672801316412e-01
5.902126657698656409e-01
-1.000000000000000000e+00
-8.154252604402202342e-01
1.000000000000000000e+00
-1.000000000000000000e+00
-3.160768380430084012e-01
-1.000000000000000000e+00
6.607374289984098148e-01
-1.000000000000000000e+00
-1.000000000000000000e+00
-1.000000000000000000e+00
-9.972129536536905592e-01
-3.171477302525818054e-01
1.000000000000000000e+00
-7.389606462841831203e-01
9.258837438857819846e-01
-4.838765245264824433e-01
1.000000000000000000e+00
-8.122290991647183045e-01
-9.219904695008007689e-02
-5.550118497390226224e-01
-2.388522591372153059e-01
-4.866535276089420936e-01
2.743829089547691336e-01
-9.991378777885407958e-01
1.997935782695572371e-01
8.108968638489638669e-01
1.000000000000000000e+00
-3.602245750258484813e-01
2.272872717810464627e-01
-1.000000000000000000e+00
-1.000000000000000000e+00
-1.000000000000000000e+00
1.000000000000000000e+00
1.000000000000000000e+00
7.223691862725017954e-01
-9.378410709372877463e-01
8.714191637505962484e-01
-1.000000000000000000e+00
1.000000000000000000e+00
7.110014218821990584e-01
-1.000000000000000000e+00
-5.285009646482914381e-01
2.112997902683628748e-01
3.251426354484006631e-01
-1.245896388808397925e-01
1.000000000000000000e+00
-1.000000000000000000e+00
8.211404826500623422e-03
-2.113475956779353737e-03
-1.000000000000000000e+00
-2.550982358889477553e-01
-5.022648377884366688e-01
-2.548335924164741861e-01
-9.952001446949593211e-01
-3.328908336468321405e-01
9.337021157891183254e-01
4.249188179120493292e-01
-2.183187102922239387e-01
-1.000000000000000000e+00
4.804707794759346395e-01
-5.499361752477847087e-01
-1.000000000000000000e+00
6.020202506207882331e-01
-1.060161643000470111e-01
6.758461160022455338e-02
-1.000000000000000000e+00
-8.301370851316842714e-01
-1.000000000000000000e+00
-9.143719769606879488e-01
-1.000000000000000000e+00
1.473421438546083095e-01
1.000000000000000000e+00
2.180544547056179061e-01
-1.000000000000000000e+00
4.617944418204414370e-03
-5.595885805026837856e-01
1.000000000000000000e+00
1.000000000000000000e+00
1.000000000000000000e+00
-9.076624350033462019e-01
-3.088076024273367359e-01
3.428650593740772967e-01
9.239225970237567864e-01
-6.407051610504277406e-01
