-1.000000000000000000e+00
2.016955318215016835e-01
7.573300016457087391e-01
1.000000000000000000e+00
4.654505016614548518e-01
1.693178300758704236e-01
1.000000000000000000e+00
1.000000000000000000e+00
2.594876768555278712e-01
3.444258517982079493e-02
-1.000000000000000000e+00
-9.774704441662386278e-01
6.775676891623938491e-01
-1.000000000000000000e+00
-1.493309607047993426e-01
-1.000000000000000000e+00
1.000000000000000000e+00
-3.853384966150419921e-01
-1.000000000000000000e+00
1.000000000000000000e+00
-2.935996429736952296e-01
-6.158062204230687620e-01
-1.000000000000000000e+00
-8.925086815557203845e-01
-1.000000000000000000e+00
-9.272792128475898510e-01
-4.974624993510713411e-01
-1.000000000000000000e+00
6.000173315558124942e-01
-1.000000000000000000e+00
1.000000000000000000e+00
-1.000000000000000000e+00
1.000000000000000000e+00
8.635382393150203839e-03
6.397341499219235672e-01
6.556308954437815029e-01
-1.522431694907868116e-01
1.000000000000000000e+00
2.005392799141816340e-01
-1.000000000000000000e+00
4.095565491735357888e-01
-1.000000000000000000e+00
-1.000000000000000000e+00
1.000000000000000000e+00
1.000000000000000000e+00
-1.000000000000000000e+00
1.000000000000000000e+00
4.529922881115565625e-01
-1.000000000000000000e+00
7.275016736267567730e-01
-5.125643765947832664e-01
-1.000000000000000000e+00
1.000000000000000000e+00
1.000000000000000000e+00
1.000000000000000000e+00
1.000000000000000000e+00
4.436133410196207993e-02
-1.000000000000000000e+00
1.000000000000000000e+00
-3.879823883043118093e-01
1.923080391474658035e-01
-1.000000000000000000e+00
4.486562131206704995e-01
-1.000000000000000000e+00
-1.000000000000000000e+00
-1.000000000000000000e+00
9.741690891507501782e-01
8.230953740924908946e-01
-3.801670585031173832e-01
-1.000000000000000000e+00
-6.619053446147504793e-02
1.000000000000000000e+00
-3.667654213393626295e-01
-1.000000000000000000e+00
-6.075129700848924674e-02
6.560390508233207019e-01
1.000000000000000000e+00
1.000000000000000000e+00
-1.000000000000000000e+00
-1.000000000000000000e+00
-1.000000000000000000e+00
9.774392099277060542e-01
1.000000000000000000e+00
-1.000000000000000000e+00
8.060958961807045409e-01
-1.000000000000000000e+00
-3.979091013746147709e-01
-1.000000000000000000e+00
1.000000000000000000e+00
9.291827646927103279e-01
7.390335167282855444e-01
-1.000000000000000000e+00
-3.971973565955722041e-02
1.108025608857651639e-01
2.793528346075452307e-01
8.602250838278630019e-01
-1.000000000000000000e+00
1.000000000000000000e+00
8.915673644523011143e-01
3.688512583235938336e-01
-1.000000000000000000e+00
4.745629699185838213e-02
-7.989598054260205195e-02
-1.000000000000000000e+00
4.056830537608879794e-01
8.702993878134541728e-01
-1.000000000000000000e+00
-1.000000000000000000e+00
1.000000000000000000e+00
1.000000000000000000e+00
-1.000000000000000000e+00
9.910779811761345481e-01
1.000000000000000000e+00
-1.000000000000000000e+00
-8.878143824840701859e-01
5.974918135789428764e-01
-1.000000000000000000e+00
5.270444721412658184e-01
3.742226074563916316e-01
-3.041831458214042661e-01
-1.643116867554291205e-01
1.000000000000000000e+00
-4.891654066137107737e-01
9.802629062401239102e-01
2.567935265546588131e-01
-8.281954576253822697e-01
-1.000000000000000000e+00
-1.000000000000000000e+00
1.395933783895656477e-01
1.000000000000000000e+00
3.877259816617985022e-01
1.000000000000000000e+00
1.290664369064509209e-02
2.207258163693337494e-02
1.000000000000000000e+00
-1.000000000000000000e+00
8.242259856576142907e-01
1.577470056980767310e-01
1.000000000000000000e+00
-1.245218482557117756e-01
-9.124003344869164867e-01
-1.000000000000000000e+00
5.397525178588029604e-01
-1.000000000000000000e+00
1.000000000000000000e+00
-5.036217541623169147e-01
-1.000000000000000000e+00
7.787300257934415271e-01
-1.000000000000000000e+00
-1.000000000000000000e+00
-1.000000000000000000e+00
-4.621660647963933277e-01
7.510142936431387639e-01
-1.000000000000000000e+00
6.153155920593682549e-01
-1.000000000000000000e+00
1.000000000000000000e+00
1.000000000000000000e+00
1.427587536012339675e-01
-1.000000000000000000e+00
-1.000000000000000000e+00
8.130196240225416870e-01
1.901301226763241203e-03
1.000000000000000000e+00
9.334371750439636184e-01
-1.000000000000000000e+00
6.982712375085071699e-01
1.000000000000000000e+00
1.000000000000000000e+00
-1.000000000000000000e+00
-6.299288120102987110e-01
6.776352508290414134e-01
6.944609898680729199e-01
1.000000000000000000e+00
-7.524332369545509991e-01
4.891447633404415463e-01
1.000000000000000000e+00
1.000000000000000000e+00
-1.000000000000000000e+00
-1.038425989001737770e-01
-7.378785059281031122e-01
1.000000000000000000e+00
-1.000000000000000000e+00
-1.000000000000000000e+00
-1.000000000000000000e+00
-1.000000000000000000e+00
-2.097181973159760460e-01
1.000000000000000000e+00
7.542351870276660097e-01
-8.438285074760510929e-01
4.353173588001002514e-02
-1.000000000000000000e+00
-3.693044347497742574e-02
-1.656675200201366271e-01
-1.000000000000000000e+00
1.000000000000000000e+00
1.675145714295016575e-01
9.571483766708616114e-02
-1.000000000000000000e+00
-1.000000000000000000e+00
1.000000000000000000e+00
6.954796104144391755e-01
-1.000000000000000000e+00
1.000000000000000000e+00
-5.500827365811084002e-01
3.722921957288766737e-01
7.508719955250852118e-01
1.000000000000000000e+00
-2.371621377718605150e-01
-3.566791787114179102e-01
-1.000000000000000000e+00
-1.000000000000000000e+00
-5.978623680573837834e-02
4.860260827981275344e-01
-5.881058260631677470e-03
-4.769560758764831432e-01
-1.000000000000000000e+00
1.000000000000000000e+00
-1.000000000000000000e+00
-2.967426398415026201e-01
-1.000000000000000000e+00
1.000000000000000000e+00
-1.000000000000000000e+00
9.732153993694957483e-01
1.000000000000000000e+00
-2.378468490098077925e-01
1.000000000000000000e+00
1.000000000000000000e+00
1.000000000000000000e+00
-6.027748882650576512e-01
-8.267688529982735179e-01
4.938949485373863579e-01
3.279293357425761002e-02
2.822084498417598009e-01
2.397678498809306946e-01
1.000000000000000000e+00
1.000000000000000000e+00
-7.138893148595107929e-01
-3.138467206210718841e-01
-4.494177564808810033e-02
1.000000000000000000e+00
-1.000000000000000000e+00
-1.000000000000000000e+00
-1.000000000000000000e+00
-1.000000000000000000e+00
-1.000000000000000000e+00
-1.000000000000000000e+00
1.000000000000000000e+00
-1.000000000000000000e+00
7.580117718093750678e-01
-7.271635059069563312e-01
-6.531068089379017394e-01
1.000000000000000000e+00
1.000000000000000000e+00
9.222530232348156165e-01
-7.528514143926573476e-02
3.485680015607414139e-01
-1.000000000000000000e+00
-5.388456353879100824e-02
1.000000000000000000e+00
1.000000000000000000e+00
-7.423722503339640344e-01
-1.000000000000000000e+00
5.191974648361225020e-01
1.000000000000000000e+00
