3.665295581418967164e+00
6.715981839026220479e-01
9.178786193309065311e-01
-1.000000000000000000e+00
-1.232016079308300593e+00
4.235465980632583616e+00
-1.173552944874545645e+00
-4.097023854806167265e+00
1.000000000000000000e+00
-7.617071868063765017e-01
5.014654798981109662e-01
1.000000000000000000e+00
-1.000000000000000000e+00
9.971216333509090868e-01
-4.268270644192732055e-01
-4.092511212759846195e-01
-2.322529244932464376e+00
-1.625988052753434498e+00
3.105501639861124596e-01
-5.853917506769027446e-01
-5.833840936417207246e-01
-1.144021492456382294e+00
2.799231162521770955e+00
-4.063729430310403234e-01
7.451368349136027192e-01
-1.147261944093462827e+00
-2.730138723613284579e+00
2.938106713744853327e+00
-1.000000000000000000e+00
1.000000000000000000e+00
-2.894320244783509022e+00
7.110465404704058301e-03
1.000000000000000000e+00
1.272607552147770327e-01
4.123560325804174198e+00
2.515730688258054570e+00
-3.440741373131674052e+00
5.869955321962205375e+00
1.021639831413101440e-01
1.000000000000000000e+00
2.122972866768635392e+00
7.208753043331341814e-01
1.459707407067207363e+00
1.525381038597906969e+00
-2.374755110980504291e+00
-1.236237048465462118e+00
-8.618823621047441152e-01
5.655895537179365107e-01
-6.668156974133950810e-01
8.532421223522442810e-01
-1.000000000000000000e+00
3.927222570867119344e-01
-4.462328626777762319e-01
8.801177710866561199e-01
-4.765227282783253138e-01
-7.844063002852978972e-01
4.274908007963043488e+00
-5.815687058155574185e-01
1.201639513189723951e-01
7.867373039109603283e+00
-5.775292647932834811e-01
1.080044776945839224e+00
-1.492101175391818080e+00
-1.759975759710980636e+00
1.137860031024697571e+00
1.000000000000000000e+00
-2.455523719290209517e+00
8.847551338401762333e-01
-1.838404317045181369e-01
1.848476144985442104e+00
-9.524182209023832613e-01
-7.121875353455039415e-01
8.486002188463127593e-01
-6.918929097584666232e-01
1.061347595961866230e-01
-1.630221049501174857e+00
-1.000000000000000000e+00
-1.382759312270051888e+00
1.286672122285295927e+00
-4.627532967558018129e+00
3.435015868454247556e+00
-5.512108644403003410e+00
-3.113220393486732185e+00
1.220366937521643047e+00
-8.501336498378857520e-01
-4.767128727230477425e-01
-2.349515674312581126e+00
-2.647265401036020815e+00
-3.333668746116731363e-01
-2.912297961691414194e+00
-2.115588860629060264e+00
4.480656540417532474e-01
1.336555511650552308e+00
-7.747327067772012965e-01
3.450177356302599918e+00
1.868011790505895497e+00
2.223060160266698837e+00
-1.040014956862230999e+00
-3.777446136329897231e-01
4.871571312581543522e-02
-9.590860002569907561e-01
4.930727287730045649e-01
-7.424503942807361145e-01
6.025674945405466332e+00
-6.191091814248162351e+00
-1.481651128839609477e-01
6.013134211249218986e+00
-8.738856639742280663e+00
-1.000000000000000000e+00
-1.408706699638502036e+00
1.000000000000000000e+00
4.070248616759719607e-02
1.000000000000000000e+00
6.658349243004804685e-02
5.388335403657418254e-02
1.566842011188407824e+00
-7.090103718014625578e+00
4.921555954280544931e+00
6.484278011133525865e+00
1.863550546431839372e+00
2.005611492709226784e+00
3.470845934542327704e+00
-1.540972210530517916e-01
2.132491917924264069e-01
-8.745054522586186430e-01
-7.848016413246036826e+00
3.971639213397958557e+00
-2.086041022132099521e+00
-8.418332880030483523e-01
2.318767953664970793e+00
5.095213312396733585e-01
-4.389512813219956122e+00
3.326883494150922438e+00
4.339637993644474001e+00
5.252878428403457978e-01
-2.592107057447696761e-01
1.000000000000000000e+00
2.170492164198662088e+00
-2.901865086535181604e+00
-5.555753167947847793e-01
-1.999155923824880166e-01
-1.000000000000000000e+00
1.367062209241951543e+00
-4.832594160365044189e+00
-4.257567646799448324e-01
8.872425634013292317e-01
1.527825854570128428e+00
-4.537128752550352306e-01
9.576890446565251569e-01
2.164082624754652073e+00
-6.193888844717897468e-01
-1.408199390847600041e+00
-1.000000000000000000e+00
-6.164802939472413534e+00
-1.204448867095704312e-01
-1.912081387690858780e-01
-9.842808350619667301e-01
-3.062224824588795080e-01
-2.508112009032273271e+00
1.170006297103606929e+00
-8.795729996159908914e-01
1.386388685957067324e+00
-1.000000000000000000e+00
-1.008411670972260143e-01
-2.013527713398280294e+00
1.676364415774398431e+00
-3.341456478055516044e+00
6.128694726026149286e-01
3.677705301710179064e+00
-1.000000000000000000e+00
3.390826646897007746e-01
-7.421094562511898474e-01
-2.001357621855806013e-01
1.966539376973280184e+00
-3.166526681303009211e-02
1.000000000000000000e+00
-5.549901653167782500e-01
7.879417242256814280e-01
-2.894071705704698960e+00
-9.187628950074056000e-02
1.000000000000000000e+00
4.989859018155116566e+00
-3.706865675224930268e+00
1.000000000000000000e+00
2.652253172236438417e-01
3.031829521801211236e+00
3.795212759771677824e+00
-1.000000000000000000e+00
-1.000000000000000000e+00
2.336121527534974263e+00
4.195758372122013746e-01
-1.450834412321691413e+00
4.307552006192955751e+00
-2.249477051101399283e+00
1.550279670377379126e-01
2.240495620201627514e+00
6.833710724241023549e+00
6.329491179814620283e-01
1.617152475641985721e+00
-9.969991793632286547e-02
2.065218670765166520e-01
9.123096373583867713e-01
4.423597463051582857e+00
-3.108544606313990322e+00
-1.537479247404299088e+00
-2.747872849510882176e+00
-1.650699201799584070e+00
2.596396713048503349e-02
6.054722447340449065e+00
-1.035648688730407496e+00
9.119323019579852030e+00
-2.391419765364363043e-02
-1.564486313116159266e+00
-1.492136339910326459e+00
9.838734955732001408e-01
3.085299985901587938e+00
1.323449726431299878e+00
7.407902110695511189e-01
1.000000000000000000e+00
1.000000000000000000e+00
-2.019809550965882217e+00
9.632644620242577504e-01
-1.000000000000000000e+00
-7.379615246655074623e-01
2.737118578765131094e+00
-8.249625215614603269e-01
-3.313593720916264029e+00
2.459857618015342862e+00
-1.466374618382909611e-01
7.530941034391134270e-01
4.356895822200652191e+00
3.144281518961430599e+00
5.953169856667909210e-01
-1.068919810347532806e+00
1.000000000000000000e+00
-1.823593202325382467e+00
3.878058711194775743e+00
2.271884644063843606e+00
2.921121703140204140e+00
1.700165287355045018e+00
9.059005150934166251e-01
-3.786775515076659104e-01
-1.068590456659429533e-01
9.307356166910880635e-01
-5.656969330269379093e-02
-8.399482252067830279e-01
-3.339158875777724411e+00
5.354554292802339299e-01
-1.719861579829981446e+00
2.005653533752798978e+00
-2.952269582968599870e+00
-1.000000000000000000e+00
2.957630090432636027e+00
7.298362220403438183e-01
4.813897390825442990e+00
-1.551245242481671949e-01
1.634311532725626348e-01
-6.201208984905529631e-01
-2.166230535386520550e+00
-1.230957991303117449e+00
-9.283551539964725041e-01
1.072252000208406830e+00
-3.642098962399293427e+00
1.000000000000000000e+00
4.184272683168952511e-01
