5.308708460115643124e-01
-5.275091232087647519e-02
-5.129113009960237779e-01
9.243623644454459498e-01
5.975118924447258006e-01
3.573210619280648981e-01
8.615390842209360578e-01
6.473734879036781020e-01
4.366091789627035702e-01
8.587133525049459593e-01
-2.742971539885528109e-01
8.543565184619672515e-02
2.587973060279411541e-01
6.293230394789646187e-01
-7.640697281617137016e-02
3.859790649089329673e-01
6.939500263402258451e-01
8.621693360739079992e-02
-1.036204446993913564e-01
-5.125515044527715336e-01
-7.026867321203809080e-01
5.438321857907382206e-01
2.718785043751483776e-01
-4.802080088700921845e-01
-2.061544730199003084e-01
-8.570692175487377718e-01
-1.700081348230519929e-01
5.834887126374008748e-01
8.085878718939030207e-01
6.130304627962834818e-01
2.332915349149766726e-02
3.411511938409186318e-01
-8.942024062876474666e-01
-4.168446635726219540e-02
-6.473062855060907061e-02
-8.114060874798079137e-01
-2.732559718410785266e-01
-4.923520039901674306e-01
5.076854094291038955e-02
-4.334064047253116669e-01
1.227812265509165002e-03
-9.327562305285972410e-01
-3.226531097577707285e-01
-4.261722372003631243e-01
-2.776936881554852299e-01
5.556378611180186056e-01
5.011685737931621532e-01
-4.057070596659535511e-01
5.525591388287436345e-01
7.236479663098704940e-01
6.615406331512660998e-01
5.471852704673823009e-01
8.487136388918024021e-01
-8.986123978047444449e-01
7.886543240695320645e-01
3.281733275539144845e-01
-3.531918378384530932e-01
-2.608922728251021894e-01
5.102732037048287594e-01
5.597655553750351398e-01
-5.332696153909790571e-01
1.883882553204607735e-01
7.240422957781793567e-01
-5.872356954192816669e-01
-3.261868552888043116e-01
-3.266950590638861840e-03
7.385613991258188626e-02
6.414105153583005148e-02
-5.168318685687618430e-01
-9.863584267529825755e-01
-8.724765622432253398e-01
8.004235804016810452e-01
5.091390137141904582e-01
-5.214410327001548495e-01
-1.942288291166103242e-01
-5.304349630362685808e-01
1.015289823146809933e-01
-4.032468537815205867e-01
-6.961558137344114883e-03
1.944321169804086313e-01
-5.568826068298309284e-01
2.976513120735857498e-02
8.278148672856127099e-01
5.367825320153847279e-01
-8.008544636953849327e-01
1.969346548469954605e-01
-9.199230944398575360e-01
7.496927854398991453e-01
-3.789447288318184004e-01
-4.256010408584689486e-01
1.435590028979740751e-01
2.843911989666907392e-01
-4.939171007401221836e-01
-6.088127157455991423e-02
4.716097627641762102e-01
-3.912404488371272748e-01
5.051308753162306875e-01
2.913895388368843431e-01
3.417845259523346613e-01
-5.174488122120168843e-01
-5.481985262975606066e-01
-7.664915999649017930e-01
9.726214858753041703e-01
6.316866891396362149e-01
8.731946571071318441e-01
-6.960557091238603888e-01
1.399557167243692390e-01
8.891230412184769616e-01
-3.072592887005518580e-01
-9.496804003340522105e-01
-6.614461533499178536e-01
7.061277403616867954e-01
8.616479863070203304e-01
4.710649777807036642e-01
8.117338599416068501e-01
7.214489248102609054e-01
-8.671371853075897640e-01
-8.076525445486677501e-01
-4.847061368927751968e-01
-7.144710500103355066e-01
2.078210898484542657e-01
-4.471496432767114726e-01
7.966280125771874054e-01
2.747668937372662601e-01
3.281099720458540148e-01
5.252605712030553597e-01
-9.673106688364130346e-01
9.639321639007307763e-01
-2.890958358282229579e-01
-4.540993583391030874e-01
-9.237729059613322136e-01
-4.334982403651108651e-01
-9.554377265573354983e-02
-6.530181949285991383e-01
3.622910969517894042e-01
7.262360846323006047e-01
-8.814923768479996369e-01
5.900354885298999541e-01
6.983934603493258120e-01
6.971853869928732461e-01
-1.655389480833857618e-01
-6.359736369250053034e-01
5.844151508536725714e-01
9.476124929587632639e-01
1.478575364326062402e-01
-7.733442147395832578e-01
-6.037730061457313724e-02
1.835436615164987018e-02
4.078147624638819302e-01
-3.624755834547621625e-02
-1.935458866027692792e-01
5.871023677170597033e-01
5.482645799171446122e-01
-6.408768301780265464e-01
-2.493294201172850943e-01
-4.952703962358606660e-01
-7.590853895989222444e-01
-4.465887883449402018e-01
2.752659121484504201e-01
4.753777954756890356e-01
5.099270443521353169e-01
6.741542428333031634e-01
-8.414434292353762945e-01
-6.816478463285484679e-01
-9.657184963153409019e-01
-7.510985587123284457e-01
6.741549109954498853e-01
-6.820594989045345446e-01
-7.700841987270570232e-01
2.242636842616436699e-01
-2.144882702457762136e-01
-1.870436183372992112e-01
6.605045659025736704e-01
-3.157910675123085653e-01
3.041088130764191266e-01
5.775235966011749156e-02
2.907683384495891588e-01
1.595501011432647331e-01
-5.635785390029135478e-02
8.360178318346414006e-01
-7.294565408934932105e-01
5.279108621731078976e-01
5.083917142619518437e-01
7.867467604271678461e-01
1.405959141494350639e-01
-8.237373118134105887e-02
6.607081481192171868e-01
-5.305349220750958938e-01
-6.502494260168822926e-01
4.597769740361123958e-02
-7.380635182021040297e-01
-9.245865542572726525e-01
5.307049133370573823e-01
4.485348007255769431e-01
4.829164900902012114e-01
-6.258117583027684727e-01
-5.414061895563002658e-01
7.516356989341506090e-01
7.986172380069953558e-01
4.774138851186768839e-01
1.895452174154421687e-01
7.680735070333131187e-01
-1.602249243061275585e-01
-4.352372857326354261e-01
-8.862535139054017463e-01
6.692188063514721286e-01
7.958503846599549458e-01
7.906941693028570750e-01
8.724462568899207238e-01
1.383179750924303786e-01
-2.242725116051231815e-01
-1.298479268404453268e-01
-9.990387483672749092e-01
-6.343557435255156030e-01
-3.162230268170840297e-01
-7.142997651945279802e-01
-6.650253253903299910e-01
7.897941167211357527e-01
7.942393430368910323e-01
-2.392675172121765392e-01
-7.492206530952618682e-01
5.090680384265673375e-01
9.306440367794936996e-01
7.433952606135034724e-01
8.985814515519048307e-01
-2.949771208941922573e-01
-4.220574262428267165e-01
8.357542057005142855e-01
-6.683587469227325606e-02
-2.293234317087331497e-01
2.059843877524918376e-01
4.428310560990622591e-01
1.171930717122751098e-01
-3.487589446541348170e-01
6.973359933568501479e-01
-1.958757560089496863e-02
4.436816900726103796e-02
4.023981255732089757e-01
5.415769054395560556e-01
-7.173996078422513190e-01
3.460681111971668500e-01
-2.887960867498793327e-01
-7.318844777521895661e-01
7.763119003039407051e-01
-8.594648062835827940e-01
-6.889303966808542068e-01
1.949372196129668389e-01
7.870497903602788892e-01
-5.560429241077158302e-02
7.558035011924180147e-01
-9.746990957911445541e-01
-1.445228509763836211e-01
-5.222457597462628609e-01
3.475753530152363435e-01
1.373142281065495851e-01
1.636777218700562475e-01
9.557945856877814172e-02
-9.423516777920122323e-01
-3.521574191287530908e-01
1.757963602628920263e-02
-9.975114855801485714e-01
2.172001111633790060e-01
-3.737860578593459326e-01
7.440856507218907012e-02
6.477109350672349830e-01
