-1.000000000000000000e+00
-7.687146746440591816e-01
-2.176102135952899808e-01
9.524406084516809923e-01
4.678569640197218771e-01
-1.000000000000000000e+00
-1.000000000000000000e+00
-8.455517086163859553e-01
-5.386900241270141665e-01
3.073095639415936997e-01
-8.510293393879806434e-01
-1.000000000000000000e+00
2.779916839955112184e-01
1.000000000000000000e+00
1.000000000000000000e+00
-3.137060565604147810e-01
5.423909942868159195e-01
9.842548890273139506e-02
9.205863478163796021e-01
-2.238401183968519170e-01
-4.153776705529410584e-01
4.653573703709020792e-01
-6.673048807889090384e-01
3.127686222567205299e-01
-5.779950365765602616e-01
-4.756931065800094061e-01
-6.534591084339942402e-01
-4.139175392257435360e-01
3.241964915965245830e-01
-1.000000000000000000e+00
8.774058128491173114e-02
1.000000000000000000e+00
-1.337625773594326994e-01
-3.553059904001749647e-01
-1.239295626948622164e-01
9.266100688345511038e-01
-7.811209732642143688e-01
7.487972743060655745e-02
-1.000000000000000000e+00
1.000000000000000000e+00
8.007790929041626038e-01
-2.774247088326927679e-01
7.900806017572130635e-01
1.000000000000000000e+00
-1.000000000000000000e+00
-1.000000000000000000e+00
-1.000000000000000000e+00
1.000000000000000000e+00
-1.000000000000000000e+00
1.000000000000000000e+00
-5.579229261963234432e-01
9.764973765895483826e-01
1.841925127983643495e-01
6.217338111608736728e-01
-5.140408664799672733e-02
-1.000000000000000000e+00
4.195882882118033841e-01
7.951066280032976774e-01
-2.833773953702718451e-01
-1.000000000000000000e+00
7.086705400707271618e-03
5.401434954134001765e-02
3.678752269889478121e-01
1.000000000000000000e+00
1.000000000000000000e+00
2.139525247799254903e-01
-1.000000000000000000e+00
1.000000000000000000e+00
8.703391517600730931e-02
-3.899684364248403590e-01
9.658595163458290056e-01
-9.329161959362373135e-01
3.943518648794476500e-02
-1.000000000000000000e+00
1.557595237618436546e-01
-8.290292175380205020e-01
-1.237872021041308557e-03
4.972236689809952370e-01
-1.000000000000000000e+00
-3.815384892040032394e-01
1.000000000000000000e+00
-2.545721079382976537e-01
3.437049750075191201e-01
1.000000000000000000e+00
1.000000000000000000e+00
2.333673045098070276e-01
-1.000000000000000000e+00
3.404854374692800612e-02
-7.456048520962588189e-01
-1.000000000000000000e+00
7.492148919003324137e-01
-8.646379342732385398e-01
1.000000000000000000e+00
-4.227175259424450493e-01
1.000000000000000000e+00
-1.000000000000000000e+00
5.690154381559560104e-01
5.526589002733406364e-01
1.000000000000000000e+00
-1.000000000000000000e+00
-7.464225835361425476e-01
1.000000000000000000e+00
1.000000000000000000e+00
-4.298076220725366992e-01
-1.000000000000000000e+00
1.000000000000000000e+00
-1.000000000000000000e+00
-1.000000000000000000e+00
8.529012783633509454e-01
-7.642816292775030940e-01
-9.971121945794458874e-01
6.371750063169241418e-01
7.735742342923608295e-01
-6.572913150730087528e-01
-2.928148879237653102e-01
6.045487161168588974e-01
-6.081558122551850021e-01
-9.253353115914504379e-01
9.646229443146177029e-01
1.000000000000000000e+00
-8.328000156610935178e-01
-1.000000000000000000e+00
9.156014636061560186e-02
3.556792255775482747e-01
6.801787770667244715e-01
-5.999453279967668085e-01
-5.903654225827303925e-01
-1.000000000000000000e+00
1.000000000000000000e+00
-4.882567124469665565e-01
1.192459558672207542e-01
-1.000000000000000000e+00
1.000000000000000000e+00
1.596118298277171554e-02
1.000000000000000000e+00
7.365266041918324680e-01
-1.199388708689340666e-01
1.000000000000000000e+00
1.000000000000000000e+00
-8.807352981413496540e-02
-3.608850764164635572e-01
-1.000000000000000000e+00
8.461353085396104978e-01
-1.000000000000000000e+00
1.000000000000000000e+00
-7.755414967664507886e-01
1.000000000000000000e+00
-1.000000000000000000e+00
-5.958235205735954443e-01
-1.667238380946282073e-01
-1.000000000000000000e+00
3.903702099939974079e-01
-1.000000000000000000e+00
-1.195694302914163121e-02
2.046513678480613163e-01
5.462992579041698882e-01
1.000000000000000000e+00
-1.045971597523857044e-01
1.000000000000000000e+00
-1.000000000000000000e+00
-1.000000000000000000e+00
1.000000000000000000e+00
-1.485073428937597195e-01
-1.000000000000000000e+00
-5.476528020010609232e-01
3.504896692810110514e-01
-1.000000000000000000e+00
-1.000000000000000000e+00
-1.000000000000000000e+00
1.000000000000000000e+00
-9.735140206877379576e-02
1.000000000000000000e+00
1.000000000000000000e+00
1.000000000000000000e+00
-6.738240033597078238e-01
7.218341225154480956e-01
6.057986575234759474e-01
-1.000000000000000000e+00
7.887856758733090556e-01
-6.500602193217710489e-01
7.535495916571814945e-01
-1.943559287320992535e-01
-1.000000000000000000e+00
-8.646801372662875629e-01
9.794030530039532501e-01
-1.000000000000000000e+00
1.000000000000000000e+00
1.000000000000000000e+00
-8.793571867796339259e-01
1.000000000000000000e+00
-1.000000000000000000e+00
-8.929151046962023885e-01
-6.379360882028944912e-01
8.338172072402594281e-01
-2.439788907163711329e-01
-2.422430338656764715e-01
-7.942453176977359863e-01
1.000000000000000000e+00
-1.000000000000000000e+00
-9.874671048629539705e-01
3.554584196422662101e-01
-1.000000000000000000e+00
2.230635958683689357e-01
-1.000000000000000000e+00
1.255451941273233452e-02
9.133740213880937597e-01
1.000000000000000000e+00
4.105066652684931650e-01
1.000000000000000000e+00
-1.000000000000000000e+00
1.000000000000000000e+00
9.400833311483234311e-01
-1.000000000000000000e+00
-1.776280383454544864e-01
-4.181028985949930554e-01
2.281406443295126429e-01
6.050203156577684815e-01
-1.000000000000000000e+00
4.766387007646732954e-02
-2.802069871796115663e-01
-6.422393826523100646e-01
4.100539410405681373e-01
1.000000000000000000e+00
4.253087684318177519e-01
-7.577800728705719191e-01
-6.040163832930482979e-01
9.436379256692124518e-01
9.033623661164722485e-01
3.326410453173170301e-01
-2.208381129696757039e-01
6.239270347356944413e-01
-6.055896201023859282e-01
1.000000000000000000e+00
-5.987860194441043671e-01
7.651923805016443980e-01
-1.000000000000000000e+00
-4.157936409211091533e-01
-4.229994355038780851e-01
7.285657709148052330e-01
-8.571692494662768169e-01
-5.727820172357107609e-01
3.053577247304919418e-01
6.070642879061705077e-01
-5.251806284272806380e-01
1.000000000000000000e+00
3.880797811228272609e-01
-2.637510307806041343e-01
-1.000000000000000000e+00
6.755997094495008737e-01
1.000000000000000000e+00
9.081469928697393224e-01
-1.000000000000000000e+00
-1.000000000000000000e+00
-1.000000000000000000e+00
-9.274143349822927540e-01
-9.803759070861119973e-01
2.501889690136603339e-01
1.000000000000000000e+00
1.000000000000000000e+00
-1.000000000000000000e+00
2.084105428930189685e-01
-1.834481916543391211e-01
2.216908985385621367e-01
-1.000000000000000000e+00
-1.000000000000000000e+00
