1.000000000000000000e+00
-1.000000000000000000e+00
1.000000000000000000e+00
8.262117935244772671e-01
1.000000000000000000e+00
1.000000000000000000e+00
-1.000000000000000000e+00
-1.000000000000000000e+00
1.000000000000000000e+00
-6.842733054482930122e-01
-3.394756337909710098e-02
4.829955946009518997e-02
-9.380374652635219412e-01
9.412925318682121567e-01
-1.000000000000000000e+00
1.000000000000000000e+00
1.000000000000000000e+00
-2.645626049695853910e-01
1.000000000000000000e+00
8.007622930429741936e-01
6.381005282554682578e-01
6.858689333710105140e-01
-1.000000000000000000e+00
-9.094762440991588370e-01
1.000000000000000000e+00
6.370104356080146246e-01
-1.000000000000000000e+00
3.057065177424558855e-01
-1.000000000000000000e+00
-1.000000000000000000e+00
1.000000000000000000e+00
-1.000000000000000000e+00
1.000000000000000000e+00
-1.000000000000000000e+00
-1.000000000000000000e+00
1.000000000000000000e+00
-1.000000000000000000e+00
1.000000000000000000e+00
-1.000000000000000000e+00
-9.479967817251364059e-02
1.000000000000000000e+00
1.000000000000000000e+00
1.000000000000000000e+00
1.980011945626891645e-02
1.000000000000000000e+00
-8.200298791687510302e-01
7.956139216590510932e-01
1.000000000000000000e+00
-1.000000000000000000e+00
1.000000000000000000e+00
-3.428917558917355946e-01
6.889200975827245443e-01
1.000000000000000000e+00
7.019262719852629173e-01
4.251799169726175331e-01
1.639672533327261594e-01
-8.147002016923765577e-02
-2.891358563899872891e-01
-1.000000000000000000e+00
-5.817264107142894325e-02
8.103467528932614683e-02
-1.000000000000000000e+00
1.000000000000000000e+00
1.000000000000000000e+00
1.000000000000000000e+00
-1.884918309717569240e-01
8.910533143106439402e-01
1.000000000000000000e+00
2.236473980261304284e-01
9.893592805942093005e-01
1.000000000000000000e+00
1.000000000000000000e+00
-1.000000000000000000e+00
2.500571220396433647e-01
6.497768882380978717e-01
-1.000000000000000000e+00
-1.000000000000000000e+00
-3.252253207200273000e-02
-1.032850849051485387e-01
1.000000000000000000e+00
-5.810935841531275070e-01
2.815542136299643561e-01
1.000000000000000000e+00
-1.000000000000000000e+00
-4.614130190080110161e-01
-4.553390540066704073e-01
-1.000000000000000000e+00
-8.394711302235109418e-01
-6.398019105518713001e-01
-1.000000000000000000e+00
2.063388283149885094e-01
5.789542554486002413e-01
-6.467503326844624700e-01
-1.000000000000000000e+00
-4.535236245701623758e-03
-1.000000000000000000e+00
4.462198052671735304e-01
-9.029173183752743359e-01
1.000000000000000000e+00
-1.000000000000000000e+00
9.408899039479707849e-01
-2.225891631430724216e-01
-2.985577769236874013e-01
5.335888356449269843e-01
1.000000000000000000e+00
-9.466715235900221570e-01
-1.000000000000000000e+00
7.169796855665695468e-01
-1.000000000000000000e+00
-3.579225777432030187e-01
1.000000000000000000e+00
-1.000000000000000000e+00
-1.000000000000000000e+00
9.882308001701716194e-01
1.564375848629947496e-01
1.000000000000000000e+00
-4.878653151664540388e-01
1.000000000000000000e+00
-6.175251915111226175e-01
1.000000000000000000e+00
-8.213176282262155681e-01
1.000000000000000000e+00
-1.000000000000000000e+00
1.000000000000000000e+00
-8.519554118340366688e-01
1.000000000000000000e+00
1.000000000000000000e+00
-3.001298983893438410e-02
3.304229172695926642e-01
1.000000000000000000e+00
1.000000000000000000e+00
-1.000000000000000000e+00
-8.726232539138423228e-02
1.000000000000000000e+00
-1.000000000000000000e+00
-1.000000000000000000e+00
-2.371010856020594471e-01
-4.125489468462253950e-01
7.907109070326028277e-01
1.000000000000000000e+00
1.000000000000000000e+00
4.565471489373430503e-01
1.000000000000000000e+00
-1.000000000000000000e+00
-4.392035381454448828e-01
1.000000000000000000e+00
1.000000000000000000e+00
1.000000000000000000e+00
-7.433116792719790533e-01
1.000000000000000000e+00
-1.000000000000000000e+00
-5.852072711211274703e-01
-1.000000000000000000e+00
-1.000000000000000000e+00
-1.000000000000000000e+00
5.535846607299799160e-01
-5.878619092046529770e-01
-1.000000000000000000e+00
-4.158437234348327793e-01
6.121144827984389414e-01
-1.000000000000000000e+00
1.000000000000000000e+00
-1.000000000000000000e+00
7.989415525823712061e-02
-7.064598872072668234e-01
-3.741219678180158770e-01
1.000000000000000000e+00
1.000000000000000000e+00
-1.000000000000000000e+00
-1.000000000000000000e+00
-1.000000000000000000e+00
5.345697656574950329e-01
-8.207542156480684969e-02
5.788094538730327310e-01
7.241259377568298738e-01
5.246795416588267980e-02
-2.927206104405881137e-01
-3.129805946626003088e-01
-1.913159693397625816e-01
-3.609404549566660458e-01
1.357895523212448996e-01
-2.992400901809246783e-01
-8.997214179364748654e-02
-1.000000000000000000e+00
-1.000000000000000000e+00
-1.000000000000000000e+00
1.000000000000000000e+00
5.458311679452435561e-01
-3.314000481167166806e-02
3.307301629695429401e-01
-1.184743912818017886e-01
1.000000000000000000e+00
-3.371033041135573782e-02
-1.000000000000000000e+00
-2.819710747856163380e-02
7.972080113872557217e-01
-8.799917317929986105e-01
-1.000000000000000000e+00
9.290221502453501756e-01
1.000000000000000000e+00
-3.943632767317365451e-01
-1.000000000000000000e+00
-1.000000000000000000e+00
-6.826080949707323819e-01
1.000000000000000000e+00
1.000000000000000000e+00
1.000000000000000000e+00
8.913687950743347521e-01
4.707532495889711344e-01
-1.000000000000000000e+00
1.000000000000000000e+00
1.000000000000000000e+00
1.000000000000000000e+00
-1.000000000000000000e+00
3.413902546853539999e-01
1.000000000000000000e+00
-1.000000000000000000e+00
6.318307177646300676e-01
1.000000000000000000e+00
-9.896827295917858258e-01
-1.000000000000000000e+00
-8.040365662463770935e-01
-1.000000000000000000e+00
1.000000000000000000e+00
-1.000000000000000000e+00
-4.902579733966603293e-01
-3.441242745544026427e-01
1.000000000000000000e+00
1.000000000000000000e+00
1.000000000000000000e+00
1.000000000000000000e+00
-1.000000000000000000e+00
-1.000000000000000000e+00
-1.000000000000000000e+00
1.000000000000000000e+00
1.000000000000000000e+00
6.619355508718565151e-01
-1.000000000000000000e+00
1.000000000000000000e+00
-5.508795178840515394e-01
-1.000000000000000000e+00
-8.724010720321184742e-02
1.000000000000000000e+00
1.000000000000000000e+00
-8.405912508468976752e-01
-1.000000000000000000e+00
1.000000000000000000e+00
-1.000000000000000000e+00
1.000000000000000000e+00
1.000000000000000000e+00
-4.526766910614626327e-01
1.000000000000000000e+00
-1.201663864394775239e-02
-1.000000000000000000e+00
-1.000000000000000000e+00
2.797812164647561217e-01
1.000000000000000000e+00
1.000000000000000000e+00
1.483187190510827369e-01
3.407563932493424819e-01
-1.000000000000000000e+00
7.527430673472851330e-01
2.005542633060768409e-01
6.304296405356875077e-01
-1.000000000000000000e+00
