2.005358163824300100e-01
6.458965213732432709e-01
-2.302715564689474803e-01
9.200069786969466978e-01
2.935029230090924202e-03
8.162898574312515976e-02
2.226709200705307978e-01
2.402840384797741979e-01
1.769616362209442961e-01
-2.591746153408442943e-01
-8.546864683395394291e-01
4.663533464071252244e-01
-2.820005309164990148e-01
-6.268746992934803863e-01
-7.765853343904938200e-01
-2.910971723216699836e-01
8.713637310256479029e-01
3.755137307639877520e-03
6.252772928266852048e-01
-5.706473302984060858e-01
-2.092391892227327688e-01
8.786343024246021649e-01
-1.682564330010536402e-01
7.885615649425137264e-03
-2.392790589496600617e-01
-4.836098429456405778e-01
9.183055583150934176e-01
-6.627313454818266614e-01
5.239641792116935815e-01
2.972722301247656684e-01
4.845766218581077922e-01
-5.882749325286571462e-01
8.894170072140619165e-01
-6.296350601326463625e-01
2.087638419466828488e-01
5.136861052757302204e-02
-6.270551081582800279e-01
-2.759409793660183574e-02
-9.415354353263263310e-01
-9.422434861494839442e-01
3.650315049517445232e-01
4.912444755101241789e-02
7.340262314776020425e-01
4.235662453852695464e-01
-1.418432077682800774e-01
-2.959808589193135830e-02
5.028534555402983663e-01
-2.625635899250062799e-01
1.876330653530189352e-02
-3.230582933418950642e-01
2.108140693276612243e-01
3.085059587895295774e-01
-9.965518016093561915e-01
5.897989911756373882e-01
-2.645866266769414388e-01
7.268581479288973579e-01
-5.726642124747476359e-01
4.234961354639263931e-01
8.205436283044069690e-01
9.883984481980245818e-03
-5.352565478550874722e-02
-6.769946167344029764e-01
-2.321632158337343377e-01
-8.653476634132748480e-01
-5.014884904801932830e-01
4.927534405090603364e-01
-7.999455373247283951e-01
1.963089371755799561e-01
4.099551018495308785e-01
8.681178444241255399e-01
-7.728217626337310353e-01
-7.398208318946368767e-01
-4.954946858922952835e-01
-2.963541173175876509e-02
1.960564708051895089e-01
9.482462395234496633e-01
-3.159215589339308128e-01
-2.610333956124148980e-01
9.978509793122682936e-01
-5.700935905209181254e-01
1.754252819595927271e-01
-3.772275058179337393e-01
-9.211064332543321687e-01
1.746208643843749631e-01
7.134009978159017162e-01
-8.632642386593463169e-01
4.841105677032346843e-01
9.097497893121593293e-01
-7.684120291999407826e-01
1.585188553780632059e-01
-9.422220825058207350e-01
4.115985444966216988e-01
9.298222044618498217e-03
-3.587377663304653908e-01
-2.193509747476625193e-01
-8.146103574192986585e-03
8.377261236380875165e-01
8.773594018210773005e-01
-5.313637204529149116e-01
9.417469626364873836e-01
4.583499908625114916e-01
1.281727853464942335e-01
2.283019326559847517e-01
-6.696870406501223005e-01
8.508472449066082355e-01
1.753964173551747496e-01
-6.141922642155237533e-01
-8.790434122174122233e-01
-8.063398549210223365e-01
-3.527924111710776245e-01
1.151147994405541386e-01
7.331397681211686557e-01
-2.913050360888547186e-01
-8.820439927149512638e-01
-5.697294916831232570e-01
-7.400351841973513700e-01
-3.398445580259159549e-01
9.634586026909117695e-01
9.007937951538815824e-01
5.382417829516867869e-01
6.953096083975678354e-01
2.298631293363655459e-01
5.568406379584445176e-01
-7.182381321856756706e-01
9.248355000794261649e-01
-4.096880082244067633e-01
8.522145412774457807e-01
9.834550439641187580e-02
7.727277678042283604e-01
-3.849413660374756407e-01
-6.571464807429316934e-03
-8.572311984922094119e-01
-7.515149568213788100e-01
1.838208787507162878e-01
-8.176921515622557202e-01
-3.798929321195061437e-01
5.996772742663118994e-01
-1.054103756125817082e-01
6.561495749914016962e-01
6.846654785335879456e-01
3.636986949037606109e-01
9.426481000004756083e-01
-1.544122646725909487e-01
-8.374619581465334583e-01
-1.074587575312686560e-01
6.680848321192847106e-01
-4.495525758645544379e-01
3.512910285864705440e-01
-1.446140883697792923e-01
-7.018121667391183927e-01
-3.615929849021866094e-01
2.815629531142407327e-01
4.309611877642267608e-01
4.350120399774033420e-01
7.006467718997182459e-01
5.597207198880171930e-01
-5.104709846685469010e-01
1.243447936373287543e-01
-4.699855014096385730e-01
-4.553120087430644336e-01
-2.984153541299054968e-01
-7.170438652136281732e-01
-4.626134021345238434e-01
-9.082106702652044117e-01
-2.588038515634887293e-01
2.454855385484813191e-01
7.865850039159107965e-01
2.131923663764023757e-02
-4.547660749007857994e-01
-6.118594377437358567e-02
5.634191478773959982e-01
-5.690101058451011440e-01
-6.515321067314632231e-01
8.994546971990826645e-01
-3.122446313679121399e-01
2.044247059329096228e-01
9.765328343591355154e-01
-3.779086571692940044e-01
5.926650824450594435e-01
4.085961883691284768e-01
-5.841614375996388997e-01
-7.687983409890979392e-01
9.368671615129182673e-01
-6.668082889997530849e-01
6.846577207337860571e-01
4.902444287937861578e-01
-6.613086852960168294e-01
9.351560724533445335e-01
-2.084299239961660000e-01
6.454331806401272242e-01
-9.394691287836298699e-01
-2.489373540191983647e-01
-9.181279301588112229e-01
-5.155478152399579628e-01
9.221772250711419705e-01
-6.860690232718358317e-02
5.423646059582587498e-01
-8.729987916625545630e-01
-1.485412266318075769e-01
4.308008752083816173e-01
5.063657499339691004e-01
-5.565221024380631043e-01
6.858309159507876007e-01
-5.122277986316157161e-01
5.179623884296260528e-01
-9.984245667044397976e-01
-7.388145174637483770e-02
7.764139395091111950e-01
-5.353163480629119508e-01
8.491627964915153814e-01
1.870797886294350842e-01
4.595038705555694047e-01
7.045123836056472744e-01
1.364634632795287406e-01
3.122380464392588983e-01
-1.918443329210486326e-01
-4.469540428616998184e-01
1.532645131569798647e-01
1.130757510212534456e-01
4.879613168849517013e-01
4.053943548081291315e-01
-9.928090641607989486e-01
-4.653029568708095809e-01
-9.816609310716162273e-01
4.594247772402260122e-01
3.612667513805170039e-01
3.014701636000081120e-01
-3.661987665288111149e-01
-3.353868048820620729e-01
-6.796173065553980930e-01
-7.023474263272502238e-01
2.204705721688287046e-01
1.984835435886063149e-01
-3.280306964043822049e-01
1.436971563786402228e-01
-2.564939970729591678e-01
-9.157259033380840130e-01
6.621497243646097264e-01
8.169249433741472277e-01
-2.260613327268852224e-01
-8.430183948034013497e-01
4.003527699754927394e-01
8.224489624326789539e-01
7.569165495244527531e-01
-9.979043545157835204e-01
1.093992710043345529e-01
-7.337006037902029654e-01
-3.551860830589803619e-01
1.704725393965045299e-03
-1.672841370195699007e-01
-6.781316467653564217e-01
-2.088984966914728680e-01
8.082279907323062229e-01
-3.489942584189704711e-01
-4.017170772429812242e-01
3.189074322087994684e-01
-8.903838277178548477e-01
7.338189396415470966e-01
-5.644686979778374969e-01
5.967521284486272393e-01
-8.158496484948345451e-01
1.076064339693423300e-01
7.192161528986524832e-01
2.577328690595495075e-01
8.683016985443663405e-01
