1.000000000000000000e+00
1.000000000000000000e+00
1.000000000000000000e+00
3.827067782056140510e-01
-7.674170181842423499e-01
1.992161620934993493e-01
-6.859728892123919675e-01
1.396667052850791846e+00
-4.475411880493354033e-01
-3.126545391746932134e-01
-5.503603573886027833e-01
1.000000000000000000e+00
-1.000000000000000000e+00
3.329117214271462011e+00
1.000000000000000000e+00
1.722266762012992114e+00
-6.155640599209881714e-01
1.576517716468423425e+00
8.580534651430532511e-01
1.000000000000000000e+00
-7.498780370281121765e-01
4.441103130449759462e-01
-1.720719158465209286e+00
-9.312770274733503939e-01
6.307706184657768667e-01
1.903865489383894660e-01
8.995522565893313560e-01
-9.457058525598494025e-02
1.000000000000000000e+00
2.937806404633722668e-01
-1.722632270422490008e-01
8.110193546807025200e-01
-7.650519938158151234e-01
-2.959016058686438910e-01
5.926820112464414869e-01
2.944731824850046031e+00
-1.000000000000000000e+00
-3.604328076091992017e+00
-7.466462929378584468e-01
1.575560769186085341e+00
1.983753924999348328e+00
-2.114644368465941504e+00
-1.103658502214150738e+00
-9.554628099873905267e-01
9.399587159792355262e-01
1.000000000000000000e+00
9.881413905698479549e-01
-1.000000000000000000e+00
3.413897068238162191e+00
1.774688266026895889e+00
-1.591401971946948546e-01
-7.851608962140222969e-01
3.650102872798521414e+00
-2.859940818113872463e-01
7.924029046648418673e-01
-1.000000000000000000e+00
1.000000000000000000e+00
9.849836542323303634e-01
-1.000000000000000000e+00
7.545588839134864667e-02
-2.900267466284951912e+00
-2.738658941549831916e-01
1.388009418501441772e+00
1.000000000000000000e+00
1.000000000000000000e+00
-8.116746137274218897e-01
-7.160083646284989278e-01
1.994896125861085334e-01
1.188309066511278100e+00
-1.000000000000000000e+00
-6.145536909959452565e-01
1.980308048274045940e-01
6.098010330650469046e-02
-1.248435310276257981e-01
-9.560096445129038223e-01
3.315259546396035484e-01
1.000000000000000000e+00
-5.860581059060123721e-01
-1.077584859179578913e-01
-3.038644358850186133e+00
7.380162853067429030e-01
-5.002850528449481748e-01
1.000000000000000000e+00
2.210416785637910220e+00
-1.544666452519278366e+00
-1.857826598257970585e-01
1.920443167693140163e+00
-1.000000000000000000e+00
-9.989353135302604381e-01
-2.114882725026029142e+00
-1.000000000000000000e+00
-2.452506717748687004e-02
-4.372715653724432716e-01
-1.380819768374597079e-01
-7.775482004769648237e-01
-1.564166352378209890e+00
1.000000000000000000e+00
-1.000000000000000000e+00
7.797278236555457154e-01
-6.457535668551600549e-01
1.000000000000000000e+00
3.900127802600198423e-01
-4.963375762532225011e-01
-7.078551294828152596e-01
3.651802965212559426e-01
1.000000000000000000e+00
-6.202859811185312822e-01
1.000000000000000000e+00
1.431952564151707463e+00
-9.720429532234942105e-02
-2.923955808730425154e-01
-1.000000000000000000e+00
1.000000000000000000e+00
-1.693061592693912987e-01
-4.464244967546234788e-01
-1.000000000000000000e+00
1.137295121266849840e+00
-2.300393557533582101e-01
3.340473614403937752e+00
1.686429439343689163e+00
6.714600825757812697e-01
1.088033701938974529e+00
-1.000000000000000000e+00
-2.163224174413734602e+00
-1.775597517343733278e-01
9.126528843553196602e-01
4.306140166492393728e-01
9.006703710232689675e-01
-1.000000000000000000e+00
-2.317366765361199121e+00
8.037705572976433510e-01
-1.000000000000000000e+00
-9.067039447185557544e-01
1.361499798313501319e-01
-9.724871614481622739e-01
-1.000000000000000000e+00
1.615740656055989266e+00
6.734162382982591399e-01
-2.276884013610076973e+00
-3.960751222569554031e-01
-2.347565555626148104e+00
-3.488827855345567608e-01
3.544430869802090989e-01
1.000000000000000000e+00
7.797012294253112819e-01
-1.000000000000000000e+00
1.000000000000000000e+00
7.935249829393253851e-03
-1.312908010059744335e+00
-5.245414425593415420e-01
7.367688039949447099e-01
1.000000000000000000e+00
1.000000000000000000e+00
9.145251885846031881e-01
-1.000000000000000000e+00
-1.000000000000000000e+00
1.000000000000000000e+00
3.676276821890562818e-01
-1.000000000000000000e+00
2.623359579946128228e+00
-2.809113206167281440e+00
2.156040594115132603e+00
-1.000000000000000000e+00
1.000000000000000000e+00
-1.000000000000000000e+00
-1.000000000000000000e+00
-1.242427699941718450e-01
7.657365330648777668e-01
-1.899259506063515901e-01
2.994785405562558012e+00
-9.447415898487870889e-01
-1.000000000000000000e+00
-1.825019072549173726e+00
-1.000000000000000000e+00
-1.000000000000000000e+00
-1.898552652657410911e-01
-2.238787734187443146e+00
5.059926804021726010e-01
6.504179254099906604e-02
2.411950232647486203e-01
-1.000000000000000000e+00
1.000000000000000000e+00
1.000000000000000000e+00
1.000000000000000000e+00
-8.330580587141211968e-02
-1.000000000000000000e+00
-1.000000000000000000e+00
1.000000000000000000e+00
-1.828321880369262020e+00
2.761141926310405115e+00
1.064489781094546395e+00
-1.000000000000000000e+00
7.976203894910582903e-02
8.732677989684057840e-01
1.183982665577741344e-01
-2.308223235239768023e+00
-1.000000000000000000e+00
2.877381265374888142e-01
5.821295281666372112e-02
-1.000000000000000000e+00
5.588322950940916023e-02
-1.092945492416634856e-01
-7.227623999744836603e-01
-1.531725831441042907e+00
-3.963657631900442957e-01
-1.123547001234322495e+00
-6.666550396370173326e-01
-1.000000000000000000e+00
-1.000000000000000000e+00
-1.000000000000000000e+00
1.000000000000000000e+00
-1.150159590934247689e-01
3.281509158797919490e-01
-1.000000000000000000e+00
1.000000000000000000e+00
-1.000000000000000000e+00
-4.464949759182891831e-01
2.732128303322414631e+00
1.000000000000000000e+00
-1.000000000000000000e+00
2.539837660895756244e-01
2.238618056425323743e+00
-1.000000000000000000e+00
1.000000000000000000e+00
1.000000000000000000e+00
-1.000000000000000000e+00
6.854530414144377470e-02
1.275895222747320368e+00
1.000000000000000000e+00
1.000000000000000000e+00
1.615424668038388134e+00
9.149806094190768846e-01
-3.147707422068934946e-03
9.623280072743782831e-01
-6.348261794849344164e-02
-9.974607246124431725e-01
3.258197221352121531e-02
-1.000000000000000000e+00
5.094141801515084111e-02
2.005566898802518150e+00
7.562250722595287300e-01
7.196329150378044659e-01
-4.031419797005786343e-01
-1.000000000000000000e+00
-1.048406655546670896e+00
-8.052924887523736919e-01
-1.000000000000000000e+00
3.802337819015009224e-01
-7.783639727024020960e-01
3.486813152059105025e-01
2.738214696756278155e-01
8.052088019271792518e-01
1.000000000000000000e+00
9.471565735822166099e-01
-1.000000000000000000e+00
1.000000000000000000e+00
-5.628020554336885528e-01
4.881674213878927082e-01
1.000000000000000000e+00
3.902952453081161011e-01
-3.129725988583769603e+00
-1.000000000000000000e+00
5.660165153933590654e-01
-1.000000000000000000e+00
1.000000000000000000e+00
