-5.188677301458245461e-01
-5.167563555005803000e-01
-1.000000000000000000e+00
-1.000000000000000000e+00
1.000000000000000000e+00
1.000000000000000000e+00
1.000000000000000000e+00
1.000000000000000000e+00
1.000000000000000000e+00
-1.000000000000000000e+00
-1.000000000000000000e+00
-5.569975571991694907e-02
-1.000000000000000000e+00
1.000000000000000000e+00
2.421049322475676835e-01
-1.000000000000000000e+00
-1.000000000000000000e+00
-2.726671900075403054e-01
1.000000000000000000e+00
-1.000000000000000000e+00
-1.000000000000000000e+00
-1.000000000000000000e+00
1.000000000000000000e+00
-1.000000000000000000e+00
1.000000000000000000e+00
1.000000000000000000e+00
9.929961561217910404e-01
9.107124904284958911e-01
-1.000000000000000000e+00
-1.000000000000000000e+00
1.000000000000000000e+00
-1.000000000000000000e+00
4.564193418315782846e-01
-1.000000000000000000e+00
-1.000000000000000000e+00
8.541710700859570515e-01
-7.795863599725508797e-01
-1.000000000000000000e+00
-9.147970906452862483e-01
1.000000000000000000e+00
-1.000000000000000000e+00
-1.000000000000000000e+00
-1.000000000000000000e+00
-1.333503669419930926e-01
1.000000000000000000e+00
-7.677780065721547809e-01
-9.004726388904935597e-01
1.000000000000000000e+00
1.000000000000000000e+00
1.000000000000000000e+00
-1.000000000000000000e+00
-1.000000000000000000e+00
-1.000000000000000000e+00
-5.483449108068756406e-01
-4.022257783539928688e-01
-1.000000000000000000e+00
-1.000000000000000000e+00
1.000000000000000000e+00
-1.000000000000000000e+00
1.000000000000000000e+00
-1.000000000000000000e+00
-1.000000000000000000e+00
-1.647418092216090812e-02
1.000000000000000000e+00
4.233963530951901921e-01
-1.000000000000000000e+00
-1.000000000000000000e+00
1.000000000000000000e+00
-1.000000000000000000e+00
1.000000000000000000e+00
1.000000000000000000e+00
-2.890168305228725254e-01
-1.000000000000000000e+00
1.000000000000000000e+00
1.000000000000000000e+00
-1.000000000000000000e+00
6.478692623455946098e-01
1.000000000000000000e+00
8.388940271904598012e-01
-1.000000000000000000e+00
-1.000000000000000000e+00
-1.000000000000000000e+00
-1.000000000000000000e+00
-1.000000000000000000e+00
1.000000000000000000e+00
-1.732495470099695289e-01
-1.000000000000000000e+00
-1.000000000000000000e+00
1.000000000000000000e+00
-1.000000000000000000e+00
-1.000000000000000000e+00
-1.000000000000000000e+00
1.000000000000000000e+00
6.842573877608303379e-01
1.000000000000000000e+00
1.000000000000000000e+00
4.573334242519722648e-01
1.000000000000000000e+00
-1.000000000000000000e+00
-1.000000000000000000e+00
-1.000000000000000000e+00
8.686596122715752877e-01
1.000000000000000000e+00
-1.000000000000000000e+00
-1.000000000000000000e+00
1.000000000000000000e+00
1.000000000000000000e+00
-8.659889484189895459e-01
1.000000000000000000e+00
-1.000000000000000000e+00
1.000000000000000000e+00
9.443575797085845824e-01
1.000000000000000000e+00
-4.021887134093282690e-02
1.000000000000000000e+00
-1.000000000000000000e+00
-1.000000000000000000e+00
1.000000000000000000e+00
-1.000000000000000000e+00
1.000000000000000000e+00
-1.000000000000000000e+00
1.000000000000000000e+00
1.000000000000000000e+00
1.000000000000000000e+00
-1.000000000000000000e+00
1.000000000000000000e+00
-9.407809995363958233e-01
-4.165015868180368397e-01
1.000000000000000000e+00
-4.692090600800540301e-01
1.000000000000000000e+00
-1.000000000000000000e+00
3.952063498803303210e-01
-1.345341709005296593e-01
1.000000000000000000e+00
1.000000000000000000e+00
1.000000000000000000e+00
-1.000000000000000000e+00
1.000000000000000000e+00
-1.000000000000000000e+00
1.000000000000000000e+00
3.938656492783290108e-01
-4.359123038944060502e-01
9.988042388413264083e-01
9.496938537325955165e-01
1.000000000000000000e+00
1.000000000000000000e+00
5.224857209866102803e-01
-1.000000000000000000e+00
-5.855855957802559297e-01
1.000000000000000000e+00
2.699276655386820822e-01
3.592375244008565449e-01
1.000000000000000000e+00
1.000000000000000000e+00
1.000000000000000000e+00
1.000000000000000000e+00
-1.000000000000000000e+00
-1.345862727027757888e-02
-1.000000000000000000e+00
1.000000000000000000e+00
-1.000000000000000000e+00
1.000000000000000000e+00
-1.000000000000000000e+00
1.000000000000000000e+00
1.000000000000000000e+00
1.000000000000000000e+00
-1.000000000000000000e+00
1.000000000000000000e+00
-1.000000000000000000e+00
-1.000000000000000000e+00
-1.000000000000000000e+00
-1.000000000000000000e+00
1.000000000000000000e+00
-6.334075181777322205e-01
-1.000000000000000000e+00
-1.000000000000000000e+00
1.000000000000000000e+00
-1.000000000000000000e+00
-6.289554859402765041e-01
6.662989794453385572e-01
1.000000000000000000e+00
1.000000000000000000e+00
-1.000000000000000000e+00
1.000000000000000000e+00
1.000000000000000000e+00
-1.000000000000000000e+00
1.000000000000000000e+00
-1.000000000000000000e+00
-1.000000000000000000e+00
-1.000000000000000000e+00
-1.836835879549717498e-01
2.873094803544140596e-01
1.000000000000000000e+00
1.000000000000000000e+00
1.081935558828743815e-01
1.000000000000000000e+00
1.000000000000000000e+00
-1.000000000000000000e+00
-1.000000000000000000e+00
-1.000000000000000000e+00
-1.000000000000000000e+00
-1.000000000000000000e+00
1.000000000000000000e+00
1.000000000000000000e+00
-1.000000000000000000e+00
-1.000000000000000000e+00
1.000000000000000000e+00
1.107989347162561256e-01
2.915641594515516744e-02
-1.000000000000000000e+00
-1.000000000000000000e+00
1.000000000000000000e+00
1.000000000000000000e+00
-1.000000000000000000e+00
-1.000000000000000000e+00
1.440865851581660806e-01
-1.000000000000000000e+00
1.000000000000000000e+00
-1.000000000000000000e+00
3.208523951176405209e-01
3.709588280089225476e-01
-1.000000000000000000e+00
7.889741295549570488e-01
1.000000000000000000e+00
-1.000000000000000000e+00
5.425895276824073132e-01
1.000000000000000000e+00
1.000000000000000000e+00
1.000000000000000000e+00
-4.164877602616532393e-01
-1.000000000000000000e+00
-1.000000000000000000e+00
1.000000000000000000e+00
-1.000000000000000000e+00
1.000000000000000000e+00
1.000000000000000000e+00
1.000000000000000000e+00
-1.000000000000000000e+00
-1.000000000000000000e+00
1.000000000000000000e+00
-1.000000000000000000e+00
1.000000000000000000e+00
-1.000000000000000000e+00
-4.141498034295827968e-01
1.000000000000000000e+00
1.000000000000000000e+00
-1.000000000000000000e+00
1.000000000000000000e+00
1.000000000000000000e+00
-1.000000000000000000e+00
1.000000000000000000e+00
2.302987132960184202e-01
1.000000000000000000e+00
-5.040772920416106695e-01
6.201007843251280516e-01
2.352258016785124806e-01
-1.000000000000000000e+00
1.000000000000000000e+00
-1.000000000000000000e+00
2.082016595202593745e-01
-1.000000000000000000e+00
-7.302003165076039748e-01
-6.045440739735211677e-01
-1.000000000000000000e+00
