-1.000000000000000000e+00
1.000000000000000000e+00
1.000000000000000000e+00
1.000000000000000000e+00
-1.000000000000000000e+00
-1.000000000000000000e+00
-1.000000000000000000e+00
1.000000000000000000e+00
1.000000000000000000e+00
-2.589567347279775333e-03
-1.000000000000000000e+00
1.000000000000000000e+00
-8.879873789003234208e-01
1.000000000000000000e+00
1.000000000000000000e+00
1.000000000000000000e+00
-1.000000000000000000e+00
1.000000000000000000e+00
-1.000000000000000000e+00
1.000000000000000000e+00
1.000000000000000000e+00
4.545032301567519806e-01
-1.000000000000000000e+00
-1.000000000000000000e+00
-1.000000000000000000e+00
1.000000000000000000e+00
1.000000000000000000e+00
1.000000000000000000e+00
-1.000000000000000000e+00
1.000000000000000000e+00
-5.695271992325073862e-01
-8.283807948735502080e-01
1.000000000000000000e+00
1.000000000000000000e+00
-1.000000000000000000e+00
-1.000000000000000000e+00
1.000000000000000000e+00
1.000000000000000000e+00
-1.000000000000000000e+00
1.000000000000000000e+00
1.000000000000000000e+00
-1.000000000000000000e+00
1.000000000000000000e+00
1.000000000000000000e+00
8.265933488654730876e-02
1.000000000000000000e+00
5.940290104741400290e-01
3.609516820676280657e-01
-1.000000000000000000e+00
-8.096813932036331929e-01
-1.000000000000000000e+00
-1.000000000000000000e+00
-1.554814122833432788e-01
1.000000000000000000e+00
-1.735820703950262667e-01
1.000000000000000000e+00
2.241302497475780031e-01
-1.000000000000000000e+00
6.652316432505516186e-01
-1.000000000000000000e+00
-1.000000000000000000e+00
1.000000000000000000e+00
-1.000000000000000000e+00
9.097843249231853946e-01
1.000000000000000000e+00
1.641210567595674519e-01
-1.000000000000000000e+00
-1.000000000000000000e+00
-7.917341649261588898e-01
-1.000000000000000000e+00
1.000000000000000000e+00
1.000000000000000000e+00
1.000000000000000000e+00
1.000000000000000000e+00
-1.000000000000000000e+00
1.000000000000000000e+00
-1.000000000000000000e+00
-7.002366441449328072e-01
-1.949910189019178341e-01
1.000000000000000000e+00
1.000000000000000000e+00
1.000000000000000000e+00
-5.225286896160638017e-01
1.000000000000000000e+00
7.159144514465464182e-01
-1.000000000000000000e+00
-1.000000000000000000e+00
-1.000000000000000000e+00
-1.510004914219654215e-01
6.196999617791132398e-01
-1.320851482521682996e-01
-1.693094829003033430e-01
-6.634663121149284581e-01
8.607976012974842828e-01
-1.000000000000000000e+00
-3.961387916115908792e-01
1.000000000000000000e+00
3.060223568830455765e-01
-1.000000000000000000e+00
-1.134290050411804751e-01
1.000000000000000000e+00
1.000000000000000000e+00
1.000000000000000000e+00
4.367016160295165150e-01
1.000000000000000000e+00
1.000000000000000000e+00
1.000000000000000000e+00
-1.000000000000000000e+00
1.000000000000000000e+00
6.525610715811509532e-01
6.695355489595372633e-01
-1.000000000000000000e+00
3.248624996770099749e-01
-6.333825655889560036e-01
1.000000000000000000e+00
1.000000000000000000e+00
1.000000000000000000e+00
1.000000000000000000e+00
1.000000000000000000e+00
-1.000000000000000000e+00
-1.000000000000000000e+00
-5.916613130714916124e-01
-6.970531974276051868e-01
-9.297844744569567776e-01
-1.000000000000000000e+00
-1.000000000000000000e+00
5.997288569207034348e-01
-1.000000000000000000e+00
1.000000000000000000e+00
1.000000000000000000e+00
-1.000000000000000000e+00
1.000000000000000000e+00
-1.000000000000000000e+00
8.126855896035171112e-01
-3.286975060018538786e-01
1.000000000000000000e+00
-1.000000000000000000e+00
-1.000000000000000000e+00
-6.126105428372667916e-01
-1.000000000000000000e+00
1.358129307538717967e-01
1.000000000000000000e+00
-9.825829838369120051e-01
1.000000000000000000e+00
-1.000000000000000000e+00
1.000000000000000000e+00
-1.000000000000000000e+00
8.218973164271201615e-01
1.000000000000000000e+00
-2.594038784454044677e-02
1.000000000000000000e+00
-5.818876941660815483e-01
-1.000000000000000000e+00
1.000000000000000000e+00
1.634582264328611478e-01
1.000000000000000000e+00
1.000000000000000000e+00
-1.000000000000000000e+00
-1.000000000000000000e+00
4.215135877281117605e-01
1.000000000000000000e+00
-1.000000000000000000e+00
-1.000000000000000000e+00
-1.435420799284570226e-01
-2.442283171520537310e-02
-1.000000000000000000e+00
-3.700252537524546526e-01
1.000000000000000000e+00
-1.000000000000000000e+00
-1.000000000000000000e+00
-4.760453310913886904e-01
-1.000000000000000000e+00
-1.000000000000000000e+00
1.528568016952145392e-01
1.000000000000000000e+00
-1.000000000000000000e+00
-1.000000000000000000e+00
9.958854052381669320e-01
-1.000000000000000000e+00
3.991132503022981615e-01
1.000000000000000000e+00
1.000000000000000000e+00
5.590998918438629950e-01
1.000000000000000000e+00
1.000000000000000000e+00
1.000000000000000000e+00
3.543822811472448486e-01
-4.957897852249828485e-01
-1.000000000000000000e+00
1.000000000000000000e+00
-1.000000000000000000e+00
-1.000000000000000000e+00
1.000000000000000000e+00
1.000000000000000000e+00
2.717554741847425515e-01
-1.000000000000000000e+00
-2.743499238168832233e-01
-8.346761428914908354e-01
-1.000000000000000000e+00
-1.000000000000000000e+00
1.000000000000000000e+00
9.357868975680130319e-01
4.509545847496996829e-01
-1.000000000000000000e+00
1.000000000000000000e+00
-8.793289589536499307e-01
-1.000000000000000000e+00
1.000000000000000000e+00
1.000000000000000000e+00
-1.000000000000000000e+00
-1.269134898999817462e-01
-1.000000000000000000e+00
1.020164670940193474e-01
1.000000000000000000e+00
-1.000000000000000000e+00
-1.000000000000000000e+00
-1.000000000000000000e+00
1.000000000000000000e+00
4.018192747741426984e-01
1.000000000000000000e+00
3.462413421588651508e-01
1.000000000000000000e+00
1.000000000000000000e+00
-7.335519312599908526e-01
-1.000000000000000000e+00
1.000000000000000000e+00
1.000000000000000000e+00
-1.000000000000000000e+00
-1.000000000000000000e+00
9.790497120698555822e-01
1.000000000000000000e+00
-1.000000000000000000e+00
-1.000000000000000000e+00
-1.000000000000000000e+00
-8.491829020282049001e-01
-1.000000000000000000e+00
1.000000000000000000e+00
1.000000000000000000e+00
9.985765730531005469e-01
-1.000000000000000000e+00
-1.000000000000000000e+00
-4.336166687135358799e-01
2.171126720270311061e-01
1.000000000000000000e+00
1.000000000000000000e+00
5.055940198122607088e-01
3.514637333997366886e-01
1.000000000000000000e+00
1.000000000000000000e+00
-1.000000000000000000e+00
-1.000000000000000000e+00
-1.000000000000000000e+00
-5.621828249808435984e-01
6.520041043960320692e-01
-1.000000000000000000e+00
-1.000000000000000000e+00
1.000000000000000000e+00
-1.000000000000000000e+00
-5.929611897803903631e-01
3.723633052401622567e-01
1.000000000000000000e+00
1.000000000000000000e+00
3.571937804507508973e-01
1.000000000000000000e+00
-1.000000000000000000e+00
