1.000000000000000000e+00
-6.691526687506932358e-01
1.000000000000000000e+00
2.391338673252020874e-01
6.154059212397842149e-01
1.000000000000000000e+00
-1.000000000000000000e+00
-6.611969468770781955e-01
-1.000000000000000000e+00
1.000000000000000000e+00
1.000000000000000000e+00
2.577246527530249187e-01
7.975912660832090717e-01
8.104034863044384807e-01
1.000000000000000000e+00
1.000000000000000000e+00
6.853689945302221531e-01
2.654604158155008387e-01
1.000000000000000000e+00
4.737698188947508937e-01
-6.192998818686801243e-02
1.000000000000000000e+00
-1.000000000000000000e+00
8.836205836056205687e-01
-3.118320363172972787e-01
-1.000000000000000000e+00
1.000000000000000000e+00
-5.484132219092781035e-01
-1.000000000000000000e+00
-1.000000000000000000e+00
-1.000000000000000000e+00
-1.000000000000000000e+00
-9.447293702873615917e-01
-2.332768023521957224e-01
-5.232404496034783747e-01
7.567214512065012499e-01
-1.031260788932766292e-01
-1.093669067882176021e-01
-1.000000000000000000e+00
2.765518186777258802e-01
3.086214441076817749e-01
1.000000000000000000e+00
9.541498222931813489e-01
-1.000000000000000000e+00
-8.331880539347431558e-01
8.284065505206583691e-01
3.512246340902447361e-01
-6.037466577757122366e-01
-1.000000000000000000e+00
2.237963249473031713e-01
1.000000000000000000e+00
1.000000000000000000e+00
3.572247051145098773e-01
-6.635608175938612074e-01
8.261894459735289464e-01
1.000000000000000000e+00
7.162533829868831248e-01
-7.401986795653053841e-01
-5.600381101428161257e-01
-7.310181768933621260e-02
-1.957238392320549414e-01
6.353861809149430329e-03
1.000000000000000000e+00
9.499787454197803349e-01
1.000000000000000000e+00
1.000000000000000000e+00
1.641848395638629832e-01
1.000000000000000000e+00
2.635553063644962557e-01
4.717592316065361002e-01
1.000000000000000000e+00
-1.000000000000000000e+00
-1.000000000000000000e+00
-1.986148749829519389e-02
1.000000000000000000e+00
1.000000000000000000e+00
4.747045546527818294e-01
-7.043519099898416513e-01
3.638846997328055721e-01
2.435799676376558809e-01
-1.000000000000000000e+00
2.830505308641487749e-01
1.000000000000000000e+00
-9.238108449354138774e-01
-1.433229793230086924e-01
1.000000000000000000e+00
1.000000000000000000e+00
-1.000000000000000000e+00
1.000000000000000000e+00
-6.589234288223871916e-02
-1.000000000000000000e+00
-7.152819148995833709e-01
-7.707966094540497082e-01
4.302398326000016482e-01
7.112283277130717618e-01
1.000000000000000000e+00
-1.000000000000000000e+00
1.061110862667875576e-01
-1.000000000000000000e+00
-9.774718754264541953e-01
1.000000000000000000e+00
-1.000000000000000000e+00
1.000000000000000000e+00
-1.000000000000000000e+00
-4.394292218505757575e-01
1.000000000000000000e+00
1.000000000000000000e+00
2.965538854642006950e-01
1.000000000000000000e+00
1.000000000000000000e+00
9.762854346163301056e-01
-1.000000000000000000e+00
1.000000000000000000e+00
3.740822785414796847e-01
1.000000000000000000e+00
-9.170961924516535246e-01
-4.112608347066696313e-01
-6.531943754754350184e-01
-1.000000000000000000e+00
2.331312163299514850e-01
3.569951750575878213e-02
9.515622469973733510e-01
-4.761788734890319841e-01
-6.266075160952777612e-01
-1.000000000000000000e+00
-8.035493360514474048e-01
-1.000000000000000000e+00
-1.000000000000000000e+00
7.073469147628415055e-01
-1.794401379267499541e-01
3.104820543218170248e-02
-5.550285725761776590e-01
9.087636083097120343e-01
6.502571495990443484e-01
-4.478419468583106355e-01
-7.597981159469316959e-01
-9.494335934565867330e-01
1.000000000000000000e+00
1.000000000000000000e+00
-4.710548105440945932e-01
-1.000000000000000000e+00
1.000000000000000000e+00
-3.895108680058744222e-01
-7.956668637584490833e-01
1.532746478395352607e-01
5.607831029829130065e-01
-4.667889126659225951e-01
1.000000000000000000e+00
-4.422165418613235310e-01
1.020091577315887510e-01
4.214617122578935282e-01
2.807539429444174672e-01
6.085729201385627896e-01
1.000000000000000000e+00
-1.253816299130466883e-01
1.000000000000000000e+00
1.124270372382200622e-01
8.080142366796251308e-01
-1.000000000000000000e+00
-1.000000000000000000e+00
-1.000000000000000000e+00
9.705128116497472313e-01
1.561821099566515492e-02
3.621539024216848257e-01
2.653679770219014022e-01
7.334050708747275049e-01
1.000000000000000000e+00
1.000000000000000000e+00
-1.000000000000000000e+00
1.000000000000000000e+00
9.589749964994506715e-02
3.262702066678413448e-01
-4.424101188878557522e-01
1.000000000000000000e+00
-1.000000000000000000e+00
-1.000000000000000000e+00
-1.895325294138914263e-01
-2.616522994642278555e-02
9.761483492742890622e-01
-4.450019730389699890e-01
3.004332333666143162e-01
5.316241136204512552e-01
1.441338367705633505e-01
-1.134305032173708039e-01
-1.000000000000000000e+00
-3.575064124553051226e-01
-1.000000000000000000e+00
6.401724795212853092e-01
-1.000000000000000000e+00
-1.000000000000000000e+00
-1.000000000000000000e+00
-9.022232657441456860e-01
-7.377032021834114550e-01
-8.988184238892518163e-01
-6.350625921355748105e-01
5.469182635565250639e-02
-1.000000000000000000e+00
-1.000000000000000000e+00
-5.793871359398310439e-01
8.849034204759438360e-01
1.000000000000000000e+00
-6.231857420613987619e-01
-1.000000000000000000e+00
1.000000000000000000e+00
1.000000000000000000e+00
1.000000000000000000e+00
8.557286437747388952e-01
4.113245788725002905e-01
-1.000000000000000000e+00
1.000000000000000000e+00
6.257557049320585651e-01
6.229989734750285280e-01
-5.526787807691587728e-01
3.282846171746905961e-01
2.314746732670069918e-03
5.086083392603327757e-01
7.217408817351814720e-01
-3.773862404017426231e-01
6.788531177518477566e-01
1.000000000000000000e+00
3.477606082988120573e-01
1.000000000000000000e+00
9.215794781715407336e-01
-3.400468381537300466e-01
-9.162408998158515505e-01
-1.000000000000000000e+00
-6.825949262363172343e-01
1.000000000000000000e+00
2.282578983499499170e-01
1.000000000000000000e+00
-1.000000000000000000e+00
1.000000000000000000e+00
-1.000000000000000000e+00
-1.000000000000000000e+00
-3.966419765384294749e-01
1.000000000000000000e+00
-1.000000000000000000e+00
-1.000000000000000000e+00
2.923629477993106018e-02
-2.898399481432234470e-01
-8.711504827825631292e-01
-1.000000000000000000e+00
4.465225314810372659e-02
7.482779113050131992e-01
-1.647980891465716802e-02
1.310988879747852776e-01
-5.053293718830508263e-01
1.000000000000000000e+00
-7.422763639737828267e-02
-1.000000000000000000e+00
-1.000000000000000000e+00
1.000000000000000000e+00
6.154729230357944836e-01
1.000000000000000000e+00
9.233041223478676285e-01
-1.000000000000000000e+00
9.222747508607055389e-01
3.678547708896814927e-01
-1.000000000000000000e+00
-7.822204213012207141e-01
-7.465439740398100987e-01
-6.158532722675269522e-01
1.000000000000000000e+00
1.000000000000000000e+00
1.728101360843237178e-01
