-5.430224675292427694e-01
-1.000000000000000000e+00
-1.000000000000000000e+00
1.000000000000000000e+00
4.056778103410861869e-01
-1.000000000000000000e+00
-1.000000000000000000e+00
-1.000000000000000000e+00
-1.000000000000000000e+00
-7.776729172393324063e-01
1.000000000000000000e+00
-5.023053453135808422e-01
9.719995306586348693e-02
-1.000000000000000000e+00
-6.918480983121719774e-01
-5.174813027890512451e-02
-1.000000000000000000e+00
1.000000000000000000e+00
-7.011761137825622825e-01
-1.028949189564860034e-01
-9.588281485900800316e-01
-1.000000000000000000e+00
1.000000000000000000e+00
1.000000000000000000e+00
1.000000000000000000e+00
-1.000000000000000000e+00
8.013935696909971762e-01
-1.000000000000000000e+00
-5.807434632920673856e-01
1.000000000000000000e+00
1.000000000000000000e+00
-4.898393589536775838e-02
9.077947624039213181e-01
-4.450096192374608517e-01
9.307310774590106250e-01
1.000000000000000000e+00
-3.555883983637232737e-02
5.330186706451567336e-01
-1.000000000000000000e+00
9.109336672954262415e-01
-5.475708082835248902e-01
-1.000000000000000000e+00
-1.000000000000000000e+00
-3.091468612084056766e-01
-6.975243493576510634e-02
6.740828147322952546e-02
8.455134048988107720e-01
9.543635065027866737e-02
-9.715691927913814308e-01
-2.011146951572670982e-01
5.643975019534446247e-01
-1.000000000000000000e+00
1.416149538658505458e-01
-1.000000000000000000e+00
-4.249505341389538948e-01
1.000000000000000000e+00
-1.404374301049571283e-02
4.448116495172048657e-01
1.000000000000000000e+00
-3.954642944913190350e-01
-1.000000000000000000e+00
-1.000000000000000000e+00
7.576758962992641289e-01
-3.539158242825976020e-01
-1.000000000000000000e+00
1.000000000000000000e+00
6.985645617063611645e-01
4.799619079026207769e-01
-1.000000000000000000e+00
7.556292498134405955e-01
1.000000000000000000e+00
1.000000000000000000e+00
2.720801824014325021e-01
-5.398706928961635176e-01
-6.996075442035569747e-01
4.013948612078028777e-01
1.000000000000000000e+00
-7.299802199631947319e-01
-1.000000000000000000e+00
-1.000000000000000000e+00
3.828187512079395116e-02
1.000000000000000000e+00
-2.380131626254449739e-01
1.000000000000000000e+00
1.000000000000000000e+00
-1.000000000000000000e+00
-1.000000000000000000e+00
2.448458102862391961e-01
1.000000000000000000e+00
1.000000000000000000e+00
1.000000000000000000e+00
1.771893362591478172e-01
-1.000000000000000000e+00
-5.185213629689526815e-01
-4.809782548741861063e-01
-1.000000000000000000e+00
-1.000000000000000000e+00
-9.273803897249754957e-02
1.000000000000000000e+00
1.010014409375751265e-01
1.000000000000000000e+00
1.000000000000000000e+00
3.601546267123427736e-01
-1.000000000000000000e+00
1.000000000000000000e+00
-6.425173935146351045e-01
1.000000000000000000e+00
-1.000000000000000000e+00
-1.000000000000000000e+00
-1.000000000000000000e+00
1.000000000000000000e+00
-4.629707562945356569e-02
4.706881198161759761e-01
3.971678835084302417e-01
-1.000000000000000000e+00
1.000000000000000000e+00
-1.000000000000000000e+00
1.000000000000000000e+00
7.114370303704222742e-01
1.000000000000000000e+00
1.000000000000000000e+00
1.000000000000000000e+00
-2.671944468427872033e-01
1.000000000000000000e+00
-1.000000000000000000e+00
-1.000000000000000000e+00
-2.909188463871006380e-01
5.478143151587537840e-01
-3.178452290635348509e-01
-1.000000000000000000e+00
1.000000000000000000e+00
-1.000000000000000000e+00
1.000000000000000000e+00
-2.184191656627302858e-01
-3.795789740608078722e-01
3.590902523321013451e-01
1.000000000000000000e+00
1.000000000000000000e+00
-1.880074881665644293e-01
-7.721122865977354532e-01
-7.666438317675345893e-01
1.000000000000000000e+00
3.607250368769873150e-01
1.000000000000000000e+00
-9.852020110893355831e-02
1.000000000000000000e+00
-1.000000000000000000e+00
-5.264134580307086031e-01
4.065870454152916702e-01
1.000000000000000000e+00
7.711454691139107975e-02
1.000000000000000000e+00
-1.000000000000000000e+00
-1.000000000000000000e+00
-3.304819572322815757e-01
-1.000000000000000000e+00
-8.806883858401761689e-01
1.000000000000000000e+00
-8.131778732790717612e-02
1.000000000000000000e+00
-3.086607566291068583e-01
1.000000000000000000e+00
1.000000000000000000e+00
1.000000000000000000e+00
-1.000000000000000000e+00
-8.811137166011501209e-01
1.000000000000000000e+00
3.287334735715262690e-01
4.346776114769650146e-02
5.267866010887871653e-01
3.611759704752612876e-01
-1.000000000000000000e+00
7.323304447758857139e-01
2.933931722273197540e-02
1.000000000000000000e+00
-2.601850387205608683e-01
-1.000000000000000000e+00
9.556080662531530878e-01
1.000000000000000000e+00
-1.000000000000000000e+00
-1.000000000000000000e+00
-1.000000000000000000e+00
5.197128717842355305e-01
-2.900109268536443796e-01
-7.295968512706900722e-01
2.080838839112264527e-01
1.000000000000000000e+00
1.000000000000000000e+00
-5.124724444250282618e-01
-1.000000000000000000e+00
-1.000000000000000000e+00
9.619899148171597858e-01
-1.000000000000000000e+00
-1.000000000000000000e+00
-2.499407495356368303e-01
5.370972701967001717e-01
1.000000000000000000e+00
1.000000000000000000e+00
1.000000000000000000e+00
1.000000000000000000e+00
-1.199283475654035480e-01
-1.000000000000000000e+00
3.515924984714168255e-01
-5.508047634833630468e-01
6.447943230048500673e-01
-5.299385987823064248e-01
-7.399281664061767572e-01
-1.000000000000000000e+00
1.000000000000000000e+00
-1.000000000000000000e+00
1.000000000000000000e+00
-9.894043690960671045e-01
-1.178815797077301664e-01
2.908448246783091884e-01
1.000000000000000000e+00
-7.903909129976893766e-01
1.000000000000000000e+00
1.998094236046470407e-01
-2.240697730280840627e-01
8.419752678401460910e-01
7.331870789257555199e-01
-3.416060286346478403e-01
-9.353633947568891216e-01
-5.313888143402177855e-01
1.000000000000000000e+00
-1.000000000000000000e+00
-1.000000000000000000e+00
-1.000000000000000000e+00
-1.000000000000000000e+00
-1.000000000000000000e+00
4.639523113635007912e-01
-9.772797473030836457e-03
1.000000000000000000e+00
1.000000000000000000e+00
1.000000000000000000e+00
1.000000000000000000e+00
-8.223319155842931938e-01
6.907493725798619089e-02
5.189253691148929537e-01
-1.000000000000000000e+00
4.908584465511272033e-01
7.798249570262365538e-01
1.000000000000000000e+00
8.399817625286278844e-01
-9.877348918670696420e-01
-1.542680837796087667e-01
1.000000000000000000e+00
8.824945730754298889e-01
1.000000000000000000e+00
6.812454611682474681e-01
-1.000000000000000000e+00
3.967972888547585120e-01
9.115021258550954908e-01
1.000000000000000000e+00
-1.000000000000000000e+00
2.812450683612583990e-01
1.000000000000000000e+00
1.000000000000000000e+00
-1.000000000000000000e+00
-7.713228458987423375e-01
-8.471142628124295193e-02
-1.000000000000000000e+00
-6.155582839710600496e-01
1.000000000000000000e+00
-1.000000000000000000e+00
