-9.490919008804292734e-01
6.000468369570615135e-01
-7.530147645985219018e-01
6.547969568777796123e-01
-9.349003237557806933e-01
9.634147116047095949e-01
6.891259120183945708e-01
-3.630154085737118397e-01
-4.819927440954661080e-01
-5.530137721561683151e-01
9.646844420431979206e-01
3.881452628902393176e-01
-6.465042055331302606e-01
2.078540154279440166e-01
5.740492124294935827e-01
5.111447246049083404e-01
-4.420684265480723241e-01
7.668344050316875382e-01
4.618980902281970558e-01
-3.581662072998894608e-01
-7.165431436653157959e-04
3.101407851628854573e-01
4.769704515437098724e-01
-1.704007195596277668e-01
2.515259346431293341e-01
1.569266714320893819e-01
-5.693214454780539668e-01
-3.983734361045943029e-01
6.839639810874620363e-01
-8.493569700941834277e-01
-3.813064672084882645e-01
-3.169953390902540136e-01
-2.828576657756700641e-01
8.990744109650841143e-01
6.140641259791874695e-01
-1.533048327348405238e-01
8.554118705286934965e-01
-4.463104515804785510e-01
-2.310845444311444563e-01
-1.403166842817988869e-01
-8.988739049379441681e-01
-1.307707041102237344e-01
-3.681973253679138303e-01
-2.897560554689992962e-02
4.200602692052801679e-02
-5.548340568245329063e-01
9.206289808401066921e-01
8.522744684586711639e-01
-1.878598401076980728e-01
-8.769403807745876911e-01
5.537674468878821532e-01
2.518576057376116228e-01
9.241926636687192165e-02
-1.562623604891371087e-01
9.496308083567992497e-01
-5.095699205410095800e-01
4.187123394540837040e-02
-5.383512243874657432e-01
-6.323122683577264702e-01
2.769171443869840044e-01
-7.622712877068125170e-01
5.044136905048453023e-01
3.311256499507739814e-01
-1.531805888462174359e-01
-8.740162609630508506e-02
8.931624236059614308e-01
5.225874608906644347e-02
-6.726109738454570941e-01
-4.536269975194273663e-01
2.620767254781608546e-01
-1.773361356228899677e-01
-7.351413042429701949e-01
-5.354138614061865198e-02
-1.922263124737526585e-01
-7.475106260570907324e-02
-1.995742253507060138e-01
-5.230861084063196387e-01
4.003568958261829458e-01
9.817097150003117889e-03
-3.594245887608822354e-01
1.767580181939618633e-01
7.538870643100279434e-01
-6.093557825626580993e-01
9.981737282688296631e-01
7.165829436337411984e-02
-4.672896706911040532e-01
5.107541191233380129e-01
4.737276906622291950e-01
5.553380186040084432e-01
1.389452600676670535e-01
-6.628466014602185652e-01
-3.673800400181164161e-01
2.283969695729191063e-01
-2.626936393525876046e-01
8.488935465684506188e-01
9.829211250443317116e-01
-8.971374961743316945e-02
5.257393536151737656e-01
2.377491209106803449e-01
7.315531752852355574e-02
-4.499057765829359568e-01
-1.627935556552806418e-01
9.845259098501761841e-01
-4.270026389936965039e-02
4.182033272284071401e-01
3.910233823775228768e-01
6.545579022270620051e-02
-4.895148538917704073e-03
-3.732158271949947981e-01
5.014177768047975992e-01
6.747818238800844526e-01
3.422423652894519552e-01
-3.770360075504284314e-01
8.606007316198527324e-01
5.345194971983269205e-01
-1.140275503051713102e-02
2.431661326382732469e-01
9.762457681268892351e-01
-1.596099447300465268e-01
-6.834961529479459674e-01
-1.387141224681500695e-01
-5.158058553314222028e-01
3.185826427043767506e-01
-8.677512808882941187e-01
-7.978051921790576539e-01
-4.664965569788970257e-02
-4.528346601210675448e-01
-4.247926977541336413e-01
4.624480633427872078e-01
-6.783777814655129745e-01
-7.666454288401010064e-01
-9.682705375716234020e-01
-3.459457161988439555e-01
-6.032589972088051589e-01
-3.262570387534209360e-01
-8.098571285358140415e-01
-3.945030079871516548e-01
2.890852511641919254e-01
6.422696000747836198e-01
-3.998288980834403539e-01
-1.043897383838321424e-01
-6.087687887024713085e-01
-7.121556178588972497e-01
6.914151302755531248e-01
8.625336713012943246e-01
-5.062587832138036870e-01
-3.468038392972516704e-01
-4.339146202923784834e-01
-9.086137349850782474e-01
5.302855619643198626e-01
-7.536166371047747781e-01
-3.645076858264630904e-01
8.522163848590851298e-01
2.032298147268285504e-01
7.213318997705147062e-01
7.752134266612875635e-01
7.829144798638860703e-01
-7.779873845175340197e-01
5.309618346032949354e-01
4.639996826277561492e-01
-1.900902380286264570e-01
9.905424629425274574e-02
7.297434063554091299e-01
8.031724882847759428e-01
6.879525457248214515e-02
-5.212053323553096362e-01
5.926801358049993418e-01
4.849440016607950987e-01
1.341798333102661722e-01
4.253060909678474388e-03
-5.230632768825562717e-01
5.318571308972159795e-01
7.975395533693629968e-01
4.108169367374170378e-01
9.267239743369894978e-01
-6.194335521275908807e-01
3.891141355975757943e-01
-6.095019761485052090e-01
8.646691470244773914e-01
6.224524726404740971e-01
2.813868875552880677e-01
3.913996427483634744e-01
-4.448129813303014490e-01
-3.671797722439875677e-01
3.111652038218366556e-01
-2.363275429544260398e-01
-3.361859156499202861e-02
6.080121368628013112e-01
5.232243103421618802e-01
-5.920789848190650684e-01
8.929731814771346698e-01
-2.744354609314587634e-01
1.908410303462559909e-03
9.497987960162450616e-01
2.550672417391213198e-01
-4.278688711334144301e-02
-9.986607360744861328e-01
-5.890216204683078605e-01
-3.756234906678934671e-01
4.986660348051266123e-01
-1.313393228592227846e-01
2.402118832342856614e-01
3.935224688894534140e-02
-9.273453869517283010e-01
3.769560670334788366e-01
1.086086225069025080e-01
-4.457285121758811641e-01
1.873840527183041615e-01
-5.656235864867866781e-01
6.097435222681275580e-01
1.085734445293251582e-03
1.445662296232352872e-01
4.018649336846591424e-03
2.879822034651855489e-01
8.305999603772529216e-01
-9.237500021961331242e-01
3.937673117555746671e-01
-5.881372735401402263e-01
3.808655430671519238e-01
9.420281949601467808e-01
-7.605366149657459829e-01
-6.554045796321734674e-01
3.325409351854082818e-01
1.285400218145886786e-01
9.590066509467376488e-01
-6.672507140382379909e-01
5.116423462227981389e-02
7.905914431991800662e-02
5.079951141140144344e-01
2.243382199226715557e-01
-7.153014442825935681e-01
5.042798221242899004e-01
1.521291556937012235e-01
6.250157717974562654e-01
7.092003139309084325e-01
4.563099390533342792e-01
-1.719789841559093979e-01
6.358545109013131746e-01
-7.322470112304668710e-02
-2.997352043442746972e-01
3.898784729491362455e-01
-3.297612936020051233e-01
9.599646275320705691e-01
-5.828098071372072031e-01
-5.739259769791946741e-01
5.275687147679399835e-01
-3.772670474829815657e-01
-2.265830672643358579e-01
7.593925812586079793e-01
3.015194956870006493e-01
3.208181294900716019e-01
-1.986982222711108914e-01
2.365948267186894771e-01
5.099737063235827428e-01
-4.097932581099361649e-02
-4.844510164911934869e-01
-4.345203931714185508e-01
-8.657761981536067353e-01
9.314367377636889600e-01
2.426744078453830777e-01
6.147992765761449707e-01
4.688094626606420512e-01
-8.439708662738165668e-01
-9.549736202205023616e-01
-4.391061537306240048e-01
