-6.502232675213412971e-01
-3.484162623345308241e-01
-4.428395057613635499e-01
7.424134351529707576e-01
1.000000000000000000e+00
1.000000000000000000e+00
9.571383643701223409e-01
-5.072653825963095997e-01
6.093258340370180104e-01
-8.966250325825138034e-01
-6.523134269403845220e-01
-1.000000000000000000e+00
-1.463371131528755364e-01
-2.243391648087975088e-01
7.818535478620292078e-02
5.025954049490695130e-01
-1.000000000000000000e+00
-3.467907422485469460e-01
5.436598451271019705e-01
-1.000000000000000000e+00
3.815624954204985819e-01
-2.668513323885245425e-01
-6.659639821637424184e-01
-8.195975463203719613e-01
3.697491676069919464e-03
5.918626283721361431e-02
-9.916351559946714467e-01
-9.246351871589975069e-01
5.312173205116026420e-01
8.423937050059640552e-02
5.935954904353061279e-01
-1.000000000000000000e+00
1.000000000000000000e+00
2.705351355662306556e-01
-1.000000000000000000e+00
-9.328537011616275798e-01
3.724618691568419848e-01
-1.963194782761501500e-01
-7.909756592131522712e-01
-1.000000000000000000e+00
-5.664642019158018238e-01
-1.970114386802614970e-01
-1.000000000000000000e+00
-1.592238007254773713e-01
-3.086322911223990939e-01
-1.000000000000000000e+00
-6.831363921190500843e-01
-2.036168935342443920e-01
4.366530781067823330e-01
-7.698728012421605094e-01
-9.073691895718205558e-02
7.417779565250659513e-01
-3.104222434222674298e-01
7.811891737857956652e-01
-6.681568405079427730e-01
-8.944202414739677032e-01
4.688244753306793910e-01
1.000000000000000000e+00
-5.455991828088462281e-01
-1.000000000000000000e+00
1.000000000000000000e+00
-3.864248928438327457e-01
1.000000000000000000e+00
-4.630568994338544186e-01
-1.459069899828976391e-01
-4.630845556373341942e-01
5.831576115872347810e-01
-1.000000000000000000e+00
-5.478679102810666279e-01
4.521187281536049873e-01
8.993402120764371066e-02
-2.469361990123670747e-01
6.201636822571564567e-01
6.614065148772327873e-01
-1.000000000000000000e+00
8.677985763659545881e-02
-8.736555953708337041e-01
-6.773234744065154134e-01
8.272540957073708512e-01
-3.662453246438357457e-01
2.886826961581314688e-01
4.224640328151348934e-01
-8.313887576677485569e-01
4.397895007201284567e-01
1.740885070732707818e-01
-1.000000000000000000e+00
-3.217817170640556723e-01
-1.501832815067576932e-01
-6.980876544748997325e-01
4.694537644417620115e-01
1.000000000000000000e+00
-2.623852183016905926e-01
1.271910686652211186e-01
-3.225857420250535790e-02
-9.094619171677891245e-01
-1.840459088985285652e-01
6.435671403656315626e-01
8.897885734201959052e-01
9.323903696118330808e-01
1.265874791679721945e-01
1.000000000000000000e+00
1.000000000000000000e+00
-1.109960804440546234e-01
3.498060945529466448e-01
-2.920941491855181260e-01
1.000000000000000000e+00
-3.132486340382989454e-01
6.314255096176895066e-01
-4.433871443011672131e-01
1.000000000000000000e+00
-4.175320804000026698e-02
6.011450865902419061e-01
3.530514984557130975e-01
2.103500087471976698e-01
1.555218056769460677e-01
-2.719111684713437782e-01
6.063071147430565411e-01
5.624578077646380514e-01
-3.673610646004952240e-01
-1.000000000000000000e+00
6.951099101107768297e-01
-1.341212104127137428e-01
1.389615711107334839e-01
-8.991025790406115270e-01
4.043410689559983617e-01
1.000000000000000000e+00
6.682604346944696072e-01
-5.426790405678041385e-01
6.868310177013675633e-01
-9.298609886415982739e-01
1.696838018427238026e-03
7.833366306297173676e-01
-1.000000000000000000e+00
1.000000000000000000e+00
-1.154853652727121371e-01
-7.368504654185661917e-02
1.000000000000000000e+00
6.999634062485606822e-01
-9.141251642732446392e-01
4.829548236682474904e-01
-5.334533637314435861e-01
6.433354628798606534e-01
-8.047144559131214070e-01
4.668283231503027597e-01
6.941591888317196757e-01
-1.000000000000000000e+00
4.556973200314881622e-01
1.000000000000000000e+00
2.220346379359356970e-01
9.470110456204847704e-01
-8.276922629458530745e-01
7.669480453334152070e-01
1.000000000000000000e+00
9.898945639989109591e-01
-1.000000000000000000e+00
1.000000000000000000e+00
7.986522131493400956e-01
-1.539556798404715376e-01
1.000000000000000000e+00
4.113139548555739822e-01
-6.446062057653239030e-01
-2.783215349233711944e-01
6.085981991513180756e-01
-5.365457320829200016e-01
4.903475112344350961e-01
2.682134428785630798e-01
5.380138299612708952e-01
7.348185960533244465e-01
1.000000000000000000e+00
2.787297610829497785e-01
-1.000000000000000000e+00
-6.877276265610658967e-01
1.000000000000000000e+00
-4.131573467243406239e-01
-1.000000000000000000e+00
-6.645164299449126677e-01
8.623487273871974779e-01
-1.000000000000000000e+00
-1.000000000000000000e+00
-9.983005420345562042e-01
1.971187226256865266e-01
-5.321342597905579508e-01
-9.929231282258252911e-01
3.138128460971709721e-01
5.624983806773109496e-02
-7.931299722328147839e-01
-5.946298065155295465e-01
1.000000000000000000e+00
1.671395245306687150e-01
-1.000000000000000000e+00
-2.767505499791589330e-01
6.716837046674219991e-01
-9.380813745087774880e-01
3.228523167685937167e-01
-9.432202461650911474e-01
-5.398651639851372863e-01
4.520628292859045771e-01
8.719521543741561853e-01
-1.362228264951481638e-01
-5.505633090273434060e-01
3.694013779324223368e-01
8.200796073773708450e-01
-5.057679103330798842e-01
-5.048467854675380284e-01
-1.353515501345543548e-01
1.418125278286064272e-01
-2.351582092457333850e-01
-9.280305536170785352e-02
4.314026243985272790e-01
3.474461939014594769e-01
-6.414846840500356695e-01
8.382312474786903778e-01
1.000000000000000000e+00
4.978284659278497948e-01
-3.827484698052980860e-01
-1.000000000000000000e+00
3.136651153944478576e-01
1.000000000000000000e+00
-4.265074471759631169e-01
9.296831812697824438e-01
8.381605137471538347e-01
3.208196393664961565e-01
1.000000000000000000e+00
7.777768748356486128e-01
1.210752797170500106e-01
-2.595717570977007504e-01
1.413561522968305173e-01
-7.446731922544864712e-01
3.775242981764543870e-01
-7.793374102003312043e-01
-1.911825142974482583e-01
-8.505673463916542110e-01
8.780620489464796563e-02
1.000000000000000000e+00
-1.000000000000000000e+00
8.878350125552518790e-01
-7.208469475236403134e-01
-4.288105269884345816e-01
-7.149600136249354421e-01
-1.000000000000000000e+00
-1.114286758887679252e-01
-1.000000000000000000e+00
-4.765662468523637618e-01
2.254066084255894609e-01
-8.535899147037011581e-01
1.000000000000000000e+00
3.593979353218068606e-01
9.279116711107839865e-01
1.000000000000000000e+00
-1.233765561709923020e-01
-1.000000000000000000e+00
9.900890675383171580e-01
1.000000000000000000e+00
-7.796813758993876853e-01
7.493177904931742628e-01
4.541649764309694248e-01
5.490820179252744460e-01
8.248111212775213197e-01
-9.804316752118218403e-01
9.249836528006594172e-01
-2.965089788213661759e-01
9.496752543250501777e-01
8.396220574619015498e-01
9.422123314729571320e-01
-6.256075758717891677e-01
