1.000000000000000000e+00
4.559634403425265048e-01
1.000000000000000000e+00
1.000000000000000000e+00
1.000000000000000000e+00
-1.000000000000000000e+00
1.000000000000000000e+00
-4.513285753947796630e-01
-2.496473885813332017e-01
1.000000000000000000e+00
1.000000000000000000e+00
-1.000000000000000000e+00
1.000000000000000000e+00
1.000000000000000000e+00
-7.309765349911223620e-02
-1.000000000000000000e+00
-2.828881142383172786e-01
1.000000000000000000e+00
-2.766663180522613841e-01
-1.000000000000000000e+00
-1.000000000000000000e+00
4.510112157488058715e-01
-8.803952247113706608e-01
5.378697164093160232e-01
1.000000000000000000e+00
-3.372082601096019761e-01
8.767400172689310267e-02
-1.000000000000000000e+00
-5.025567848643117674e-01
1.000000000000000000e+00
-1.000000000000000000e+00
1.000000000000000000e+00
1.000000000000000000e+00
3.845985422185611569e-01
7.002766417008789990e-01
1.000000000000000000e+00
-1.000000000000000000e+00
-9.529998777924993947e-01
1.000000000000000000e+00
-1.000000000000000000e+00
3.200409458864605927e-01
3.164516868585858234e-01
-1.000000000000000000e+00
-1.000000000000000000e+00
5.991736449771232209e-01
-8.799591409236642292e-01
1.000000000000000000e+00
4.912493828339328239e-01
1.175878374098289214e-01
1.000000000000000000e+00
-1.000000000000000000e+00
-1.000000000000000000e+00
-1.000000000000000000e+00
1.000000000000000000e+00
-1.000000000000000000e+00
1.000000000000000000e+00
-3.469336144265974808e-01
1.000000000000000000e+00
-1.000000000000000000e+00
-1.000000000000000000e+00
-1.000000000000000000e+00
-1.000000000000000000e+00
1.000000000000000000e+00
1.000000000000000000e+00
5.395780345639589193e-01
9.909060954557540324e-01
1.000000000000000000e+00
-8.681463709589775091e-01
1.000000000000000000e+00
4.548501738726562493e-01
-1.000000000000000000e+00
-6.679525199574998240e-01
1.000000000000000000e+00
1.000000000000000000e+00
6.775490939880404184e-01
8.816597534828701788e-01
4.880661868907295586e-01
-8.511186568921301765e-01
-1.000000000000000000e+00
6.552743955966311429e-01
8.121610843997082441e-01
-1.000000000000000000e+00
-1.000000000000000000e+00
-1.000000000000000000e+00
1.000000000000000000e+00
1.000000000000000000e+00
7.271725845151137957e-01
1.000000000000000000e+00
-1.000000000000000000e+00
-1.000000000000000000e+00
-1.000000000000000000e+00
-1.415604369527612150e-02
4.965074690021551440e-01
1.000000000000000000e+00
1.000000000000000000e+00
7.189993186769250144e-02
-1.000000000000000000e+00
-9.444236110126804640e-01
-1.000000000000000000e+00
-1.000000000000000000e+00
-9.856324232131017382e-01
1.192763117649527915e-01
1.000000000000000000e+00
5.788960256792872183e-01
1.000000000000000000e+00
1.000000000000000000e+00
5.600954457419530241e-01
1.000000000000000000e+00
-1.000000000000000000e+00
-1.000000000000000000e+00
-1.000000000000000000e+00
-1.000000000000000000e+00
8.622702640472017510e-01
-3.538512990106888467e-01
1.000000000000000000e+00
-3.902112259739681233e-01
-1.000000000000000000e+00
1.000000000000000000e+00
1.000000000000000000e+00
-1.000000000000000000e+00
6.806551812597749773e-01
6.319100313956864667e-01
1.000000000000000000e+00
-1.000000000000000000e+00
-1.411750896560447499e-01
-1.000000000000000000e+00
1.000000000000000000e+00
-1.000000000000000000e+00
-1.000000000000000000e+00
5.210471119147427332e-01
-1.000000000000000000e+00
3.927368464411395976e-01
1.000000000000000000e+00
-1.000000000000000000e+00
1.000000000000000000e+00
6.909256018329319460e-01
-2.313595530735462757e-01
-1.000000000000000000e+00
-1.187918381051957795e-01
-1.000000000000000000e+00
3.195416735603047176e-01
1.609529559461806425e-01
1.284106239889911683e-01
9.805533057089892424e-01
-6.539669678066811764e-01
-1.689849758137328961e-01
-1.486052802669062256e-01
-7.922434240219574653e-01
1.000000000000000000e+00
1.000000000000000000e+00
-1.000000000000000000e+00
-9.222248901430063484e-01
-1.000000000000000000e+00
-1.000000000000000000e+00
-1.340457166071959971e-01
2.085516040755019951e-01
-1.000000000000000000e+00
-4.765791594043755630e-02
5.897454304397086178e-01
-8.139577056073861172e-01
1.000000000000000000e+00
-6.042590013290665141e-01
-1.877200595782272385e-01
1.803909368489124976e-01
-1.000000000000000000e+00
-1.000000000000000000e+00
3.125020404392315765e-01
1.000000000000000000e+00
1.000000000000000000e+00
-1.000000000000000000e+00
1.000000000000000000e+00
-1.000000000000000000e+00
-1.000000000000000000e+00
1.000000000000000000e+00
1.000000000000000000e+00
-1.000000000000000000e+00
-4.135023514614738493e-01
-4.548964081491813083e-02
1.000000000000000000e+00
-1.000000000000000000e+00
2.069672661591028806e-01
1.000000000000000000e+00
1.000000000000000000e+00
-6.695173996800005689e-01
7.314439453662419099e-01
3.314321635344176231e-01
1.000000000000000000e+00
-1.000000000000000000e+00
1.000000000000000000e+00
-5.013997070726050609e-01
4.379892158835545501e-01
3.732369533805310891e-01
-9.276358649815745760e-01
1.000000000000000000e+00
-6.161951350889277590e-01
7.396851640733553834e-02
-1.000000000000000000e+00
-6.593748430207031497e-01
3.472330712102719152e-01
-9.513670344764258990e-01
-1.000000000000000000e+00
1.000000000000000000e+00
-8.831339998245006928e-01
-1.000000000000000000e+00
3.120204291702841637e-01
-1.000000000000000000e+00
1.242332913681025858e-01
-1.000000000000000000e+00
-1.000000000000000000e+00
7.958648143761802851e-01
-1.000000000000000000e+00
-8.995611524518992708e-01
3.758372130268428646e-01
1.509917844677196863e-01
1.000000000000000000e+00
-1.000000000000000000e+00
-8.207356130347105427e-01
-1.000000000000000000e+00
-1.000000000000000000e+00
5.585144114461233489e-01
3.100852555161434654e-01
9.363402086776212441e-01
-5.704147428026620226e-01
1.000000000000000000e+00
-1.000000000000000000e+00
5.818696426184870596e-01
-5.304855833392960740e-01
6.130932240314284076e-01
7.908373044476659786e-01
-1.000000000000000000e+00
-1.000000000000000000e+00
9.150173399983128064e-01
1.000000000000000000e+00
-5.659528781938472086e-01
1.000000000000000000e+00
-1.000000000000000000e+00
3.186635873923071571e-02
-1.000000000000000000e+00
-1.000000000000000000e+00
-1.000000000000000000e+00
-1.000000000000000000e+00
1.000000000000000000e+00
1.000000000000000000e+00
1.000000000000000000e+00
1.000000000000000000e+00
-5.392983340865511455e-01
-1.000000000000000000e+00
1.000000000000000000e+00
1.000000000000000000e+00
1.000000000000000000e+00
-4.718712794535236954e-01
2.235582602243895156e-01
-6.396448205444826840e-01
-1.000000000000000000e+00
3.344737137385935810e-01
1.000000000000000000e+00
1.000000000000000000e+00
1.000000000000000000e+00
-4.540776665558451386e-01
5.317532177246355740e-01
1.000000000000000000e+00
-6.866312536925436305e-01
-9.159617643884224725e-01
-2.994842274644006763e-01
-1.000000000000000000e+00
