-9.967267548548013334e-01
-8.086235357344917496e-02
-1.385656613544614668e-01
-4.036504270686713802e-02
2.644741572586071232e-01
6.773465958392288488e-01
7.238853221673500205e-01
-1.109439100371938380e-01
2.305149254466607456e-01
8.870358974485814674e-01
9.458376929091585339e-01
-1.608623251413909827e-01
3.527759088632453910e-01
-5.969484061472323244e-01
7.143574514625494754e-01
6.998152559981742904e-01
1.322038166969816686e-01
-5.167500715337802752e-01
2.173619585020054590e-01
7.570315915587031430e-01
3.064406083443111939e-01
5.717691333931895770e-02
-5.442575532248092873e-01
4.037021095212829369e-01
5.694895363865444260e-01
3.625085343929201898e-02
5.965549911186833754e-01
-2.900738417786552503e-02
8.431492841334107258e-01
2.234182167215057468e-01
9.562889902496900518e-01
-3.352458875336683519e-01
-6.346911572576185989e-02
-2.489125642563281282e-01
-4.440289399859107533e-01
-3.649673635734784760e-02
3.867023787990662154e-01
-6.749677038866772616e-01
-4.204020121833289547e-01
-7.578029018763841052e-01
-5.518352900545691053e-01
7.443433500579099693e-01
7.150044040684166990e-01
6.512074774095422125e-01
6.189073459022880197e-01
-2.415789198164122187e-01
-6.064928870304966413e-01
5.468976180429307998e-01
-3.798012281727436434e-01
-7.586431286803383411e-01
-7.041227992291372306e-01
-6.219993633289251367e-01
2.011884709967315388e-01
2.585240007268840845e-01
-8.737388348063661603e-01
8.499089235625256755e-02
5.298731923575088487e-01
-5.150719254700146799e-01
-2.362604033399244852e-01
-7.338504274779347192e-01
1.982925455187074526e-01
-5.969989333801219988e-01
-8.430149197374003922e-01
-5.932969842800328575e-01
-8.195268580108283629e-01
-9.687782027846087995e-01
-9.061566483823044749e-01
-9.226431416700946464e-01
2.430717855863135934e-01
-6.332008182835089372e-01
-4.684982683089644606e-01
-2.743363737058310825e-01
4.863544539028556990e-01
-7.227100903267640319e-01
-9.865067536260638814e-01
1.401728162288236046e-01
-6.491511602139268255e-01
2.288764047628661924e-01
4.701961510294210278e-01
3.604708855795601963e-02
6.763835918661200708e-01
-1.898676025378933652e-01
1.498720611877402131e-01
1.546699650461969000e-01
-2.365873231609880722e-01
-1.543924012697761583e-01
1.558532412879793938e-01
6.331245472959701193e-01
-4.139048167356795815e-01
8.236412788637970106e-01
1.273138704211613792e-01
-8.368598030813862998e-01
-9.940167503581349706e-01
-7.314076948972580983e-01
-6.643308954526550014e-01
8.324520473740606441e-01
-1.860268308191879161e-01
2.048532122744284312e-01
9.748304391803919167e-01
1.227856582831436949e-01
-1.047704841902084016e-01
1.799411628035976207e-01
-9.722085071297101866e-01
-1.092529277380966946e-01
-7.706722532423126992e-02
8.004700987874402429e-01
3.740368822608655108e-01
-5.767177507886560583e-01
1.049214148861661311e-01
7.123487849979279751e-01
2.478638242110196011e-01
-8.068907037363972634e-01
-9.345475329037911116e-02
-9.097249596592815735e-02
-6.415930439242796268e-01
3.112304580759874817e-01
-8.225419786257590626e-01
3.412967107041644521e-01
4.123071864109337792e-01
3.745987850667376051e-04
4.310774956840750516e-01
-5.186901593721704451e-01
-5.534577954998498583e-02
5.999694448657701962e-01
-6.309351649362098247e-01
-7.437411559318340970e-02
1.633320219118068461e-01
-5.230558035620840318e-01
-6.115443534880580234e-01
5.243958489187123817e-01
7.110177737382206153e-01
-2.002679348877012266e-02
8.098470514921505270e-01
3.809416739317466050e-01
5.342683112088004727e-01
9.288302279604643275e-01
-5.378761968363527934e-01
-2.804616276510873973e-01
5.358440645506450384e-01
3.659516022925584089e-01
-3.349343906732229481e-01
3.023188994363985582e-01
-5.712058874946717157e-01
-8.082048735424236519e-01
-9.103608796277158355e-01
9.784438648616553547e-01
8.690410865864179879e-01
-3.812984667845609188e-02
5.905339767369972570e-01
-4.291065058948120292e-01
8.681572838284390414e-01
-2.763014672028898389e-01
4.275727351380795849e-01
-1.489033681926472674e-01
1.957484739957553455e-01
4.715766537260404068e-01
3.966883919076382714e-01
6.702324412199600623e-01
-9.725453020145036209e-01
7.223738536222543694e-01
-4.987090243381286925e-01
-1.352930439332755697e-02
3.439625826529912889e-01
4.110736992893648800e-01
-9.010923098412861876e-01
1.039335630856710324e-01
-8.984777101180221326e-01
-2.625441742543199730e-01
-8.285126161461697780e-01
6.952737834281832452e-01
9.117168949157630209e-01
3.024162957214524550e-01
4.496519655473256716e-01
-3.383449472763035981e-01
3.064718169345692633e-01
-9.554882809868272542e-01
-3.923445539716019503e-02
-9.057673658354776780e-01
-3.870148443380712067e-01
9.799836786120370569e-01
-7.043949268324551927e-01
-8.273456248922934630e-01
-6.585180067516227531e-02
7.815756378198595034e-01
2.359374060709318321e-02
-8.525652892215833667e-01
7.174906709881718747e-01
-8.758663470521153016e-01
-3.547519948080124497e-01
-6.601595657249768045e-01
9.607068227743191802e-01
4.460386728391956268e-01
4.809641400835620306e-01
8.271203520595278302e-01
-8.981662614221732621e-01
3.937088518317291008e-01
-5.180277336299474733e-01
8.268205858150021736e-01
7.771887603904268360e-01
-9.469649731644034230e-01
-9.124246248671734616e-01
4.545245622351024029e-01
-5.216771087031368825e-01
-2.178946303515261196e-01
-9.228433592165348198e-01
-5.620282307141932776e-01
7.537011336733185907e-01
4.019837775368664268e-01
5.017172179625006834e-01
-8.981803167714172975e-01
5.979272892868747746e-01
5.277437532986508639e-01
-4.533715980739165818e-01
-8.008943537714532379e-01
-8.080395300331466579e-01
-6.153151990844247798e-01
2.563200434759691504e-01
3.933200383531398892e-02
-1.295597730975590611e-01
3.737802085517618611e-01
1.842346244536370303e-01
-1.550668955627954038e-01
3.155177637905439703e-01
3.494247798640282010e-01
1.903168567084814189e-01
2.002556186652253434e-01
1.371387523863203395e-01
9.046420865110245124e-01
9.829738925537216954e-01
1.301699485187763905e-01
1.919669737064431114e-01
9.410449748053639762e-01
-7.730081381791589212e-01
3.213468773521233057e-01
9.238926629525661127e-01
-2.098156673366444736e-01
9.746561024279329910e-01
-9.973082157750743360e-01
-5.338537918733801124e-01
-4.536598248867684813e-01
4.767863459151395755e-01
-3.824570887036484734e-01
-1.294529266315529448e-01
9.644462982259192074e-01
-7.997886136256675549e-01
-1.173168646281548266e-01
8.445543171194425103e-01
2.378636253343382467e-01
4.826971225940921428e-01
-9.931100455241748115e-02
-4.710149133096752649e-03
-9.778047283252140343e-01
-9.698974818424768163e-01
1.112760481442174321e-01
8.710158814356718793e-01
-7.122499551355188085e-01
-2.765725950982926840e-01
6.267497590075019609e-01
2.526260243170947994e-01
8.896598621737619172e-01
-2.644452521268527700e-01
-8.134732684578871442e-01
-9.333747320922791690e-01
5.765635542943357006e-01
-5.140463248141364794e-01
