-6.969780963011484864e-03
-1.000000000000000000e+00
8.478913764795611430e-01
1.720692735631728087e-01
-1.529844335394463517e-01
1.000000000000000000e+00
-2.012023648893745964e-02
-1.000000000000000000e+00
-1.000000000000000000e+00
1.000000000000000000e+00
1.000000000000000000e+00
-9.687776224250939094e-01
-9.644593151761935435e-01
-2.013213134303803997e-03
8.126361909813573092e-01
8.479745478788478508e-01
1.000000000000000000e+00
-1.000000000000000000e+00
-4.242172585986753730e-01
1.327266764052698611e-01
4.220367642674091035e-01
1.000000000000000000e+00
-2.967000817660944145e-01
1.000000000000000000e+00
-4.313749464160854252e-01
2.078953443670685797e-01
-6.182644018230468719e-01
-4.841878807702115761e-01
-1.000000000000000000e+00
-1.000000000000000000e+00
-9.164620361774804547e-01
-7.746264110719300877e-01
5.108337649735690267e-01
1.000000000000000000e+00
4.832481263741198463e-01
-9.625833307750166767e-01
-1.000000000000000000e+00
3.794155909152474582e-01
-2.145202736980083014e-01
-3.921394455106308463e-02
7.597178833176894130e-01
-7.022631871632255274e-02
-6.809058548419275603e-01
1.000000000000000000e+00
1.906662680476123306e-02
1.000000000000000000e+00
1.000000000000000000e+00
-5.954177096295976135e-02
-1.000000000000000000e+00
1.214607704277360645e-01
6.109040440077365686e-01
8.661761967458738720e-01
-2.898697070160723976e-01
-7.704257907428626595e-01
6.615459386336348668e-01
4.107278672579207646e-01
1.000000000000000000e+00
-6.380980174803898564e-01
-6.431003206240987202e-01
-5.821684961344971709e-01
-6.882975450576068743e-01
-8.839810537957593084e-01
-5.817386561062627415e-01
-1.000000000000000000e+00
-2.432940886410405734e-01
2.008695293042417340e-02
-3.771737796801168385e-01
-1.000000000000000000e+00
8.167520581274623215e-01
1.802305000011995562e-01
1.000000000000000000e+00
-1.000000000000000000e+00
-1.000000000000000000e+00
3.727649749397654588e-04
-6.476442796953512104e-01
-1.000000000000000000e+00
-1.000000000000000000e+00
-1.000000000000000000e+00
-7.330181106664379609e-02
5.739332938409926754e-01
1.000000000000000000e+00
1.000000000000000000e+00
-2.780687349416808285e-01
-1.982386597293284147e-02
-1.000000000000000000e+00
7.643399093809621903e-02
-9.868115739399393460e-01
1.000000000000000000e+00
3.510358293644754157e-01
1.000000000000000000e+00
-1.000000000000000000e+00
-2.612087591153068322e-01
-6.143621068475867419e-01
2.360200664979313911e-01
7.843396062894303356e-01
3.479578269673482271e-01
1.000000000000000000e+00
5.471674057437638794e-01
4.426028782393538474e-01
-1.000000000000000000e+00
1.000000000000000000e+00
1.000000000000000000e+00
-4.074877656659431358e-01
-9.998992350848613375e-01
1.000000000000000000e+00
6.931035077461067395e-01
1.649312208812570013e-01
9.640313643278715094e-01
-4.919854042287548079e-01
-1.000000000000000000e+00
-1.000000000000000000e+00
-6.618741631279720927e-01
8.035570810882419757e-01
-1.000000000000000000e+00
1.000000000000000000e+00
-1.000000000000000000e+00
6.273473543225083215e-01
3.710526412147014952e-01
-1.000000000000000000e+00
9.370874838053613320e-01
7.165885039946469082e-01
1.000000000000000000e+00
1.000000000000000000e+00
-1.000000000000000000e+00
-1.000000000000000000e+00
1.000000000000000000e+00
9.948944294599708638e-01
-6.891212030661348908e-01
2.076216588437607147e-02
-7.940027675378519278e-01
-1.000000000000000000e+00
2.672079730112586482e-01
-1.509901926327509858e-01
1.000000000000000000e+00
-5.955545485225059998e-01
3.232667545621187299e-02
1.000000000000000000e+00
-1.000000000000000000e+00
-1.000000000000000000e+00
-1.000000000000000000e+00
-3.026367054163146553e-01
-1.547490481602931123e-01
1.000000000000000000e+00
-1.000000000000000000e+00
1.000000000000000000e+00
-6.736148959768761824e-01
1.000000000000000000e+00
-9.109839854577301832e-01
8.312832926884694551e-01
6.180373714513265337e-01
2.989473752276354812e-01
-1.563887061046737303e-01
4.893238255628912237e-01
-1.741764660220881944e-01
-8.384207926822895285e-01
-7.154003196202967096e-01
-9.209635778325785394e-01
1.000000000000000000e+00
-2.826396793811016828e-01
-1.000000000000000000e+00
7.946445972428550775e-03
2.635096675261847099e-02
1.000000000000000000e+00
-4.290670458801952858e-01
-3.526133958089556764e-01
-8.537070711862808636e-01
5.323148985687278234e-01
1.000000000000000000e+00
1.000000000000000000e+00
5.766292958372938315e-01
1.000000000000000000e+00
2.248339806757739812e-01
-6.647392944284569172e-01
-2.142467537071357508e-01
3.590057573102429789e-01
-1.630667891335482178e-01
3.676229088851858950e-01
1.000000000000000000e+00
-2.963339782311056880e-01
7.813323577457780278e-01
-9.877341029408712725e-01
-1.000000000000000000e+00
4.044128781902552872e-01
1.000000000000000000e+00
1.000000000000000000e+00
-3.180728699632762169e-01
1.000000000000000000e+00
-3.394454710141879827e-01
1.000000000000000000e+00
1.000000000000000000e+00
-3.762294983198379850e-01
1.533531744615701520e-01
1.000000000000000000e+00
1.000000000000000000e+00
-4.662195800859050276e-01
1.000000000000000000e+00
-3.843130716191331953e-01
-1.000000000000000000e+00
-1.000000000000000000e+00
8.078195832015762079e-01
-1.000000000000000000e+00
-5.855169921481087059e-01
9.307079809440486073e-01
5.581011799710451360e-01
1.000000000000000000e+00
-1.000000000000000000e+00
7.966145851685544343e-01
3.907719849554138203e-01
1.000000000000000000e+00
-4.505676779118239494e-02
-3.160961714170663628e-01
-2.118483430664133138e-01
-9.795609520765163891e-01
8.382697250547386236e-01
-3.626825103833517527e-01
-1.000000000000000000e+00
-1.000000000000000000e+00
8.627720989989077216e-01
-1.000000000000000000e+00
-1.000000000000000000e+00
-1.000000000000000000e+00
4.969372099452560310e-01
-5.975256413937826139e-01
-3.700288958640413073e-01
-2.175471392504693124e-01
-1.000000000000000000e+00
3.948791155104058315e-01
4.361989058712236744e-01
5.930270784869783318e-01
1.000000000000000000e+00
8.035312136467754884e-01
-1.000000000000000000e+00
1.210042846573433917e-01
1.000000000000000000e+00
6.686194436398393837e-01
2.172799967909941898e-01
1.000000000000000000e+00
-1.851511738292312970e-01
9.115911472185478370e-02
8.291627358585906826e-03
-7.924285468785576825e-01
-7.373247816748849104e-01
7.468877876287450812e-01
2.357651562104245979e-01
-4.015557612596470927e-01
1.000000000000000000e+00
-6.358108208752237811e-01
1.000000000000000000e+00
6.851574419211770017e-01
-1.000000000000000000e+00
-1.000000000000000000e+00
3.017179371273908117e-01
4.010955106788099411e-01
-1.000000000000000000e+00
-1.000000000000000000e+00
-9.474357408462840135e-01
-5.749971291030743226e-01
7.595545809347892252e-02
1.000000000000000000e+00
1.736789428070566466e-01
-7.480993773677708791e-01
5.045393022118401793e-01
2.509385157386162524e-01
1.000000000000000000e+00
1.000000000000000000e+00
