5.128274848477737402e-01
1.000000000000000000e+00
-1.000000000000000000e+00
-1.000000000000000000e+00
1.000000000000000000e+00
-1.000000000000000000e+00
-1.677057118890541432e-01
4.868470470547286988e-01
-9.347551595273861924e-01
-1.000000000000000000e+00
1.000000000000000000e+00
-5.808284147028854871e-01
6.595204855432666990e-01
-9.187554128276809173e-01
-6.457054955192808032e-01
1.000000000000000000e+00
1.000000000000000000e+00
1.000000000000000000e+00
-4.336718405378837682e-01
-5.653143293369642386e-01
-1.000000000000000000e+00
3.308165983641623287e-01
-1.000000000000000000e+00
6.921698594006082672e-01
-1.000000000000000000e+00
1.000000000000000000e+00
5.494831386685518071e-01
2.881365532302111454e-01
1.000000000000000000e+00
1.000000000000000000e+00
1.000000000000000000e+00
-1.000000000000000000e+00
9.406008254562299165e-01
1.000000000000000000e+00
4.250721915785304894e-02
-1.000000000000000000e+00
-8.722183828745416756e-01
-6.322225935310450406e-01
-1.000000000000000000e+00
-1.000000000000000000e+00
6.517177779415959105e-01
3.318248433743988812e-01
-2.246611509087027003e-01
-1.000000000000000000e+00
1.404500615416899301e-01
-1.000000000000000000e+00
6.792765207442474917e-01
1.000000000000000000e+00
-7.844672032449362398e-01
-1.000000000000000000e+00
1.000000000000000000e+00
-1.000000000000000000e+00
1.000000000000000000e+00
1.000000000000000000e+00
9.829779527268867056e-02
1.000000000000000000e+00
2.703145124079191497e-01
-1.000000000000000000e+00
1.000000000000000000e+00
1.000000000000000000e+00
-7.042532306399786890e-01
1.000000000000000000e+00
-9.110257804454270358e-01
-1.000000000000000000e+00
-3.813531741442734990e-01
-1.000000000000000000e+00
5.646264017183633133e-01
1.000000000000000000e+00
-9.464567597053397119e-02
-1.000000000000000000e+00
9.881104702463545664e-01
-9.560055147342539916e-01
-1.000000000000000000e+00
-1.000000000000000000e+00
6.074454478406725588e-01
7.013028026007184224e-02
-6.924582493589184207e-01
1.000000000000000000e+00
-2.467197107606979578e-01
-1.000000000000000000e+00
1.000000000000000000e+00
-3.488785030978552859e-02
-1.000000000000000000e+00
1.000000000000000000e+00
-1.000000000000000000e+00
4.975143010505215235e-01
1.000000000000000000e+00
-1.000000000000000000e+00
-1.000000000000000000e+00
1.000000000000000000e+00
4.298615450021934237e-01
1.000000000000000000e+00
1.000000000000000000e+00
-2.300410296438906155e-01
1.000000000000000000e+00
1.000000000000000000e+00
1.000000000000000000e+00
4.859782440441033913e-01
-1.000000000000000000e+00
6.916714283025353627e-01
1.000000000000000000e+00
1.000000000000000000e+00
-1.000000000000000000e+00
1.000000000000000000e+00
1.000000000000000000e+00
-1.000000000000000000e+00
-5.826345641956700572e-01
-1.000000000000000000e+00
4.117075150509632020e-01
-1.000000000000000000e+00
-2.093124384815836514e-01
-1.000000000000000000e+00
1.000000000000000000e+00
1.000000000000000000e+00
9.368937809016342211e-02
-1.000000000000000000e+00
1.410863949728233813e-01
-1.237826195167942567e-01
6.034920069581313218e-01
1.000000000000000000e+00
-1.000000000000000000e+00
1.000000000000000000e+00
-2.881842446764008026e-01
7.410793955637308139e-01
-1.525516573569770662e-01
1.000000000000000000e+00
1.000000000000000000e+00
2.980215399410522936e-01
4.982302884494823614e-01
1.000000000000000000e+00
-4.204105317806507980e-01
2.935279996553967763e-01
-2.422771847181587890e-01
-1.153154335668531982e-01
-3.069442369167059148e-01
-1.000000000000000000e+00
7.915628690624840758e-01
-1.000000000000000000e+00
-7.400820229805078476e-01
1.000000000000000000e+00
7.354761811250025705e-01
-7.873514404000727662e-01
7.113684352708824488e-01
2.443955861291563503e-02
-1.000000000000000000e+00
1.000000000000000000e+00
-9.776970453931919103e-01
-7.408954036602586335e-01
5.620636000635406138e-01
-1.000000000000000000e+00
-1.000000000000000000e+00
-8.112594415106844092e-01
4.030801764828259581e-01
-1.000000000000000000e+00
-1.000000000000000000e+00
-2.839523277867125328e-01
-2.393842969445508229e-01
1.422680591769600600e-01
1.000000000000000000e+00
-1.000000000000000000e+00
6.967032636623893271e-01
-1.000000000000000000e+00
1.000000000000000000e+00
3.181485399560113336e-01
1.000000000000000000e+00
7.849446631104609606e-01
-2.040435427351550146e-02
1.000000000000000000e+00
5.684968934132510476e-01
5.544347060830507878e-01
1.093646063794525003e-01
-3.598734537295946723e-01
-8.736432705913754759e-02
-1.000000000000000000e+00
1.000000000000000000e+00
-1.000000000000000000e+00
8.624926710210940595e-01
1.000000000000000000e+00
-6.610491044576130015e-01
-1.000000000000000000e+00
-1.000000000000000000e+00
1.000000000000000000e+00
1.000000000000000000e+00
-3.675470960756847538e-01
1.000000000000000000e+00
-8.797543190518618550e-01
1.000000000000000000e+00
-8.949537076007080261e-01
-3.495943186944404368e-02
-1.000000000000000000e+00
-7.526731963821375881e-01
1.617429511653805108e-01
1.000000000000000000e+00
-1.000000000000000000e+00
-1.000000000000000000e+00
-6.772599229441601532e-01
-1.000000000000000000e+00
1.000000000000000000e+00
-1.000000000000000000e+00
-1.000000000000000000e+00
-9.965860972911182447e-01
1.000000000000000000e+00
-9.432985804320317413e-01
-9.456586690291416408e-01
2.907865656780028729e-02
-1.000000000000000000e+00
-4.123277344505821840e-01
-5.351952020506460794e-01
-1.000000000000000000e+00
-1.000000000000000000e+00
-1.000000000000000000e+00
-4.194570239111444221e-01
-1.000000000000000000e+00
-1.000000000000000000e+00
-2.932909493057321848e-01
3.024511132694283067e-01
1.000000000000000000e+00
-1.000000000000000000e+00
7.552891759879521993e-01
1.000000000000000000e+00
-1.000000000000000000e+00
-1.000000000000000000e+00
9.747471047948802481e-01
1.000000000000000000e+00
-6.176508870340162716e-01
1.000000000000000000e+00
-1.000000000000000000e+00
1.000000000000000000e+00
1.000000000000000000e+00
3.550210053927199683e-01
2.200321067637406314e-01
-4.041541494199755169e-01
-5.837750752406154486e-01
-1.000000000000000000e+00
1.000000000000000000e+00
-5.993242682961397172e-01
2.101960771430911312e-01
1.000000000000000000e+00
7.644145468291162482e-01
6.010698394915956477e-01
1.000000000000000000e+00
1.000000000000000000e+00
-1.000000000000000000e+00
-5.850194423235401953e-01
8.092825484529166946e-01
2.512029562552796635e-01
-1.000000000000000000e+00
1.000000000000000000e+00
-1.000000000000000000e+00
-1.000000000000000000e+00
-1.000000000000000000e+00
-3.257141809309698210e-01
-8.732694448242905860e-01
5.512676270524434763e-01
1.000000000000000000e+00
1.932349842948403729e-01
-8.863659940054224862e-02
-7.783379033662018998e-01
1.000000000000000000e+00
-1.000000000000000000e+00
-6.152841615078167292e-01
-1.587115048510406579e-01
1.000000000000000000e+00
1.000000000000000000e+00
1.000000000000000000e+00
