1.000000000000000000e+00
8.360550253493567174e-01
-1.000000000000000000e+00
-1.000000000000000000e+00
-6.140033371797821715e-01
1.000000000000000000e+00
3.894155337629474078e-01
-1.000000000000000000e+00
1.000000000000000000e+00
1.000000000000000000e+00
1.000000000000000000e+00
1.000000000000000000e+00
-1.000000000000000000e+00
2.953247957996547601e-01
3.916747038780371559e-02
-1.814415336993421279e-01
1.000000000000000000e+00
1.000000000000000000e+00
-4.904966274930886994e-01
-3.732458114778507419e-01
1.000000000000000000e+00
-6.659661984378107968e-01
-4.583431963024173772e-01
-1.000000000000000000e+00
-1.000000000000000000e+00
-1.000000000000000000e+00
-2.259332724535174641e-01
-7.518861425986260727e-01
4.943957081761323202e-01
-3.308021700843095658e-01
-5.614462044141854680e-01
1.000000000000000000e+00
-1.000000000000000000e+00
-1.957799518560530139e-01
1.000000000000000000e+00
-6.451798037473500669e-01
1.000000000000000000e+00
-8.963300093510451205e-01
-2.235809861330240178e-02
-5.186761739035443686e-01
-6.194244163431270600e-01
8.490408522984865813e-01
-1.000000000000000000e+00
1.000000000000000000e+00
-1.000000000000000000e+00
-2.270174501985807725e-01
1.000000000000000000e+00
8.222830062917811933e-01
-1.000000000000000000e+00
3.484024722397455198e-01
-1.000000000000000000e+00
1.000000000000000000e+00
-1.000000000000000000e+00
7.612407191784568150e-01
-8.102434932281424862e-01
4.458402216731216505e-01
-6.454566804037877858e-01
-1.000000000000000000e+00
-6.115603347229110476e-01
7.727444621302924643e-01
-1.000000000000000000e+00
-4.917261095444483976e-01
-4.597224775817139175e-01
2.114308686673047610e-01
-7.547744259590635219e-01
-6.495386650469375800e-01
-4.436579161813119510e-01
1.000000000000000000e+00
-6.457816472677287978e-01
-1.000000000000000000e+00
-2.091630126973171855e-01
-1.000000000000000000e+00
1.000000000000000000e+00
7.417135638613141513e-01
4.398527889368095689e-01
-1.000000000000000000e+00
1.000000000000000000e+00
-1.000000000000000000e+00
-1.000000000000000000e+00
1.000000000000000000e+00
-1.000000000000000000e+00
7.878413002052432335e-01
-1.000000000000000000e+00
-1.000000000000000000e+00
-1.773926671423706469e-01
1.919800464111773297e-01
-1.000000000000000000e+00
-1.000000000000000000e+00
1.000000000000000000e+00
-4.452294015407032846e-01
1.000000000000000000e+00
1.117106056942358816e-02
8.654154219763438016e-02
-1.000000000000000000e+00
7.825093503170689191e-01
1.000000000000000000e+00
-6.844393911059000191e-01
-9.314765253841392756e-01
-1.000000000000000000e+00
1.000000000000000000e+00
1.340356489588763189e-01
1.000000000000000000e+00
1.000000000000000000e+00
1.000000000000000000e+00
1.000000000000000000e+00
1.863867079120712367e-01
-1.000000000000000000e+00
-1.000000000000000000e+00
-5.953597700336519249e-01
1.000000000000000000e+00
-1.000000000000000000e+00
1.000000000000000000e+00
1.000000000000000000e+00
1.000000000000000000e+00
-1.000000000000000000e+00
5.635061932749175773e-01
-9.298594999925078319e-01
1.000000000000000000e+00
1.000000000000000000e+00
4.837046163691938738e-01
-1.000000000000000000e+00
-1.000000000000000000e+00
-1.000000000000000000e+00
5.002556866900660371e-01
6.872687716592049689e-01
-1.000000000000000000e+00
8.153745340954676735e-01
2.401199731280534433e-02
1.000000000000000000e+00
7.240337681607702525e-01
-1.000000000000000000e+00
-1.000000000000000000e+00
-1.000000000000000000e+00
3.924839774026167571e-02
-8.454232241544105131e-01
-9.411402429849905493e-01
-1.000000000000000000e+00
-1.000000000000000000e+00
1.000000000000000000e+00
4.169307022101627069e-01
1.000000000000000000e+00
-1.000000000000000000e+00
1.000000000000000000e+00
-8.476032596918081641e-01
1.000000000000000000e+00
1.000000000000000000e+00
4.337416535696836384e-01
-1.000000000000000000e+00
-1.000000000000000000e+00
6.182652870669786971e-01
3.978737663046222339e-01
-1.000000000000000000e+00
-1.000000000000000000e+00
-1.000000000000000000e+00
-6.775072276725710996e-01
1.000000000000000000e+00
1.000000000000000000e+00
-1.393408072004522769e-01
1.000000000000000000e+00
3.731306868569406188e-02
-1.000000000000000000e+00
1.000000000000000000e+00
-7.178699506956671694e-01
7.255294239102210163e-01
-1.627440849837203385e-01
1.000000000000000000e+00
1.000000000000000000e+00
1.000000000000000000e+00
5.644725459661958933e-01
-1.792118143831110677e-01
1.000000000000000000e+00
2.828752280086332949e-01
1.000000000000000000e+00
-1.000000000000000000e+00
-1.000000000000000000e+00
1.000000000000000000e+00
1.000000000000000000e+00
1.000000000000000000e+00
1.000000000000000000e+00
-1.000000000000000000e+00
-6.098565253254588647e-01
1.000000000000000000e+00
-1.000000000000000000e+00
-1.000000000000000000e+00
-6.639558344310572124e-01
-1.000000000000000000e+00
1.000000000000000000e+00
-1.000000000000000000e+00
1.000000000000000000e+00
2.473224101513890050e-01
4.060408393993103493e-02
6.384216931099900849e-01
1.000000000000000000e+00
-1.000000000000000000e+00
-1.000000000000000000e+00
-1.000000000000000000e+00
-8.291209005200027571e-01
-1.145573520399117973e-01
7.853020543331945547e-02
-1.000000000000000000e+00
-1.000000000000000000e+00
-1.000000000000000000e+00
-2.477476802321124660e-01
-8.119179203967437086e-01
1.000000000000000000e+00
4.538218883949818316e-01
-1.000000000000000000e+00
1.000000000000000000e+00
1.000000000000000000e+00
-1.393200966743370628e-01
1.000000000000000000e+00
7.200225656898102677e-01
-1.000000000000000000e+00
1.000000000000000000e+00
1.000000000000000000e+00
1.000000000000000000e+00
-1.000000000000000000e+00
1.000000000000000000e+00
1.000000000000000000e+00
-1.000000000000000000e+00
-1.000000000000000000e+00
-3.311211565836126303e-01
-1.000000000000000000e+00
1.000000000000000000e+00
1.000000000000000000e+00
-1.000000000000000000e+00
1.000000000000000000e+00
1.000000000000000000e+00
-1.435430612110641657e-01
1.000000000000000000e+00
5.563363974221771091e-01
-1.000000000000000000e+00
-1.000000000000000000e+00
-1.000000000000000000e+00
2.766191334535141877e-01
1.000000000000000000e+00
-6.091285307050269271e-01
-5.161427528555930788e-01
-1.000000000000000000e+00
8.860559739862479134e-01
-6.768335976440794655e-01
1.494054134351106011e-01
1.000000000000000000e+00
-1.000000000000000000e+00
1.000000000000000000e+00
-1.000000000000000000e+00
1.000000000000000000e+00
1.000000000000000000e+00
1.000000000000000000e+00
1.000000000000000000e+00
-1.000000000000000000e+00
8.262706678522238057e-01
-1.000000000000000000e+00
1.000000000000000000e+00
1.000000000000000000e+00
-1.000000000000000000e+00
-1.000000000000000000e+00
9.369438784697606826e-01
1.000000000000000000e+00
6.511623770903326447e-01
7.269959468123233792e-01
6.692847441187932400e-02
6.973482723857777899e-01
1.000000000000000000e+00
4.031547356469599164e-01
