8.256754550085669830e-01
-6.336653069918656289e-01
-9.914273469184680110e-01
6.152470640611384933e-01
-2.547019343017700166e-01
7.486232842311959512e-01
-3.767060444077927617e-01
-7.247431421467731560e-01
-4.926031933580898858e-02
-9.044505966431000132e-01
3.556706075273388112e-01
-9.912869142691813629e-01
-6.150266042752385864e-01
-3.587550187338468533e-01
-7.003631488599297850e-01
-1.753800171725401480e-01
9.773691700526854209e-01
9.902151731623898279e-02
4.809954240424718641e-01
-6.835355514441117109e-01
6.687060688929287178e-01
-7.059163687869969284e-01
2.734341029549658408e-02
-9.413631444603427489e-01
-3.163840565600262167e-02
-7.401249702347101334e-02
3.646118092953791745e-01
4.163373373630692154e-01
4.448483291975424692e-01
3.058393280770288492e-01
-7.296696290056718937e-01
3.926063974420306302e-01
-1.059877115478968790e-02
9.986877273293270907e-01
6.633518731775522870e-01
9.142059036096021885e-01
-1.775563918242315520e-01
3.680017402582835828e-02
-3.597895558246901881e-01
8.934152766741878526e-01
-8.142082939285046894e-01
-1.915069366862836020e-01
8.493475566697563650e-01
9.044817211098232779e-01
-5.035461044230373773e-01
-1.084635132753459796e-01
-3.730795294014166430e-01
9.425674672082891004e-01
7.739345373882011714e-01
-3.501684084920819728e-01
2.659902432441354492e-01
5.161413136350381237e-01
3.296512115158987122e-01
-2.879020900248967507e-01
8.467178802530184178e-01
-2.521425553402976139e-01
3.253575833645443449e-01
-9.700474150805482587e-01
-4.645553050488915314e-01
1.582568677666971180e-01
7.160524331308300017e-01
8.314599332177041724e-01
-1.828782029018802824e-01
-3.537352522090915219e-01
7.458540777082633966e-02
7.899965591222590788e-02
-6.008880403988090535e-01
-2.891690599015883656e-01
-6.391970651388561020e-01
1.506270428397280536e-01
-5.068184708315117692e-01
8.456053401187357821e-01
9.768016289326406643e-01
7.650633823015822177e-01
-7.475574845029531179e-01
5.163025920095318799e-01
9.342858768128561309e-01
9.018241953257917221e-01
-8.459949098316976723e-02
-9.903678825987995982e-01
9.961934932510252416e-02
5.952262170638873418e-01
5.641007318900606027e-01
9.941449996981885917e-01
7.364116640784068579e-03
7.583797294746965623e-01
-4.990230741165329054e-01
5.122069390936170308e-01
-9.139461418399608128e-01
-7.390380405903864691e-01
2.390924225772623757e-01
-4.250846153153295948e-01
-5.507573254985649314e-01
5.348617981215384454e-01
-1.400600227021346900e-01
3.335457890187532026e-01
-3.746284700661897116e-01
-2.108910162753645512e-01
9.853253970699848985e-02
4.042908131209297373e-01
-3.855029517844830167e-01
8.865895184168202103e-01
3.594346301941511168e-01
9.071382705426107584e-01
5.263058756158911500e-01
7.237311827637440409e-01
-6.402006584977433246e-01
8.753019411413651696e-01
-9.060496470361376620e-01
-4.730446187083106047e-01
-3.120974604088921911e-01
-8.671813271127304379e-01
1.125735552807725082e-01
2.678863321906344019e-01
3.608093396171518918e-01
-1.957171478469332815e-01
-5.765427213355946989e-01
8.678778802361588607e-01
-7.500001940291107783e-01
-5.663653617741690738e-01
9.631131061692126405e-01
-1.228387278341132038e-01
-2.080373481981114825e-01
5.153103057901187167e-01
-7.689400472519309915e-01
-3.030591420285362325e-01
-9.370473500139429035e-01
6.242816512141220464e-01
7.705996432098847215e-01
3.177406430704101670e-01
1.316431865768254994e-01
3.117325628692946271e-01
-6.177579105055368558e-01
-9.929539713840236370e-01
1.566750820156548318e-01
6.006955779684108876e-02
-5.272187350710568765e-01
-1.676171196224522930e-01
-7.656825904565542906e-01
-4.062716834642616792e-01
1.343439004380246882e-01
-1.419278584938508114e-01
-1.329733692700296732e-01
9.558751046015439012e-01
-6.932085264168730276e-02
-6.066631429521791574e-01
-7.651148641829599306e-01
9.651682312836327160e-01
-2.941193014612875078e-01
-4.519820623053751873e-01
8.846037231599037653e-01
-9.370533840030059736e-03
-7.569540428506194019e-02
-7.747759795009301342e-02
-5.907383465689592938e-01
-2.257705916364329823e-01
1.018058979414477871e-01
8.577241959951702466e-01
-9.838494484822923880e-02
8.419214798693046564e-01
-6.183177509860822152e-01
7.989957846511974715e-02
1.520384117071313934e-01
-3.381306163662134434e-01
8.996385648623392850e-01
2.245566649684160865e-02
7.178815550347923402e-01
1.643790258477313415e-01
5.803922635530607277e-01
1.109802855058794613e-01
1.924236125067206871e-01
5.242795250324741030e-01
-2.122831920179784060e-01
3.057893616811266924e-01
-1.557487777182806621e-01
9.192489704688784347e-01
8.979227650456236276e-01
-7.407411378225248200e-01
-3.932974768122803333e-01
3.511242895964130639e-01
1.809419282325859246e-01
2.622720602169958948e-01
8.076199999762796455e-01
-8.939817489456252098e-01
-5.613257454480069519e-01
-5.307169042111254953e-01
-3.755684733238169315e-01
4.123527237400048673e-01
8.574876680717533617e-01
-2.218202951212853158e-01
-5.282266921300116103e-01
-2.944962094275627162e-01
-2.239647638689581388e-01
-6.307512385243430053e-02
6.626542224038272089e-01
-4.204085827432175737e-01
-5.649630367162439271e-02
9.180224675719541594e-01
-3.606430875505299838e-01
9.679754893918472991e-01
-3.097114679919232838e-01
6.452574992312662960e-01
-9.368602850982128416e-01
-7.488907197520620063e-01
-1.357667856733548728e-01
5.931650749055641381e-01
-7.528809077427134344e-01
2.117957975541127080e-01
8.402151813723572893e-01
1.514902337657932918e-01
-6.381565261151462831e-01
-6.641331081187225038e-01
2.779517120710790490e-01
4.748702538348059665e-01
7.895379311085444218e-01
-4.569880997229707198e-01
-5.251480438912661253e-01
-1.588168923656010367e-01
4.076510400841619752e-01
-7.524893853637608654e-01
-5.664030358458189696e-01
5.761102511545288518e-01
7.616560605194182543e-01
5.171733515861178798e-01
6.628916808089215795e-01
7.742628677560816630e-01
4.693199948728228321e-01
1.192581122585036901e-01
-7.049241785447744046e-01
7.490365254979010068e-01
4.537571367491981533e-01
3.254281158528296025e-01
5.250450703089062365e-01
7.996396487854997570e-01
-8.778143741339752282e-01
4.142090246396290532e-02
-7.772493662577537599e-01
8.377012826886292007e-01
6.952262990309665547e-01
-9.711422337975106345e-02
5.887255583015120752e-01
-9.709803059385460067e-01
-4.431876467465643010e-01
7.562956543866194981e-01
-5.290679401254256842e-01
-6.231568328554202285e-01
-6.737013255591224326e-01
-6.664832605761086270e-01
-5.818709716765508855e-01
-3.088015883616850310e-01
-5.358675246721749108e-01
-5.728077791867736135e-01
-3.127693244449640808e-01
-7.027063911997553092e-01
-6.740515740687675894e-01
6.818954024045971174e-01
-6.274334532608372150e-01
6.234208563071921283e-01
-5.928602006383718592e-01
9.800020351518712314e-01
4.204964696103339339e-01
9.959973431246693654e-01
2.973906535967028031e-01
-2.012115661112483522e-01
4.819163990475845427e-01
