-1.000000000000000000e+00
1.000000000000000000e+00
1.000000000000000000e+00
1.000000000000000000e+00
1.000000000000000000e+00
1.000000000000000000e+00
-2.182080330056379580e-02
-1.000000000000000000e+00
-1.000000000000000000e+00
-1.000000000000000000e+00
-3.817770588721016156e-01
1.000000000000000000e+00
1.000000000000000000e+00
-1.000000000000000000e+00
-2.529909963715675225e-01
1.000000000000000000e+00
1.000000000000000000e+00
1.592947215791262749e-02
-3.973983859162997234e-01
1.000000000000000000e+00
1.000000000000000000e+00
6.383665268415585903e-01
2.395562000429006799e-01
8.482160388211412716e-01
-1.000000000000000000e+00
-1.000000000000000000e+00
2.296403508881907918e-01
-1.000000000000000000e+00
-1.000000000000000000e+00
1.000000000000000000e+00
-8.563544326829461983e-01
6.593434328603955397e-01
-5.018882455808699738e-01
-1.000000000000000000e+00
-2.128860458363386332e-01
1.000000000000000000e+00
-9.742927545689183955e-01
-1.000000000000000000e+00
1.000000000000000000e+00
6.609162031819032501e-01
3.622752179145839468e-01
-6.507892930964730427e-01
-1.000000000000000000e+00
1.000000000000000000e+00
-1.000000000000000000e+00
-3.084711401079084370e-01
-5.474575770889162918e-01
4.135229119257752828e-01
-2.545762239843979424e-01
1.000000000000000000e+00
-2.231713622321813695e-01
5.152282664401395262e-01
-4.854851374644668649e-01
-1.000000000000000000e+00
-1.000000000000000000e+00
1.000000000000000000e+00
-1.000000000000000000e+00
-7.737553404050938610e-01
8.892432727065425757e-01
2.221408667912269652e-01
1.000000000000000000e+00
-1.000000000000000000e+00
9.826106396346823146e-01
-2.199270259391195026e-02
-1.000000000000000000e+00
5.141295040561035812e-01
-7.566346344367315124e-01
1.000000000000000000e+00
1.011339014494068017e-01
8.042550342287452247e-01
1.000000000000000000e+00
-1.000000000000000000e+00
-5.179945867095745449e-01
-1.000000000000000000e+00
1.000000000000000000e+00
1.000000000000000000e+00
5.986646540528302030e-01
-1.000000000000000000e+00
-5.911758727910518818e-01
9.358951273345939015e-02
1.000000000000000000e+00
9.492292211284673042e-01
-1.000000000000000000e+00
-7.521062963459510531e-01
-7.504389841652177040e-01
-1.000000000000000000e+00
1.000000000000000000e+00
1.000000000000000000e+00
8.312034889406527682e-01
8.396623778486367318e-01
-6.602031898036064828e-01
1.000000000000000000e+00
-7.092981735119150422e-01
-1.000000000000000000e+00
-1.000000000000000000e+00
-1.000000000000000000e+00
-1.000000000000000000e+00
-5.903136518314856529e-01
-3.835637085548175840e-01
-1.000000000000000000e+00
-7.700955268810384391e-01
1.000000000000000000e+00
-1.000000000000000000e+00
8.335720044386398797e-01
-1.000000000000000000e+00
1.000000000000000000e+00
-1.000000000000000000e+00
-1.000000000000000000e+00
-5.344747776721742172e-02
-1.000000000000000000e+00
-1.000000000000000000e+00
1.000000000000000000e+00
-1.000000000000000000e+00
1.000000000000000000e+00
-1.000000000000000000e+00
-1.000000000000000000e+00
1.000000000000000000e+00
6.313290583142223689e-01
8.339726293480886898e-01
-1.000000000000000000e+00
1.000000000000000000e+00
5.583321476323287458e-01
-1.000000000000000000e+00
7.740430416226917743e-02
-1.000000000000000000e+00
6.452541198583103821e-01
-5.631481148778072487e-01
2.587615072042156461e-01
-1.000000000000000000e+00
1.000000000000000000e+00
3.620257848288672697e-01
-6.254346154620676890e-01
1.000000000000000000e+00
-1.000000000000000000e+00
-1.000000000000000000e+00
1.000000000000000000e+00
5.404264746516327378e-01
2.153545595321820494e-01
5.091099101908449498e-01
1.000000000000000000e+00
-4.827617453760356669e-01
-1.000000000000000000e+00
7.584205136295605332e-01
1.000000000000000000e+00
9.768478420304844700e-01
-1.000000000000000000e+00
9.063704628277950981e-01
-4.312158652749538135e-01
1.000000000000000000e+00
1.000000000000000000e+00
-1.139080327823112082e-01
-1.000000000000000000e+00
1.000000000000000000e+00
1.000000000000000000e+00
-1.099492847068850310e-02
1.000000000000000000e+00
1.997740612148009021e-01
3.405113027325953334e-01
1.677280414269314290e-01
5.743276985994352213e-01
9.498160501092357544e-01
-1.000000000000000000e+00
1.000000000000000000e+00
4.427580347159782992e-01
-1.000000000000000000e+00
1.000000000000000000e+00
1.000000000000000000e+00
1.000000000000000000e+00
1.000000000000000000e+00
-1.000000000000000000e+00
4.002420558891035540e-01
-1.000000000000000000e+00
1.000000000000000000e+00
1.000000000000000000e+00
6.736196348278750134e-02
1.000000000000000000e+00
-1.000000000000000000e+00
-1.000000000000000000e+00
1.000000000000000000e+00
-1.000000000000000000e+00
9.847974872103262278e-01
1.000000000000000000e+00
-1.000000000000000000e+00
-1.000000000000000000e+00
2.976183326274703944e-01
1.000000000000000000e+00
-1.000000000000000000e+00
-1.000000000000000000e+00
6.838361020183013339e-02
1.000000000000000000e+00
-1.000000000000000000e+00
5.816928313738868317e-01
-1.000000000000000000e+00
1.293683643377987469e-01
-5.424785744621737349e-01
-1.000000000000000000e+00
1.000000000000000000e+00
-1.000000000000000000e+00
-4.628957244984748254e-01
3.118652633658486328e-01
2.596216549415981678e-01
-1.000000000000000000e+00
-7.716214631672353441e-01
-2.946247112974363924e-01
-1.000000000000000000e+00
-1.000000000000000000e+00
-5.483973052496058376e-01
1.000000000000000000e+00
-8.549799316407644678e-01
1.000000000000000000e+00
1.000000000000000000e+00
-1.000000000000000000e+00
7.449837763592012108e-01
5.542178956660730460e-01
1.000000000000000000e+00
1.000000000000000000e+00
-1.000000000000000000e+00
-1.000000000000000000e+00
-1.050894982501427433e-01
1.087921195773692840e-01
-1.000000000000000000e+00
-1.000000000000000000e+00
-1.835403435687958384e-01
-1.000000000000000000e+00
-1.000000000000000000e+00
-1.000000000000000000e+00
-4.821103599073788271e-01
1.000000000000000000e+00
-1.000000000000000000e+00
-1.000000000000000000e+00
-1.000000000000000000e+00
9.485113189269591683e-01
-1.000000000000000000e+00
4.730294202141149817e-01
3.298871106424086097e-01
-4.557041210481060922e-02
7.844752080738826017e-02
-1.552080878387344098e-01
1.000000000000000000e+00
1.000000000000000000e+00
-1.000000000000000000e+00
-1.000000000000000000e+00
1.000000000000000000e+00
1.000000000000000000e+00
-3.689519162891255477e-01
5.235993642447887009e-01
-1.000000000000000000e+00
-1.427918310127296309e-02
6.108486541576707562e-01
-6.046249506268436269e-01
-1.000000000000000000e+00
-1.000000000000000000e+00
9.775436710114822070e-01
6.459437577392317387e-01
-1.000000000000000000e+00
-4.718966589868034411e-02
4.647974145923164380e-01
-9.535894050802641297e-01
1.000000000000000000e+00
1.000000000000000000e+00
-1.000000000000000000e+00
-5.519746440442195867e-01
1.000000000000000000e+00
3.349593265762944583e-01
-1.000000000000000000e+00
