-1.321775131528288849e-01
-7.038351448000873534e-01
1.000000000000000000e+00
7.322646859503419980e-01
1.000000000000000000e+00
-2.646824262535865113e-01
1.000000000000000000e+00
-7.473768114663293938e-01
-2.475386678394129181e-01
-3.406012861677394366e-01
-1.000000000000000000e+00
-8.406135633634151394e-02
-1.000000000000000000e+00
-3.924708276913321248e-01
-2.913183379378436744e-02
2.650906708411046031e-01
-5.648291268073666327e-01
1.000000000000000000e+00
5.793813793499567044e-01
-1.000000000000000000e+00
1.000000000000000000e+00
1.000000000000000000e+00
-1.000000000000000000e+00
4.428191110270456865e-01
7.765758577769505955e-01
-8.319653366366568381e-01
-1.000000000000000000e+00
7.946193371158842833e-01
1.000000000000000000e+00
1.000000000000000000e+00
1.000000000000000000e+00
-1.000000000000000000e+00
-1.000000000000000000e+00
8.834020503047588235e-01
9.262448984321380863e-02
-9.152935708760330247e-01
-5.372312587819833007e-01
-1.282014122582553206e-01
-1.000000000000000000e+00
-1.000000000000000000e+00
5.825000318877733285e-01
-6.689998711209834692e-01
1.000000000000000000e+00
1.000000000000000000e+00
4.915731865503861764e-01
1.000000000000000000e+00
6.778609605248785419e-01
-1.000000000000000000e+00
-1.000000000000000000e+00
1.000000000000000000e+00
9.071648706122690253e-01
-1.134025399126135092e-01
-1.204142306088549219e-01
-1.000000000000000000e+00
8.480852857853988791e-01
-1.000000000000000000e+00
1.049574566095179406e-02
-5.816865252352302340e-01
2.805459240211155558e-01
-1.000000000000000000e+00
2.125535499372567250e-01
3.713771924653206380e-01
-1.000000000000000000e+00
-1.000000000000000000e+00
-1.000000000000000000e+00
-8.111791530409153683e-01
-1.000000000000000000e+00
-1.000000000000000000e+00
-1.000000000000000000e+00
1.000000000000000000e+00
-1.000000000000000000e+00
-2.954584681661888146e-01
-1.000000000000000000e+00
4.845488448869439413e-01
1.000000000000000000e+00
-1.000000000000000000e+00
8.747201987048858207e-01
-2.241899624345194963e-02
5.107407842321365354e-01
1.000000000000000000e+00
1.000000000000000000e+00
-7.570202752044694616e-01
1.000000000000000000e+00
6.371165416094818346e-01
1.000000000000000000e+00
-1.000000000000000000e+00
-9.358431674436298309e-01
1.000000000000000000e+00
-1.000000000000000000e+00
1.000000000000000000e+00
-1.000000000000000000e+00
1.000000000000000000e+00
1.000000000000000000e+00
8.506267325421777992e-01
-1.000000000000000000e+00
-6.793659978966428703e-01
-1.782001846370846743e-01
1.000000000000000000e+00
-1.000000000000000000e+00
2.502552647108335915e-01
-1.000000000000000000e+00
9.229328170282347088e-02
1.000000000000000000e+00
9.454952719375879777e-01
3.869454009150792295e-01
-1.000000000000000000e+00
-8.073941610815112968e-01
8.997890349594893644e-01
-1.000000000000000000e+00
1.000000000000000000e+00
-1.000000000000000000e+00
-1.000000000000000000e+00
1.000000000000000000e+00
1.000000000000000000e+00
8.783642298246924218e-01
1.000000000000000000e+00
-1.000000000000000000e+00
-1.000000000000000000e+00
1.000000000000000000e+00
-1.000000000000000000e+00
-1.000000000000000000e+00
1.440577712473292138e-01
-6.563215329201533832e-01
-1.000000000000000000e+00
1.000000000000000000e+00
1.000000000000000000e+00
-8.521745366238393515e-01
-4.636999255415967802e-01
-9.401159325119472498e-01
-1.000000000000000000e+00
7.025768930714260119e-01
1.000000000000000000e+00
-4.744693299685840415e-01
3.658758788490902303e-01
1.000000000000000000e+00
-6.196811279734574240e-01
-2.129709731169373566e-01
-1.783352697756621086e-01
-1.000000000000000000e+00
8.994754394572428424e-01
8.635898195898038532e-01
1.000000000000000000e+00
6.614176934459090607e-01
-8.155134831865934464e-01
-7.308430546352504553e-01
-1.000000000000000000e+00
1.000000000000000000e+00
-6.788389170551472063e-01
-1.000000000000000000e+00
3.762600021528816896e-02
-8.659351451551875467e-01
-1.000000000000000000e+00
1.000000000000000000e+00
-1.000000000000000000e+00
1.000000000000000000e+00
-1.000000000000000000e+00
-1.000000000000000000e+00
1.000000000000000000e+00
1.000000000000000000e+00
7.472780109312487928e-01
-9.616802584123957942e-01
-4.468324359390363210e-02
3.559433860008671124e-01
1.000000000000000000e+00
-9.688633567944293645e-01
-1.000000000000000000e+00
7.100622736135152602e-01
-1.000000000000000000e+00
-8.159543343372174240e-01
1.000000000000000000e+00
-1.000000000000000000e+00
-5.162677452962050051e-01
-1.493934968779792039e-02
-1.000000000000000000e+00
7.236764046775084891e-02
1.000000000000000000e+00
1.000000000000000000e+00
-2.996607996428286569e-01
-1.000000000000000000e+00
5.421718062260527660e-02
1.884940881284319358e-01
-1.000000000000000000e+00
2.823194413557619242e-01
-1.000000000000000000e+00
1.000000000000000000e+00
-8.726501727713802392e-01
-1.000000000000000000e+00
1.000000000000000000e+00
9.354964143652303443e-01
8.167536307408680418e-01
1.000000000000000000e+00
5.572622402338780478e-01
7.374471002476941095e-01
3.830783118107656815e-01
-4.616317621403614457e-01
5.549545806028354233e-01
-7.163433175384358309e-01
-1.000000000000000000e+00
-4.375026833937399884e-01
1.000000000000000000e+00
1.000000000000000000e+00
-1.000000000000000000e+00
1.000000000000000000e+00
1.000000000000000000e+00
-4.909153473335489126e-01
-1.000000000000000000e+00
-1.000000000000000000e+00
-3.948085180510567671e-01
-1.000000000000000000e+00
-1.000000000000000000e+00
-1.000000000000000000e+00
-1.000000000000000000e+00
5.307336751138846953e-01
1.000000000000000000e+00
-9.304215654778724698e-01
-1.000000000000000000e+00
-8.198018057148415139e-02
-3.798423990659683391e-01
8.841766280917791043e-01
1.000000000000000000e+00
6.139930471925350575e-02
3.893164480950526141e-01
1.000000000000000000e+00
1.000000000000000000e+00
-1.000000000000000000e+00
-1.000000000000000000e+00
-1.000000000000000000e+00
-1.576080164818227658e-01
9.751140347105148320e-01
2.639402250276792206e-01
-1.000000000000000000e+00
-1.000000000000000000e+00
-3.282856807923679732e-01
1.000000000000000000e+00
-1.000000000000000000e+00
6.576148017416458824e-01
-1.437779598469436371e-01
-2.042921163851951771e-02
1.000000000000000000e+00
1.000000000000000000e+00
1.000000000000000000e+00
-1.000000000000000000e+00
-1.000000000000000000e+00
1.000000000000000000e+00
-1.000000000000000000e+00
1.395767597390595860e-01
-1.000000000000000000e+00
8.616717852504187647e-01
-1.000000000000000000e+00
-6.985768643467940020e-01
-2.537303732377952925e-01
-1.000000000000000000e+00
1.743427449364614301e-01
7.519422159183101195e-01
-1.000000000000000000e+00
-5.304298201245134514e-01
1.000000000000000000e+00
-1.000000000000000000e+00
-2.574634451959223469e-02
1.000000000000000000e+00
7.240633465607495545e-01
-1.000000000000000000e+00
1.000000000000000000e+00
8.820831516424416652e-01
4.163935295505498679e-01
