8.358124350526188184e-01
-6.300595732074776301e-02
-8.667404814547641223e-01
8.638035757196743658e-01
-5.076258692877960721e-01
-7.517416649800003903e-01
1.000000000000000000e+00
-5.598853203098139719e-01
1.000000000000000000e+00
-6.991546295116961574e-01
9.523518443771803454e-01
2.843577567386257332e-01
-6.529886537934729285e-01
1.000000000000000000e+00
7.871725927076804741e-01
-1.000000000000000000e+00
-1.000000000000000000e+00
-9.132058519862011892e-01
-1.943218774911237290e-01
-5.830887985184984856e-01
7.852870743896760430e-01
2.693231360475576430e-01
-6.427180761711115409e-02
-7.961850672041759225e-02
-1.000000000000000000e+00
-5.053116858831308011e-03
2.862143957473175515e-01
1.000000000000000000e+00
7.771889624822194698e-01
9.507854201571497299e-01
8.994061983168650798e-01
1.000000000000000000e+00
-7.302914099128290371e-01
5.415297599817843199e-01
-1.000000000000000000e+00
5.200558867254008177e-01
2.722950305593117015e-01
2.162683510697828160e-01
-3.777851538600252579e-01
-1.000000000000000000e+00
6.695317047401037058e-01
-4.287522961624801177e-01
2.643502834999061912e-01
3.357960753635564899e-01
-1.858192986662541291e-01
-4.334740789121449556e-01
-4.054575020779689343e-01
-2.170667675160324883e-01
3.232902705755923423e-01
-3.540990967457037231e-01
-1.000000000000000000e+00
9.601611240193785868e-02
-2.797395433452301572e-02
-3.497574553724007718e-01
-1.247300259393262500e-01
1.000000000000000000e+00
-6.106684729688705016e-01
-5.381477290224703225e-01
-3.035407627807995556e-01
5.589146268545979179e-01
6.291252488230303364e-02
-7.826718257727993677e-01
-4.564055684936108026e-01
9.689573825559933962e-01
6.004415157349110022e-01
-1.000000000000000000e+00
1.000000000000000000e+00
9.239148002321533326e-01
4.354857466733341731e-01
-1.000000000000000000e+00
4.231933371695772994e-01
-1.000000000000000000e+00
1.000000000000000000e+00
-4.021300780285863574e-02
-8.737717320649196484e-01
-4.760441026201237547e-01
1.000000000000000000e+00
-5.228824871471626778e-01
-6.171964527059639050e-01
-6.261363293843436040e-01
-5.912260506928339598e-01
-1.000000000000000000e+00
-3.418984950664502032e-01
1.000000000000000000e+00
-1.000000000000000000e+00
-8.450437790146403394e-02
1.212111336259669159e-01
-5.091849506724822616e-01
9.180155805861835994e-01
-8.662207551051293031e-02
4.855777155761855646e-01
6.107996369059969233e-01
-5.370662877509249089e-01
4.410371750760124776e-01
1.000000000000000000e+00
4.945554715346556218e-01
-5.240957000987435110e-01
-3.597052119384880342e-01
4.056922359893955221e-01
3.755437855078287424e-01
-1.000000000000000000e+00
8.502977555940149923e-01
2.065038006539146598e-01
9.812149760243727981e-01
1.000000000000000000e+00
8.676080058678312668e-01
-8.299483148927027099e-01
1.000000000000000000e+00
-3.191133058749606732e-02
1.077292654956180096e-01
-8.839739663522776514e-01
1.113811918842320114e-01
-6.684527711274342865e-01
-6.614116745006961562e-01
1.000000000000000000e+00
-3.225563850471948601e-01
-1.584129076253696089e-01
1.000000000000000000e+00
1.999032048629153513e-01
1.000000000000000000e+00
1.000000000000000000e+00
8.272393053912261429e-01
6.725345093574597310e-01
1.789712655911997186e-02
9.030081563478009610e-01
-1.000000000000000000e+00
1.796482346874423430e-01
-2.133624271375675896e-01
-8.882014674979723523e-01
-1.197669904887006531e-01
7.127514130951142501e-01
9.587255072541318590e-01
-2.036907921269681676e-01
-1.000000000000000000e+00
2.819191659477666700e-01
2.973336120845453401e-01
3.770643517338596595e-01
-5.838232265053924230e-01
-1.000000000000000000e+00
-5.249027835740365244e-01
9.305609384774720105e-01
-3.158049799608786401e-01
-1.000000000000000000e+00
3.374218455890939383e-01
5.517509040249668484e-01
8.262051502536345016e-01
-2.029652156915617844e-02
-9.801938011391453376e-01
-9.704831330030343484e-01
1.000000000000000000e+00
-2.039675546139072537e-01
1.000000000000000000e+00
9.381867310275918692e-01
-5.198525920633751962e-01
7.265339094717444546e-01
-6.504831489478353213e-01
3.690965288765757357e-02
1.000000000000000000e+00
-9.465991402312676772e-01
-4.421080243052191161e-01
-1.000000000000000000e+00
1.000000000000000000e+00
-6.724790381799683470e-01
7.831895034602474048e-01
1.000000000000000000e+00
1.000000000000000000e+00
6.236283453867190740e-01
5.253420972501943176e-02
7.417984432860411648e-01
-7.334220251923984080e-03
-1.000000000000000000e+00
-1.000000000000000000e+00
-9.310931604543053464e-01
-7.877832075939408263e-01
-6.653258512903073019e-01
2.268528475861979476e-01
1.000000000000000000e+00
5.146005166864184854e-01
-1.000000000000000000e+00
4.354751436659982655e-01
-7.912789513968925270e-01
7.767786167654722185e-01
-4.087610367529372901e-01
5.293838417053905454e-01
-7.719494142219094357e-01
-8.232651644013950776e-01
2.334941356762954001e-02
-4.332042785436359678e-01
2.390681335335119728e-01
4.350247452484332644e-01
1.000000000000000000e+00
-2.172174354376747718e-02
-1.749497151561083541e-01
-1.000000000000000000e+00
-4.320162357011623766e-01
1.000000000000000000e+00
-2.514247006396823636e-01
-6.463498357985724141e-01
-1.000000000000000000e+00
3.427938708464377537e-01
1.000000000000000000e+00
-1.000000000000000000e+00
6.220776534417324921e-01
-9.643635159536303458e-01
2.862755025634466932e-01
2.803818613824170525e-01
3.447030718790846660e-01
8.239194650548924415e-01
-8.349903333003210193e-01
-5.061175774408720462e-01
1.000000000000000000e+00
2.433480644625729550e-02
-1.000000000000000000e+00
7.609823863042484149e-01
1.000000000000000000e+00
5.562759769520506659e-01
-8.487943351406288528e-01
-1.000000000000000000e+00
5.195620808885702269e-02
7.944439337092761289e-01
3.472629064756040940e-01
-2.627325159512456931e-01
-5.791661623346437970e-01
-2.288425520153676285e-01
2.254935105357036562e-01
3.929660376969563995e-02
-1.798244376471245243e-01
1.000000000000000000e+00
-1.000000000000000000e+00
8.785303968077742276e-01
-1.000000000000000000e+00
1.000000000000000000e+00
6.183972160950719221e-01
-4.791389842538893440e-01
1.000000000000000000e+00
-1.000000000000000000e+00
1.000000000000000000e+00
1.310700358516851960e-01
-6.657963199296954571e-01
6.679762357696537034e-01
-1.454258903051775798e-01
-2.703028329251235817e-01
1.000000000000000000e+00
3.348508160466501238e-02
1.976344765967219530e-01
-4.889185392989149337e-01
-6.856581108701317318e-01
5.840338232604922464e-01
4.406418596539203314e-01
-1.812687291494190500e-01
-9.446550391490090570e-01
1.599574468406150807e-01
1.000000000000000000e+00
5.149823231502748122e-01
2.722263109951659210e-01
-4.358388391170082699e-01
-3.329434875967358654e-01
-5.705406541091664341e-01
-7.644780034603912977e-01
-1.000000000000000000e+00
1.000000000000000000e+00
3.718561808899831789e-01
3.996907536557248175e-01
8.217053662154152338e-01
8.657259034298327993e-01
