-1.000000000000000000e+00
-9.357483736406950747e-01
1.000000000000000000e+00
9.396909342376595919e-01
3.463731906861117205e-01
-4.575015099267528695e-01
-8.487184238234700695e-01
1.000000000000000000e+00
5.331514425159131765e-01
-1.000000000000000000e+00
-4.774340854327405737e-01
7.625637294658270671e-01
-9.386201398359395043e-01
1.000000000000000000e+00
8.731163218716445629e-01
1.000000000000000000e+00
6.457313384283469571e-01
9.884827960253661505e-01
-5.495596160473648073e-01
-1.000000000000000000e+00
-3.392619707110224869e-01
4.771555104530726954e-01
-5.687516099415107496e-01
1.000000000000000000e+00
-1.000000000000000000e+00
9.758166655526617772e-01
1.000000000000000000e+00
-8.510459045152518609e-02
-1.000000000000000000e+00
5.317873258926613111e-01
6.784324156539542905e-01
-4.582413816794798089e-01
-1.828486999979551109e-01
-1.000000000000000000e+00
1.000000000000000000e+00
-8.171600505675572501e-01
-2.703488927882109483e-01
1.000000000000000000e+00
9.789922463518535567e-02
5.149729098608184508e-01
-5.357933431799566382e-01
2.963921768815033220e-01
-9.631225357889580119e-01
-5.364016812170696591e-01
1.380964918913512585e-01
-1.000000000000000000e+00
-1.683925607113211376e-01
8.247570254854832417e-01
-8.613755423954894130e-01
5.217425870343217476e-02
1.000000000000000000e+00
1.000000000000000000e+00
-7.863008954696506514e-01
9.553657526381790221e-01
4.338810009930235134e-01
1.000000000000000000e+00
3.715485289444069306e-01
1.000000000000000000e+00
1.000000000000000000e+00
-1.000000000000000000e+00
-3.618344173885096327e-01
4.645986731695810334e-01
9.373236582085449076e-01
1.000000000000000000e+00
1.000000000000000000e+00
-1.000000000000000000e+00
2.358167972858862260e-01
8.276963718757780475e-01
-4.766144993968337018e-01
-5.446581767269744745e-01
-1.181909769028340329e-01
-2.134127951447971627e-01
1.000000000000000000e+00
1.000000000000000000e+00
-1.000000000000000000e+00
3.995255210202691698e-01
5.141555201058691793e-01
9.581893971156407730e-02
-1.000000000000000000e+00
1.000000000000000000e+00
1.000000000000000000e+00
-1.000000000000000000e+00
2.327919850271305824e-01
7.224913682453590891e-01
2.409485223788246921e-01
-1.000000000000000000e+00
5.696681145482430653e-01
-7.447139525743381450e-01
-7.970807256823391196e-01
6.268845252592868400e-01
-1.000000000000000000e+00
-7.106441973481762986e-01
1.000000000000000000e+00
-5.563308978805293625e-01
7.568514127644654366e-01
-1.000000000000000000e+00
1.000000000000000000e+00
-8.203063337593304860e-01
1.000000000000000000e+00
1.000000000000000000e+00
1.000000000000000000e+00
-2.024040468370990054e-01
-3.929402311081976462e-01
1.000000000000000000e+00
-1.000000000000000000e+00
1.000000000000000000e+00
1.000000000000000000e+00
8.468593222404277032e-01
-1.258122258046016073e-01
-1.000000000000000000e+00
1.000000000000000000e+00
-1.000000000000000000e+00
1.000000000000000000e+00
4.547846686561560214e-01
-1.000000000000000000e+00
2.899507352350263467e-01
5.263932920081495492e-01
1.000000000000000000e+00
-8.611647106684661157e-01
-1.977419591225920703e-01
1.000000000000000000e+00
1.000000000000000000e+00
-1.000000000000000000e+00
-1.000000000000000000e+00
-1.000000000000000000e+00
-6.096236941091679462e-01
1.000000000000000000e+00
-2.552407462179377973e-01
1.508121160295400331e-02
-4.349133109882066250e-01
1.000000000000000000e+00
7.915379092648877624e-02
-1.000000000000000000e+00
1.000000000000000000e+00
-1.000000000000000000e+00
-2.455960188138879285e-01
-1.000000000000000000e+00
4.126468676316774054e-01
1.000000000000000000e+00
-5.786214113068366416e-02
6.531922942312855529e-01
5.605379871228457489e-01
-1.000000000000000000e+00
-1.000000000000000000e+00
-7.987374556364041922e-01
1.000000000000000000e+00
-1.000000000000000000e+00
-1.000000000000000000e+00
-1.000000000000000000e+00
1.000000000000000000e+00
1.000000000000000000e+00
2.718923214332031879e-01
9.010020591829774883e-01
1.000000000000000000e+00
7.856084913397050062e-01
4.358340706050314317e-01
-1.000000000000000000e+00
-6.736443445907840388e-01
1.000000000000000000e+00
1.000000000000000000e+00
2.317644740172314366e-01
1.000000000000000000e+00
-1.000000000000000000e+00
3.941517380354740974e-01
-4.264680449726909739e-02
-3.016521249800806492e-01
-1.000000000000000000e+00
1.919645038891961142e-01
9.232067776516603708e-01
6.786978978755218161e-01
1.916677903327359545e-01
-6.368453713648061787e-02
2.387723986638477514e-01
-1.000000000000000000e+00
-1.000000000000000000e+00
1.000000000000000000e+00
-7.630300906900493452e-01
5.548598802231250460e-01
-1.000000000000000000e+00
3.308852477426253991e-01
-4.424913024289300889e-01
-1.000000000000000000e+00
-1.000000000000000000e+00
-1.000000000000000000e+00
1.000000000000000000e+00
-7.476068862060005760e-01
-3.314949843467194235e-01
1.000000000000000000e+00
1.000000000000000000e+00
1.000000000000000000e+00
-1.000000000000000000e+00
1.000000000000000000e+00
1.000000000000000000e+00
-1.000000000000000000e+00
9.912980982415445785e-01
1.612643139953806037e-01
-2.813443432082356477e-01
3.070776646463073689e-01
-1.000000000000000000e+00
1.000000000000000000e+00
-8.258526786082027726e-01
1.000000000000000000e+00
-1.408288340490748691e-02
1.000000000000000000e+00
-1.000000000000000000e+00
1.871182367039808114e-01
1.991139496744339099e-01
1.000000000000000000e+00
-8.041064992884517926e-01
1.000000000000000000e+00
-1.000000000000000000e+00
-1.000000000000000000e+00
1.000000000000000000e+00
-6.858156387216425287e-01
1.000000000000000000e+00
1.000000000000000000e+00
-8.502178126020220050e-01
9.841098111224162448e-01
1.000000000000000000e+00
1.000000000000000000e+00
3.582477028586320555e-01
4.586243265491859455e-01
1.000000000000000000e+00
1.000000000000000000e+00
-1.000000000000000000e+00
-7.356418464372770361e-01
-5.843366086918726499e-01
1.000000000000000000e+00
1.000000000000000000e+00
-1.000000000000000000e+00
-1.000000000000000000e+00
-1.000000000000000000e+00
-9.500455136278183055e-01
1.000000000000000000e+00
1.000000000000000000e+00
-1.000000000000000000e+00
1.713514848523893241e-01
1.000000000000000000e+00
9.925397180216342097e-01
-8.906701410888575587e-01
-5.312598649144880669e-01
-1.000000000000000000e+00
3.359716413576934180e-01
1.000000000000000000e+00
-1.000000000000000000e+00
9.418460326352476875e-01
7.257746741319698325e-01
-4.940887275387437771e-01
1.000000000000000000e+00
-1.000000000000000000e+00
1.000000000000000000e+00
-9.234839326983088625e-01
-5.698211203577170370e-01
-1.000000000000000000e+00
-1.459291619588019007e-01
1.000000000000000000e+00
-8.320234836654556432e-01
-6.998672490886375108e-01
-1.000000000000000000e+00
4.214267514183780428e-01
-1.000000000000000000e+00
-1.000000000000000000e+00
-7.206447050777998742e-01
3.156135953449346054e-02
-1.000000000000000000e+00
