-5.811791248281814593e-01
4.535021126442331241e-01
3.059138645681953594e-01
8.116638105327660391e-01
5.305042971028173238e-01
-6.911720329176820332e-01
5.089289517427060261e-01
3.617140949765065283e-01
6.699549073087227580e-01
1.256755398509750155e-01
-3.863869575090457253e-01
-8.092053783764892039e-01
-7.215637616356611606e-01
6.455689774104247380e-01
6.908848757579955091e-02
2.332581473689079310e-01
-4.536333185360019726e-02
-1.520562110277408063e-01
-4.343208432268257368e-01
-2.587263086317119765e-01
8.326241989535778654e-01
6.054338381845671968e-01
3.453939273057227144e-01
5.166494441958719985e-01
3.319649882431205956e-01
7.637513297400702061e-01
8.450941885742644377e-01
-9.048212943221882743e-01
-1.438989642613994757e-01
6.525465326501598273e-01
-3.905337223796583324e-01
5.544376635498720063e-01
6.853746875019737228e-01
8.904283624696818222e-02
-7.812595384110294638e-01
9.669986962930587904e-01
-2.076149646044698205e-01
4.511277427128912443e-02
3.352977772731045025e-01
1.190423123365398350e-01
-8.781955048505207806e-01
9.679767189402466165e-01
-7.586418060727941892e-01
6.324596125253263423e-01
-1.837561927416071494e-01
-6.987758764793137178e-01
-3.531470958207083566e-01
-3.134811424812398162e-01
9.504395553737243763e-01
-9.346190011531467778e-01
9.820670606827952565e-01
-9.255108939306928573e-01
-1.457567224176499199e-01
5.821383113138507426e-01
9.860460989703372370e-01
9.574399517725864506e-01
-5.420565656778499886e-01
-6.461213371579597187e-01
1.591564974169596969e-01
8.291860626370817222e-02
-5.210050063915483420e-01
-5.258263949048018748e-01
5.845600978449319030e-01
-5.210847117814916274e-01
-7.881372245919338049e-01
-9.075745407353015271e-01
-7.056194138620892620e-01
-3.267699971969100226e-01
-9.361064337880637964e-01
-1.472475818375198475e-01
-6.361579560183945325e-01
7.900964266893701904e-01
2.137608787651250619e-01
8.025175684740166737e-01
2.120617696266018370e-01
-2.469763726433067408e-01
-7.443170685217086469e-01
-3.041331808434577511e-02
-2.321241639966091785e-01
4.829392873803786124e-01
6.798310523731112553e-01
8.246388758457094958e-01
-9.572386666409395950e-01
-5.648605677381572931e-01
-9.257856935910298013e-01
-1.676524799927594511e-01
6.689451068253233768e-01
1.004820351236301867e-01
6.582032561710082774e-03
-4.789605124009399528e-01
-4.882002542705066173e-01
5.089231162120020358e-01
3.065237263066766804e-01
2.648413797090471977e-01
-6.731321546768225250e-01
7.596055842611362241e-01
1.663703411594363857e-01
-3.539421677084542139e-01
6.093966867775426621e-01
-7.830082625059648915e-01
-1.171580845069242205e-01
9.494025232737193232e-01
-5.217026318470314727e-01
6.334491244611406557e-02
8.782929759260631464e-01
-2.391311207750297374e-01
-2.543535479612246686e-01
-5.203495945602907291e-01
-7.953903052288444631e-01
-1.329821442394336639e-01
4.518620699295867738e-01
-9.610259960915121802e-01
-1.736074622513961163e-01
6.671129200052623442e-01
-5.048122476999534758e-01
2.451807944133670425e-01
3.746581205207093479e-01
-1.897127440739263537e-01
6.664230393679160258e-01
-5.921268765563996173e-01
8.579682974765059367e-01
-5.625017400201459683e-01
6.835349033110387218e-01
8.591659045424027141e-01
-1.689625226945969949e-01
9.435529022613433625e-01
6.862587651022817870e-01
-5.268691963825631319e-01
-5.038770589421703860e-03
5.501428105284378312e-01
-9.567409315486603560e-01
8.303666888887655251e-01
-3.961644560976829155e-01
1.082063104080768223e-01
2.492484128951630851e-01
-6.128647699054099451e-01
8.705249012107085793e-01
-5.483314806665051666e-01
-3.732272730772079328e-01
3.757557674891542909e-02
1.082296678713097204e-01
1.829959568173622486e-02
-3.127315734211970621e-01
-1.890508711239680117e-01
7.527097769703190444e-01
-6.498655998124556188e-01
-9.181755450551045694e-01
9.877981836826887907e-01
1.701467789716228918e-01
-7.100531735371611308e-01
9.738763933995044919e-01
6.758705144159706801e-01
8.487953873381697267e-01
6.939697545819412117e-01
-5.183796707188526032e-01
-1.587219316124399704e-01
-4.969956835682141083e-01
7.288042350689365456e-01
3.424379664991874517e-01
-2.664307875451510377e-01
5.843600418691252685e-03
-2.774511837269728609e-01
1.792872461389585226e-01
-9.886289781489376871e-02
-1.338105636754911565e-01
-7.371581187230034082e-01
2.107678000949859687e-01
-1.375073108395312715e-01
9.732580586324857119e-01
-7.220349829314631762e-03
-3.108072656869564909e-02
6.764316506069212309e-01
9.583401206903228164e-01
-4.092810356758462831e-01
3.785314561035442171e-01
9.166837502173574848e-02
7.521160173489813694e-01
7.382154832728344829e-01
-3.339319916689202916e-01
9.860329233583946529e-01
2.737845613090339469e-02
-4.535638478792460848e-01
5.568071746092373431e-02
-2.245585559586802393e-01
-3.951992526035146280e-01
-2.022161671997371180e-01
-3.802366873894860166e-01
-2.330174310112111957e-01
3.509980964029666417e-01
-7.570296889236118876e-01
5.055483677117988961e-01
9.043330295472851166e-01
8.284837867820433743e-01
1.095010500734223680e-01
9.940240679863248108e-01
-4.900256678819192580e-02
-6.300942188164762037e-01
-7.804447995291394768e-01
3.419464343871394529e-01
-8.547422757609244304e-01
-4.883890279282143698e-01
7.379058408680021497e-01
5.069389508901918084e-01
-1.997249188501248884e-01
-8.221377586383618041e-01
1.349589500029255706e-01
-4.399909681459750477e-01
5.369600757850112593e-02
-5.842860603681323539e-01
-1.829954871496195512e-01
-1.717418347585430993e-02
9.100368704099321970e-01
6.084629357221276180e-01
-4.924607797318185654e-01
5.172456632064499349e-01
-6.414026994221657674e-01
3.056941223715590183e-01
-7.317689587451505773e-01
7.197918647278365167e-01
-5.868912525213225706e-01
4.065877683928960096e-01
5.112466668497952504e-01
5.407010629768229659e-01
9.283205534184060248e-01
6.357614403083544641e-01
-9.633687402216462026e-01
-3.965513068642887440e-01
-9.858324696441616020e-01
-3.895366706967475778e-01
6.714695237153855967e-01
-9.133389704663119613e-01
6.616637351378849008e-01
-1.544004371829998945e-01
7.600269884303081369e-01
5.951469269582161381e-01
6.479177260461923549e-01
-9.876890489394452022e-01
8.898798540666446044e-01
1.973138505311147206e-01
-3.318213207307652013e-01
-1.296963867955047700e-01
-8.130578293049719463e-01
9.144465679914330902e-01
7.001640134725157782e-01
5.328720838121894232e-01
-4.898332823090103538e-01
5.683439773185972044e-03
5.255504622970006423e-01
1.074516299588872403e-01
-3.653752083567929354e-01
-8.818967658271754662e-01
-2.111767618582529593e-01
2.467160272419508527e-01
-3.898827466839445144e-01
-7.794556096798925804e-01
6.525401771326910794e-01
-6.104665906155919419e-01
-7.237628517982483967e-01
-6.572835557841845144e-01
9.058301532950236989e-01
5.467222608626935987e-01
-9.024093898769278699e-01
-5.316017829767107905e-01
4.712851936819135723e-01
-3.940297644113899267e-02
