1.057191611677490428e-01
3.818105831255107496e-01
1.699315216207102353e-01
-9.038137159662618103e-04
-7.985665445602030399e-01
-9.321125909095930862e-01
-5.526215707970401070e-01
1.647494000754439192e-01
7.775471429319757988e-01
6.014050721338581873e-01
-1.305655611666760585e-01
-7.013268004634434227e-01
3.896277052448968714e-01
-7.054894487962661831e-01
9.813579579568394440e-01
-1.569549275343551376e-01
-7.019701028063265458e-01
8.763675849634133819e-02
7.085180696623951668e-01
-8.582250395115835762e-01
-1.212822990269066814e-01
-6.703501151926329893e-01
1.701557108098628035e-02
-1.907577669043836188e-02
-9.096456016118013022e-01
5.950332405670428759e-01
-1.854035025555964555e-01
1.315223297911365385e-01
5.837623830539739878e-01
-6.190886388261205298e-01
4.481344861365894605e-01
5.484537697568905301e-01
-8.551332359870402744e-01
-6.050699858081443061e-01
-5.557642104335034361e-01
9.496273703330619931e-01
2.933841081657249106e-01
3.399473714671212843e-01
8.651281433425273004e-01
5.272449317442526873e-01
-2.094556454167235682e-01
3.022394465029893951e-01
-2.112118324362619592e-01
3.028060687567819542e-01
-9.983824216754320080e-01
4.412491553777901920e-01
9.597358561287987477e-01
-1.668339588110980820e-01
2.477587773964025075e-01
8.669916857788875220e-01
5.387170630424733542e-01
-7.551696368861851028e-01
9.828801463545111528e-01
1.068147212143173430e-01
1.208737352139350740e-01
-5.060064317782735355e-01
6.044558452361066259e-01
-8.657919150158419619e-01
1.392928169329672450e-01
4.842707418711182932e-01
2.824597461278479660e-01
-5.191039375692816371e-01
2.467961432246923437e-02
-6.591871813671343894e-01
-8.947369710639105911e-01
-5.362416340229112510e-01
-6.399331839349575723e-02
-1.818494413579343494e-01
-8.722296825890194505e-01
-8.070618844076777876e-01
4.828965975752912421e-01
8.149505791671958210e-01
3.864441747478974953e-01
8.327948593976850500e-01
2.786013357288270598e-01
4.201655426451944564e-02
4.433715212550486395e-01
-6.550353337385830255e-01
-6.859773994576563449e-01
-3.698383902384456690e-01
-1.976949110480867855e-01
3.949897134884687855e-01
2.219931753771118288e-01
2.202193100256022440e-02
2.159704682733731840e-01
3.085528842638305402e-01
-9.362339923772862171e-01
5.041299753187724608e-01
1.877422343210533029e-05
4.970533248817357030e-01
-2.549395122362998478e-01
3.568872432492300462e-01
1.830923438048708274e-01
-6.593884199758555109e-01
3.131231782635182093e-01
8.378808717291079677e-01
6.219396597210347100e-01
-2.989051233384252271e-01
9.314683082808783432e-02
4.753331795953981143e-01
-2.059594180860373491e-01
4.225853715187926074e-01
1.609901293110360676e-02
-6.763412803510253646e-01
3.794744024657719095e-01
5.337311200236505293e-01
8.681901406704719548e-01
-7.380079497213296591e-01
-8.501555210280391517e-01
-9.479850635734150543e-01
3.780964474178762913e-01
-9.214136302356079611e-01
-6.010613558736854767e-01
4.865655809938831400e-01
7.012001448101479184e-02
7.888028856682478551e-01
-6.900679235873345974e-01
-8.657949752950069300e-01
-5.233434651102280011e-01
7.542939596074342834e-01
-6.651512612108632094e-01
2.585264442783639094e-01
6.366830365996065666e-01
-3.300009431214157019e-02
-7.437956142709987173e-01
6.980121584936014312e-01
2.649608196605477417e-01
-2.890522611171690848e-01
-4.702003337421385432e-01
7.798036649570323497e-01
-6.490731028582217288e-01
7.198333935850949050e-01
-8.511058640045561230e-01
-4.507270833169645385e-01
-7.058465002727163373e-01
3.319765533290823800e-01
8.316472858324592821e-01
-3.154493622423875099e-01
4.594357711333896255e-02
-4.702763802128271386e-01
7.922908716851306821e-01
-6.677587956931634317e-01
3.508050122906867241e-01
5.559338688320301092e-01
-3.476269450962163887e-01
-8.821003263514546333e-01
-2.462973990660517476e-01
3.674784321317401403e-01
-9.318709619850549242e-01
1.409334876227210653e-01
4.573457017839877015e-01
-2.981379587195973624e-01
-5.095045485280502717e-03
-4.067714901569861041e-01
9.150182168081779643e-01
-6.785929398184475936e-01
2.851124740940336189e-01
-9.319926660847746014e-01
1.720998030526541545e-01
4.617429731558762018e-01
4.292938790305078633e-01
5.316077104081231575e-01
1.285929364941091890e-01
5.357682890100228246e-01
-9.543476642239248076e-01
-2.724190170181957082e-01
5.462054690210198515e-01
8.868197648361544339e-01
-7.082430369055785491e-01
3.404908962891248780e-01
7.306930788850116709e-01
1.380065179192344615e-01
-4.130236691353506018e-01
3.159258863354312830e-01
-9.208821074679129914e-02
-7.502831456530902887e-01
-2.412731132537526690e-01
6.917200358959956219e-01
-1.517782522088531039e-01
-2.377106822522851992e-01
9.910180406605479941e-01
9.403160552148339679e-01
4.847064600933135292e-01
2.884724963557028232e-02
-4.627669369622140483e-01
-4.743788887201219051e-01
-4.909144125688174043e-01
9.777532418020431493e-01
-7.796283392244656163e-01
1.915970847840855473e-01
3.320622548645284500e-01
2.510466222227221156e-01
-8.167298775544296063e-02
-2.523265687485167774e-01
8.703369258756930016e-01
-1.623280756838727523e-01
9.596291478135290376e-01
2.687077678700033889e-01
9.961829976622611493e-01
-2.740630870787108542e-01
-8.152633844763834681e-01
8.691407689412233850e-03
3.337822660059330815e-01
-4.624631621123171943e-01
1.038702939053741670e-01
-7.089046978894382178e-01
5.725851880635450808e-01
-6.435506164294444442e-01
4.589972387687974997e-01
-3.016997448950982097e-01
4.527777259923770892e-02
-9.197128389190687425e-01
-5.341278407919070048e-02
-9.714138000933532080e-01
3.742681018479421251e-01
9.181468623261372919e-01
-4.592768578518415801e-01
4.182857623491329502e-01
9.252957773601142577e-01
7.994597571236972122e-01
5.443604364687195662e-01
-9.407534289668442185e-01
-3.647578993836273487e-01
2.240425123007516728e-01
-8.825338053670264138e-01
-6.051352649321053434e-01
-3.596302904311152737e-01
2.892201720359064421e-01
-2.597500887975279227e-03
9.082442335309266479e-01
-4.793603694902237589e-01
-6.461164273218877874e-02
4.419171592997934717e-01
4.869394942127425185e-01
5.778041180633692875e-01
9.501048818148645214e-01
3.138484755728818687e-01
-9.673905074259314674e-01
-5.005710235072426961e-01
-7.794568690745387052e-01
-3.348268582863211940e-01
-5.812973701723942455e-01
9.735214751275300671e-01
-2.086100213062276332e-01
-7.536701719597933558e-01
-5.325031429363271673e-01
-2.440461610682624904e-01
-4.391276879598335903e-01
2.463082743967315302e-02
-1.737969800343559523e-01
-2.135560903121582754e-01
-3.754874900998230736e-01
-8.995427006558143201e-01
-7.418812375916683521e-04
3.492932601839882079e-01
-9.052028799829450190e-01
5.735499973392443884e-01
-4.804369182797678661e-01
3.181942661934391570e-01
5.170026381465007148e-01
-3.258844925465056441e-01
5.516275675826021185e-03
6.331963907896944743e-01
-1.763493721311757412e-01
-6.221749082209901971e-01
