1.000000000000000000e+00
6.003533765838382497e-01
-5.184107458912148303e-01
-1.246609109906551272e-01
9.131608461075477745e-01
8.674335128930807937e-01
1.000000000000000000e+00
-6.969065844632365003e-01
9.491400433225360977e-02
7.345939639261080956e-01
-5.852100308407545692e-02
3.071898529846013304e-01
2.976880521763277665e-01
1.013071169060992816e-01
-8.189992873093752124e-01
4.461464478324135285e-01
-1.000000000000000000e+00
-6.849181112688693673e-01
3.390082124967119803e-02
9.441674028461277679e-02
1.000000000000000000e+00
1.000000000000000000e+00
1.649167971921887688e-01
1.000000000000000000e+00
2.169160965992428247e-01
5.656075215931168909e-01
-5.609503429905693395e-02
-4.755929324223672205e-01
1.000000000000000000e+00
-3.569464715843880809e-01
-1.000000000000000000e+00
1.083031601758015494e-01
-1.000000000000000000e+00
3.834589056834372123e-01
1.000000000000000000e+00
8.606565143144512264e-02
7.970077563671227328e-01
8.938085079316774317e-01
-2.263187834254434261e-01
1.000000000000000000e+00
-8.405847653136515607e-01
-1.000000000000000000e+00
-6.884232649227095546e-01
-3.966077927645841883e-01
7.074811763342075954e-01
-4.645597455283945187e-01
1.000000000000000000e+00
-1.000000000000000000e+00
1.355717744533579960e-02
-4.396742233228889685e-02
-1.000000000000000000e+00
-3.449787743539016738e-01
7.623560578825714362e-01
-1.000000000000000000e+00
1.000000000000000000e+00
-1.000000000000000000e+00
9.284507047022608761e-01
1.000000000000000000e+00
1.000000000000000000e+00
1.000000000000000000e+00
1.000000000000000000e+00
1.000000000000000000e+00
-4.869155678437054879e-01
-7.087793185573624255e-01
-1.000000000000000000e+00
5.900640026312404807e-01
-6.277186929232554391e-01
-1.000000000000000000e+00
1.000000000000000000e+00
-3.139332903930142082e-01
1.000000000000000000e+00
-3.008346880124631584e-01
-1.000000000000000000e+00
1.000000000000000000e+00
-7.981897333356373636e-01
1.000000000000000000e+00
-1.824073557891227049e-01
1.000000000000000000e+00
-1.000000000000000000e+00
1.000000000000000000e+00
-1.000000000000000000e+00
1.000000000000000000e+00
-6.822602786275286935e-01
1.000000000000000000e+00
1.000000000000000000e+00
8.721952998302320292e-01
1.000000000000000000e+00
-8.485065816001189365e-01
1.000000000000000000e+00
-1.000000000000000000e+00
-1.000000000000000000e+00
7.194111145225754456e-01
-4.132267424404118539e-01
-9.706891269048543158e-01
-1.540253147873116291e-02
8.583161439678158589e-01
-1.000000000000000000e+00
-1.000000000000000000e+00
-1.000000000000000000e+00
-4.133318835049248352e-01
-4.115084648490401342e-01
1.000000000000000000e+00
-9.829661743001734120e-01
1.000000000000000000e+00
-6.689768583258873802e-01
-1.000000000000000000e+00
-1.000000000000000000e+00
-1.000000000000000000e+00
1.000000000000000000e+00
-1.000000000000000000e+00
1.000000000000000000e+00
1.000000000000000000e+00
1.000000000000000000e+00
-5.673189081411893486e-01
1.000000000000000000e+00
-1.000000000000000000e+00
5.713832348719676268e-01
-9.455126306287687799e-01
-1.000000000000000000e+00
5.520237221260064775e-01
-6.622505976808732431e-01
-1.000000000000000000e+00
1.000000000000000000e+00
1.000000000000000000e+00
-1.000000000000000000e+00
-1.000000000000000000e+00
1.000000000000000000e+00
1.000000000000000000e+00
1.000000000000000000e+00
1.000000000000000000e+00
-1.381369837863544170e-01
1.000000000000000000e+00
1.000000000000000000e+00
9.735073197759415153e-01
-1.000000000000000000e+00
1.000000000000000000e+00
1.064623173980743243e-01
-1.000000000000000000e+00
-1.000000000000000000e+00
-9.600137258008907271e-01
-1.000000000000000000e+00
-1.000000000000000000e+00
7.791744354571563669e-01
-4.180567626098541378e-01
4.552454246030721574e-01
-4.529791903208899573e-01
-8.263844906461728090e-01
9.236015756732648407e-01
1.000000000000000000e+00
1.000000000000000000e+00
1.829034925725842031e-01
-1.000000000000000000e+00
1.000000000000000000e+00
4.711868432447545718e-01
6.758581784093639633e-02
1.000000000000000000e+00
1.000000000000000000e+00
-1.615389016204347161e-01
2.810581240095846312e-01
-2.734766534058688525e-01
-1.000000000000000000e+00
1.000000000000000000e+00
-1.000000000000000000e+00
-4.230858866194470158e-01
1.000000000000000000e+00
1.000000000000000000e+00
-1.814039421928244356e-01
-1.000000000000000000e+00
2.216868872731165840e-01
-1.000000000000000000e+00
-1.000000000000000000e+00
-1.000000000000000000e+00
-3.396776157863830026e-01
-8.256767853009496783e-01
1.000000000000000000e+00
-1.000000000000000000e+00
-1.000000000000000000e+00
1.000000000000000000e+00
-9.265462740270369313e-02
1.000000000000000000e+00
1.000000000000000000e+00
1.000000000000000000e+00
1.000000000000000000e+00
-9.826314643275693150e-01
-1.000000000000000000e+00
1.000000000000000000e+00
-1.000000000000000000e+00
1.000000000000000000e+00
1.000000000000000000e+00
1.000000000000000000e+00
1.000000000000000000e+00
-5.276255123728049723e-01
-1.000000000000000000e+00
-1.000000000000000000e+00
1.000000000000000000e+00
1.000000000000000000e+00
6.612262147692558045e-01
-1.280283759578858538e-01
7.820630376029239494e-01
-2.815664264631416724e-01
-1.000000000000000000e+00
1.071718295848869129e-01
1.000000000000000000e+00
6.092672201257920417e-01
-1.000000000000000000e+00
8.796075195955765924e-02
-5.640290049608606138e-01
-1.000000000000000000e+00
-2.595966679301753288e-02
1.000000000000000000e+00
-7.196833802897929511e-01
1.000000000000000000e+00
1.000000000000000000e+00
1.000000000000000000e+00
-9.908009949029652486e-01
6.376709626845011858e-01
1.000000000000000000e+00
-1.000000000000000000e+00
1.000000000000000000e+00
1.000000000000000000e+00
1.000000000000000000e+00
1.000000000000000000e+00
-1.000000000000000000e+00
1.000000000000000000e+00
1.000000000000000000e+00
1.000000000000000000e+00
-5.719502007925076903e-01
-1.000000000000000000e+00
-1.000000000000000000e+00
-1.000000000000000000e+00
-1.000000000000000000e+00
-1.000000000000000000e+00
7.883947188865784161e-01
-1.000000000000000000e+00
-1.000000000000000000e+00
-7.172662013268160663e-03
1.000000000000000000e+00
1.000000000000000000e+00
1.000000000000000000e+00
-1.000000000000000000e+00
-1.000000000000000000e+00
7.400233629881992625e-01
2.175502703655559644e-01
-1.000000000000000000e+00
6.748430318589638821e-01
5.005833028136610352e-01
1.000000000000000000e+00
1.000000000000000000e+00
-1.000000000000000000e+00
1.000000000000000000e+00
-1.000000000000000000e+00
3.705796107919703264e-01
-1.000000000000000000e+00
1.000000000000000000e+00
1.000000000000000000e+00
-1.000000000000000000e+00
1.000000000000000000e+00
-1.000000000000000000e+00
7.754854714814432004e-01
1.000000000000000000e+00
-1.000000000000000000e+00
-1.000000000000000000e+00
-1.000000000000000000e+00
1.000000000000000000e+00
-1.000000000000000000e+00
