4.394197859684840779e-01
1.000000000000000000e+00
-1.000000000000000000e+00
1.000000000000000000e+00
-6.421717157632855777e-01
-4.370363604837055327e-01
-1.000000000000000000e+00
-1.000000000000000000e+00
-1.556070856886782039e-01
2.499819025122013150e-01
1.000000000000000000e+00
-8.695688714859104440e-01
7.289328354628241691e-01
5.183876937105091898e-02
8.163286154800958316e-01
-1.000000000000000000e+00
-1.000000000000000000e+00
-1.000000000000000000e+00
-1.000000000000000000e+00
9.904423132259985163e-01
-8.016953437710703234e-01
4.207159884187638976e-02
5.980837244782610806e-02
1.000000000000000000e+00
5.789991748087631729e-01
1.000000000000000000e+00
1.000000000000000000e+00
1.000000000000000000e+00
5.756343303853306281e-01
-6.992240389743329398e-01
-6.081527344688456571e-01
1.000000000000000000e+00
-1.000000000000000000e+00
-1.000000000000000000e+00
1.040865318780342386e-01
-8.670463479459766809e-03
-1.000000000000000000e+00
-1.000000000000000000e+00
-7.596438850870315118e-01
4.153099326620557363e-03
3.610634023327859432e-01
5.117513692735062847e-01
-5.797248544166275774e-01
-1.000000000000000000e+00
-1.000000000000000000e+00
-2.516838559094934924e-01
-1.000000000000000000e+00
7.035335606635312322e-01
1.000000000000000000e+00
1.000000000000000000e+00
-2.073424241859758155e-01
8.437103317524242696e-01
-3.319523997046608388e-01
-9.219525352308348687e-01
-1.000000000000000000e+00
7.425717746563631483e-01
5.866237692960036831e-01
-6.951747980338633948e-01
1.000000000000000000e+00
3.375778836948556405e-01
1.000000000000000000e+00
-5.091422799379802244e-01
-1.000000000000000000e+00
-5.173528883828937275e-02
-8.926395822499652577e-02
1.000000000000000000e+00
2.354741877045558596e-01
1.512736369024314520e-02
7.238066745836526650e-01
1.000000000000000000e+00
-5.971106516288438026e-01
2.269584429489761579e-01
1.000000000000000000e+00
-1.000000000000000000e+00
1.000000000000000000e+00
-9.238175585102075260e-01
-1.000000000000000000e+00
1.000000000000000000e+00
-6.434025491378640993e-01
4.007813236165942428e-01
1.000000000000000000e+00
-5.212026579753046285e-01
-7.324990658312902081e-01
-1.000000000000000000e+00
2.357115234107856061e-01
-1.000000000000000000e+00
-1.000000000000000000e+00
1.000000000000000000e+00
-6.129890711560370686e-01
-9.816402610461758549e-01
3.476210794850587704e-01
-2.223378992936450027e-01
-5.012232520360300203e-01
6.818913481560179290e-01
-1.000000000000000000e+00
-7.380141430493518673e-01
-1.000000000000000000e+00
6.933821998283322685e-01
9.818794436271502946e-01
1.000000000000000000e+00
3.312383803299089324e-01
-1.000000000000000000e+00
1.000000000000000000e+00
6.914587985958521310e-01
3.070611027347232014e-01
-1.664670876681817457e-01
-1.000000000000000000e+00
-3.358556569376136558e-01
-1.000000000000000000e+00
3.595154802018872831e-01
-1.000000000000000000e+00
9.879652946053860685e-01
-1.000000000000000000e+00
-1.000000000000000000e+00
-3.630419712203704075e-01
1.000000000000000000e+00
-3.005889397136545793e-01
-2.038841438354570545e-01
-1.000000000000000000e+00
-1.000000000000000000e+00
-6.883581122920565676e-01
-1.000000000000000000e+00
8.669043824983559965e-01
-4.728318209057709443e-02
4.059630459580667594e-01
-1.000000000000000000e+00
6.943118553794704884e-01
-3.867092989073452891e-01
1.000000000000000000e+00
-1.000000000000000000e+00
1.000000000000000000e+00
6.456842943918399413e-01
-4.576863379152327771e-01
-9.024316570281816219e-01
-1.000000000000000000e+00
-2.004982199420305422e-01
-5.954570632690636689e-01
1.000000000000000000e+00
8.693217939204387346e-01
-1.431224650230468187e-01
-3.267245121825926857e-01
-1.000000000000000000e+00
2.611324673547169573e-01
-1.000000000000000000e+00
-8.051839963223806906e-01
1.000000000000000000e+00
-1.000000000000000000e+00
1.000000000000000000e+00
5.686842070879924993e-01
-1.000000000000000000e+00
4.703774915634829634e-01
-1.000000000000000000e+00
-4.101000333659010622e-01
2.272297100455289431e-03
-5.213550642106290489e-01
8.157450326507408311e-01
-1.000000000000000000e+00
1.497580413650301256e-01
-1.000000000000000000e+00
1.085818800422198027e-01
-7.851473131669619576e-01
-1.000000000000000000e+00
-6.354709773004496576e-01
-4.094415198915710707e-01
1.000000000000000000e+00
5.005443843573442742e-02
1.000000000000000000e+00
9.354906484340796968e-02
-1.000000000000000000e+00
1.493680006488091738e-01
1.000000000000000000e+00
2.742314995131139854e-01
-1.000000000000000000e+00
-1.000000000000000000e+00
-4.111749236579354538e-01
-7.237530245762724412e-01
1.000000000000000000e+00
9.304201980714421616e-02
-3.141367565767883008e-03
5.665699657714351467e-01
-1.667218485362684799e-01
-1.000000000000000000e+00
9.562786583405193941e-01
-5.643677616258220286e-01
1.000000000000000000e+00
-2.104083028571254177e-01
-1.000000000000000000e+00
5.083449409474127823e-01
1.000000000000000000e+00
-1.412829498872344436e-01
9.926381525357542701e-01
-7.998081354952371047e-01
1.000000000000000000e+00
3.882281430247713772e-02
1.000000000000000000e+00
-1.000000000000000000e+00
1.000000000000000000e+00
2.454267668397915880e-01
1.000000000000000000e+00
-4.545634556985629349e-01
3.914143343511922168e-03
7.679199443246340628e-01
4.209185269905570959e-01
8.666614355154629301e-01
-1.000000000000000000e+00
-3.397770391418286073e-01
1.000000000000000000e+00
-1.000000000000000000e+00
6.185378842624137397e-01
-6.624410183374354055e-01
-8.230711329440655311e-01
-4.900832327527770982e-01
1.000000000000000000e+00
1.000000000000000000e+00
-1.000000000000000000e+00
1.000000000000000000e+00
-8.508205917148952135e-01
-2.431207717523919953e-01
1.000000000000000000e+00
-1.000000000000000000e+00
1.000000000000000000e+00
9.243635565377944507e-01
-1.654121512037680652e-01
5.466062900786672341e-01
1.000000000000000000e+00
-1.000000000000000000e+00
-2.374901818839059153e-02
-1.000000000000000000e+00
1.000000000000000000e+00
1.000000000000000000e+00
8.396073079455712573e-01
1.000000000000000000e+00
5.484322277426557646e-01
-4.550240510846726427e-01
-1.000000000000000000e+00
-1.000000000000000000e+00
-1.000000000000000000e+00
-6.440167386370427849e-01
4.543447620739267112e-01
-2.351753537721166798e-01
4.222221123705831580e-01
1.000000000000000000e+00
-1.000000000000000000e+00
1.000000000000000000e+00
-1.000000000000000000e+00
-1.000000000000000000e+00
-1.729490332484626691e-01
9.539677092458194174e-01
1.000000000000000000e+00
7.312397138108457373e-01
-4.069473220280794834e-01
8.380958352486488350e-01
9.079704792925511470e-01
-4.798410760445869228e-01
4.798843637799659056e-01
-4.424297161763069974e-01
-2.028462986651914934e-01
-1.000000000000000000e+00
-9.496540507174439094e-03
-7.250746560009238006e-01
-2.541666441178325186e-02
-1.000000000000000000e+00
-3.968989656802497379e-01
-1.000000000000000000e+00
1.000000000000000000e+00
