-8.205702980517125544e-01
1.000000000000000000e+00
-1.434564482446287759e-01
1.000000000000000000e+00
-4.433715680126867342e-01
9.448170273078714265e-01
-6.829652066832430091e-01
-1.000000000000000000e+00
1.000000000000000000e+00
-1.000000000000000000e+00
1.000000000000000000e+00
3.498540575024828847e-01
-6.211445938054394045e-01
-4.018664938511617990e-02
-1.000000000000000000e+00
1.000000000000000000e+00
-7.793128915491778219e-01
3.901274422562758248e-01
-1.743230071742118970e-01
-6.591561602097379957e-01
-1.000000000000000000e+00
-7.535601064508958835e-01
1.000000000000000000e+00
2.741283515476435895e-01
-1.000000000000000000e+00
6.929941229844563955e-01
1.162851240842837086e-01
-4.207438562666570014e-01
-1.000000000000000000e+00
-1.000000000000000000e+00
1.000000000000000000e+00
1.714955827377782072e-01
1.000000000000000000e+00
-1.000000000000000000e+00
-1.000000000000000000e+00
-1.000000000000000000e+00
-7.767591473658568280e-01
5.746109864884056950e-01
1.000000000000000000e+00
-1.000000000000000000e+00
-3.998318307017529882e-01
-4.117750082767092090e-01
-1.000000000000000000e+00
4.226367405800448562e-01
-1.231840649149242850e-01
1.000000000000000000e+00
-1.000000000000000000e+00
-5.386962389841906118e-01
9.585206735898261776e-01
1.000000000000000000e+00
-8.633346803796986269e-01
-9.884755445632629201e-01
-4.101600372387356752e-01
-1.000000000000000000e+00
-4.839904485603843121e-01
-1.000000000000000000e+00
-1.522086625863847686e-01
-8.652421545180309925e-01
9.408902750748141530e-01
1.000000000000000000e+00
-1.000000000000000000e+00
1.000000000000000000e+00
4.234777026968397640e-02
1.257486611799855658e-01
-1.000000000000000000e+00
-1.000000000000000000e+00
-7.591073298245119005e-01
3.654168602117828790e-01
7.901999839590077013e-01
-1.000000000000000000e+00
-1.047141787046940720e-01
-1.412409315467093585e-01
-1.000000000000000000e+00
-7.128198301130044268e-01
7.949197680336544947e-01
6.303446959328453669e-01
-1.000000000000000000e+00
-1.000000000000000000e+00
-1.000000000000000000e+00
-4.196163534829210340e-01
-5.430055198521286375e-01
-4.611566452893924861e-01
-4.856535520662025318e-01
-1.000000000000000000e+00
1.000000000000000000e+00
-2.710295713422692376e-01
-6.495782668831751039e-02
-5.931456703532653751e-01
1.000000000000000000e+00
-6.138533215740168414e-01
-7.834711250014148032e-01
1.000000000000000000e+00
6.787473868344020556e-01
1.000000000000000000e+00
-9.239611027461835935e-01
-1.000000000000000000e+00
2.875949306579113074e-01
-7.181470021054732200e-01
1.000000000000000000e+00
1.000000000000000000e+00
1.000000000000000000e+00
1.000000000000000000e+00
4.203326577140072962e-01
1.000000000000000000e+00
7.702031185368316546e-01
1.000000000000000000e+00
-8.468014173298974434e-01
1.000000000000000000e+00
-1.000000000000000000e+00
-8.284411890175453763e-01
-7.011772740656418978e-01
-7.774919662440147317e-01
-9.499998661137956102e-01
-1.945094741713022657e-01
-3.795477277919134806e-02
-1.331789223899275676e-01
9.542732229489303553e-02
-6.141926810719913199e-01
3.738610325253413080e-01
1.000000000000000000e+00
2.009019482948606328e-01
-3.351694685872924628e-01
-1.000000000000000000e+00
-7.498171032094064214e-01
6.018521284165657681e-01
2.777138366120028845e-01
1.000000000000000000e+00
-1.000000000000000000e+00
-4.193180826710299347e-02
-7.625591230136608001e-01
1.000000000000000000e+00
-1.000000000000000000e+00
7.148731173405009631e-01
5.067567162073066678e-01
-1.000000000000000000e+00
-4.934863666800621829e-01
-1.000000000000000000e+00
7.001398898803001813e-02
-1.000000000000000000e+00
-3.875700854534867013e-01
1.000000000000000000e+00
-1.000000000000000000e+00
-1.000000000000000000e+00
1.000000000000000000e+00
6.950187328749278803e-01
-1.000000000000000000e+00
-1.822419503322847412e-04
1.000000000000000000e+00
-8.574440951936924682e-01
-1.767842565077331063e-01
-5.339251185598345995e-01
1.834385788990976485e-01
8.703757935771732068e-01
-3.238772858706023827e-01
7.993374891585685038e-01
-6.682756104308960055e-01
-1.947421466560697034e-01
-1.000000000000000000e+00
1.000000000000000000e+00
-4.937027050996977140e-01
3.675797982428861133e-01
1.000000000000000000e+00
7.278475556689558701e-01
-9.044274478752869495e-01
-3.139404943607305709e-01
-4.327330443671471016e-01
1.500113207180209240e-01
7.324314426891741503e-01
1.627113872245161685e-02
9.011831709375539567e-01
-2.639667020303666511e-01
-1.000000000000000000e+00
7.237670181292318317e-01
1.322914870134041798e-01
1.000000000000000000e+00
4.138951488638118459e-01
4.846284466044264994e-01
-1.000000000000000000e+00
-1.000000000000000000e+00
2.313014869153283692e-01
-9.115572621060863412e-01
-3.436586709281143071e-01
5.631230468661219124e-01
7.081266510747361576e-01
2.323410968248780240e-01
7.885998943001727435e-01
1.000000000000000000e+00
2.732471691859899576e-01
-9.318969046867546790e-01
3.694021505445634901e-01
7.359046907208122157e-03
-1.000000000000000000e+00
-6.560227953378575672e-01
8.579761838427882870e-01
-3.545419199643090047e-01
-9.958846298398728036e-01
1.000000000000000000e+00
8.759911037558756330e-01
1.000000000000000000e+00
8.072824346086712177e-01
4.781015650706605946e-01
-1.000000000000000000e+00
-1.000000000000000000e+00
7.834768707881846206e-01
1.000000000000000000e+00
-7.888396880523067534e-01
3.837257367785984474e-01
6.368010053575329232e-01
7.392861939020445305e-02
6.282751900639015341e-01
4.922996089206060910e-01
1.000000000000000000e+00
-1.000000000000000000e+00
1.000000000000000000e+00
8.154226888164912701e-01
1.922336568120170952e-01
1.000000000000000000e+00
-9.871710814607389528e-01
8.018242403822289921e-01
-4.495163828949610973e-02
2.208837560699223879e-01
-1.000000000000000000e+00
-1.000000000000000000e+00
9.721688163681949657e-01
-1.782785647040565635e-01
1.000000000000000000e+00
-3.860064504133791652e-01
-1.000000000000000000e+00
7.000908070419739060e-01
1.000000000000000000e+00
-1.000000000000000000e+00
1.000000000000000000e+00
-5.634758920319519193e-01
-7.699850810063053608e-01
1.000000000000000000e+00
-1.000000000000000000e+00
3.874126224660375817e-01
-9.218906660742343107e-02
-1.000000000000000000e+00
-1.000000000000000000e+00
-3.695011015069834537e-01
-9.894962486174263550e-02
6.268745809990505791e-01
-2.316562190762326279e-01
1.000000000000000000e+00
1.000000000000000000e+00
2.967622151538057418e-02
-9.599900289026440658e-01
1.000000000000000000e+00
-3.746120165229132049e-01
-9.163015162587384577e-01
-2.501054332265687519e-01
1.640892749268604844e-01
9.337767047683394050e-01
1.000000000000000000e+00
-2.154605297473630721e-01
-2.486780952582576809e-01
9.536016133472797751e-01
-1.319385512095529733e-01
9.275732798123518252e-01
7.678421318922397099e-01
-1.000000000000000000e+00
-1.000000000000000000e+00
3.280574571217558244e-01
-1.000000000000000000e+00
