1.513661230451746054e-02
-5.817936602150317604e-01
1.000000000000000000e+00
-1.000000000000000000e+00
-1.000000000000000000e+00
1.000000000000000000e+00
1.000000000000000000e+00
-5.095964040650324822e-01
1.000000000000000000e+00
-1.000000000000000000e+00
1.000000000000000000e+00
-2.095446057723815425e-01
1.000000000000000000e+00
8.073252547097369280e-01
-1.000000000000000000e+00
-8.291796311232407790e-01
1.000000000000000000e+00
1.000000000000000000e+00
-1.000000000000000000e+00
-1.000000000000000000e+00
4.747123504590311516e-01
-4.959062564468542100e-01
-1.000000000000000000e+00
1.000000000000000000e+00
6.993312847651880215e-01
1.585455116994211044e-01
1.000000000000000000e+00
-1.000000000000000000e+00
1.000000000000000000e+00
-6.371689202885040260e-01
-1.000000000000000000e+00
-6.781784193516449122e-02
-1.000000000000000000e+00
-6.333148452053196653e-01
-1.000000000000000000e+00
-1.000000000000000000e+00
5.682735674738950138e-01
-7.905228492429139386e-04
-2.834509768662414331e-01
-6.960404641481641175e-01
9.867826599596452031e-02
-9.043485678150499085e-01
-1.000000000000000000e+00
9.396627876637901888e-01
-1.000000000000000000e+00
-7.156714329097971783e-01
2.710828372820648369e-01
-1.000000000000000000e+00
1.000000000000000000e+00
1.000000000000000000e+00
1.000000000000000000e+00
-1.000000000000000000e+00
3.844976366350559838e-01
-5.091626515344913617e-01
-1.000000000000000000e+00
1.000000000000000000e+00
1.000000000000000000e+00
-1.000000000000000000e+00
8.836393854891639865e-01
-1.000000000000000000e+00
-1.000000000000000000e+00
2.841654329862319805e-02
1.000000000000000000e+00
-8.866651487451973068e-01
-6.750407201152273107e-01
-5.672108907480366558e-01
1.000000000000000000e+00
-1.000000000000000000e+00
-1.000000000000000000e+00
1.000000000000000000e+00
-2.064073271778806284e-01
4.614657660678498363e-01
1.000000000000000000e+00
-4.477879620137077410e-01
2.828709664100992338e-01
1.000000000000000000e+00
-1.000000000000000000e+00
-1.000000000000000000e+00
1.000000000000000000e+00
4.023689674025141549e-01
1.000000000000000000e+00
-1.000000000000000000e+00
1.000000000000000000e+00
-1.000000000000000000e+00
-1.000000000000000000e+00
-1.000000000000000000e+00
1.000000000000000000e+00
1.000000000000000000e+00
5.097558371688135637e-01
1.000000000000000000e+00
7.787982295716646686e-01
-1.000000000000000000e+00
-1.000000000000000000e+00
1.000000000000000000e+00
3.294730929471797465e-01
5.980913315241671580e-01
-6.289041529330976488e-01
1.000000000000000000e+00
-4.844179754675781435e-01
1.000000000000000000e+00
1.000000000000000000e+00
-5.375864608969260772e-02
5.502217103924273989e-01
9.242417977224662851e-01
-4.849730359108804789e-01
-4.368178200812876666e-01
-1.000000000000000000e+00
-4.864282824346412570e-01
-1.000000000000000000e+00
-8.151577272938342889e-01
-1.000000000000000000e+00
1.000000000000000000e+00
-1.000000000000000000e+00
1.000000000000000000e+00
-1.395386408879573104e-01
-5.345946140331915286e-01
-1.000000000000000000e+00
-1.000000000000000000e+00
4.912746967295622547e-01
9.446502675791617065e-01
1.000000000000000000e+00
-1.000000000000000000e+00
-1.000000000000000000e+00
-4.121724985351595816e-01
1.000000000000000000e+00
1.693071299421078368e-01
-1.000000000000000000e+00
1.000000000000000000e+00
-7.279626919188341150e-01
6.785415981826767862e-01
5.087085138671485485e-01
4.780729821248064226e-02
-8.792492524333932469e-01
4.233797368378947601e-01
3.562540944379622987e-01
-7.848911527948376765e-02
3.912462408416518267e-01
1.761402649972321210e-02
-2.213111387328451363e-01
-1.000000000000000000e+00
-1.000000000000000000e+00
1.000000000000000000e+00
-1.000000000000000000e+00
5.332188613535739918e-01
-3.640749795451126980e-01
-1.202915043360751057e-01
7.535712495665123356e-01
-1.000000000000000000e+00
-8.238068657858033106e-03
1.000000000000000000e+00
4.886427575980498150e-01
-6.159182199344547248e-01
1.000000000000000000e+00
1.441496306771301583e-01
1.551123651771424972e-01
1.000000000000000000e+00
1.000000000000000000e+00
-1.000000000000000000e+00
-1.000000000000000000e+00
1.000000000000000000e+00
1.832698157028765928e-01
-1.000000000000000000e+00
1.000000000000000000e+00
1.000000000000000000e+00
-1.000000000000000000e+00
1.000000000000000000e+00
-1.000000000000000000e+00
1.000000000000000000e+00
2.080610893823595653e-01
2.759713972433124329e-01
-8.211310532970084175e-02
1.000000000000000000e+00
-1.000000000000000000e+00
-1.000000000000000000e+00
1.000000000000000000e+00
-1.000000000000000000e+00
-1.000000000000000000e+00
-1.000000000000000000e+00
9.654413924028948379e-02
-5.210470983824315727e-01
-1.283619070353856362e-01
-1.000000000000000000e+00
1.000000000000000000e+00
-1.000000000000000000e+00
1.000000000000000000e+00
1.000000000000000000e+00
1.000000000000000000e+00
-1.000000000000000000e+00
1.000000000000000000e+00
6.203954630054501207e-01
-4.341836224717582349e-01
4.628014592293352436e-01
-1.000000000000000000e+00
2.624541099032248193e-01
-1.000000000000000000e+00
4.795093338549484829e-01
-1.000000000000000000e+00
-1.000000000000000000e+00
1.000000000000000000e+00
-5.956878358346973101e-01
-2.165141599623297552e-01
1.000000000000000000e+00
-8.608261483965868877e-01
1.000000000000000000e+00
1.000000000000000000e+00
-1.000000000000000000e+00
9.723155897270217007e-01
-1.000000000000000000e+00
1.000000000000000000e+00
2.485594584863505263e-01
3.608461180894237952e-01
7.345861766341007515e-01
-1.000000000000000000e+00
1.000000000000000000e+00
-1.000000000000000000e+00
-4.478651597132763396e-01
-4.810437676952462605e-01
1.000000000000000000e+00
1.000000000000000000e+00
-1.000000000000000000e+00
-1.000000000000000000e+00
7.707214536936209948e-01
1.000000000000000000e+00
1.000000000000000000e+00
2.743846340949638307e-01
3.566787975861518412e-01
-1.000000000000000000e+00
-1.190284981483199500e-01
9.147414680698031653e-01
-9.646590995877487584e-01
1.000000000000000000e+00
4.535704078693690855e-01
-1.000000000000000000e+00
-5.114116252246470040e-01
1.000000000000000000e+00
1.000000000000000000e+00
-5.838224829441980290e-01
1.000000000000000000e+00
1.000000000000000000e+00
-7.571830232824759976e-01
3.539116178606939722e-01
2.995179643176930084e-01
1.000000000000000000e+00
1.000000000000000000e+00
1.000000000000000000e+00
-1.000000000000000000e+00
-1.000000000000000000e+00
-6.598879900568458412e-01
1.000000000000000000e+00
-7.206132789062755784e-01
-1.000000000000000000e+00
1.000000000000000000e+00
1.750613443778615275e-01
-8.007441804491295390e-01
-1.000000000000000000e+00
-1.000000000000000000e+00
-4.298073660764527570e-01
-1.666516889024305392e-02
1.000000000000000000e+00
-6.659915034881939144e-01
-6.341855416183279637e-01
1.625650772401695532e-01
1.000000000000000000e+00
-1.000000000000000000e+00
-1.000000000000000000e+00
