-2.575059988745657114e-01
-1.000000000000000000e+00
1.000000000000000000e+00
1.000000000000000000e+00
9.586617393999357084e-01
1.000000000000000000e+00
-4.953603801768426962e-01
1.000000000000000000e+00
1.000000000000000000e+00
1.000000000000000000e+00
1.000000000000000000e+00
1.000000000000000000e+00
-1.000000000000000000e+00
1.000000000000000000e+00
1.000000000000000000e+00
1.000000000000000000e+00
-1.000000000000000000e+00
1.000000000000000000e+00
-1.000000000000000000e+00
-1.000000000000000000e+00
-1.000000000000000000e+00
-5.934171756383513907e-01
-9.650475131735963830e-01
-1.000000000000000000e+00
1.000000000000000000e+00
1.000000000000000000e+00
-2.804200719614665660e-01
-1.000000000000000000e+00
-9.587329187445612355e-01
-5.887483051797398614e-01
4.765447981089817042e-01
5.770265886216793261e-01
1.000000000000000000e+00
1.000000000000000000e+00
-8.023790426960722977e-01
-5.698371995176523264e-01
-8.735778321821905390e-01
-5.665131518536385968e-01
1.000000000000000000e+00
-1.000000000000000000e+00
8.439869380189399806e-01
6.313396331961458330e-01
-5.322803654654705285e-01
-1.000000000000000000e+00
-1.000000000000000000e+00
-1.516290170405676374e-01
1.000000000000000000e+00
1.000000000000000000e+00
-1.000000000000000000e+00
-1.000000000000000000e+00
-1.000000000000000000e+00
1.000000000000000000e+00
1.000000000000000000e+00
-1.000000000000000000e+00
-9.842181727069398978e-01
1.000000000000000000e+00
-1.000000000000000000e+00
1.000000000000000000e+00
8.256650967927042784e-02
-2.400167034451952119e-01
1.000000000000000000e+00
4.085127655454368067e-02
1.000000000000000000e+00
1.000000000000000000e+00
-1.000000000000000000e+00
1.000000000000000000e+00
-1.000000000000000000e+00
-1.000000000000000000e+00
-1.000000000000000000e+00
1.000000000000000000e+00
-1.000000000000000000e+00
8.650858830776317898e-01
-7.872476063446706140e-01
-1.000000000000000000e+00
1.000000000000000000e+00
-1.000000000000000000e+00
1.857153652713541270e-01
-1.000000000000000000e+00
-1.000000000000000000e+00
-3.343342798364123403e-01
1.000000000000000000e+00
1.000000000000000000e+00
1.000000000000000000e+00
-5.624513088812788109e-02
1.000000000000000000e+00
-1.000000000000000000e+00
-1.000000000000000000e+00
-1.000000000000000000e+00
1.000000000000000000e+00
-1.000000000000000000e+00
-1.000000000000000000e+00
-1.000000000000000000e+00
6.120339237282856892e-02
6.318575347258236219e-01
1.000000000000000000e+00
-1.000000000000000000e+00
4.590312983661747337e-01
-1.000000000000000000e+00
-1.000000000000000000e+00
1.000000000000000000e+00
1.000000000000000000e+00
-4.812676650532845546e-01
-1.000000000000000000e+00
1.000000000000000000e+00
-1.000000000000000000e+00
-1.000000000000000000e+00
1.000000000000000000e+00
-1.000000000000000000e+00
3.359559986313348512e-03
1.000000000000000000e+00
-1.000000000000000000e+00
-1.000000000000000000e+00
-1.000000000000000000e+00
-1.000000000000000000e+00
1.000000000000000000e+00
-5.579005865734956160e-01
-1.000000000000000000e+00
-5.247705654985544976e-01
-1.000000000000000000e+00
-6.132732135617431357e-01
-1.000000000000000000e+00
-1.000000000000000000e+00
4.162826968775399372e-01
-1.000000000000000000e+00
-1.000000000000000000e+00
-1.000000000000000000e+00
-8.045370738323960325e-01
-9.180330035141675005e-01
6.699257558664326595e-01
3.378497048578436024e-01
-1.000000000000000000e+00
-2.339694749296443166e-01
-6.116501668310128093e-01
1.000000000000000000e+00
1.000000000000000000e+00
-6.259768262736290501e-01
1.000000000000000000e+00
7.410422621408381261e-01
8.421723425530023288e-01
1.000000000000000000e+00
-1.000000000000000000e+00
1.000000000000000000e+00
1.000000000000000000e+00
9.295382451027456305e-01
5.736434889075934240e-01
1.000000000000000000e+00
1.000000000000000000e+00
1.000000000000000000e+00
1.000000000000000000e+00
-1.000000000000000000e+00
1.000000000000000000e+00
1.000000000000000000e+00
-1.000000000000000000e+00
1.000000000000000000e+00
-2.653391654110111020e-01
-1.000000000000000000e+00
-2.849975367243444691e-01
-1.851695113252129765e-01
-6.284207364974890853e-01
-1.000000000000000000e+00
-6.222599517436469552e-02
-1.000000000000000000e+00
9.432601204406031448e-01
-8.514104723479319903e-01
-3.694971666443483960e-01
1.000000000000000000e+00
2.771497358769040020e-01
-1.000000000000000000e+00
9.044778949400016366e-01
1.000000000000000000e+00
-4.846329998171167164e-01
-1.000000000000000000e+00
1.000000000000000000e+00
8.912705974486960780e-01
-9.579212693166323511e-01
6.150077454920608311e-01
1.000000000000000000e+00
-2.951565093433445863e-01
-5.461937288995415418e-01
-1.000000000000000000e+00
1.000000000000000000e+00
-1.000000000000000000e+00
1.000000000000000000e+00
-1.000000000000000000e+00
-9.568306474632015668e-01
1.000000000000000000e+00
3.042799595338193663e-01
1.000000000000000000e+00
-1.000000000000000000e+00
-1.000000000000000000e+00
-1.000000000000000000e+00
-1.000000000000000000e+00
1.000000000000000000e+00
-1.000000000000000000e+00
-1.000000000000000000e+00
-1.000000000000000000e+00
9.676241818504514036e-01
-1.000000000000000000e+00
1.000000000000000000e+00
1.000000000000000000e+00
8.579664820970409611e-01
-1.000000000000000000e+00
1.000000000000000000e+00
9.250677169394123656e-01
-1.000000000000000000e+00
1.000000000000000000e+00
1.000000000000000000e+00
-1.000000000000000000e+00
1.000000000000000000e+00
1.000000000000000000e+00
9.719885548281148591e-01
1.000000000000000000e+00
-1.000000000000000000e+00
1.000000000000000000e+00
-4.768953163206854917e-01
2.691001477368919481e-01
9.153291070037425925e-01
1.882483024272962879e-01
-1.000000000000000000e+00
1.000000000000000000e+00
2.551076881569624977e-01
1.000000000000000000e+00
6.799283261346539264e-01
-5.175483850720888901e-01
1.000000000000000000e+00
1.000000000000000000e+00
-8.637480896344743586e-01
-1.000000000000000000e+00
1.000000000000000000e+00
-1.000000000000000000e+00
-4.497542209733491614e-01
1.000000000000000000e+00
1.000000000000000000e+00
1.000000000000000000e+00
1.000000000000000000e+00
3.803596245783303909e-01
-1.000000000000000000e+00
-4.189283641711656347e-01
-1.000000000000000000e+00
-1.000000000000000000e+00
-1.000000000000000000e+00
-1.000000000000000000e+00
-1.000000000000000000e+00
1.000000000000000000e+00
1.000000000000000000e+00
-6.992356621664099769e-01
4.799818581766428505e-01
-1.000000000000000000e+00
-9.419144204803692189e-01
1.000000000000000000e+00
1.000000000000000000e+00
-3.738609935997714295e-01
-8.795082639470750419e-01
-1.000000000000000000e+00
-5.567862521735706949e-01
-1.000000000000000000e+00
-9.076337240732148537e-01
3.000816609336172114e-01
1.000000000000000000e+00
1.226771539377759235e-01
-1.000000000000000000e+00
-2.023799394854310929e-01
3.152312624738163871e-01
-1.000000000000000000e+00
-1.000000000000000000e+00
