-1.563009146216037371e+00
-7.406839456290650880e-02
-2.556007555601440107e+00
2.058231358047337700e+00
-3.425602247403217948e+00
4.709309235407785899e+00
1.807347246340417657e+00
-6.413040341149407908e+00
1.213175923515248389e+00
-2.891433145234743485e+00
1.211534483748164970e+00
2.925950278430895501e+00
4.729798460931965209e+00
-1.280070164205191929e+00
-5.663534978340867276e-02
2.679972248251880629e+00
-2.988841560884535120e+00
4.305332707988949181e+00
1.215010660133712728e+00
5.065837558051223155e+00
-3.902043587830585913e+00
4.553516362768088577e+00
-4.028297289028559547e-02
5.802973274100061474e+00
2.535237495393126927e+00
-2.262154406740812806e-01
3.197128936224628681e+00
8.049118445495496488e+00
7.847814193798450244e-01
-6.724810381727975850e-01
-1.172946876808776961e+00
7.161071738548961285e+00
-5.153452560640703339e-01
2.267268877301993335e+00
-8.504953662464238562e-01
4.074787703728030230e+00
4.340096676115693164e+00
3.460726014160746544e+00
-3.488299308181551872e+00
-1.256648617168552473e+00
-1.181310117217911326e+01
-8.792815483179591496e+00
-2.843415341727380863e+00
-2.984706289445507643e+00
-3.921929473150201906e-01
2.853850010628111722e+00
-8.125332673041502085e-01
1.125743600687612034e+00
-2.301868613355264603e-01
-1.354792508487076441e+00
-4.219296620606785453e+00
-4.185355292159291807e+00
6.877832848501542529e+00
-2.081211875589726201e+00
-3.083972906412195236e+00
1.215066556286632515e+00
-3.543698338416647609e+00
1.255452251748091275e+00
4.292782173966598336e+00
6.030161684874340011e+00
9.060014893745011122e+00
-2.164985434501626393e+00
4.620941551497148581e+00
1.712556375014802512e+00
-4.374186553479368911e+00
-2.329771282525157083e+00
5.538711245016592066e-02
4.849587747963735040e-01
3.300044920994097630e+00
1.596051610211569383e+00
-9.171400310176572646e+00
-3.641919290775364804e+00
3.915808006856542178e+00
-6.075896591229047239e+00
-2.497925987493466060e+00
-3.749090179014352930e+00
1.419544472980450500e+00
-3.132065693709207288e+00
-3.154296591984328213e+00
-2.578248456097434804e+00
4.436021536800335952e+00
4.195876121325264663e+00
-4.974211584073311876e+00
3.408902891744522434e-02
-9.461806837131244707e-01
2.865434921806965463e+00
-8.226317924052143127e+00
-4.589611657886190077e-01
-4.747200809939028154e+00
-3.261461251604532929e+00
-1.615056131583732846e+00
-1.402739778127139569e+00
-3.395966239463361624e-01
4.332451579834987854e+00
4.671517207404331629e+00
8.862364911384167598e+00
1.400907614481472940e+01
-2.239559378526980726e+00
-3.197124601669638189e+00
4.223978250159765579e-02
-1.440942107096812697e+00
-5.553270518254300292e+00
-2.970646850050769228e+00
-1.528167554504781700e+00
-7.384067653511778850e+00
-5.292558311644125268e+00
-1.373607197253844836e+00
5.197388046028762254e+00
6.143107012417533541e-01
-1.516361340445739891e+00
-2.786857254809761431e-01
4.062182869844733091e+00
-1.182820269792026702e+00
-6.966408253881030355e+00
-3.117285205479077170e+00
2.990846298640631673e+00
2.130160497269125486e+00
-3.846467376605302135e+00
-3.592843676971287259e+00
-2.513876076107564028e-01
-1.809004089005812332e+00
-1.133060316132776357e+00
6.131239342801289460e+00
-4.062564147003675963e+00
7.562045489071566040e-01
-5.049488178179979414e+00
-1.779370361407123680e+00
2.725881785163785320e+00
1.737159381089340870e+00
-3.140579773215037118e+00
2.833794490712453484e+00
1.472128410003437082e-02
-8.566262332555480086e+00
-1.600552354442985603e+00
2.955281942771781356e-02
3.125330318830679577e+00
5.402058332777068372e+00
-2.615867510734037005e+00
1.067568411602842993e+00
6.280491186776005819e+00
-2.241491330385316338e+00
-1.552781965785248408e+00
2.494414824599350489e+00
-7.797482252314880569e+00
2.659837941454068488e-01
-1.994000787976579536e+00
-3.778865558516810275e+00
-5.708715535807627361e+00
-3.665550943071688161e-01
-2.842370231662998847e+00
-1.931358275728801255e+00
-2.688116777485587416e-01
2.228346499678822923e+00
2.985612081087979597e+00
3.562821376339097235e+00
7.988759030025394114e-01
-1.150584998130306236e+00
3.785040520952500653e+00
-4.877217851152853001e+00
-8.945466776968460820e+00
-1.731612380131716256e+00
7.451104372040883383e+00
-3.129583074558000888e+00
-1.177560065722799587e+00
2.019298120332051028e+00
-2.285790182943608251e+00
-4.759317430133226168e+00
3.515617348810697873e+00
-8.940248084678823481e-01
-2.766151630432978514e+00
3.160840826541413850e+00
-7.041259818059549147e+00
-1.432635492525748511e+00
6.182632633108773312e+00
1.156184379116272365e-01
-1.928156735655613474e+01
-5.986542930117801475e+00
-8.047690771160402434e+00
-2.619078701022218070e+00
-6.613839834107466675e-01
4.446246232626601014e+00
1.017717268686746834e+00
-6.350945701187684200e+00
-6.381831965267014795e+00
-7.715746287595883324e+00
-3.508453938064331368e+00
-4.311493495237257001e+00
1.354228813104758178e+00
4.950910607468437252e-01
-1.853641736048213362e+00
2.332166696073211032e+00
-7.297180443319997156e-01
1.355701725866900631e+00
-3.803939922447698407e+00
-3.051740438075465356e-01
3.031853290214406194e+00
1.244364999523373427e+00
-2.466719187163946891e+00
-3.185997963860622839e+00
-4.810323296030762030e+00
2.503536452439926840e+00
1.704235142874342301e+00
8.220674635752457604e+00
1.722652702287675641e+00
4.883339289750206369e+00
-3.246141691932589612e+00
1.033632382081587364e+00
1.602414670998685065e+00
1.762714447500600246e+00
3.192366522124863160e+00
-3.344148964537404289e+00
2.891116861847121022e+00
-1.995864110467104879e+00
3.758053516046950815e+00
6.027568080715825616e+00
-2.816644628129460592e+00
-5.789928991663886748e+00
-1.049271013061748192e+00
1.657400196879581733e+00
-5.016087776661579234e+00
-6.797351286225605804e-02
-1.459575366920777384e+00
-1.534223105094483675e+00
-2.796810612346666058e+00
4.082864228120918426e+00
4.034319735369986670e-01
2.068179079712104240e+00
-1.007917079020029583e+00
3.999757606373948726e-01
4.650425838287998159e-01
1.118257442492339049e+00
1.456424254867881629e+00
-4.812176814350447529e+00
-2.589534442082353838e+00
7.180775479713352727e-03
-1.892329392880656158e+00
1.401940780579148171e+00
-1.360660221020427496e+00
-1.767631013781914229e+00
2.338958960908081419e+00
1.435385426969522760e+00
2.229569874819949948e+00
4.898945035531429681e+00
4.811294028834009140e+00
2.938680382469245345e+00
-3.345000828924604708e+00
1.002115359432381680e+01
3.076367407688700428e+00
2.946066261236827799e+00
2.053387379331404805e+00
-1.707169031366997380e+00
-3.579639723310029664e-01
3.935113777935896451e+00
-1.920125948944249261e+00
-3.759637003684231260e+00
-5.279983129699576949e-01
-1.792033841414901074e+00
-1.707146278446760590e+00
-1.293024866730551281e+00
-6.715877125710420614e+00
-4.341187423832909786e+00
1.640452254424498157e+00
-8.855479885735736190e+00
-3.984929523704625609e+00
-1.420472618805574960e+00
