9.010019094595950184e-01
1.000000000000000000e+00
1.000000000000000000e+00
1.000000000000000000e+00
-1.000000000000000000e+00
-1.000000000000000000e+00
1.000000000000000000e+00
-3.150913066326564982e-01
-1.000000000000000000e+00
1.000000000000000000e+00
7.682479059316541514e-01
-1.000000000000000000e+00
-1.000000000000000000e+00
1.000000000000000000e+00
1.000000000000000000e+00
-1.000000000000000000e+00
-1.000000000000000000e+00
1.000000000000000000e+00
-1.000000000000000000e+00
-1.000000000000000000e+00
-1.000000000000000000e+00
-1.000000000000000000e+00
1.000000000000000000e+00
-1.000000000000000000e+00
1.000000000000000000e+00
-8.541914843646402078e-01
-1.000000000000000000e+00
-6.369808148448230511e-01
-1.000000000000000000e+00
-4.004664729275380086e-01
1.000000000000000000e+00
1.000000000000000000e+00
-1.000000000000000000e+00
1.741499987086206902e-01
-1.000000000000000000e+00
-1.000000000000000000e+00
-1.000000000000000000e+00
-1.000000000000000000e+00
-1.000000000000000000e+00
-1.000000000000000000e+00
1.518330426816821843e-01
1.000000000000000000e+00
5.640395268879322410e-01
1.000000000000000000e+00
-1.000000000000000000e+00
-1.000000000000000000e+00
1.000000000000000000e+00
-1.000000000000000000e+00
-1.000000000000000000e+00
1.000000000000000000e+00
-2.901865934839209515e-02
6.747934350179477514e-01
7.402833727676130238e-01
-4.965442253772645032e-01
4.883627134919644730e-01
-6.886749966729719397e-01
-1.000000000000000000e+00
6.908550099529366939e-01
-1.000000000000000000e+00
1.000000000000000000e+00
5.424282967189175686e-01
-2.911547730265278688e-01
-7.986780391148027292e-01
1.000000000000000000e+00
1.000000000000000000e+00
1.000000000000000000e+00
-3.150906483119264578e-02
-1.000000000000000000e+00
5.879788163778678634e-01
-1.744142909518664464e-02
-1.000000000000000000e+00
6.720807990813968402e-01
-1.000000000000000000e+00
1.000000000000000000e+00
6.064494059474130339e-01
3.977154908118123444e-01
-1.000000000000000000e+00
-2.251457976808286521e-01
-1.000000000000000000e+00
-1.000000000000000000e+00
2.618095519027677787e-01
-1.000000000000000000e+00
-1.000000000000000000e+00
-1.000000000000000000e+00
7.058890967192987809e-01
-1.000000000000000000e+00
-1.000000000000000000e+00
-1.000000000000000000e+00
1.000000000000000000e+00
-1.000000000000000000e+00
-1.045381005877394631e-01
-4.640403282273239949e-01
9.415847133926277257e-01
1.000000000000000000e+00
-1.000000000000000000e+00
6.579557219278870939e-01
1.000000000000000000e+00
8.125730614682800113e-01
4.895819615852148310e-02
-1.000000000000000000e+00
-1.000000000000000000e+00
1.000000000000000000e+00
1.000000000000000000e+00
-1.000000000000000000e+00
-8.000550261956926867e-01
3.351036495663504144e-01
1.000000000000000000e+00
-1.000000000000000000e+00
-1.000000000000000000e+00
1.000000000000000000e+00
1.000000000000000000e+00
2.612748043048116475e-01
-1.000000000000000000e+00
1.000000000000000000e+00
-1.000000000000000000e+00
-1.000000000000000000e+00
1.000000000000000000e+00
-9.545512459556669826e-01
-1.000000000000000000e+00
6.297150860913356407e-01
8.771022715910807843e-01
-1.000000000000000000e+00
-1.000000000000000000e+00
-1.000000000000000000e+00
-9.595245597595500886e-01
-3.073291329222457846e-01
-1.000000000000000000e+00
-1.000000000000000000e+00
1.000000000000000000e+00
1.000000000000000000e+00
1.000000000000000000e+00
-1.000000000000000000e+00
-4.816259708145331775e-01
-1.000000000000000000e+00
-1.000000000000000000e+00
1.000000000000000000e+00
-1.000000000000000000e+00
1.000000000000000000e+00
1.000000000000000000e+00
7.483303171900844708e-01
-6.151929265205730024e-01
-7.743427349556619710e-02
1.000000000000000000e+00
-1.000000000000000000e+00
1.000000000000000000e+00
1.000000000000000000e+00
8.800000256771156604e-01
-1.000000000000000000e+00
-3.533547736907952652e-01
-1.000000000000000000e+00
-4.524697117509173250e-01
1.000000000000000000e+00
1.000000000000000000e+00
2.695909663986969518e-01
-1.000000000000000000e+00
8.433482247382450003e-01
-1.000000000000000000e+00
1.000000000000000000e+00
-1.000000000000000000e+00
8.220099921725270153e-01
-9.006019098023472225e-01
1.000000000000000000e+00
1.000000000000000000e+00
1.000000000000000000e+00
1.000000000000000000e+00
4.670331872042648436e-01
8.930120389384110791e-01
1.000000000000000000e+00
1.000000000000000000e+00
-5.809362642332880355e-01
7.583010786488784127e-01
1.000000000000000000e+00
-1.000000000000000000e+00
1.000000000000000000e+00
1.000000000000000000e+00
-8.408761057918194837e-01
-1.000000000000000000e+00
-1.000000000000000000e+00
-5.389913592886556026e-01
-1.000000000000000000e+00
-1.000000000000000000e+00
8.044570127913954760e-01
1.000000000000000000e+00
1.000000000000000000e+00
-1.000000000000000000e+00
1.000000000000000000e+00
1.000000000000000000e+00
1.000000000000000000e+00
-8.808687042718594817e-01
-1.000000000000000000e+00
-1.000000000000000000e+00
1.000000000000000000e+00
-1.000000000000000000e+00
1.901254548963231539e-01
4.519910002361622325e-01
-1.000000000000000000e+00
-1.000000000000000000e+00
2.429504752569394688e-01
1.000000000000000000e+00
-7.960285500308805773e-03
-1.000000000000000000e+00
4.452120494570800946e-01
-1.000000000000000000e+00
1.000000000000000000e+00
1.000000000000000000e+00
6.170653975049382733e-01
1.000000000000000000e+00
-7.327906460091631047e-01
-4.630972493253971978e-01
-1.000000000000000000e+00
-1.000000000000000000e+00
-1.000000000000000000e+00
1.000000000000000000e+00
9.470174377927226272e-02
-1.000000000000000000e+00
1.000000000000000000e+00
-1.000000000000000000e+00
-1.000000000000000000e+00
1.000000000000000000e+00
1.000000000000000000e+00
-5.077610362333324634e-01
1.000000000000000000e+00
1.000000000000000000e+00
1.000000000000000000e+00
-1.000000000000000000e+00
-8.093115954917650123e-01
-1.000000000000000000e+00
1.000000000000000000e+00
1.000000000000000000e+00
1.000000000000000000e+00
-1.000000000000000000e+00
-1.000000000000000000e+00
-1.000000000000000000e+00
-1.000000000000000000e+00
-1.000000000000000000e+00
1.000000000000000000e+00
1.000000000000000000e+00
5.927770105061214156e-02
1.000000000000000000e+00
8.707430592343329279e-01
1.000000000000000000e+00
1.000000000000000000e+00
1.000000000000000000e+00
-1.000000000000000000e+00
1.000000000000000000e+00
4.082320791547557892e-01
-1.000000000000000000e+00
-1.000000000000000000e+00
-1.000000000000000000e+00
-1.000000000000000000e+00
1.000000000000000000e+00
1.000000000000000000e+00
-1.000000000000000000e+00
-1.000000000000000000e+00
-1.000000000000000000e+00
1.000000000000000000e+00
8.757106223399221401e-01
8.543509009406478061e-01
9.869622737449187388e-01
1.000000000000000000e+00
4.955293964590469225e-01
1.000000000000000000e+00
-1.000000000000000000e+00
1.000000000000000000e+00
-1.000000000000000000e+00
