-3.104007513654083450e-01
-6.217355358121694486e-01
-6.891656596569011306e-01
8.280756481493509735e-01
-7.084343371690198232e-01
3.999983173333259145e-01
1.000000000000000000e+00
2.401178430187844715e-01
-4.945498981882515688e-01
4.257915893885943492e-01
1.000000000000000000e+00
3.097257720118798408e-01
-2.632148917473677852e-01
-1.762543900041496636e-01
-6.128785444649429426e-01
-5.608926470504382866e-01
-1.000000000000000000e+00
2.170855686306298882e-01
3.804056719166937217e-01
4.149303879011676521e-01
-1.000000000000000000e+00
-1.000000000000000000e+00
7.819758772118672319e-01
9.272934097115363983e-01
9.966922834440390400e-01
-4.603483974338532514e-01
2.746604769553018244e-01
-2.488590841585846536e-01
-5.108957505381517272e-02
-9.778371705404522718e-01
6.894584927723872436e-01
-3.971184476130023011e-01
4.271241935538661050e-02
4.505526133534225597e-01
-4.880149735648728337e-01
1.000000000000000000e+00
1.390351227900212816e-01
-6.954697870176658192e-01
-4.003633703593483251e-01
2.408485689153525566e-01
6.576208242046694963e-01
-8.422014487136644245e-01
-9.400519196352338791e-02
2.482448556795593397e-01
8.530814665582358014e-01
6.653541569552987589e-01
-6.837958464569040551e-01
-3.517128383694925198e-01
1.000000000000000000e+00
-4.700977018782623862e-01
-1.000000000000000000e+00
-1.000000000000000000e+00
-6.800735994576656562e-02
-1.000000000000000000e+00
4.391703860724653907e-01
9.634130329182368779e-01
-1.000000000000000000e+00
1.929087144486512084e-01
-1.577034336966761097e-01
-6.870196847331563328e-01
-1.000000000000000000e+00
2.512656141459460590e-01
9.508240883912155716e-01
1.000000000000000000e+00
9.191032001233025994e-01
5.271209002692041068e-01
1.000000000000000000e+00
6.139559160895824430e-01
5.812984165627557154e-01
1.000000000000000000e+00
-3.927858707959299700e-01
-7.898316924920352200e-01
9.513441256997796636e-01
9.309015955838062517e-01
-4.555547950704323945e-01
-8.438213683666757614e-01
-9.840283923332482363e-01
-1.000000000000000000e+00
-7.592875893558509448e-01
6.079274020089997510e-02
-9.726404933914860607e-01
1.000000000000000000e+00
-4.358748087764399148e-01
2.731353629929740845e-01
-6.889345642969837424e-01
-1.410830018403050612e-01
-7.468823828374713258e-01
-6.542862042989017191e-01
-8.270207025830564884e-01
-1.000000000000000000e+00
-7.422144139162045740e-02
-4.982245320850474668e-01
1.853861457758387843e-01
1.000000000000000000e+00
9.711870870819525603e-01
-6.706287640815262741e-01
6.733022038462346259e-01
6.625589802515396975e-01
1.311066828510391025e-01
3.755301685797528544e-01
-7.023692402388229672e-01
-8.250018465695203584e-01
-5.501157294129819242e-01
4.099873354623322363e-01
-2.845229787318188652e-01
-1.000000000000000000e+00
5.778787259256266129e-01
-1.454057166958122593e-03
8.547023491005902862e-01
-8.166354325200877451e-01
-4.220912187796126425e-01
1.000000000000000000e+00
6.973117864285673928e-01
9.424929296456683314e-01
9.250264696507715101e-01
5.235985265533555921e-01
-1.168961177761477788e-01
-4.658202310874676177e-02
1.000000000000000000e+00
1.000000000000000000e+00
6.829726981601063063e-01
-1.000000000000000000e+00
-1.000000000000000000e+00
-1.123340818703754129e-01
9.070794935142018067e-01
-3.678238281849322000e-02
5.763702083592560088e-01
-8.430468945011884152e-01
4.377716543186185305e-01
6.588358490434730319e-01
9.212908209541437188e-02
1.000000000000000000e+00
-6.432686228098900560e-01
-3.945202813508117412e-01
1.000000000000000000e+00
-7.043408757832247957e-02
-9.894307872629176659e-02
4.240854633345728653e-01
-8.791584694125336163e-01
-2.346500599044978319e-01
1.313636453682542893e-02
-2.420661981316815925e-01
9.869440570148438896e-01
1.000000000000000000e+00
8.099526074439777901e-01
-1.336348779435493905e-01
-1.143840882110561119e-02
2.978946638271495750e-01
-6.305892187258337334e-01
5.937931127720812441e-01
-1.000000000000000000e+00
7.180843063014034078e-01
1.000000000000000000e+00
-4.087934590273468172e-01
-1.000000000000000000e+00
-5.496466613998561845e-01
3.877620823463314159e-01
-4.997950549520785435e-02
3.134395770566715811e-01
-6.422391012674429911e-01
1.000000000000000000e+00
5.107183383045392766e-01
-9.554359280007636013e-01
-6.498794862894333724e-01
5.546007942261692580e-01
4.362337273969831841e-01
8.940337282838357602e-01
3.833595415653491267e-01
-1.355238720109799289e-01
2.412828596283425053e-01
1.877529422675669468e-01
-1.000000000000000000e+00
-4.258110333565892081e-01
1.000000000000000000e+00
-6.869655536266996432e-01
-5.906627028916232591e-01
4.985228290595802303e-01
1.000000000000000000e+00
-5.480185745966292821e-02
-4.600937023558771544e-01
-9.024329309208996008e-01
1.000000000000000000e+00
-6.976889214500701097e-01
1.000000000000000000e+00
-1.000000000000000000e+00
1.000000000000000000e+00
-4.334590431833478252e-01
1.000000000000000000e+00
3.263664875504768137e-01
1.000000000000000000e+00
6.829159311131043353e-01
-1.870816526202758734e-01
-7.620500041265316771e-01
-1.000000000000000000e+00
1.000000000000000000e+00
-9.943446101958959282e-01
-6.952833787833425649e-01
-7.152367673360946476e-01
-1.000000000000000000e+00
7.009434595086261321e-01
-1.425145130562064377e-01
1.000000000000000000e+00
5.862410330124456781e-01
-1.000000000000000000e+00
7.697659068854476594e-01
-9.865542169507397485e-01
2.040257323922069488e-01
-6.770855376999316277e-01
-5.359218614900989053e-01
-6.269471667289467920e-01
-7.377962993386195656e-01
1.441838826442015664e-01
6.761620398721375214e-01
9.303167552145275021e-01
1.000000000000000000e+00
8.428099279791576581e-01
6.689589781888701792e-01
-7.976477225385634195e-01
-3.759763403929210490e-01
-1.018351138746331763e-02
2.002768429846995268e-01
1.000000000000000000e+00
2.049111664396578991e-01
1.000000000000000000e+00
-1.443217599097633697e-01
-5.797026644400959938e-03
-4.879618712885222531e-01
-2.813911351596920518e-02
-2.198082901768643183e-01
8.540942044156452084e-02
4.013689703137983122e-01
-3.847672905092494045e-01
1.393472367278969504e-02
-2.522972137483039390e-01
3.533098654864503807e-01
-3.415479440636532971e-01
5.872563120965137440e-01
8.017679775338726333e-01
-2.666964762330310545e-01
-2.788729760812096448e-01
3.668147635598950629e-02
5.016998063902779192e-02
-4.191264228831312888e-01
-2.247434504078604789e-02
1.000000000000000000e+00
-2.171245243536472636e-01
-5.656626557396283728e-01
-1.000000000000000000e+00
-4.732604661989805450e-01
-6.057783844669881734e-01
4.474852734030787538e-02
4.511828516254177135e-01
-2.594958255576478301e-01
1.000000000000000000e+00
2.378721400794354679e-01
1.000000000000000000e+00
2.325875414231789728e-01
-3.855563735416904780e-01
9.300219461071337346e-01
4.878390485869823490e-01
1.010341104356838327e-01
7.128195534309040848e-01
1.215295707714775797e-01
-1.993327192646534574e-01
1.114061683420801696e-01
