-3.632655707342193896e-01
1.000000000000000000e+00
8.963647001748448195e-01
1.000000000000000000e+00
8.586010723259348554e-01
-6.910273074373449731e-01
1.000000000000000000e+00
-7.770076508992462827e-01
-8.006960747866603834e-02
7.074812908969747571e-01
-9.771203387330503753e-01
-8.593161922281219445e-01
-1.000000000000000000e+00
-4.318501194985311376e-01
1.000000000000000000e+00
-1.000000000000000000e+00
1.000000000000000000e+00
1.000000000000000000e+00
7.255948383519461586e-01
3.570030320956716352e-01
8.234760923699505630e-01
-6.926847887407479032e-01
-1.000000000000000000e+00
6.247949303558300027e-01
-9.054965000281753884e-01
-5.236492923215353423e-01
-7.630757855722001270e-01
-5.957317655180635052e-01
8.726509279251071227e-02
-5.255241351912520731e-03
-6.500795365629974398e-01
5.579751902023675214e-01
1.000000000000000000e+00
-7.296199513972516648e-01
7.253485194465690844e-01
3.375631025834691101e-02
-1.000000000000000000e+00
1.000000000000000000e+00
-1.000000000000000000e+00
1.000000000000000000e+00
-4.710084968254583671e-01
-3.562573465275404860e-01
-6.155112951033003821e-01
6.576274453769944683e-01
1.090860876952839398e-01
1.000000000000000000e+00
-1.000000000000000000e+00
-1.000000000000000000e+00
1.000000000000000000e+00
1.706194832856646748e-01
-7.382261472472249064e-01
1.283107981568165634e-01
-1.000000000000000000e+00
-3.329712536512931531e-01
-1.000000000000000000e+00
1.000000000000000000e+00
-4.101387839484219588e-01
-2.570533491702351458e-01
-3.346274941260898306e-01
9.795644128658582694e-01
-7.581066673822678403e-01
-6.357752707187769303e-01
1.000000000000000000e+00
3.341424417909786282e-01
2.299992115483082689e-01
6.513575586887698776e-03
-1.438408257979516547e-01
-3.075408397623482504e-01
-1.000000000000000000e+00
3.899372683234374470e-01
8.809787990671096303e-01
-1.893530238760106066e-01
-4.561726193632686943e-02
-8.702968786921039257e-01
8.550126152803123603e-01
-1.000000000000000000e+00
-3.308219697666807124e-01
-8.119554681250167327e-01
-6.956057915848710138e-01
8.620339053682692931e-01
9.291501579895402596e-01
-1.000000000000000000e+00
1.000000000000000000e+00
9.246197220235052860e-02
7.209230113113185290e-02
3.209571467716099136e-01
-3.869032851236270942e-01
-1.000000000000000000e+00
5.007598390791523357e-02
-8.445203416682451891e-01
7.666584937623595053e-01
-5.272969429717304646e-01
2.712499905758734009e-01
-5.842776343653246496e-01
1.574685049174202600e-01
-4.593883781708223424e-01
-6.075583045723438325e-01
2.985962880844632572e-01
-1.000000000000000000e+00
1.318545164113053003e-01
1.000000000000000000e+00
-3.768589322856576995e-01
-1.000000000000000000e+00
-7.990811082229640760e-01
2.664672635156293268e-01
-9.571635859322977780e-01
-9.607336518558873273e-01
-6.127753514408074142e-02
8.038708715520336279e-01
-1.000000000000000000e+00
2.858060744863888392e-02
-1.000000000000000000e+00
5.274976952567814736e-01
6.696459012945485956e-01
-1.000000000000000000e+00
-3.828479370683273153e-01
-2.554622206362041070e-01
-7.114430374899531895e-01
-5.098306682423179303e-01
1.000000000000000000e+00
1.000000000000000000e+00
3.499206994554647232e-01
-6.356710261167407561e-01
8.812900713920569506e-01
4.521681346333742413e-01
-1.321571406640431601e-01
-4.642411976774045712e-01
-2.308258391256010345e-01
-5.740155602827607950e-01
5.586725663455686108e-01
1.000000000000000000e+00
-3.258175643753873363e-01
-5.420620033656626813e-01
7.337674828895488499e-01
7.045208784198344620e-01
-9.161783495328470472e-01
-6.227860720301663378e-01
-1.283521807357910216e-01
1.070178639514716146e-01
9.696819610559228586e-01
2.296944538357994781e-01
-9.941238881021212670e-01
1.000000000000000000e+00
1.000000000000000000e+00
-9.069375259116246868e-02
-7.347070525708609967e-01
4.573840128378032777e-01
-2.935080426359457650e-01
9.600137155878429862e-01
-1.000000000000000000e+00
9.701452269519112992e-01
1.000000000000000000e+00
-1.000000000000000000e+00
7.404075132074644516e-01
6.793468405557734346e-01
-2.111853885172421119e-01
7.854676012369805616e-01
1.000000000000000000e+00
-8.731648084830258005e-01
-2.405262788284030506e-01
1.916066701324725674e-01
-1.000000000000000000e+00
1.739802595371620075e-01
1.000000000000000000e+00
-9.489453731786268165e-01
-1.000000000000000000e+00
1.000000000000000000e+00
6.332688657532853371e-01
3.576843137774610160e-01
-1.000000000000000000e+00
-1.000000000000000000e+00
6.331502518801812585e-01
2.227219404459330754e-01
1.409266442413927845e-01
-2.836496127977240489e-01
9.140330401383109926e-01
-1.000000000000000000e+00
1.000000000000000000e+00
-1.000000000000000000e+00
-6.680052302873391579e-01
8.144490331268068317e-01
-3.915580645756573386e-01
1.349669747138049214e-01
-1.000000000000000000e+00
7.939434523319326420e-01
3.568481705646722180e-01
3.478073612639602796e-01
2.190313026110810579e-01
1.000000000000000000e+00
-6.085712984777185142e-01
9.845257333898219110e-02
-2.098230649721350982e-01
2.446506041025648948e-01
-1.000000000000000000e+00
-6.717730196451729974e-01
1.000000000000000000e+00
-7.137886035852103461e-02
9.436670024355970909e-01
-1.000000000000000000e+00
-8.193689089159813532e-01
1.018030447371096603e-01
-9.843039196208920316e-01
8.005232783147483988e-02
-4.566996568600081852e-01
1.000000000000000000e+00
2.934418688873572378e-01
-6.184338776780020641e-01
-1.000000000000000000e+00
-1.000000000000000000e+00
-6.691688362105788213e-02
-4.599221089262455209e-01
1.000000000000000000e+00
-9.763273549757442993e-01
-1.000000000000000000e+00
7.498956822365794306e-01
9.911941115978333272e-01
1.000000000000000000e+00
1.000000000000000000e+00
5.664752482836079572e-01
4.760251082908022457e-01
2.404909975147428991e-02
-6.490877234894754100e-01
-2.480095022933661575e-01
6.450381917359291339e-01
6.973453614811953027e-01
1.000000000000000000e+00
-1.000000000000000000e+00
7.163812118761143655e-01
1.000000000000000000e+00
-5.819292781936948877e-01
-6.345332204462310610e-01
6.343979916694770793e-01
1.000000000000000000e+00
-3.406101105547107988e-01
7.052981502543863579e-01
-9.004125694937983315e-01
-9.109647748944944556e-01
-3.124251865990684829e-01
5.578039287539721114e-01
-1.998569118539098022e-01
-4.741273206267541118e-01
-4.590763012323502146e-01
-9.177631651170301552e-01
1.266557885050245691e-02
-1.000000000000000000e+00
-1.000000000000000000e+00
-8.314954788609820735e-01
-3.230751958489175291e-01
-2.488840205951490248e-01
4.578778706376569474e-01
-2.870254266417654465e-01
-8.947500424553682663e-01
-1.000000000000000000e+00
2.453676210122326395e-01
-1.094140890655422860e-01
-3.766215977540241511e-01
6.636419751738080741e-01
-3.365310630811602088e-02
-3.247135073687183911e-03
4.308790215943214541e-01
-3.257114396425220271e-01
-6.814242891703499172e-01
8.741130127884879641e-01
9.554996953769581136e-01
-5.601357787316192383e-01
