1.000000000000000000e+00
-6.330205618528039757e-01
8.473062323131647089e-01
2.554779850375203942e-01
9.824999100023797949e-01
2.097819560602582900e-01
6.407603908433481266e-01
9.712694466670146465e-01
1.000000000000000000e+00
1.000000000000000000e+00
-1.000000000000000000e+00
5.934053252807884871e-01
1.000000000000000000e+00
-1.000000000000000000e+00
1.000000000000000000e+00
-1.000000000000000000e+00
1.000000000000000000e+00
-6.245305872814755910e-01
2.086054802884328430e-01
-1.000000000000000000e+00
1.000000000000000000e+00
-1.000000000000000000e+00
1.000000000000000000e+00
3.900291936691984152e-01
-1.000000000000000000e+00
3.646684860411225637e-01
-2.592664915409997328e-01
-1.000000000000000000e+00
-1.000000000000000000e+00
-1.000000000000000000e+00
8.331324213024173808e-01
-1.000000000000000000e+00
1.000000000000000000e+00
2.401819064117656499e-01
1.338523573822544832e-01
1.000000000000000000e+00
-6.856566595770521300e-01
1.000000000000000000e+00
-1.000000000000000000e+00
1.000000000000000000e+00
7.975716667286192330e-03
-8.890903761004863570e-01
-1.000000000000000000e+00
1.000000000000000000e+00
3.928803060691109517e-01
-4.946358715115094506e-01
1.000000000000000000e+00
1.000000000000000000e+00
-1.474535553006995903e-01
-7.543112402676571682e-01
-1.000000000000000000e+00
1.000000000000000000e+00
-2.578306186034062808e-01
-9.458115282466014184e-01
-1.000000000000000000e+00
-1.000000000000000000e+00
-8.237215752190425455e-01
1.000000000000000000e+00
1.471216608494303468e-01
-8.123085279786468327e-02
-3.307138437150387578e-01
-1.000000000000000000e+00
-1.000000000000000000e+00
-7.769365598350816415e-02
1.000000000000000000e+00
1.000000000000000000e+00
-5.988461604877604039e-02
-1.000000000000000000e+00
-1.000000000000000000e+00
1.000000000000000000e+00
-9.978850366261853289e-01
-1.000000000000000000e+00
1.000000000000000000e+00
1.661794353198765561e-01
-1.000000000000000000e+00
-1.000000000000000000e+00
-1.000000000000000000e+00
1.000000000000000000e+00
-1.000000000000000000e+00
1.000000000000000000e+00
-7.878596946464347384e-02
-3.408242333053662088e-01
-1.000000000000000000e+00
1.000000000000000000e+00
-2.191812892760739429e-01
2.693609013269546715e-01
-1.000000000000000000e+00
1.000000000000000000e+00
-1.000000000000000000e+00
-8.258969271750855601e-01
1.000000000000000000e+00
1.000000000000000000e+00
-1.000000000000000000e+00
-1.000000000000000000e+00
-5.743938488380733176e-01
-1.000000000000000000e+00
1.000000000000000000e+00
-1.000000000000000000e+00
-1.466527120286337249e-01
-6.949745887303648839e-02
-6.983859198598827422e-01
1.000000000000000000e+00
9.834365657641976899e-01
-1.000000000000000000e+00
2.866289899838458943e-01
1.000000000000000000e+00
-9.443551950102146986e-02
-1.000000000000000000e+00
-8.954011399048253939e-01
-2.740742661273572467e-01
-1.000000000000000000e+00
1.000000000000000000e+00
-1.000000000000000000e+00
4.319413974149743929e-02
-1.000000000000000000e+00
-1.000000000000000000e+00
-5.137834275024536490e-01
-1.000000000000000000e+00
-1.000000000000000000e+00
1.000000000000000000e+00
3.770229384041035026e-03
2.611534603892797790e-01
6.278319250403366913e-01
-1.000000000000000000e+00
-1.998270942858443311e-02
-5.353262234525226759e-01
-7.095698093256703753e-01
2.520215445581832636e-01
1.000000000000000000e+00
1.000000000000000000e+00
9.187395960311282028e-01
1.015919960848710168e-03
1.000000000000000000e+00
6.792996222332364775e-01
-8.371789006017484880e-01
-7.707353566240127130e-01
-6.715065518769234298e-01
7.154960783646701072e-01
1.000000000000000000e+00
7.333231368508295045e-01
-1.000000000000000000e+00
7.443838612179664027e-01
1.000000000000000000e+00
1.060752384588407038e-01
-5.799997857484793240e-01
-2.122784857304587103e-01
-1.000000000000000000e+00
4.901049442858008698e-01
2.911030449060603154e-01
5.561629540058043997e-01
-1.587813164878741079e-01
9.576251262466861647e-03
-5.919014454513955581e-01
9.964384169956180815e-01
2.663597548597241293e-01
5.072314940885096490e-01
-8.065186083075058798e-01
8.736867879467340448e-01
3.643033556015359276e-01
-1.000000000000000000e+00
-4.294108183775635634e-01
-6.370225469364717563e-01
-1.000000000000000000e+00
-6.204550399213782930e-01
1.000000000000000000e+00
-6.792579925303854349e-01
-1.445720147318356741e-01
1.000000000000000000e+00
-1.000000000000000000e+00
-1.000000000000000000e+00
-1.000000000000000000e+00
5.552295028012007583e-01
-9.713378621002954905e-02
1.000000000000000000e+00
-7.553290722449529371e-01
-1.155035790813452312e-01
-1.000000000000000000e+00
-5.919104370408738713e-01
-6.776399784689184358e-01
1.000000000000000000e+00
1.000000000000000000e+00
-1.000000000000000000e+00
-9.572966035768216697e-01
-1.000000000000000000e+00
-8.295866784561277685e-01
1.000000000000000000e+00
-3.459546190158847567e-01
-9.419962607310378155e-02
1.000000000000000000e+00
7.187598415164561105e-01
9.759074717981613967e-01
-1.000000000000000000e+00
-6.797891251891001740e-01
-8.123913815322860721e-01
1.000000000000000000e+00
-8.081105625772339041e-02
7.302386581602741122e-01
-1.000000000000000000e+00
-1.000000000000000000e+00
3.940710010417936005e-01
1.000000000000000000e+00
-1.000000000000000000e+00
-4.279187670382329500e-01
-4.211566853927608545e-01
6.830055426848160582e-01
1.000000000000000000e+00
8.515527241203072473e-01
-1.000000000000000000e+00
-5.809318226736588375e-01
1.000000000000000000e+00
-1.000000000000000000e+00
-1.000000000000000000e+00
1.000000000000000000e+00
1.000000000000000000e+00
1.000000000000000000e+00
1.000000000000000000e+00
3.370507515513840868e-01
1.000000000000000000e+00
4.498186859504593738e-02
-2.351848610005123907e-01
-1.000000000000000000e+00
-1.478844592625485621e-01
-7.539567396752291373e-01
1.000000000000000000e+00
5.226344673977292299e-01
7.902749431171904870e-01
1.000000000000000000e+00
3.672743082772179091e-01
-3.513255059532436331e-01
-8.202048793097018731e-01
1.991902104986149613e-01
-1.000000000000000000e+00
1.000000000000000000e+00
3.589568084456552510e-01
1.000000000000000000e+00
-1.000000000000000000e+00
-1.000000000000000000e+00
-6.339014467875079273e-01
-1.000000000000000000e+00
6.967164209990029944e-01
-6.944651478385899246e-01
-1.000000000000000000e+00
1.000000000000000000e+00
3.457793418501109439e-01
1.000000000000000000e+00
3.442969353250402986e-01
1.713758728273631071e-01
-7.777611168800369068e-02
6.945779084817929050e-01
-6.538693819364003179e-01
-4.760442809086254945e-01
1.000000000000000000e+00
-1.203506435056880819e-01
5.631909260193159739e-01
-8.202400320873725059e-01
1.000000000000000000e+00
1.000000000000000000e+00
-1.000000000000000000e+00
-7.095724750125304015e-01
-6.149164658680946749e-01
-3.169029831141112474e-02
6.269248871642664200e-01
1.000000000000000000e+00
-2.340449124594228270e-01
8.691128767915126119e-01
