9.455123264778815262e-01
1.777813725203130080e-01
3.698983638093644721e-02
-1.000000000000000000e+00
3.430420503864343162e-01
1.000000000000000000e+00
-1.000000000000000000e+00
1.000000000000000000e+00
-1.000000000000000000e+00
1.000000000000000000e+00
-5.437305349845737990e-01
1.000000000000000000e+00
5.791021294144795828e-01
-1.000000000000000000e+00
4.268239964836214040e-01
6.917461648705712784e-01
-1.000000000000000000e+00
1.803604212277751806e-01
3.093885865744228081e-01
-1.000000000000000000e+00
5.976434580077268910e-01
-2.844942134141854595e-01
1.000000000000000000e+00
-1.000000000000000000e+00
-1.000000000000000000e+00
-1.895803602538760624e-01
2.158460811384317890e-01
1.000000000000000000e+00
-8.413774523984973719e-02
1.000000000000000000e+00
3.272519793177182112e-01
1.000000000000000000e+00
2.215956771874988129e-01
1.868427053604341248e-01
-1.000000000000000000e+00
1.000000000000000000e+00
-2.275963481296670032e-01
-1.000000000000000000e+00
1.000000000000000000e+00
-6.991636237722376190e-02
-2.218039503109403565e-01
-2.402070429115463757e-01
1.000000000000000000e+00
5.030965708531635050e-01
-5.820832229029933025e-01
-3.421442289628670030e-01
-5.008034211232076371e-01
-1.000000000000000000e+00
1.000000000000000000e+00
-1.000000000000000000e+00
-6.421830504641956594e-03
1.000000000000000000e+00
-1.000000000000000000e+00
1.000000000000000000e+00
1.000000000000000000e+00
1.000000000000000000e+00
-1.000000000000000000e+00
1.000000000000000000e+00
2.514127345991536977e-01
-1.000000000000000000e+00
1.000000000000000000e+00
-1.000000000000000000e+00
-1.000000000000000000e+00
-1.199270731919631489e-01
3.657701064853422501e-01
5.084126579050949335e-01
1.000000000000000000e+00
7.880608813781220245e-02
-1.595011739106702020e-01
-1.000000000000000000e+00
1.000000000000000000e+00
-1.000000000000000000e+00
-9.319455473819115987e-02
1.000000000000000000e+00
1.000000000000000000e+00
1.000000000000000000e+00
-3.058990771348746307e-03
1.000000000000000000e+00
-1.000000000000000000e+00
-8.945912357472189935e-01
-2.057075716018558209e-02
-1.000000000000000000e+00
-3.715187275726916649e-02
7.200260897024057805e-02
1.000000000000000000e+00
1.000000000000000000e+00
-8.463722738944544632e-01
-1.000000000000000000e+00
-1.000000000000000000e+00
-1.000000000000000000e+00
-2.570769162271537844e-01
2.137790101835812528e-02
-1.000000000000000000e+00
-7.665887439208385334e-01
-3.396978624066431252e-01
1.000000000000000000e+00
1.000000000000000000e+00
1.000000000000000000e+00
-4.259440096830043876e-01
-1.000000000000000000e+00
-1.000000000000000000e+00
-8.231699014584878960e-01
-5.045059046312332374e-01
2.444814175676830459e-01
-1.000000000000000000e+00
-4.335227999773599850e-01
-1.000000000000000000e+00
7.660929426738927184e-01
1.000000000000000000e+00
-4.924981088302110566e-01
-9.495013263545221127e-01
1.000000000000000000e+00
-1.000000000000000000e+00
1.000000000000000000e+00
-8.038185571781916172e-01
1.000000000000000000e+00
-4.890930662734759293e-01
4.182713989302543345e-01
2.109051493929772481e-01
-3.011087795132597056e-01
1.000000000000000000e+00
6.986152782013552720e-01
-2.593753209290517933e-02
1.000000000000000000e+00
-1.000000000000000000e+00
1.000000000000000000e+00
-5.530035541794477982e-01
-1.000000000000000000e+00
7.277373915897629164e-01
-9.975377203110995517e-01
1.000000000000000000e+00
-1.000000000000000000e+00
-1.000000000000000000e+00
-8.029345958305651454e-01
1.000000000000000000e+00
-1.000000000000000000e+00
-1.000000000000000000e+00
1.000000000000000000e+00
-3.038393703899068266e-01
-3.009586262438486148e-01
6.854308550217953488e-01
-8.385911827458554235e-01
-1.000000000000000000e+00
1.000000000000000000e+00
-1.000000000000000000e+00
-2.118196711425273659e-01
5.164038713754199872e-01
-1.000000000000000000e+00
1.000000000000000000e+00
-9.045312142809764921e-01
-1.000000000000000000e+00
-5.975800897681780022e-01
1.000000000000000000e+00
-1.000000000000000000e+00
5.469151441778864475e-01
-1.000000000000000000e+00
5.763772307123484762e-01
-8.000857573173112414e-01
-7.583932391718327670e-01
6.935302545929276086e-01
1.000000000000000000e+00
1.000000000000000000e+00
-7.724998658248950489e-01
1.000000000000000000e+00
-1.000000000000000000e+00
1.000000000000000000e+00
1.000000000000000000e+00
1.000000000000000000e+00
5.431503809580517927e-01
9.881907341745396200e-01
1.000000000000000000e+00
1.000000000000000000e+00
8.551908168073799610e-01
2.507661147901254495e-01
-9.703021501762277845e-01
4.594626942329834707e-01
-5.449212669814472720e-01
-5.848783549914493562e-01
1.000000000000000000e+00
-1.000000000000000000e+00
1.000000000000000000e+00
-6.924485303772995870e-01
1.000000000000000000e+00
-1.000000000000000000e+00
-1.000000000000000000e+00
1.000000000000000000e+00
-1.000000000000000000e+00
9.931478662415660352e-02
2.455541077110656722e-02
-1.000000000000000000e+00
1.000000000000000000e+00
-6.211690482560767723e-01
1.000000000000000000e+00
1.000000000000000000e+00
1.143137441322601422e-01
8.281468078151125178e-01
-1.000000000000000000e+00
-5.378385197684037999e-01
1.000000000000000000e+00
-7.981862064283666847e-01
7.604096044795830567e-01
-1.000000000000000000e+00
-9.375287002781147461e-01
-2.985219963633689577e-01
-1.000000000000000000e+00
-1.000000000000000000e+00
9.715826333475418020e-01
-1.000000000000000000e+00
7.653645158258011172e-01
1.000000000000000000e+00
-1.000000000000000000e+00
1.000000000000000000e+00
1.000000000000000000e+00
8.949122279340628872e-01
-6.233925721108567464e-01
4.906539725242975436e-01
-1.000000000000000000e+00
4.195089460578782514e-03
-8.028089024772719906e-01
-8.668566044862262565e-01
-1.000000000000000000e+00
-1.000000000000000000e+00
9.940269131170921257e-01
-1.000000000000000000e+00
-1.000000000000000000e+00
-7.907596625021006131e-01
1.000000000000000000e+00
1.000000000000000000e+00
-1.000000000000000000e+00
-1.000000000000000000e+00
7.665883899919434530e-01
-1.000000000000000000e+00
1.126007047452270982e-02
6.688056813946492429e-01
1.000000000000000000e+00
9.056483034327695858e-01
1.000000000000000000e+00
8.000194631388175548e-01
4.613454792785550707e-01
-1.176363044088976073e-01
4.829286114835300570e-01
4.112260063882671735e-01
1.000000000000000000e+00
1.000000000000000000e+00
-5.276265899893717304e-02
1.000000000000000000e+00
8.222023262429658530e-01
4.317018359697988306e-01
1.000000000000000000e+00
-1.000000000000000000e+00
-2.655185375977044959e-01
-1.000000000000000000e+00
2.756669841550525302e-01
1.992598306877902403e-01
1.000000000000000000e+00
-1.000000000000000000e+00
-5.753003599676542734e-01
1.000000000000000000e+00
2.443541246611113937e-02
1.000000000000000000e+00
1.814469270714351712e-01
-3.887478170345265993e-01
-1.484016219479933341e-02
-3.742409206793512744e-01
7.374017780421908697e-01
