1.000000000000000000e+00
4.059167843938495945e-01
-6.954927538964971179e-01
6.919357569892348181e-01
1.000000000000000000e+00
-6.710807807239116407e-02
1.000000000000000000e+00
-1.000000000000000000e+00
-1.000000000000000000e+00
1.000000000000000000e+00
8.675967707891610869e-01
-1.000000000000000000e+00
1.000000000000000000e+00
1.000000000000000000e+00
-9.119203762437613214e-01
4.763886615406093261e-01
1.000000000000000000e+00
1.479305114330879967e-01
-3.255197138402774470e-01
-1.000000000000000000e+00
-9.458047558229768503e-01
-2.265154633147840602e-01
1.000000000000000000e+00
1.000000000000000000e+00
-6.294863859858534916e-02
1.000000000000000000e+00
5.045480732208914576e-01
1.000000000000000000e+00
-6.602222864515927547e-02
5.998680111276761817e-01
-1.000000000000000000e+00
1.000000000000000000e+00
5.954254234536726642e-02
-1.000000000000000000e+00
-2.925999497152327322e-01
-5.679677853227071971e-01
-9.795610400433687470e-01
3.190269989951192153e-01
-5.311790595781666902e-01
1.000000000000000000e+00
1.772919766403018293e-01
1.000000000000000000e+00
1.000000000000000000e+00
1.000000000000000000e+00
-7.648525137185832046e-01
-1.000000000000000000e+00
1.000000000000000000e+00
-1.000000000000000000e+00
-1.000000000000000000e+00
1.748997085757475478e-01
1.000000000000000000e+00
-1.000000000000000000e+00
9.682455120622612821e-02
-1.000000000000000000e+00
3.545900450732839548e-01
-5.568465853000297283e-01
-8.000916764071546172e-01
9.530076906184787866e-01
1.000000000000000000e+00
1.000000000000000000e+00
3.160544282619462964e-01
8.718123629357064086e-01
-8.202375819627339970e-01
-1.000000000000000000e+00
-3.107782044034057001e-01
-5.027997234279657501e-01
1.000000000000000000e+00
-3.195203159093730205e-01
-1.163993850894895488e-02
1.000000000000000000e+00
1.000000000000000000e+00
1.692026267738826473e-01
1.000000000000000000e+00
1.000000000000000000e+00
-1.000000000000000000e+00
1.595013795166488890e-01
-1.000000000000000000e+00
1.000000000000000000e+00
-1.000000000000000000e+00
-1.000000000000000000e+00
1.000000000000000000e+00
5.634040010370537921e-01
8.239981644959415430e-01
4.520377056711655239e-01
-1.000000000000000000e+00
-2.426129843021880284e-01
-1.000000000000000000e+00
-2.872682195943879191e-01
1.000000000000000000e+00
-3.383326191276918027e-01
2.290954884301159566e-01
1.000000000000000000e+00
-1.000000000000000000e+00
5.733123692822439388e-01
-9.047617040037243541e-01
1.000000000000000000e+00
1.000000000000000000e+00
1.000000000000000000e+00
-1.000000000000000000e+00
-6.298781928433577759e-02
2.016257728766657209e-01
-1.000000000000000000e+00
-1.000000000000000000e+00
-1.101596949335779674e-01
-1.000000000000000000e+00
-1.259500929417760040e-01
-5.078848917236969962e-01
-6.170311051747747744e-01
1.000000000000000000e+00
-1.000000000000000000e+00
2.377049900540453287e-01
-6.678950989108952685e-01
1.000000000000000000e+00
1.000000000000000000e+00
-1.000000000000000000e+00
-1.000000000000000000e+00
7.461231472033229561e-01
-4.877479944488203323e-01
-1.000000000000000000e+00
-3.061061566790647670e-01
1.000000000000000000e+00
1.000000000000000000e+00
-1.000000000000000000e+00
-7.597879669599068020e-01
-8.444184068792242037e-01
-2.772674558022385494e-01
-1.000000000000000000e+00
-1.000000000000000000e+00
6.400627358217954033e-01
-6.788042583729166912e-01
1.000000000000000000e+00
6.502336250728842915e-01
-1.000000000000000000e+00
-1.000000000000000000e+00
-1.000000000000000000e+00
2.799347998699053264e-02
-1.000000000000000000e+00
1.000000000000000000e+00
-8.965392815210203592e-01
1.000000000000000000e+00
-9.885287208499260458e-02
-1.000000000000000000e+00
1.000000000000000000e+00
1.000000000000000000e+00
-1.000000000000000000e+00
-1.000000000000000000e+00
7.883828225565101544e-01
1.000000000000000000e+00
3.298051205159062693e-01
-1.000000000000000000e+00
5.152143582738241134e-01
-1.000000000000000000e+00
-6.136035796156025235e-01
5.187613124537303610e-01
-3.083309457372108708e-01
1.000000000000000000e+00
3.482407007075249972e-03
1.000000000000000000e+00
1.000000000000000000e+00
-1.000000000000000000e+00
1.000000000000000000e+00
3.331627309277127580e-01
-7.908591015567750793e-02
1.000000000000000000e+00
-5.291955577234087604e-01
-1.000000000000000000e+00
-9.062250944968161526e-02
-1.141731649271914006e-02
-1.000000000000000000e+00
-1.000000000000000000e+00
-3.685058423154169427e-02
-4.801865479190985941e-01
3.420205139400397387e-01
-3.754413326138532625e-01
-5.100338975664232555e-01
-1.000000000000000000e+00
-1.000000000000000000e+00
-7.058315665836352171e-01
-1.000000000000000000e+00
-8.938593196066286772e-01
-7.744197915002315469e-01
-1.000000000000000000e+00
-1.000000000000000000e+00
-4.900359327666943821e-01
-1.000000000000000000e+00
8.311740365562592103e-01
-8.682449734155199828e-01
1.000000000000000000e+00
-4.334114681501193278e-01
1.279568769601650002e-01
-1.000000000000000000e+00
8.893378207579261119e-01
-1.000000000000000000e+00
6.418002820929570307e-01
7.625268365406983051e-01
-8.804009184164749424e-01
-1.000000000000000000e+00
1.000000000000000000e+00
-2.890862770056555342e-01
-1.000000000000000000e+00
1.000000000000000000e+00
9.108401970044787133e-01
2.034705308590054607e-01
-8.491151624522468300e-01
1.000000000000000000e+00
1.000000000000000000e+00
-1.000000000000000000e+00
1.000000000000000000e+00
-2.974680694392066727e-01
9.129723736839429060e-03
6.742092084428907839e-02
-9.248477198794573528e-01
8.581112928613794377e-01
5.920386884428705532e-01
-3.981866477727051823e-01
-1.980220445180940203e-01
-1.000000000000000000e+00
5.075286735773351099e-01
1.000000000000000000e+00
1.000000000000000000e+00
6.227296459219490155e-01
-1.000000000000000000e+00
1.000000000000000000e+00
7.080738232616690109e-01
1.000000000000000000e+00
-6.525952787296148694e-01
-3.074686242006596792e-02
-1.000000000000000000e+00
4.159334890314131949e-01
5.122062385889059044e-01
-1.000000000000000000e+00
7.740137228686084780e-01
5.480757020189859219e-01
1.000000000000000000e+00
-9.973330139289187102e-01
-6.246463673541045036e-01
-7.130934322598652120e-01
1.333258298592556734e-01
1.000000000000000000e+00
-1.638002344090592755e-01
-1.000000000000000000e+00
7.525003253434801032e-01
3.740407615839170807e-01
-9.568827474388308385e-03
8.858296455380159085e-01
-1.000000000000000000e+00
-1.000000000000000000e+00
1.100785064516496270e-02
9.549856370845223319e-01
-1.000000000000000000e+00
-1.000000000000000000e+00
-1.000000000000000000e+00
-7.084640376614763646e-01
1.000000000000000000e+00
4.763884429799847275e-02
1.000000000000000000e+00
-1.000000000000000000e+00
-1.000000000000000000e+00
1.000000000000000000e+00
-2.967286417327822390e-01
-9.112686474241588064e-01
-1.000000000000000000e+00
-4.794204255862084540e-01
-6.637501653917010636e-01
-8.397493314884910687e-01
