-2.427833887111097155e-02
-4.692211488933502039e-01
-3.626347332603430118e-01
-8.613369270207131834e-01
-9.907616439058253288e-01
-6.415410783357888835e-01
-1.175884136377547406e-01
5.748669860401840470e-01
8.569707362099798775e-01
4.602586639753649678e-01
-7.578649284009966181e-01
9.093300733276112879e-01
-9.929691259279709303e-01
3.958186638685661229e-01
-3.345146618090564239e-01
-8.125988831643937704e-01
9.118126623597306857e-01
-3.638700383359394497e-01
-4.146857943437785021e-01
-5.951220194572943711e-01
2.302981309067124727e-01
4.565954589604488412e-01
9.428572416607154949e-01
-2.172672251577711933e-01
8.136767062407568307e-01
-7.347188074712165395e-01
1.304860109758780862e-01
-2.497989466541761239e-01
9.017443955789090637e-01
8.908868422623601457e-01
-8.072736670482598687e-01
-2.852586489429964622e-01
1.175409868451364748e-01
2.218832763155120791e-01
-7.688652188856872627e-01
-5.637141479772269648e-01
4.542432993629439419e-01
-7.693258559384308359e-01
-1.278625726547077956e-01
-5.069116766937589169e-01
1.428349069551606565e-01
2.909182564597889709e-01
8.879805540312435408e-01
-2.040902438473297664e-01
-3.584374852545315626e-01
2.812298541926430140e-01
-3.696246903569404552e-01
-2.808824150702513567e-01
-2.232955936212677184e-01
-5.165338559052581324e-01
-6.136496268871614035e-01
5.154717402609623189e-01
2.305167837774746431e-02
-5.088042000414603194e-01
-3.174552389259712726e-01
-8.358948636151555256e-01
5.533045045607873913e-01
2.766346118041322910e-01
4.520071019178262262e-01
-8.059708365718520895e-01
-9.621300676412174457e-01
8.208623186663754900e-02
-1.456623290649423641e-01
5.275912559312225802e-01
-9.646985880630394306e-01
-5.488201998937636272e-01
4.842968066463004817e-01
-5.443057864128000300e-01
2.688284381523335931e-01
-7.446193461819268222e-01
4.360252997822184895e-01
-3.507700602262511236e-01
2.210899614410901659e-01
4.088251649756335926e-01
9.520590078555102309e-02
2.975692351780820921e-01
2.090952078543835135e-01
3.063683897858704430e-01
-6.054579472291481412e-01
-9.596518834803671183e-01
-3.082014432180137931e-01
4.949418560352527585e-01
6.493673128247423598e-01
8.623914279125657334e-01
-6.771221453218321251e-01
-7.763327703405900060e-01
2.367200164443827859e-01
-6.324677662078286300e-01
1.780529956451286644e-01
-6.000674384904178815e-01
-2.725146954831947355e-01
1.503444580084081217e-01
3.038760520629741890e-01
-9.185463290773245859e-01
-8.835984674069379263e-01
3.774161098883803689e-01
3.963730598145898121e-01
-1.048419624045582310e-01
-1.393647883478763561e-01
-2.886723498612042693e-01
6.268535960510068783e-02
4.430259255720250255e-01
8.160129565197955515e-01
4.008040262610892412e-01
8.350359595060223850e-01
-5.308225425309069934e-01
8.977646478366807514e-02
1.638762023233921727e-01
2.607352455781215550e-01
7.940495185627476360e-01
8.842445395585978307e-01
6.561787438848885046e-01
7.976075900124510731e-01
-7.778133260815027761e-01
-4.211757192766227842e-01
-4.115730326968969344e-01
-9.011107152495445582e-02
6.873523046558180916e-01
2.586018121992026408e-01
-1.377087414344737581e-01
3.972325560422951263e-02
-1.263620745253746236e-02
1.912635647761868896e-01
-1.263185477318904404e-01
7.425098477355831506e-01
1.292847364819929012e-01
-6.237789829141056064e-01
-7.275602096531252894e-01
-4.782140638936207555e-01
7.658971433576309273e-01
2.740493729939061929e-01
-8.371904228843145557e-01
-7.295326516964302233e-01
2.008906297282517794e-01
-7.541997288194646210e-02
-7.807178124682341291e-01
-8.102264104504892650e-01
-1.415976752925436344e-01
8.724470813551055137e-02
-7.073321637419263119e-01
3.989526321807947973e-01
-7.712235735581312035e-01
4.899942501482428270e-01
9.729510894700750256e-01
-2.099428354569443655e-01
2.213837644205909339e-01
-4.519176052270721389e-01
-9.507375657107615119e-01
-4.892279563218338012e-01
5.510910566849060999e-01
-1.280510119858710993e-01
-5.767108849478475019e-01
5.258868543563279818e-01
-3.857218986579113995e-01
5.326656167392351815e-01
-6.505403912914335951e-01
6.580119341146968281e-01
8.296649216970310992e-01
-6.005854913649522064e-01
-2.095048290439969207e-01
3.506338200208547473e-01
-7.235821665307915485e-01
-1.454319381368507358e-01
4.071664294741839107e-01
6.243287522504112896e-01
-8.875637263147151401e-02
8.659400979098850204e-01
-9.816195533670806217e-01
6.705848890232055659e-01
9.084488788841971196e-01
-6.152330266053693819e-01
-9.759603980563991144e-01
-5.530811086059939097e-01
-9.794913946135017646e-01
4.131957460803619142e-01
-2.472082391670480384e-01
2.424821739669626997e-01
-1.340082576479761922e-01
-2.060443116737054048e-01
-1.644788604906473051e-01
2.384042597703304178e-01
-6.745765530778602415e-01
1.412467101656094126e-01
7.208770390241800996e-01
4.784339328790403467e-01
-1.343226549168772266e-01
-9.513425038959135716e-01
8.966273996353404385e-01
4.332714478656387591e-01
-5.858865123630110361e-01
-9.599001884559024145e-01
-1.903228812621522437e-01
-4.139488573155891693e-01
-9.491324092436936866e-01
7.641612767506482662e-01
3.231081296502693601e-01
-1.555981074263113051e-01
8.209384750564403532e-01
2.193736588883143934e-01
4.429115309099236342e-01
-8.372555488467203766e-02
-5.259918698214680610e-01
-2.613066285998142391e-01
6.954316394358022180e-01
6.283759899386631709e-01
-4.123668846494965567e-01
-3.484327928968662391e-01
5.882358745386493393e-01
6.014828881657909854e-01
5.009677349778525191e-01
2.299471092581608644e-01
-6.789514209494098562e-01
5.213940326737733777e-01
4.247050947057218195e-01
-5.208004504088401543e-01
-4.693514737319106622e-01
-9.972658731468089233e-01
6.289788326190715040e-02
-1.596778851211286820e-01
5.033445056194232325e-01
3.868921222645098634e-01
-7.880589391538082022e-01
8.121174919326559216e-01
-7.862473397146321208e-01
-6.753309101493698563e-02
-5.760877983481225151e-01
-8.560509637048971943e-01
-2.630051442695535702e-01
-2.888754942564601969e-01
4.552763447224004167e-01
-4.618336718699949106e-01
-6.015095496513562789e-01
7.291336082254391560e-01
1.277353163066730080e-01
-1.033717085557885884e-01
2.240734014234055937e-01
-3.718102151559734558e-01
6.206662912459586234e-01
-8.503048761240221687e-01
-2.520681333590208961e-01
6.062535096820738101e-01
2.225049968223100638e-01
-4.397521141794864530e-01
3.045165437649441920e-01
-1.924539131657643232e-02
-9.705405765902688220e-01
2.466214738442933374e-01
8.898520723155096679e-01
3.247290740518133934e-01
2.532039674827288867e-01
9.679053912869342025e-01
7.116276310500064817e-01
-7.481828789509537003e-01
5.071124038762175879e-02
-1.278414217655858831e-01
3.452155907303569027e-01
6.832875617239406729e-01
9.938603690315861439e-01
5.213037192338783044e-01
-6.199547066267809825e-01
-8.995847390872451221e-01
1.521136327397794030e-01
6.240740711224128656e-01
8.613407288359686831e-01
-2.105433152538229713e-01
