1.000000000000000000e+00
-1.000000000000000000e+00
1.000000000000000000e+00
-4.279424722228586386e-01
-1.018548659480755791e-02
-1.000000000000000000e+00
1.000000000000000000e+00
8.983132207875174635e-02
4.738834364212213268e-01
4.863400276917617671e-01
5.124732349632803441e-01
-4.587160258260816192e-01
1.000000000000000000e+00
-1.000000000000000000e+00
1.000000000000000000e+00
1.307817533620020400e-01
1.000000000000000000e+00
2.943126271154564710e-01
2.851311973413277467e-01
-1.000000000000000000e+00
1.000000000000000000e+00
1.000000000000000000e+00
-5.058391942674089758e-01
1.000000000000000000e+00
-1.000000000000000000e+00
3.342744327909393798e-01
-3.880831038557254753e-01
8.922599516690181698e-01
1.834128006051991833e-01
1.282492289385095408e-02
-2.896949612824842868e-01
-1.000000000000000000e+00
1.276816486759847491e-01
1.000000000000000000e+00
-1.000000000000000000e+00
9.962189172386892722e-02
4.581854708819724231e-01
-1.000000000000000000e+00
-9.424532426752781911e-01
2.384250576744272321e-01
4.424857418713158408e-01
-1.000000000000000000e+00
4.116216290966136504e-01
-9.665282701068450555e-01
-4.696966084172354838e-01
-1.000000000000000000e+00
1.000000000000000000e+00
-1.000000000000000000e+00
1.000000000000000000e+00
-1.000000000000000000e+00
1.861266213444355833e-01
1.000000000000000000e+00
-1.302450112589300657e-01
1.000000000000000000e+00
-1.000000000000000000e+00
7.133110164905021033e-01
-3.859713759425282831e-01
-3.666275934892130328e-01
1.000000000000000000e+00
8.258472826754927887e-01
6.672301982790387331e-01
-6.363445082544938458e-03
1.000000000000000000e+00
1.000000000000000000e+00
7.589413270618927676e-02
1.000000000000000000e+00
-1.000000000000000000e+00
-6.098494638333978868e-01
4.145140257709917786e-01
-2.597299303704709850e-01
-6.154492676601445167e-01
-1.000000000000000000e+00
-8.890398718658848454e-01
-1.000000000000000000e+00
-4.452046581437230088e-02
-3.101042727664030663e-01
-9.673605737364280310e-01
-1.000000000000000000e+00
-1.000000000000000000e+00
-4.870185294377236129e-01
1.000000000000000000e+00
4.714819354012799169e-01
-5.250729783978175247e-01
1.567630267934960742e-01
7.140523974553023567e-01
-1.000000000000000000e+00
-1.020342686003309352e-01
1.000000000000000000e+00
-1.000000000000000000e+00
5.435391534898108556e-01
1.000000000000000000e+00
1.000000000000000000e+00
1.000000000000000000e+00
-9.972071230268662045e-01
1.475417836712531461e-01
-8.638764008452460841e-01
1.021774116765058471e-01
1.000000000000000000e+00
-1.000000000000000000e+00
3.312374559315489631e-01
-1.000000000000000000e+00
-9.319009812791037017e-01
9.987897165357866314e-01
6.526407855591549456e-01
-7.803963782397547178e-01
-9.768622496642173081e-01
3.949924570006380087e-01
-5.130216071192520433e-01
1.000000000000000000e+00
-4.725346952377437182e-01
-7.237226952550999126e-01
1.000000000000000000e+00
1.000000000000000000e+00
-6.179682596397456651e-01
-5.654003799534431662e-01
-1.000000000000000000e+00
-6.829769718915490451e-02
1.000000000000000000e+00
5.038439901786111452e-01
1.000000000000000000e+00
1.000000000000000000e+00
1.000000000000000000e+00
1.000000000000000000e+00
-1.000000000000000000e+00
-8.407435439850865500e-01
2.023470829687945560e-02
1.999353584406093343e-01
-3.542848867255119494e-01
-2.749430048720838404e-01
1.000000000000000000e+00
9.992594535590193505e-02
1.000000000000000000e+00
7.690040129187936113e-01
-8.631900939959364916e-01
1.000000000000000000e+00
6.456063377776719570e-01
9.461871388875078281e-01
1.000000000000000000e+00
-7.974057506501175396e-02
-1.000000000000000000e+00
-1.000000000000000000e+00
-7.889230952954355836e-01
1.000000000000000000e+00
-1.861744712955809566e-01
1.000000000000000000e+00
-3.398426962853164923e-01
1.000000000000000000e+00
-4.884329082114658993e-01
-1.000000000000000000e+00
1.000000000000000000e+00
1.000000000000000000e+00
3.262359946344428607e-02
3.969490008366720613e-01
7.454737120617447310e-01
-1.000000000000000000e+00
-1.000000000000000000e+00
-2.196796924602345547e-01
-4.992225890454282666e-01
8.147480511896496580e-01
-1.000000000000000000e+00
6.999302178595174784e-01
-3.121564275056528670e-01
-1.864311189110789968e-03
-1.000000000000000000e+00
8.007771515965844689e-01
-1.671058670969498561e-01
1.000000000000000000e+00
-9.709026171477304068e-01
-8.374278249377561933e-02
3.253234568741288912e-01
1.000000000000000000e+00
-3.119674437475628004e-02
-5.989298104218110375e-01
5.053260138563546722e-01
1.000000000000000000e+00
-1.000000000000000000e+00
1.000000000000000000e+00
1.000000000000000000e+00
1.000000000000000000e+00
-1.000000000000000000e+00
-1.000000000000000000e+00
-1.000000000000000000e+00
3.912093231062835907e-01
-1.000000000000000000e+00
-1.000000000000000000e+00
2.284664256221626277e-01
-1.000000000000000000e+00
1.000000000000000000e+00
3.797135963413081905e-01
-4.640772489234560316e-01
-1.959744298257229955e-01
-1.000000000000000000e+00
-1.000000000000000000e+00
-3.645501359069907021e-01
-7.865923807342615204e-01
1.000000000000000000e+00
1.000000000000000000e+00
7.366948190164277488e-01
6.166538814033217797e-01
-2.428802854377185572e-01
4.582848065272376870e-01
-5.744286291227416186e-01
6.552395957353764899e-01
4.245483300366337254e-02
1.000000000000000000e+00
-7.899848147776775686e-01
-1.000000000000000000e+00
1.000000000000000000e+00
-4.622743643551691095e-01
4.129967888065460557e-01
5.247601561511940904e-01
3.242418784627765227e-01
-1.000000000000000000e+00
1.000000000000000000e+00
1.355172998064118062e-01
-1.000000000000000000e+00
-1.000000000000000000e+00
1.000000000000000000e+00
1.000000000000000000e+00
-1.000000000000000000e+00
-7.923929587778737460e-01
1.000000000000000000e+00
1.000000000000000000e+00
-1.000000000000000000e+00
-5.830776378670406990e-01
-1.000000000000000000e+00
-8.570852841658804788e-01
5.672401500166920352e-01
-4.846784524301066543e-01
-6.933841543534408070e-01
1.000000000000000000e+00
3.782787439513227157e-01
-1.000000000000000000e+00
-1.260940955160008148e-01
-3.866952223814657530e-01
-1.876489837975897634e-01
-1.673613544248762075e-01
7.782820779773823583e-01
-1.000000000000000000e+00
2.257340987928890819e-02
7.125215915030593816e-01
-4.557883078854716996e-01
6.757871014412140109e-01
4.581065323305190118e-01
-2.676335786938598971e-01
-1.391055536214237387e-01
-1.000000000000000000e+00
-1.000000000000000000e+00
1.000000000000000000e+00
7.261574818164133749e-01
-1.000000000000000000e+00
4.516687171483975138e-01
-1.000000000000000000e+00
1.000000000000000000e+00
1.000000000000000000e+00
2.452708381211432531e-02
1.000000000000000000e+00
6.164169823304010976e-02
2.964712906029117745e-01
-3.732957563420395974e-01
-9.820612177703064161e-01
-6.373340698284446493e-02
1.000000000000000000e+00
1.000000000000000000e+00
-1.233204243079216722e-01
