-7.060028330244692008e-01
4.982775728177870622e-01
-3.798924194245381081e-01
-5.496277774585440756e-01
4.237858712789768223e-01
-9.259176813431455599e-01
-7.208591739622129957e-01
2.322316234219994335e-01
-1.125691504121553166e-01
-8.091065877004961493e-01
2.103709765871315529e-01
8.602259592852612435e-01
3.518968983930026440e-02
1.624937144734006633e-01
-8.037970259745959023e-01
5.901164159852412272e-01
-4.426095135158418792e-01
-3.228991869791655311e-01
4.479633037310633004e-01
-9.030751417298346073e-01
-4.681438894451328547e-01
-3.530170413111226591e-01
2.115280799383421062e-01
4.429128165988305277e-02
-2.755766637957051124e-01
-3.169713163253051746e-01
3.464925893106753918e-01
3.809923672121540150e-02
6.308640691507219067e-01
3.138744224168998898e-02
-2.231134977514137585e-01
6.908806646297791509e-01
7.836956516531046191e-03
-6.106878556010078007e-01
-5.509122619922364184e-01
-7.354026614130739770e-01
8.368364506947285619e-01
6.880285187633061739e-02
-4.072832985174683618e-01
-5.916095455029697359e-01
-4.869703767551203377e-02
2.342569029435850325e-01
-4.130505929327639159e-01
9.827138737101199784e-01
-3.251618724478440026e-01
-8.015650834059844243e-01
-8.036620310571085390e-01
-2.376385311177231507e-01
1.233334175965199453e-01
6.261839339706190000e-01
-2.587862160570668646e-01
-7.306118829502565859e-01
6.085374036169681755e-01
-9.350718466440370857e-01
-9.998851151978045415e-01
-7.680475717534258617e-01
5.133116813804752265e-01
-9.191441380253231319e-01
-1.914249360408695200e-01
4.089296149919323664e-01
-6.670861451677756460e-01
3.731159922495439485e-01
3.388393466680892363e-01
4.350455862601230184e-01
9.236357091116629281e-01
-6.492980127861640582e-01
8.417213216350636351e-01
-3.813059907760030232e-01
7.758921444524660149e-01
1.273379609050024897e-01
1.415474837864640900e-01
8.653592014740556504e-01
4.669448372901348066e-01
9.721038880636863055e-01
-8.987255963006828274e-01
-3.834109982005515782e-01
-6.433933437106531539e-01
-9.963248804315487650e-01
-6.736695707965343338e-01
-8.473902133556190375e-01
7.458036377196952671e-02
-2.182025716337099297e-01
3.965765808108514534e-01
-8.986479062108263527e-01
2.154478025627701854e-01
3.250113186247809427e-01
1.625043187635741848e-01
6.148586581977566468e-02
3.426640428185583342e-01
4.255948242171336826e-01
-8.970868282586379472e-01
-9.836896837969302254e-01
-3.320100595564490220e-02
8.856944549148184631e-01
1.500402234509143895e-01
8.651555593698669888e-01
8.192276117035843797e-01
-5.004252655091723234e-02
-6.439898364326794855e-01
4.766136777893901222e-01
-3.608098322049688722e-01
-1.520622199598251623e-01
-7.433268919477364900e-01
-1.467012582843267854e-01
7.449280552987627146e-01
-9.344967043292824460e-01
6.589305117415895641e-01
-8.732134803723843319e-01
6.715616490522300364e-01
2.957183920921386822e-01
-6.131853262758244494e-01
-2.272537843391253531e-02
-9.062686905662926673e-01
-6.049382792792079577e-01
6.420661275074470709e-01
6.642955545591697764e-01
-9.801798946065116702e-01
7.909573161075642567e-01
8.696662025553802966e-01
-7.561578344893227221e-01
-1.646762677898401250e-01
-2.636550789586777910e-02
7.787947113513071784e-02
7.790955436948616697e-01
9.015386610268452117e-01
4.985624059892930227e-01
4.313754411285191104e-01
-8.615883425920027872e-01
1.958759688692479628e-01
-4.349913376647527308e-01
9.109794294390272107e-01
6.389162241676638043e-01
-4.230278652418650864e-01
3.537515206943826485e-01
-9.687600596077694526e-02
-1.437293393466161362e-01
-1.142106798140176682e-01
-8.347035298203377973e-01
2.621709844169854975e-01
4.766208553973376727e-01
-9.409084089337249601e-02
-1.604993652955313266e-01
5.165570799907714949e-02
-2.055130617366749401e-01
-7.467741834550323254e-01
1.949052749869388812e-01
-4.735345118267484388e-01
6.664226054754758266e-01
-4.996522440066604176e-01
-8.700218163958983730e-02
-6.806485790486742626e-01
5.665128255764282361e-01
5.469766022812050377e-01
-6.476748295950907064e-01
4.143692990708613966e-01
6.794441459846656262e-01
-4.158081812170995040e-01
-3.765473619986370313e-01
-8.071330600567623303e-01
9.853814091605457293e-01
9.891432441844965062e-01
-9.401818768014877925e-01
-2.951085165059197379e-01
-2.969065479363552917e-01
1.137965379637262409e-02
-4.139638692140306109e-01
3.140457837512622419e-01
2.797024356517865407e-01
1.424024203523754917e-01
5.899429910125444376e-01
-8.564416355656647717e-01
-3.272383689690070430e-01
-7.482524369137908415e-01
9.110655156118079301e-01
-4.047107934335805179e-01
8.509176392569934855e-01
1.020213387114516923e-01
-8.476934677431389176e-01
-4.691365508835729781e-01
4.337488252971997138e-01
5.298116004932451606e-01
9.988839405819034400e-01
9.418969983179721339e-01
9.787495660832155053e-01
2.439841633188601921e-01
4.005888271427207048e-01
-3.859507418445968785e-01
7.384318453989637820e-01
5.502503119694475142e-01
-3.213270846308622364e-01
-9.865207778757989487e-03
7.409696224168447198e-01
-5.714683015460979565e-01
3.231694380606306982e-01
7.422298960716151583e-01
2.520808160833993838e-01
3.987318100712278213e-01
-4.176049055930506348e-01
-8.937065828834200865e-01
-1.516897881304399842e-01
-3.400105605954075738e-01
2.960432270732464843e-01
-1.546670766630093841e-01
6.062341491966936058e-01
-8.578007605920814349e-01
-3.026626495762501090e-01
5.716202933533875985e-01
5.852630813862802484e-02
7.874528750091966955e-01
8.038468997820178430e-01
9.351104649525749934e-01
-3.934892027420833216e-01
-4.939125058317017647e-01
-6.068994268995098196e-04
-8.056670358145614497e-01
5.234386929133139077e-02
-5.501265238511576783e-03
4.983183462087397153e-01
9.981210819169425985e-01
-6.142100996458828011e-01
2.815254411754795072e-01
6.557372351249142195e-01
4.597069892622840381e-01
2.211448613782951433e-01
9.837683971704798136e-01
2.244146626989753646e-01
1.201391407950069823e-01
8.043458241090171157e-01
4.772054543638413193e-01
4.170953195228073174e-01
-6.601927279534125503e-01
6.914987384401123371e-01
-8.886909967124794196e-01
-2.753558866206429201e-02
-1.332032683973056741e-01
2.625731581739754184e-01
9.902301701459021999e-01
-1.560431860020288219e-01
-9.155711506362171903e-01
-6.308230360628428457e-01
-5.008106582431997023e-01
3.219152482297960027e-02
5.415941405254434127e-01
9.905127311131918244e-01
9.940612732884519520e-01
-7.109178523679309247e-01
1.174761037057083790e-01
4.329539370793136221e-01
2.988143837798125091e-01
4.902940720222264126e-01
9.045156169868340257e-02
-9.844821273825112851e-01
3.802588042752552688e-02
3.031373462480355663e-01
-1.458946738257624887e-01
-5.532258900087281273e-01
8.190852541185233981e-02
4.429958526240196370e-01
9.992911169800973159e-01
7.576680415673993085e-01
-3.923650801450591086e-01
-5.029476030399866460e-01
1.376097820140433914e-01
-6.411774003874823880e-01
-7.408406514784395824e-01
