1.000000000000000000e+00
1.000000000000000000e+00
-1.000000000000000000e+00
1.000000000000000000e+00
4.494348026739081181e-01
4.914615137371791675e-02
1.000000000000000000e+00
-1.238732620239990645e-02
2.860966662649103709e-01
5.056381142999860634e-02
6.536258328771979986e-01
-1.000000000000000000e+00
1.000000000000000000e+00
-8.038537641778892295e-01
1.000000000000000000e+00
1.000000000000000000e+00
1.000000000000000000e+00
8.280070678780313553e-01
1.000000000000000000e+00
-1.975231915493996793e-01
-2.354040978373153070e-01
-3.218572716019533209e-01
-1.159949846836277193e-01
-1.000000000000000000e+00
-1.000000000000000000e+00
3.696924945736106416e-01
-1.000000000000000000e+00
1.018547388619622796e-01
1.574030723870841753e-01
-1.000000000000000000e+00
-9.202141495323458154e-01
3.594529288729850780e-01
-9.818310042555604689e-01
1.000000000000000000e+00
1.000000000000000000e+00
-1.000000000000000000e+00
-1.000000000000000000e+00
-3.947398405186397508e-01
-6.417219115099622728e-01
-1.000000000000000000e+00
1.000000000000000000e+00
-1.000000000000000000e+00
-1.068791107853314104e-01
1.000000000000000000e+00
1.000000000000000000e+00
5.868717386595669883e-01
1.000000000000000000e+00
-1.000000000000000000e+00
7.491982972110525774e-01
1.000000000000000000e+00
3.125114933868352596e-01
-6.125008644298499672e-01
1.000000000000000000e+00
1.000000000000000000e+00
2.827922568292844385e-01
1.000000000000000000e+00
-8.560422810452041897e-01
-1.000000000000000000e+00
3.919287360177102775e-01
-5.621027716031530286e-01
-5.079176922547479212e-01
-1.000000000000000000e+00
3.868574933829833640e-01
6.825478009309102756e-01
1.000000000000000000e+00
1.000000000000000000e+00
1.000000000000000000e+00
9.134965783070323475e-01
1.000000000000000000e+00
1.000000000000000000e+00
1.000000000000000000e+00
4.923722502483609542e-01
-6.033404447062351572e-01
-1.000000000000000000e+00
-6.544175092884161327e-01
1.119578907290884884e-01
-1.000000000000000000e+00
-5.696742578340536767e-01
1.051947367723417570e-01
8.876208939786026653e-01
-1.099910175578031613e-01
-9.074174154061054320e-02
1.000000000000000000e+00
9.449806028465215224e-01
-1.000000000000000000e+00
1.000000000000000000e+00
9.220838868827683221e-01
1.000000000000000000e+00
-1.000000000000000000e+00
-5.781621646553830596e-01
-4.225826472538580791e-01
6.339322558458123646e-01
1.000000000000000000e+00
-1.000000000000000000e+00
1.000000000000000000e+00
9.201237004743817449e-01
-3.032248429299051473e-01
-1.000000000000000000e+00
-2.565126800065142820e-02
1.634113342444112882e-01
-1.000000000000000000e+00
3.531412215300150370e-01
8.135977704192471904e-01
-2.998846841862808921e-01
-3.225694218396517043e-01
-1.000000000000000000e+00
-1.000000000000000000e+00
-1.000000000000000000e+00
-8.521217192161979481e-01
-2.596745165212437367e-01
4.981699482684278646e-01
4.152318988565917302e-01
-1.000000000000000000e+00
1.108025829570532528e-01
-1.000000000000000000e+00
-7.359780593174333196e-01
-7.691589134934774252e-01
7.048668652008183155e-02
-5.195709948032387615e-01
4.875386198751274769e-01
1.000000000000000000e+00
9.561117152435618660e-01
5.360262095602410515e-01
1.000000000000000000e+00
4.973550637145047748e-01
-1.000000000000000000e+00
1.000000000000000000e+00
1.000000000000000000e+00
-6.252282860245992335e-01
-1.417285401559930658e-01
1.000000000000000000e+00
6.750707547656066287e-01
5.643806534358724036e-01
1.870271808345735920e-01
8.676223751494416270e-02
1.000000000000000000e+00
-1.000000000000000000e+00
1.000000000000000000e+00
-1.000000000000000000e+00
-1.000000000000000000e+00
3.094076268477473080e-01
-7.534234279417766356e-01
6.794032173692691190e-01
8.131005198492234909e-01
4.229726056846513371e-01
-1.000000000000000000e+00
1.000000000000000000e+00
-1.000000000000000000e+00
-6.704757934328768876e-01
4.719940615945810714e-01
1.000000000000000000e+00
-5.492049142504050740e-01
-9.014757689286112541e-01
1.000000000000000000e+00
5.705610787365056336e-01
1.000000000000000000e+00
-8.348787365381616921e-01
1.000000000000000000e+00
7.368545933091985578e-01
1.000000000000000000e+00
-8.222017039928376514e-01
6.327525101667512697e-01
-9.092072093064995641e-02
-1.000000000000000000e+00
-1.000000000000000000e+00
-1.000000000000000000e+00
1.000000000000000000e+00
1.894303297150154997e-01
6.591377614148219433e-01
1.000000000000000000e+00
7.074850494521571775e-01
1.000000000000000000e+00
-1.000000000000000000e+00
1.000000000000000000e+00
-5.563421092152909253e-02
-3.669330730505393490e-01
1.000000000000000000e+00
1.000000000000000000e+00
-1.000000000000000000e+00
6.337363101646278363e-01
1.000000000000000000e+00
1.000000000000000000e+00
1.000000000000000000e+00
-6.423813849443282820e-02
-7.340471837950399703e-01
7.301529593575101229e-02
-1.000000000000000000e+00
-1.000000000000000000e+00
1.000000000000000000e+00
1.925353183270486213e-01
9.548604844670871561e-01
-1.000000000000000000e+00
1.000000000000000000e+00
6.172777269447329296e-01
5.451542602191021825e-01
-1.000000000000000000e+00
-1.000000000000000000e+00
1.546473927077967048e-01
-1.000000000000000000e+00
1.000000000000000000e+00
-1.000000000000000000e+00
1.000000000000000000e+00
-1.000000000000000000e+00
-1.000000000000000000e+00
4.818497547344420262e-01
7.794771226680625720e-01
-1.000000000000000000e+00
-1.000000000000000000e+00
-7.779428350815670301e-01
5.241368375926578338e-01
-2.849186169413158720e-01
-9.451935798638870789e-01
-1.000000000000000000e+00
1.000000000000000000e+00
-1.000000000000000000e+00
-8.843562485773337478e-01
-5.211667244486188899e-01
6.685051772479462251e-01
-3.352070580535575495e-01
1.000000000000000000e+00
-1.000000000000000000e+00
-1.000000000000000000e+00
-1.000000000000000000e+00
-3.858594860860620201e-02
-1.737955480359933969e-01
-1.000000000000000000e+00
-3.957082608978121918e-01
-1.000000000000000000e+00
1.000000000000000000e+00
4.530504492303735198e-01
-5.912355133107007887e-01
-1.000000000000000000e+00
1.000000000000000000e+00
-1.000000000000000000e+00
1.000000000000000000e+00
-8.609533891306375697e-01
6.784117402312161982e-02
-3.235802139503167751e-01
8.857498622456638770e-01
-9.457990495538237674e-02
-1.000000000000000000e+00
9.783123121139275513e-01
3.222579434369458595e-01
1.000000000000000000e+00
-1.000000000000000000e+00
-8.536456478811915716e-01
-1.000000000000000000e+00
9.128076955783688273e-01
-1.000000000000000000e+00
-1.000000000000000000e+00
1.000000000000000000e+00
1.000000000000000000e+00
-2.838175013276662551e-01
1.000000000000000000e+00
4.997432899672609175e-01
1.000000000000000000e+00
1.000000000000000000e+00
2.418250797954771547e-01
-1.000000000000000000e+00
-9.363639987881965387e-01
4.656186607742766048e-01
7.881601343993223097e-01
9.725620786902173798e-01
6.593448875448228996e-01
1.000000000000000000e+00
