-1.000000000000000000e+00
1.000000000000000000e+00
1.000000000000000000e+00
3.171018420865631127e-01
-1.000000000000000000e+00
4.660927307148424736e-01
-1.000000000000000000e+00
-1.000000000000000000e+00
-1.000000000000000000e+00
1.000000000000000000e+00
-1.000000000000000000e+00
-4.097956163691452436e-01
-6.570160458328802022e-01
9.619393691171529426e-01
1.000000000000000000e+00
-1.000000000000000000e+00
-9.551114185644400401e-01
9.732340568566075767e-01
-6.258466693096153000e-01
-5.539441743393109796e-01
5.945921115654497768e-01
-1.000000000000000000e+00
-6.864170249501548859e-01
-1.000000000000000000e+00
-2.540238571352088082e-01
-1.000000000000000000e+00
4.044355405684721405e-01
-1.000000000000000000e+00
-1.000000000000000000e+00
4.654737414132941176e-01
1.000000000000000000e+00
1.000000000000000000e+00
-1.000000000000000000e+00
1.000000000000000000e+00
-1.113650028992446694e-01
-1.000000000000000000e+00
1.000000000000000000e+00
-9.542457516750098012e-01
-1.000000000000000000e+00
1.000000000000000000e+00
1.000000000000000000e+00
-1.000000000000000000e+00
1.000000000000000000e+00
-1.000000000000000000e+00
1.000000000000000000e+00
1.000000000000000000e+00
7.018962493560737537e-01
-1.000000000000000000e+00
1.000000000000000000e+00
-2.951559878773707957e-01
1.000000000000000000e+00
-6.834794969627395744e-01
1.000000000000000000e+00
5.641267837863981338e-01
-5.157328171768174041e-01
2.714717462477853060e-01
7.902854904969518479e-01
1.000000000000000000e+00
2.034445082610230049e-01
1.000000000000000000e+00
1.343769533544663108e-01
-1.000000000000000000e+00
-1.000000000000000000e+00
1.000000000000000000e+00
-8.510629738352487594e-01
1.000000000000000000e+00
-8.941416037615897983e-01
-1.000000000000000000e+00
-4.487037090070124523e-01
6.429565071463626547e-01
-6.690585726865644345e-01
3.830302365668447617e-01
-1.000000000000000000e+00
-7.581672008426283416e-01
-1.000000000000000000e+00
-1.000000000000000000e+00
1.000000000000000000e+00
1.000000000000000000e+00
3.282969295500124396e-01
-1.000000000000000000e+00
-1.000000000000000000e+00
4.328646540160473455e-01
-1.000000000000000000e+00
1.000000000000000000e+00
1.000000000000000000e+00
-6.973169066224704782e-01
1.000000000000000000e+00
8.589652361371641343e-01
-9.146965287642024878e-01
-1.000000000000000000e+00
-1.269334114632110488e-01
1.000000000000000000e+00
-1.000000000000000000e+00
-4.990388869812921735e-01
-9.634796022004927796e-01
-1.000000000000000000e+00
-1.000000000000000000e+00
-6.738641618897152075e-01
-1.000000000000000000e+00
-3.477489033102402205e-01
6.028637360580932913e-01
8.296135362610812525e-02
1.000000000000000000e+00
1.000000000000000000e+00
1.000000000000000000e+00
1.000000000000000000e+00
1.000000000000000000e+00
-1.000000000000000000e+00
-1.000000000000000000e+00
-1.000000000000000000e+00
1.000000000000000000e+00
-1.000000000000000000e+00
-1.000000000000000000e+00
1.000000000000000000e+00
-4.760405363379698052e-02
1.000000000000000000e+00
-1.000000000000000000e+00
-1.000000000000000000e+00
7.826744346403993191e-01
1.000000000000000000e+00
-1.000000000000000000e+00
1.000000000000000000e+00
1.000000000000000000e+00
-1.000000000000000000e+00
1.000000000000000000e+00
-1.000000000000000000e+00
1.689671317868992051e-01
1.000000000000000000e+00
7.702471024689068191e-01
-1.000000000000000000e+00
-7.361940270747489024e-01
1.391397360711232878e-01
-4.267016934843457232e-01
-2.457444024639819924e-01
-1.000000000000000000e+00
1.000000000000000000e+00
-1.000000000000000000e+00
6.341112074834018841e-01
1.000000000000000000e+00
9.904552435859945714e-01
-1.000000000000000000e+00
9.315203863117609284e-01
1.000000000000000000e+00
1.000000000000000000e+00
2.501442121883105107e-01
8.064860531295906521e-01
1.000000000000000000e+00
-1.000000000000000000e+00
-1.000000000000000000e+00
1.000000000000000000e+00
-4.105566011412558058e-01
-1.000000000000000000e+00
1.172644701095910680e-01
-8.692255710597889262e-01
1.000000000000000000e+00
6.216622653016166122e-01
-8.517498535462993958e-01
1.000000000000000000e+00
-1.000000000000000000e+00
-1.000000000000000000e+00
-1.000000000000000000e+00
-7.182299499964857059e-01
-1.000000000000000000e+00
-4.062407291899368111e-01
-2.423410991315332885e-01
-1.613867968036797329e-01
1.000000000000000000e+00
-1.000000000000000000e+00
-1.000000000000000000e+00
-1.442100125807869171e-01
1.000000000000000000e+00
-1.000000000000000000e+00
1.000000000000000000e+00
1.000000000000000000e+00
-1.968523633429186681e-02
7.914837086401694810e-01
1.000000000000000000e+00
1.000000000000000000e+00
-1.000000000000000000e+00
1.000000000000000000e+00
-2.217547554155618883e-01
4.645550753292246871e-01
6.403103350508541070e-01
-1.517691026512646146e-01
-5.431537479225931886e-01
-1.000000000000000000e+00
1.000000000000000000e+00
1.000000000000000000e+00
1.000000000000000000e+00
7.781831519943351871e-01
-1.576394897207757939e-01
-5.167067165391030503e-01
-8.732213994189069739e-01
9.247787829525135894e-01
-1.000000000000000000e+00
8.988310470797777896e-01
1.000000000000000000e+00
-1.000000000000000000e+00
1.000000000000000000e+00
-8.528951224998451153e-01
1.000000000000000000e+00
-4.456871846954324479e-01
-1.000000000000000000e+00
-1.000000000000000000e+00
6.027964578410527352e-02
-4.035541207876025549e-02
-1.000000000000000000e+00
1.000000000000000000e+00
1.000000000000000000e+00
-9.354576195001608196e-01
-1.000000000000000000e+00
-1.000000000000000000e+00
1.000000000000000000e+00
1.000000000000000000e+00
1.000000000000000000e+00
1.000000000000000000e+00
-1.000000000000000000e+00
3.201673366614216087e-02
1.000000000000000000e+00
5.618047856125274464e-01
1.000000000000000000e+00
1.000000000000000000e+00
1.000000000000000000e+00
1.000000000000000000e+00
-1.000000000000000000e+00
1.000000000000000000e+00
6.538295949097128190e-01
1.000000000000000000e+00
-1.000000000000000000e+00
6.652713374171553840e-01
8.092178878668696562e-01
7.303837322663020437e-01
2.638930759692863504e-01
1.000000000000000000e+00
-1.000000000000000000e+00
-1.692771774665615681e-01
1.000000000000000000e+00
1.000000000000000000e+00
-2.291564534283351551e-01
-5.865612058386662220e-01
1.000000000000000000e+00
1.000000000000000000e+00
1.000000000000000000e+00
-1.000000000000000000e+00
-8.210135232256530191e-01
-1.000000000000000000e+00
1.000000000000000000e+00
1.000000000000000000e+00
1.000000000000000000e+00
2.060068475610268290e-01
-1.000000000000000000e+00
3.566647491458803110e-01
-1.000000000000000000e+00
-9.040031629252850420e-01
-7.589485930884947162e-01
9.474140969480332464e-01
-1.000000000000000000e+00
-4.039751115378076296e-03
-1.000000000000000000e+00
8.062669570485361814e-02
-1.000000000000000000e+00
1.000000000000000000e+00
-1.000000000000000000e+00
1.000000000000000000e+00
-1.000000000000000000e+00
