1.000000000000000000e+00
1.000000000000000000e+00
-1.000000000000000000e+00
3.527048165727283413e-01
1.000000000000000000e+00
1.000000000000000000e+00
-1.000000000000000000e+00
-1.000000000000000000e+00
5.323905525876561073e-01
-3.888780726626639428e-01
1.000000000000000000e+00
-1.000000000000000000e+00
-1.991664182349716095e-01
5.092035967470298630e-01
1.000000000000000000e+00
1.000000000000000000e+00
-7.898896488786188996e-01
6.733835534879348828e-01
1.000000000000000000e+00
8.163076421406809668e-01
1.000000000000000000e+00
-1.000000000000000000e+00
-6.955741097456978883e-01
-1.000000000000000000e+00
1.000000000000000000e+00
-1.000000000000000000e+00
6.483956676573922051e-01
1.000000000000000000e+00
-1.428429119400187464e-01
1.366573274244405889e-01
-1.586920463256962233e-01
4.358502270388571187e-01
-4.464188521778738039e-01
-1.000000000000000000e+00
-1.000000000000000000e+00
2.233462825959607878e-01
1.000000000000000000e+00
-1.000000000000000000e+00
-1.000000000000000000e+00
1.000000000000000000e+00
1.000000000000000000e+00
-1.000000000000000000e+00
1.000000000000000000e+00
9.121974706259540211e-01
-1.037214990593042785e-01
1.000000000000000000e+00
7.885986845444190596e-01
3.304052286779113334e-02
-1.000000000000000000e+00
1.000000000000000000e+00
-5.558869164005639796e-01
2.027784915490995488e-01
7.311691321705049429e-01
-1.000000000000000000e+00
5.464308647341631353e-01
-1.000000000000000000e+00
9.045094930568184921e-01
1.203528427271814139e-01
8.286396698359417279e-01
-5.549694966732390267e-01
-6.121161950776417005e-01
-9.022538809554587758e-01
7.438893617872637254e-01
-1.000000000000000000e+00
-4.606332643556168005e-01
1.000000000000000000e+00
4.546554835402887296e-01
1.740624364645477762e-01
1.000000000000000000e+00
-1.000000000000000000e+00
-4.367191532685108513e-01
9.026501262610847620e-02
2.467764732446175446e-01
-1.000000000000000000e+00
-1.000000000000000000e+00
1.000000000000000000e+00
-1.255657848566673618e-01
5.094062996342372251e-01
1.000000000000000000e+00
-1.000000000000000000e+00
1.000000000000000000e+00
-1.920953740100753704e-01
-1.000000000000000000e+00
-1.015758715484924579e-01
8.424392494123451591e-01
1.000000000000000000e+00
-3.566605408118802556e-01
-1.000000000000000000e+00
8.033168582615413111e-01
1.000000000000000000e+00
5.556768170494670311e-01
-1.000000000000000000e+00
-1.000000000000000000e+00
-1.000000000000000000e+00
1.000000000000000000e+00
-1.000000000000000000e+00
-5.073019307329553751e-01
-1.000000000000000000e+00
-4.254960311833619890e-01
-7.740994022262939200e-01
1.000000000000000000e+00
3.719808457962048287e-02
1.000000000000000000e+00
7.477922276053786677e-01
-6.230519192441075216e-01
-9.681730692972261298e-01
1.000000000000000000e+00
-1.000000000000000000e+00
5.889540902873647843e-01
-8.801605464339068430e-01
2.129912114326261152e-01
-4.892230435028044333e-01
1.000000000000000000e+00
-1.126007383985659915e-01
-8.043225296810841973e-01
-1.000000000000000000e+00
4.204790149631618679e-01
-1.000000000000000000e+00
-6.920470203196317227e-01
-1.000000000000000000e+00
1.000000000000000000e+00
-2.474810344051923405e-01
-1.000000000000000000e+00
-2.793492614603311219e-01
1.000000000000000000e+00
5.444468377624063216e-01
2.506784925803684505e-01
-6.851877515173145916e-01
-9.723118323661681384e-01
-1.000000000000000000e+00
-1.000000000000000000e+00
1.000000000000000000e+00
1.000000000000000000e+00
1.000000000000000000e+00
-9.082374233421075527e-02
-1.000000000000000000e+00
4.877204637874699156e-02
1.000000000000000000e+00
1.000000000000000000e+00
-1.000000000000000000e+00
-3.643077921276870468e-01
-1.000000000000000000e+00
1.000000000000000000e+00
1.000000000000000000e+00
2.127038341990930004e-01
-2.434587495881215813e-01
1.840209334660418694e-01
-3.420826755047393641e-01
-1.000000000000000000e+00
8.596687574463560688e-01
1.000000000000000000e+00
2.545215462089154279e-01
-1.000000000000000000e+00
1.000000000000000000e+00
6.101820732741289888e-01
-4.943740949807808871e-01
-2.878282091738920689e-01
1.000000000000000000e+00
1.000000000000000000e+00
1.000000000000000000e+00
1.516640545302079257e-01
1.000000000000000000e+00
1.000000000000000000e+00
-1.000000000000000000e+00
1.000000000000000000e+00
-7.446344305436156663e-01
1.000000000000000000e+00
1.000000000000000000e+00
-4.959523266426955623e-01
-1.000000000000000000e+00
1.000000000000000000e+00
-1.000000000000000000e+00
-1.926654516308085596e-01
7.614492080455417256e-01
-5.752405802865734330e-04
-1.000000000000000000e+00
1.000000000000000000e+00
-1.000000000000000000e+00
-1.000000000000000000e+00
5.699180742734306637e-01
4.616119785443218992e-01
-7.794577269440003953e-01
5.276514832324862292e-01
-8.614531259295071797e-01
-1.000000000000000000e+00
1.000000000000000000e+00
-1.000000000000000000e+00
-8.841825108239844688e-01
1.000000000000000000e+00
-1.000000000000000000e+00
1.946366372035874814e-01
5.496352294574414765e-01
-9.493795809535887642e-01
-1.550111165518368583e-01
-7.696157348636284423e-01
1.000000000000000000e+00
3.651442219610114281e-01
9.936682020734987075e-01
1.000000000000000000e+00
1.000000000000000000e+00
1.000000000000000000e+00
-2.231650943677154775e-02
1.000000000000000000e+00
-1.000000000000000000e+00
-1.517902008775243727e-01
1.247470393676287648e-01
-4.450004485633199391e-01
-2.902618845009370396e-01
-1.000000000000000000e+00
6.442457138203458999e-01
1.000000000000000000e+00
1.000000000000000000e+00
2.599699153896715687e-01
7.943111142895785681e-01
-1.000000000000000000e+00
5.110240085521670084e-01
1.000000000000000000e+00
-4.393076104890824007e-01
7.033957110025148562e-01
-4.296257249498967035e-01
-1.000000000000000000e+00
-6.568190961137529982e-01
-1.000000000000000000e+00
4.748693582658403134e-01
6.623358796936981152e-01
-1.000000000000000000e+00
3.307063733692158780e-01
-2.046855381185106459e-01
8.565241190751282652e-02
2.934672376286707185e-01
1.000000000000000000e+00
1.000000000000000000e+00
-1.000000000000000000e+00
-1.000000000000000000e+00
-1.000000000000000000e+00
-1.000000000000000000e+00
-1.000000000000000000e+00
-1.000000000000000000e+00
1.000000000000000000e+00
-1.000000000000000000e+00
9.006868035549022711e-01
-1.000000000000000000e+00
1.000000000000000000e+00
1.000000000000000000e+00
-6.731327425663752306e-01
-1.000000000000000000e+00
-1.000000000000000000e+00
1.000000000000000000e+00
8.314405959940863733e-01
-2.491334295723454106e-01
1.000000000000000000e+00
-1.000000000000000000e+00
-5.119838563779597340e-01
4.900966913340655262e-01
6.527769992678926769e-01
-1.000000000000000000e+00
-6.091931757181068274e-02
9.393165425067684371e-02
-1.000000000000000000e+00
-1.000000000000000000e+00
1.000000000000000000e+00
1.000000000000000000e+00
7.990678164032016806e-01
1.000000000000000000e+00
1.000000000000000000e+00
