4.217625707013039627e-01
2.334330909270283527e-01
-6.942398374819318541e-01
4.535201042056153931e-01
-6.570075226769551691e-01
1.269312031091387460e-01
3.367135756986032735e-01
6.204268771269023652e-01
-7.589546729122544910e-01
-8.819611686256765282e-01
-1.884244675609700881e-01
5.478087925507695299e-01
-1.724667542815185861e-01
-4.988733575594757053e-01
-2.319844846087764090e-01
9.789745296094463090e-01
7.627806827453769145e-01
2.951744252459567175e-01
-6.303760200057877405e-01
-4.777531609608189900e-01
1.668162872156209176e-01
5.582168453825850918e-01
2.124947070642411173e-01
5.774424671666433806e-01
-6.521397876439887220e-01
-8.636863816732371912e-01
-1.695724980278470184e-01
-5.367662054645385705e-01
-2.129091019709894450e-01
-6.297641813898509078e-01
-4.941707684710345827e-01
1.431830556909330365e-01
-7.563888727584062721e-01
6.226924441423897782e-01
-3.754243684830520511e-01
2.739076771506983032e-01
-8.834556361549736891e-01
-9.192172485995757647e-01
6.205100567955552648e-01
-2.684300211619334853e-01
-6.407149079340275222e-01
7.604606752709568429e-01
5.901520638458479517e-01
8.039144755441089973e-01
-7.269652737219802763e-01
-2.226240993956998260e-01
-9.704723646722768216e-02
4.660449376924193921e-01
-2.501323390493854770e-01
-8.734697062305629700e-01
9.645907790076984067e-01
1.629541814725070648e-01
2.348123952528529124e-01
-1.743457984110456938e-01
7.511089234702379436e-01
-3.827899183921332771e-01
9.442379382844650060e-01
-7.319883163303813056e-01
-6.588343487008072596e-01
7.731888941338307397e-01
-2.897543204658425964e-02
1.132612841864362174e-01
-6.448718291466573049e-01
5.476429409845890994e-01
5.328383042236786160e-01
7.923626877139715585e-01
7.681147008814537269e-01
3.513337164091938636e-01
-1.291675569112176181e-01
5.736567680753879017e-01
-6.851848012869594662e-01
2.599885868796605326e-01
1.812102561152071356e-01
-5.128895888389231050e-01
6.609862426859869355e-01
-9.815650394519637167e-02
-6.909664147643814758e-01
2.218710795325240515e-01
-5.401687906447993903e-02
1.850610733769471050e-01
-1.918290598408733949e-01
-1.202660113186215796e-02
-5.452124305060523923e-02
-9.292789911145069581e-01
3.694910244434881363e-01
2.607823266192115241e-01
-9.201768232754343746e-01
1.867243198607124732e-01
-3.714562569777890566e-01
9.336862804980678998e-01
1.028229513972835907e-01
-7.156859375127362366e-01
6.919507331432033226e-01
9.882416170421421953e-01
6.902881643426468372e-01
-9.012032260566058550e-01
-1.584810651354449096e-01
-9.436527603164952538e-01
2.905444509172596668e-01
3.790985585473793940e-02
9.435957314788208095e-01
-6.319619819967112750e-01
-5.444446867890238018e-01
-9.254180909744287309e-01
8.502287784686919370e-01
4.909735184762298310e-02
-7.099263377470323988e-01
-5.871269537767898061e-01
-8.330596900344278133e-02
-1.675291069513269449e-01
3.448928864828579854e-01
-1.239604754647940510e-01
8.959264149837311564e-01
-2.280561771762967815e-01
-4.734225340295636908e-01
9.797748800489991527e-01
-6.829337785535685157e-01
-8.763075602794119234e-01
-1.168786717814327414e-01
7.497249264455787543e-01
-8.527440864530737574e-01
4.129125880220656519e-01
4.268932814806047915e-02
1.676079386390290082e-01
6.475645463724126749e-01
-1.399411788467275208e-01
-5.646524646135264724e-02
4.485033772962896403e-01
8.695653286084232825e-01
5.796787844228943332e-01
7.492462113572373461e-02
-9.550508133282840095e-01
-8.506050573648649138e-01
-1.448427874746684996e-01
5.136732791876927884e-01
3.368924907471486652e-01
2.817695384554579352e-01
-3.859471085698968906e-01
-7.199849786639889171e-01
9.240514162230331063e-01
5.993036111168787983e-01
7.530067312995782913e-01
5.450548380334268028e-01
-1.130943889231914579e-01
2.225236709790645584e-01
9.285515477973860232e-01
-1.462764027458707261e-02
6.571093144412842868e-01
-7.987412353470753068e-01
1.096014280575989819e-01
-9.980029385989677149e-01
3.087176415010084440e-02
-5.162894238667261604e-01
-8.021309385859414220e-01
-5.227529494120406461e-01
7.541431809833938349e-01
-6.599214637690697938e-01
-1.149634262599388279e-01
3.014734431653143254e-01
-3.565217473677464444e-01
4.116849235289179454e-01
-1.597482927110533968e-01
1.773417711191809243e-01
6.141657330654670677e-01
1.804456074438931523e-02
9.479940057271840637e-01
-2.530747805724649080e-01
-2.848392495919234157e-01
9.456420989629021889e-02
9.202082054136717648e-01
-7.723052718381968607e-01
-4.644526153718671058e-01
1.258122946540429776e-01
-5.784997504039957050e-02
-5.254504460094044926e-01
9.621829895066682514e-01
9.534873796366740706e-01
4.617440183629106798e-01
6.115577821829170091e-01
-7.411697712726761367e-01
1.442308075972960069e-01
-3.325290768495543503e-01
-6.673909011082430620e-01
-6.028708954445927137e-01
-5.065219214203560139e-01
-5.655694584752046783e-01
1.884810266975980309e-01
-7.757986705364992019e-01
-2.539757511886060470e-01
5.619139913279804777e-01
-9.238683743352626987e-01
1.569213498300063847e-01
-7.544610483228890718e-01
1.125498684677559424e-01
1.361596884905773575e-01
9.280041243846601784e-01
8.235546958030297571e-01
1.234638030233428108e-01
-8.746802527013710638e-01
-2.918838022218843697e-01
4.788150434231479569e-01
4.144899190241273512e-01
-5.907144471945275921e-01
-6.383854775743991183e-02
-8.965825552611219607e-01
-6.359446402964010758e-01
2.739537937395319922e-02
-8.650884289335618593e-01
2.647677995824906372e-01
-7.142996038653977031e-01
-2.261878926152796065e-01
-8.663778339699561570e-01
3.390866647694590341e-01
-9.628211356394915654e-01
-1.856940715050703350e-01
6.066481684879792002e-01
7.839573606999199473e-01
5.247189906666063219e-01
-6.994850317797409733e-01
6.196241824012644894e-01
-8.147529005053253393e-01
-5.943906590612906271e-01
9.314804472423794390e-01
8.104297659280734756e-01
8.322077839661405907e-01
-3.547439723705752002e-01
6.576161065095540437e-01
-8.803828114129019777e-01
-7.184332976752336730e-01
7.376714479589723261e-01
-4.275958889639619454e-01
7.291440536230737735e-01
-3.038284190939155582e-01
7.195741512436542031e-01
4.592955323941956269e-01
-9.454871061544933841e-01
-6.222304033056251793e-01
8.058734723210547735e-02
9.056057562530608340e-01
-8.854506814239611057e-01
7.326907849799462191e-01
-8.145831107570307150e-01
3.746902165013188402e-02
8.815488908834858695e-01
1.298115262032368822e-01
-6.214683640551059707e-01
5.820976935777213424e-01
-1.364600505432880251e-01
-5.237634169738338841e-01
-7.838255776849336609e-01
-7.164987693737443486e-01
4.442917509525752262e-01
1.619001126638859311e-01
2.818597622754839271e-01
-8.568815130114439960e-01
-6.459089917170357520e-01
6.246626815989586579e-01
2.267706744394022422e-01
6.209639145130623206e-01
1.407346825144435432e-01
1.421317346224324485e-01
-4.404062522530602930e-01
-2.178280110024370941e-01
-5.118840818271825910e-01
-1.173713525480768460e-01
