1.000000000000000000e+00
8.363198896143382299e-01
-1.000000000000000000e+00
1.000000000000000000e+00
-1.707983519578174791e-01
-1.000000000000000000e+00
-1.000000000000000000e+00
-4.830972460654465728e-01
1.000000000000000000e+00
1.029455863536244964e-01
2.914269007023599922e-01
-6.122136097810838562e-01
-3.802523502001715627e-01
-5.816541493831883791e-01
7.116664297038489684e-01
1.000000000000000000e+00
1.000000000000000000e+00
-1.000000000000000000e+00
-1.000000000000000000e+00
-5.384051690274915813e-02
1.000000000000000000e+00
1.000000000000000000e+00
6.205173624235138519e-02
3.173878607602497182e-01
-1.000000000000000000e+00
5.050777835621410583e-01
-1.000000000000000000e+00
3.614807242595379222e-01
1.965834648980633870e-01
-7.495045862070777165e-01
9.548861267875894399e-01
-1.000000000000000000e+00
-5.514023742706247733e-01
1.000000000000000000e+00
-6.055364169411683317e-01
1.000000000000000000e+00
1.000000000000000000e+00
-1.000000000000000000e+00
-1.000000000000000000e+00
-5.819938756887900189e-01
1.000000000000000000e+00
4.808863149873116583e-01
1.000000000000000000e+00
1.000000000000000000e+00
7.711797164135705263e-01
-1.000000000000000000e+00
4.077009641773910453e-01
-1.000000000000000000e+00
-1.000000000000000000e+00
1.000000000000000000e+00
-5.995635358019218986e-02
1.000000000000000000e+00
-8.065490765233234161e-01
-1.000000000000000000e+00
-9.653949800194920883e-01
1.000000000000000000e+00
2.056955073431721015e-01
-1.000000000000000000e+00
-1.570399976474029513e-01
-1.000000000000000000e+00
8.179045985114745676e-01
1.000000000000000000e+00
-1.000000000000000000e+00
-1.883903253687453649e-01
1.000000000000000000e+00
-1.000000000000000000e+00
-7.243252292345644383e-01
1.000000000000000000e+00
-1.000000000000000000e+00
5.087679781843461591e-01
5.897058409312827543e-02
1.061583751291694799e-01
-1.000000000000000000e+00
9.311667594747949916e-01
-1.000000000000000000e+00
-1.000000000000000000e+00
1.000000000000000000e+00
-3.404953940178202521e-01
-5.933411096202734214e-02
-1.405468002673027073e-01
-1.000000000000000000e+00
7.395612885792113289e-01
2.205763918343290331e-01
-7.878440872273810847e-01
-1.000000000000000000e+00
-4.747212683557340829e-01
1.000000000000000000e+00
1.000000000000000000e+00
8.565479492169656428e-01
-4.983911424269789059e-01
1.000000000000000000e+00
6.503805874558197253e-01
1.000000000000000000e+00
5.435502934585716428e-01
2.031309616585215139e-01
1.000000000000000000e+00
-1.000000000000000000e+00
-1.000000000000000000e+00
-9.564454313399959329e-01
1.000000000000000000e+00
-1.000000000000000000e+00
1.000000000000000000e+00
-1.000000000000000000e+00
1.000000000000000000e+00
2.800321439962080716e-02
9.790645071007265665e-01
2.331990212976509103e-02
-4.709130886152188000e-01
-5.934550262459581393e-01
2.152003073810278555e-01
-7.249529449544949156e-01
-1.000000000000000000e+00
1.000000000000000000e+00
1.000000000000000000e+00
1.000000000000000000e+00
1.000000000000000000e+00
-3.644499064373263320e-01
5.956429529338621576e-01
-1.000000000000000000e+00
-7.011468725258123147e-01
1.000000000000000000e+00
1.000000000000000000e+00
-1.000000000000000000e+00
2.860754624964401138e-02
1.000000000000000000e+00
-6.738203355816542173e-01
-8.987441106664291190e-01
-9.629710947445524472e-01
-1.000000000000000000e+00
7.542523199448983862e-01
1.000000000000000000e+00
-1.000000000000000000e+00
-1.000000000000000000e+00
1.000000000000000000e+00
-7.164299343098057271e-02
2.080164707927394940e-01
-1.000000000000000000e+00
-1.000000000000000000e+00
2.819568634894118464e-01
-1.000000000000000000e+00
3.268728750403633310e-01
6.411629620192982326e-02
-1.000000000000000000e+00
-1.000000000000000000e+00
-1.000000000000000000e+00
9.474074513262650266e-01
-6.579946825305926783e-02
-1.000000000000000000e+00
-1.000000000000000000e+00
-1.000000000000000000e+00
1.000000000000000000e+00
1.000000000000000000e+00
1.000000000000000000e+00
-1.000000000000000000e+00
-9.608864065656593789e-01
-5.838322356763187004e-02
8.713994853921900319e-01
2.225426336747651224e-01
-1.000000000000000000e+00
1.000000000000000000e+00
-1.000000000000000000e+00
-8.624690538291798214e-01
-6.615738744489821910e-01
-1.000000000000000000e+00
1.583499549091315073e-01
1.693739968115512973e-01
-1.000000000000000000e+00
1.000000000000000000e+00
-9.398492952964443425e-02
-1.000000000000000000e+00
-3.387749635334679210e-01
-5.789088550397016864e-01
-3.561848160021581222e-01
-4.350714179139302251e-01
1.000000000000000000e+00
-1.000000000000000000e+00
-1.000000000000000000e+00
4.335660355258877940e-01
-1.000000000000000000e+00
3.024601539279493378e-01
8.539407383309878252e-01
3.350967925213849119e-01
1.000000000000000000e+00
-4.586659460540669642e-01
1.000000000000000000e+00
-1.000000000000000000e+00
-3.255805029737517398e-01
1.000000000000000000e+00
-1.000000000000000000e+00
1.686208445043496373e-01
-1.000000000000000000e+00
1.000000000000000000e+00
1.000000000000000000e+00
-1.000000000000000000e+00
1.000000000000000000e+00
-1.000000000000000000e+00
1.000000000000000000e+00
-1.000000000000000000e+00
-1.000000000000000000e+00
1.000000000000000000e+00
2.690251193193216039e-02
-1.000000000000000000e+00
-5.735630710570578383e-01
-1.000000000000000000e+00
2.817431025612442408e-01
1.000000000000000000e+00
1.000000000000000000e+00
5.283704309678471933e-01
1.000000000000000000e+00
8.130665235782470468e-01
1.142757086213571846e-02
-4.119542110430534088e-01
-1.000000000000000000e+00
-5.328507507938720078e-01
1.000000000000000000e+00
4.410896019290487802e-01
-5.619567062154602333e-01
-6.064610180602454381e-01
1.000000000000000000e+00
-1.759239432784632795e-01
-1.000000000000000000e+00
2.835851191333152443e-01
-1.000000000000000000e+00
2.482387253834350549e-01
8.549949845773943125e-01
-1.000000000000000000e+00
-2.047561948242778707e-01
1.000000000000000000e+00
2.601982520333678828e-01
-1.240368452855180603e-01
3.795913565575181892e-02
-2.677801814228466526e-01
1.000000000000000000e+00
4.802815490904183138e-01
-1.000000000000000000e+00
-1.000000000000000000e+00
9.142353255547850388e-01
1.000000000000000000e+00
6.409047157099734271e-02
1.000000000000000000e+00
1.000000000000000000e+00
-2.634252543690074333e-01
-1.000000000000000000e+00
1.000000000000000000e+00
2.010736581088501396e-02
-1.000000000000000000e+00
1.824558677353867731e-01
-5.462605946139637014e-01
-2.989725035121039154e-01
1.171184411979869777e-01
1.000000000000000000e+00
1.825946709225888254e-01
5.925912612535938484e-01
1.000000000000000000e+00
-1.000000000000000000e+00
3.661120498791455846e-01
-1.000000000000000000e+00
-1.000000000000000000e+00
-3.132233161998492221e-01
1.000000000000000000e+00
-1.000000000000000000e+00
7.227516650947199972e-01
-4.912756952987153980e-01
5.391160293034732431e-01
-1.000000000000000000e+00
