1.611549151765487853e-01
-1.000000000000000000e+00
1.000000000000000000e+00
-6.214375968535819084e-01
1.000000000000000000e+00
-1.000000000000000000e+00
-1.000000000000000000e+00
1.000000000000000000e+00
8.253271433126480039e-01
-4.618314038049322612e-01
1.000000000000000000e+00
1.000000000000000000e+00
-1.000000000000000000e+00
1.198591872665188962e-01
-4.568295151329045956e-01
3.375903729127937014e-01
4.051482327680506756e-01
1.000000000000000000e+00
1.000000000000000000e+00
-3.982662814539872920e-01
-3.857788286266028432e-01
1.000000000000000000e+00
-1.000000000000000000e+00
-1.000000000000000000e+00
1.000000000000000000e+00
-6.637118725319775259e-02
9.641828009719198844e-01
6.050896306146311687e-01
1.000000000000000000e+00
1.000000000000000000e+00
1.000000000000000000e+00
-1.748123675855006165e-01
-8.539541448563964243e-01
3.019932085008170120e-01
1.000000000000000000e+00
-1.000000000000000000e+00
1.000000000000000000e+00
1.000000000000000000e+00
7.979815075285860981e-01
-6.559769384836140471e-01
1.000000000000000000e+00
1.000000000000000000e+00
-3.716817927508435648e-01
-8.683078317645914757e-01
-1.000000000000000000e+00
1.000000000000000000e+00
-1.000000000000000000e+00
-7.181621064636544149e-01
1.000000000000000000e+00
-1.329843194173310206e-01
-1.000000000000000000e+00
1.000000000000000000e+00
-9.812857526164926458e-01
6.830371416206830748e-01
-1.000000000000000000e+00
3.122370982189924260e-01
-6.194982171246701252e-01
1.000000000000000000e+00
-3.936589414010216448e-01
-1.401783793983997217e-01
7.072891273143192548e-01
-5.595150812556903830e-01
-1.000000000000000000e+00
-1.000000000000000000e+00
-1.000000000000000000e+00
7.504170000806822394e-01
1.000000000000000000e+00
1.000000000000000000e+00
1.000000000000000000e+00
-5.378436813515876658e-01
3.668016323519318611e-02
-1.000000000000000000e+00
-1.000000000000000000e+00
-1.000000000000000000e+00
1.000000000000000000e+00
-5.645599393357934037e-01
-1.000000000000000000e+00
-1.000000000000000000e+00
-3.067648613586243522e-02
-1.000000000000000000e+00
-1.000000000000000000e+00
-1.000000000000000000e+00
1.000000000000000000e+00
-6.718475722739863931e-01
-1.000000000000000000e+00
1.000000000000000000e+00
1.000000000000000000e+00
-7.535998502186642689e-01
1.000000000000000000e+00
-6.840998247817713374e-01
3.448700771435121437e-01
6.017711304786814708e-01
-1.000000000000000000e+00
-3.088920287206941007e-01
1.000000000000000000e+00
7.216987717187014484e-01
-1.000000000000000000e+00
-5.402827564933403437e-01
-1.000000000000000000e+00
-5.603966086322745843e-01
2.074228500948245291e-01
6.574406251187738803e-01
8.612178642173622389e-01
-1.000000000000000000e+00
1.000000000000000000e+00
-1.000000000000000000e+00
1.000000000000000000e+00
-1.000000000000000000e+00
1.000000000000000000e+00
-4.515187771731860589e-01
5.690764793867686411e-02
1.403210623172279625e-03
-1.000000000000000000e+00
-1.648489861764608211e-01
-1.000000000000000000e+00
-1.000000000000000000e+00
2.671095240325035425e-01
-8.597319641567553461e-01
-5.098312038694270409e-01
1.000000000000000000e+00
-6.707474845165941613e-01
1.000000000000000000e+00
-3.025341142643784842e-01
-5.285507554143103331e-02
-1.000000000000000000e+00
-1.000000000000000000e+00
1.000000000000000000e+00
-1.000000000000000000e+00
1.000000000000000000e+00
1.000000000000000000e+00
-7.162080160400611240e-01
-4.240060570682679941e-01
1.000000000000000000e+00
-1.000000000000000000e+00
1.000000000000000000e+00
2.996059485491956997e-01
-2.532213073627211375e-01
5.841140238740455404e-02
-5.940331770504636566e-02
4.351331009557395380e-01
1.000000000000000000e+00
1.000000000000000000e+00
1.000000000000000000e+00
-1.888817134128795150e-01
1.000000000000000000e+00
2.718883488369211454e-02
-1.000000000000000000e+00
1.529379079244161943e-01
-3.899080646232241376e-01
-1.000000000000000000e+00
-1.000000000000000000e+00
-1.000000000000000000e+00
1.794318345426035854e-01
1.000000000000000000e+00
2.726398052983038944e-01
-2.424435327341466495e-01
-1.000000000000000000e+00
-1.000000000000000000e+00
9.277608398746370888e-01
1.000000000000000000e+00
1.000000000000000000e+00
8.596175927739833078e-01
-9.092355729646585116e-01
-1.000000000000000000e+00
1.000000000000000000e+00
1.000000000000000000e+00
1.000000000000000000e+00
-1.507133029894134335e-01
-1.000000000000000000e+00
1.000000000000000000e+00
1.000000000000000000e+00
1.000000000000000000e+00
1.099822406390910945e-01
-1.221145126379077350e-01
1.000000000000000000e+00
9.211824443084166703e-01
1.000000000000000000e+00
4.206243399402911365e-01
3.022902466340973149e-01
1.000000000000000000e+00
1.000000000000000000e+00
4.051780876457994340e-01
-1.000000000000000000e+00
4.501796464530021802e-01
-1.000000000000000000e+00
7.667974000083762620e-01
1.000000000000000000e+00
1.000000000000000000e+00
1.000000000000000000e+00
1.000000000000000000e+00
1.000000000000000000e+00
1.000000000000000000e+00
-4.733275740777195262e-01
-6.975092391579034157e-01
1.000000000000000000e+00
-8.364682819211158860e-01
-1.000000000000000000e+00
-1.000000000000000000e+00
5.303255684070202758e-01
-1.000000000000000000e+00
-1.000000000000000000e+00
-7.034371650595738767e-01
1.000000000000000000e+00
-1.000000000000000000e+00
1.000000000000000000e+00
8.619900996798524062e-02
-9.321985387767369735e-01
-9.581821862898144415e-01
-7.018887288524120471e-01
5.182893053670262207e-01
-1.000000000000000000e+00
-1.000000000000000000e+00
8.634080560386147019e-01
1.000000000000000000e+00
5.622389875322476582e-01
1.000000000000000000e+00
-1.000000000000000000e+00
1.000000000000000000e+00
5.405989643950329659e-01
-5.401983804187584504e-01
-1.000000000000000000e+00
-1.661731175592462417e-01
3.314659446531608156e-01
-9.974839545112512695e-01
-1.000000000000000000e+00
5.087165840119821647e-01
-9.938440296533339602e-01
2.177730536999771260e-01
1.000000000000000000e+00
-1.292529482421017617e-02
1.000000000000000000e+00
1.000000000000000000e+00
-4.771942904870665192e-01
-7.740596386453346689e-01
-6.772554036732836291e-01
-1.000000000000000000e+00
-1.000000000000000000e+00
1.000000000000000000e+00
9.360567209561370117e-01
7.314133646506031372e-01
-1.042934368945216406e-01
9.046371390925154188e-01
-7.602899705621327664e-01
-1.000000000000000000e+00
8.518585435873604617e-01
-1.000000000000000000e+00
-1.000000000000000000e+00
-1.000000000000000000e+00
1.000000000000000000e+00
-1.572021082267803516e-01
1.000000000000000000e+00
1.000000000000000000e+00
-4.692822686043567892e-01
-1.000000000000000000e+00
4.257662493660447911e-01
1.000000000000000000e+00
-1.000000000000000000e+00
-8.063231796661529671e-02
-1.000000000000000000e+00
4.874817219204774510e-02
-5.752892472844651772e-01
-1.000000000000000000e+00
-1.000000000000000000e+00
1.000000000000000000e+00
-1.000000000000000000e+00
