9.886048410884016313e-01
1.000000000000000000e+00
-2.012379350464033045e-01
1.000000000000000000e+00
-1.000000000000000000e+00
5.318962504528333968e-01
-1.000000000000000000e+00
-1.000000000000000000e+00
1.000000000000000000e+00
-1.125444377012152497e-02
4.258433784354205276e-01
-1.000000000000000000e+00
1.000000000000000000e+00
-8.139161268816402783e-01
-1.000000000000000000e+00
-1.000000000000000000e+00
2.885013877186410891e-01
1.060248587312351276e-01
-8.787277044816569349e-01
-1.000000000000000000e+00
-5.714467204033901737e-02
-1.000000000000000000e+00
1.000000000000000000e+00
-2.146139491733251581e-01
-1.000000000000000000e+00
1.928593970717938921e-01
-1.741623466902605388e-01
-1.000000000000000000e+00
-1.000000000000000000e+00
1.000000000000000000e+00
1.000000000000000000e+00
-1.000000000000000000e+00
1.000000000000000000e+00
-8.526239084811723101e-01
-1.000000000000000000e+00
-2.218843029871268024e-01
1.000000000000000000e+00
3.072408055793279802e-02
-1.000000000000000000e+00
-4.305515407465504429e-01
-1.000000000000000000e+00
1.000000000000000000e+00
1.000000000000000000e+00
-1.000000000000000000e+00
-1.000000000000000000e+00
6.156695193730279403e-01
-1.000000000000000000e+00
1.000000000000000000e+00
-1.000000000000000000e+00
7.517182475564256894e-01
-9.095547019642061803e-01
1.000000000000000000e+00
1.000000000000000000e+00
-9.071021924028831451e-01
1.000000000000000000e+00
8.501144966217790699e-01
1.000000000000000000e+00
8.088845302116106639e-01
-1.000000000000000000e+00
1.000000000000000000e+00
-5.503197289666621472e-01
1.000000000000000000e+00
7.129669755260180652e-01
1.348391174339590992e-01
1.000000000000000000e+00
6.889242486553726064e-01
-6.050568846637136566e-01
1.000000000000000000e+00
1.000000000000000000e+00
-1.000000000000000000e+00
-1.000000000000000000e+00
-4.199152792158080683e-01
-6.254478364838838012e-01
-3.358392986207228703e-01
1.357799462412956626e-01
-1.000000000000000000e+00
-1.000000000000000000e+00
7.683040221989987373e-01
8.746509727868758688e-01
1.000000000000000000e+00
-1.885892360321819172e-01
-1.000000000000000000e+00
1.000000000000000000e+00
-9.565459768985622446e-01
1.000000000000000000e+00
1.000000000000000000e+00
1.000000000000000000e+00
1.000000000000000000e+00
8.932297476535959735e-01
-1.000000000000000000e+00
1.000000000000000000e+00
-7.749715100888290298e-01
5.252906963643826366e-01
-1.000000000000000000e+00
8.684656576857637811e-01
7.080167960255012716e-03
-1.000000000000000000e+00
1.000000000000000000e+00
-1.000000000000000000e+00
6.458835874413018097e-01
5.228232647711330561e-01
1.000000000000000000e+00
-1.716879068544502340e-01
1.000000000000000000e+00
-6.250509347228225820e-01
1.000000000000000000e+00
-4.358109399226450797e-01
-9.823679581793545168e-01
-1.000000000000000000e+00
1.000000000000000000e+00
1.000000000000000000e+00
1.706768513681869714e-01
-4.563926407209420999e-01
-1.340058785100421423e-01
-5.577946045553544563e-01
-1.000000000000000000e+00
1.000000000000000000e+00
-9.186908607451444997e-01
-1.000000000000000000e+00
7.110614138509425974e-02
-2.406686058290867791e-01
-1.000000000000000000e+00
6.307932517376491077e-04
-1.000000000000000000e+00
-1.253511565271356321e-02
1.000000000000000000e+00
-1.000000000000000000e+00
-6.950007271613261040e-01
7.404848884300344602e-01
3.771357339725039948e-01
1.000000000000000000e+00
-1.000000000000000000e+00
-1.000000000000000000e+00
-3.382954078407412468e-01
1.000000000000000000e+00
4.710042233215406271e-01
-5.427723502828065705e-01
-9.601274177777892049e-01
-8.972335178988121163e-01
-9.356770244709990969e-01
-5.493112006250047141e-01
1.000000000000000000e+00
-1.000000000000000000e+00
8.140285202137040876e-01
4.612720989304691654e-01
-8.771330480356448467e-01
-1.000000000000000000e+00
1.000000000000000000e+00
-1.000000000000000000e+00
7.521890948854828007e-01
7.134680494656363559e-01
1.000000000000000000e+00
-1.000000000000000000e+00
1.000000000000000000e+00
7.479229932344874099e-01
-1.000000000000000000e+00
-9.457745345536181514e-01
9.310182983560721937e-02
7.574981638847472221e-01
-4.848945239351425407e-01
-1.000000000000000000e+00
1.000000000000000000e+00
1.000000000000000000e+00
1.000000000000000000e+00
2.190869050242194582e-02
4.719991776052405719e-01
1.000000000000000000e+00
-1.000000000000000000e+00
6.335518649062028551e-01
9.033389574010830536e-01
4.208357267338919128e-01
-1.000000000000000000e+00
2.214601386312315956e-01
-1.000000000000000000e+00
1.983538407777434287e-01
1.000000000000000000e+00
-1.000000000000000000e+00
-5.877596479910056626e-01
1.000000000000000000e+00
3.913448556331544648e-01
-3.081830765810836814e-01
1.000000000000000000e+00
5.842495089326396052e-01
1.000000000000000000e+00
1.000000000000000000e+00
1.000000000000000000e+00
-9.496348774426855988e-01
5.775751165413622878e-03
-3.452609433145222839e-01
-1.000000000000000000e+00
8.266393263831168792e-01
-5.461315895539817777e-01
3.303169125595725730e-01
-9.507649799884294595e-01
-1.000000000000000000e+00
-8.347907040091817610e-02
-9.696181599049963351e-01
4.428007091805261086e-01
9.044477365796449453e-01
1.000000000000000000e+00
1.000000000000000000e+00
-1.000000000000000000e+00
1.523558192924616694e-01
-1.000000000000000000e+00
-7.052700843008413711e-01
1.000000000000000000e+00
-1.000000000000000000e+00
-3.061038771480978360e-01
-1.000000000000000000e+00
-1.000000000000000000e+00
-1.000000000000000000e+00
7.844174895553579496e-02
-1.000000000000000000e+00
1.000000000000000000e+00
1.000000000000000000e+00
-1.000000000000000000e+00
1.000000000000000000e+00
-1.000000000000000000e+00
1.000000000000000000e+00
-1.000000000000000000e+00
1.000000000000000000e+00
2.138886734420302194e-01
1.000000000000000000e+00
1.000000000000000000e+00
1.000000000000000000e+00
-1.000000000000000000e+00
-2.417830310580915132e-01
6.710194780129009606e-01
1.000000000000000000e+00
-4.847979234587824759e-01
-1.000000000000000000e+00
-3.306882764685492582e-02
8.464469474491034262e-01
1.000000000000000000e+00
-1.000000000000000000e+00
-1.000000000000000000e+00
7.738393388528352901e-02
1.000000000000000000e+00
-9.257657179680051085e-01
-6.410948767030008044e-01
-6.428974310613155829e-01
-1.000000000000000000e+00
7.931754600712516146e-01
7.402485122892281666e-01
-1.000000000000000000e+00
-4.596293848318333541e-02
8.163845016463063820e-01
-1.000000000000000000e+00
1.416322992841794193e-01
-9.884542878130478938e-01
-7.162360694579770204e-01
-1.000000000000000000e+00
-1.388029107138535334e-01
6.117424771202197853e-01
-6.570626625423784395e-01
-1.000000000000000000e+00
-1.000000000000000000e+00
-5.432824507531912595e-01
4.515791969868612199e-01
-7.640999534234963475e-01
-4.180171118475103365e-01
-9.665367259522210652e-01
-1.000000000000000000e+00
1.000000000000000000e+00
-1.000000000000000000e+00
