1.000000000000000000e+00
1.000000000000000000e+00
-1.000000000000000000e+00
-4.894016199917053944e-01
-1.000000000000000000e+00
-9.497944267822455711e-01
-9.992208524691071903e-01
-1.000000000000000000e+00
1.000000000000000000e+00
-1.000000000000000000e+00
2.288421873734231005e-01
-1.000000000000000000e+00
1.000000000000000000e+00
5.601546090998055227e-01
8.560981457344286616e-01
1.000000000000000000e+00
-6.135750718690202721e-01
-1.000000000000000000e+00
1.000000000000000000e+00
-1.000000000000000000e+00
1.000000000000000000e+00
-1.000000000000000000e+00
-1.000000000000000000e+00
1.000000000000000000e+00
1.000000000000000000e+00
8.404595893347149849e-01
-1.808945931504907789e-01
-4.685946937311472604e-01
1.000000000000000000e+00
-1.000000000000000000e+00
-1.000000000000000000e+00
1.000000000000000000e+00
1.116837002093568065e-02
-4.211161767913618181e-02
-1.000000000000000000e+00
7.579979935225560350e-01
-1.000000000000000000e+00
-1.000000000000000000e+00
-1.000000000000000000e+00
1.000000000000000000e+00
2.461042448365083346e-02
-1.000000000000000000e+00
-1.000000000000000000e+00
-1.000000000000000000e+00
1.000000000000000000e+00
1.000000000000000000e+00
1.000000000000000000e+00
1.000000000000000000e+00
1.000000000000000000e+00
1.000000000000000000e+00
6.494437363503722249e-01
1.000000000000000000e+00
-6.923956465011473771e-01
3.168493466958267057e-01
1.000000000000000000e+00
-7.723013595909989926e-01
-1.000000000000000000e+00
1.000000000000000000e+00
1.000000000000000000e+00
1.000000000000000000e+00
-1.000000000000000000e+00
-8.358041811497268769e-02
1.000000000000000000e+00
1.000000000000000000e+00
-3.151055146791559292e-02
5.356837721923324303e-02
1.000000000000000000e+00
1.000000000000000000e+00
-5.310953493274062076e-01
-1.000000000000000000e+00
-1.000000000000000000e+00
1.000000000000000000e+00
-1.000000000000000000e+00
-8.872483214554567343e-01
7.362539761364504942e-01
-1.000000000000000000e+00
-1.000000000000000000e+00
-1.000000000000000000e+00
-1.000000000000000000e+00
1.000000000000000000e+00
-1.000000000000000000e+00
1.000000000000000000e+00
1.000000000000000000e+00
-7.918059830330959059e-02
-1.000000000000000000e+00
1.000000000000000000e+00
-1.000000000000000000e+00
-1.000000000000000000e+00
-1.000000000000000000e+00
-1.000000000000000000e+00
-1.000000000000000000e+00
-1.000000000000000000e+00
-3.067041659006106702e-01
1.000000000000000000e+00
-1.000000000000000000e+00
1.000000000000000000e+00
-1.000000000000000000e+00
-1.000000000000000000e+00
1.000000000000000000e+00
1.000000000000000000e+00
-4.060471152334750311e-01
-4.619042505139694388e-01
-3.457035232004581626e-01
-1.000000000000000000e+00
-1.000000000000000000e+00
-3.875867414920913800e-01
1.000000000000000000e+00
-1.000000000000000000e+00
-3.526802931574728461e-01
-1.000000000000000000e+00
1.000000000000000000e+00
-5.940170051570963228e-01
-4.759967757751524808e-01
4.374408400548516207e-01
-1.000000000000000000e+00
-1.000000000000000000e+00
-1.000000000000000000e+00
1.000000000000000000e+00
-1.000000000000000000e+00
7.106292670311911142e-01
-1.000000000000000000e+00
-1.000000000000000000e+00
1.000000000000000000e+00
-1.000000000000000000e+00
-1.000000000000000000e+00
1.000000000000000000e+00
-1.000000000000000000e+00
-1.066605430949851829e-01
-9.622886999057593815e-01
-1.000000000000000000e+00
3.155603402292036508e-01
-1.000000000000000000e+00
-1.000000000000000000e+00
4.209137747596986556e-01
-1.000000000000000000e+00
-4.340906978272740524e-02
1.000000000000000000e+00
-1.000000000000000000e+00
9.788199350316801883e-01
-1.000000000000000000e+00
-1.000000000000000000e+00
1.000000000000000000e+00
7.680356000449013454e-01
1.000000000000000000e+00
1.000000000000000000e+00
1.000000000000000000e+00
-1.000000000000000000e+00
1.000000000000000000e+00
1.000000000000000000e+00
1.000000000000000000e+00
-1.000000000000000000e+00
-1.000000000000000000e+00
1.000000000000000000e+00
1.000000000000000000e+00
8.203089412912911715e-01
-1.000000000000000000e+00
-1.000000000000000000e+00
1.000000000000000000e+00
-8.486373451868249873e-01
-1.000000000000000000e+00
1.000000000000000000e+00
2.377862558783805369e-01
6.107039263022393527e-01
-1.000000000000000000e+00
2.776263126097640033e-01
-1.000000000000000000e+00
1.000000000000000000e+00
5.900689756932615548e-01
-1.000000000000000000e+00
-1.000000000000000000e+00
1.000000000000000000e+00
-1.000000000000000000e+00
-1.000000000000000000e+00
9.982141818343263084e-01
-1.000000000000000000e+00
5.393386974914788912e-01
4.007881505318805493e-01
-5.209563246284283355e-01
-1.000000000000000000e+00
-6.761646537835306336e-01
8.650581559023426959e-01
4.343170131284812552e-01
-6.873180209578949595e-01
5.287307912485071926e-01
6.056962944378631308e-02
-1.000000000000000000e+00
5.889038138982409798e-01
1.000000000000000000e+00
1.000000000000000000e+00
5.964582693720610340e-01
-7.455276518285556264e-01
-1.000000000000000000e+00
-3.970032251669619594e-02
1.000000000000000000e+00
-1.000000000000000000e+00
7.714253907457813142e-01
1.000000000000000000e+00
-1.000000000000000000e+00
7.692723884997356709e-01
9.639735412669597769e-01
-1.000000000000000000e+00
-7.239779448168321974e-01
1.890361045349344127e-01
1.000000000000000000e+00
-1.000000000000000000e+00
-1.000000000000000000e+00
-1.000000000000000000e+00
-1.000000000000000000e+00
-3.488656308378401683e-01
-1.000000000000000000e+00
-8.215193763585958431e-01
9.334110533663317888e-01
-1.000000000000000000e+00
1.000000000000000000e+00
-1.451607257901316728e-01
-1.000000000000000000e+00
-3.231246049785008179e-02
-1.000000000000000000e+00
-2.187963110301343606e-01
-9.040248739696410407e-01
1.000000000000000000e+00
1.000000000000000000e+00
-1.000000000000000000e+00
-1.000000000000000000e+00
-1.000000000000000000e+00
-1.000000000000000000e+00
-1.000000000000000000e+00
-1.000000000000000000e+00
-1.000000000000000000e+00
-1.000000000000000000e+00
-1.000000000000000000e+00
1.000000000000000000e+00
1.000000000000000000e+00
1.000000000000000000e+00
2.172837262878297149e-01
-1.000000000000000000e+00
-6.479911133115662247e-01
1.000000000000000000e+00
1.000000000000000000e+00
3.997187209479835523e-01
1.000000000000000000e+00
8.544597295678690863e-01
1.000000000000000000e+00
-1.000000000000000000e+00
-1.000000000000000000e+00
1.000000000000000000e+00
-9.139512649589218718e-01
1.000000000000000000e+00
3.012323015550919525e-01
4.786428805123352781e-01
-1.000000000000000000e+00
1.000000000000000000e+00
5.875051377202289427e-01
5.817010160446540734e-01
1.000000000000000000e+00
3.139867447178277260e-01
-1.000000000000000000e+00
-1.000000000000000000e+00
-1.000000000000000000e+00
-1.000000000000000000e+00
3.352406371920024775e-02
1.000000000000000000e+00
-1.825904289208235554e-02
-2.237347953002569723e-01
1.000000000000000000e+00
