7.978066462576016704e-02
-1.000000000000000000e+00
2.565218403888735454e-01
-1.000000000000000000e+00
1.000000000000000000e+00
8.088568794984049015e-01
1.000000000000000000e+00
-6.464667879360370684e-01
-4.965713771371922935e-01
1.000000000000000000e+00
-1.000000000000000000e+00
1.000000000000000000e+00
-4.663821056848693747e-01
1.000000000000000000e+00
4.092645155535544754e-01
-1.000000000000000000e+00
-1.000000000000000000e+00
4.547162419201932204e-01
-1.000000000000000000e+00
-1.000000000000000000e+00
6.206865575809006330e-01
5.898582773005995872e-01
1.000000000000000000e+00
-9.316013219347685226e-01
-6.268945565978975010e-01
3.144684154826999922e-01
9.811495753194836578e-01
7.723427677934509017e-01
1.000000000000000000e+00
1.000000000000000000e+00
-6.711572378819987694e-01
8.543340433968316106e-03
-1.000000000000000000e+00
-1.000000000000000000e+00
2.636182010853715396e-01
-1.000000000000000000e+00
1.000000000000000000e+00
-3.781044240683972824e-01
6.226370046422622373e-01
-1.000000000000000000e+00
-5.453045916536518600e-01
-4.829820639288959772e-01
-8.864490306757476512e-01
4.749732068977761124e-01
1.000000000000000000e+00
3.985608991381812682e-01
8.841554158508309058e-01
-1.000000000000000000e+00
5.505318853494565179e-01
8.602135920072422337e-01
-1.000000000000000000e+00
1.000000000000000000e+00
-9.197626804094326536e-01
-1.563151723762481460e-01
-8.942127788768008401e-01
-3.210673206277747660e-02
-1.000000000000000000e+00
1.000000000000000000e+00
-7.828189965155213370e-02
1.000000000000000000e+00
1.000000000000000000e+00
-4.342137454127208418e-01
9.151270362646739542e-01
1.000000000000000000e+00
-9.671572057077826301e-01
6.299188029416579182e-01
1.000000000000000000e+00
1.000000000000000000e+00
1.000000000000000000e+00
1.000000000000000000e+00
1.000000000000000000e+00
-1.984522830008285110e-01
1.000000000000000000e+00
-1.123321765287050855e-01
1.000000000000000000e+00
1.907531556978145637e-01
1.000000000000000000e+00
-1.000000000000000000e+00
-1.000000000000000000e+00
2.984210492770251744e-01
1.955506495746470730e-01
-1.000000000000000000e+00
1.000000000000000000e+00
4.409464927537452006e-01
-1.000000000000000000e+00
-1.000000000000000000e+00
1.428866624739097702e-01
-1.923008289052967612e-01
-3.920441042253747232e-01
1.000000000000000000e+00
-1.000000000000000000e+00
-2.844688987030918881e-01
-1.000000000000000000e+00
1.000000000000000000e+00
-1.000000000000000000e+00
-1.000000000000000000e+00
-2.727269737618446821e-01
-1.000000000000000000e+00
-5.953849351899653808e-01
9.794616429733199459e-01
-2.083916827436386177e-01
-9.789052089340962715e-01
1.000000000000000000e+00
-1.000000000000000000e+00
-7.174765498113957474e-01
2.526754216469555558e-01
-6.882270937948509193e-02
1.000000000000000000e+00
-1.924552994908929060e-02
-1.984947396126103825e-01
1.181405129452274272e-01
9.982971118170365088e-01
-1.000000000000000000e+00
4.679715264926130325e-01
3.993786006801271493e-01
1.000000000000000000e+00
5.711761387308113003e-01
-1.000000000000000000e+00
-6.454801464667712096e-01
-1.000000000000000000e+00
1.946978574201052581e-02
1.000000000000000000e+00
-1.277830351608973958e-01
-5.406214669896979297e-01
-3.113698627562411780e-01
1.000000000000000000e+00
2.132477475562135627e-01
-1.000000000000000000e+00
-1.675689722626921840e-01
1.000000000000000000e+00
-5.319346303480465554e-02
-1.000000000000000000e+00
1.000000000000000000e+00
1.000000000000000000e+00
1.517039717197521398e-02
1.000000000000000000e+00
-1.000000000000000000e+00
-9.321690701186502448e-02
-3.383862805647142036e-02
7.588162163712248720e-01
-2.656297791944413067e-01
-8.656016092451155330e-01
-1.000000000000000000e+00
1.000000000000000000e+00
4.645525245520110147e-01
1.000000000000000000e+00
7.824891710623371743e-02
-1.000000000000000000e+00
7.694640538172679012e-01
6.215412028627378405e-01
4.757499309212034899e-01
1.000000000000000000e+00
1.000000000000000000e+00
-1.000000000000000000e+00
-1.000000000000000000e+00
1.318441507005008173e-01
3.728278341608201596e-01
-1.000000000000000000e+00
-1.000000000000000000e+00
1.000000000000000000e+00
1.931709462323788484e-02
1.000000000000000000e+00
7.871914016168597428e-01
-1.000000000000000000e+00
-5.126787389179856547e-01
6.518144936355253494e-01
-1.224307166541098446e-01
-1.000000000000000000e+00
-3.762148428734677363e-01
-8.592447275655741290e-01
5.753805359711459122e-01
1.000000000000000000e+00
1.000000000000000000e+00
-9.802535262090376067e-01
-1.291868175343824365e-01
1.000000000000000000e+00
-1.000000000000000000e+00
-1.000000000000000000e+00
-1.271475075174817171e-01
-1.000000000000000000e+00
3.161135766528693214e-01
-1.220674050384517595e-01
-1.284907041917684456e-01
-7.883423505164505185e-02
-9.150210086370667018e-01
1.000000000000000000e+00
1.000000000000000000e+00
-1.000000000000000000e+00
-1.000000000000000000e+00
3.841486481468762704e-01
1.580004349411547604e-01
-1.946445272795765957e-01
1.000000000000000000e+00
-1.000000000000000000e+00
-1.000000000000000000e+00
5.367064637440042141e-01
-1.000000000000000000e+00
6.983091257709295174e-01
-1.000000000000000000e+00
-7.591928572655816110e-01
-8.439454852797800832e-02
-2.963133120914630547e-01
1.925430492418200856e-01
-1.000000000000000000e+00
1.000000000000000000e+00
1.000000000000000000e+00
8.327485725568430919e-01
5.827772128620045677e-01
6.969444590276991924e-01
9.430411757166767828e-02
3.163628155138424880e-01
2.068761445210097194e-01
-1.232317936483620646e-01
-6.540584300220424474e-01
-1.101738728452814620e-01
-1.000000000000000000e+00
1.000000000000000000e+00
-1.000000000000000000e+00
7.201130433896274496e-01
4.486985843270426821e-01
-4.931158160419359948e-01
-1.000000000000000000e+00
1.000000000000000000e+00
-1.000000000000000000e+00
1.000000000000000000e+00
-7.156947771476386277e-01
1.000000000000000000e+00
3.157807189197090469e-01
8.066528769418681577e-01
-1.000000000000000000e+00
1.000000000000000000e+00
8.759333845680323805e-01
2.226182982640878549e-01
1.000000000000000000e+00
1.000000000000000000e+00
9.041665240751028954e-01
5.207739345159763111e-01
-1.000000000000000000e+00
1.000000000000000000e+00
1.000000000000000000e+00
5.094752717046449053e-01
-1.000000000000000000e+00
-4.826078837331545524e-01
1.000000000000000000e+00
-1.000000000000000000e+00
4.357778395542435401e-01
1.000000000000000000e+00
1.000000000000000000e+00
4.986445090721960405e-01
1.000000000000000000e+00
1.000000000000000000e+00
1.000000000000000000e+00
-8.629345989725671906e-01
-1.000000000000000000e+00
3.888098880842228988e-01
1.000000000000000000e+00
-1.000000000000000000e+00
1.000000000000000000e+00
-1.000000000000000000e+00
-1.000000000000000000e+00
-1.000000000000000000e+00
-8.948533258782109812e-01
4.376370589950471235e-01
1.000000000000000000e+00
8.249085447910592395e-01
