1.000000000000000000e+00
-3.929751521422167326e-02
-1.000000000000000000e+00
4.041956556393272448e-01
2.301227425754766021e-01
9.630059955995589061e-01
-8.734543971258625916e-01
-8.408226488253018882e-01
-7.157396507686082376e-01
-1.000000000000000000e+00
9.008191495400963422e-01
2.884830806942328962e-01
1.085348519349254026e-01
1.000000000000000000e+00
1.739362975450842175e-01
-1.000000000000000000e+00
1.000000000000000000e+00
-1.000000000000000000e+00
5.182170317372776225e-01
3.572448648484549127e-01
-9.714247319495095123e-01
9.625279234892052393e-01
3.270078275415999602e-01
1.000000000000000000e+00
1.000000000000000000e+00
1.000000000000000000e+00
-3.859357806363512555e-01
-3.746448643002817658e-01
-7.890353901984523688e-01
-1.000000000000000000e+00
2.249974885850752337e-01
1.000000000000000000e+00
-2.735186043411004242e-01
-3.507449625444041263e-01
5.258957203285548054e-01
2.964437217900028898e-02
5.302146599570216612e-01
-9.818125798781167646e-01
4.175336809317473641e-01
3.450587640388245170e-01
-1.000000000000000000e+00
7.830269470475175186e-01
-8.453839766217593477e-01
-3.545799298231487318e-01
-4.615527677180049082e-01
3.019670820731646388e-01
6.103507045124625940e-02
-1.000000000000000000e+00
7.413893016395991520e-01
6.433100720554141283e-01
-3.784291212075303612e-01
1.000000000000000000e+00
3.153374554540284702e-01
2.432446292808398969e-01
5.834188718073236857e-02
-3.143566287729842035e-01
-8.683632634106667192e-01
-2.154438057379250981e-01
1.000000000000000000e+00
1.000000000000000000e+00
8.199276638864760880e-02
1.000000000000000000e+00
1.000000000000000000e+00
-5.580708414355501912e-01
-9.870708683326909760e-01
3.922672109762215253e-01
-1.000000000000000000e+00
1.000000000000000000e+00
1.000000000000000000e+00
1.000000000000000000e+00
-1.000000000000000000e+00
1.000000000000000000e+00
1.000000000000000000e+00
5.827147635704552631e-01
8.295053430858347898e-01
-4.688227706210876256e-01
-1.000000000000000000e+00
-1.156252235608998674e-01
-1.959276148876998302e-01
-1.000000000000000000e+00
1.176395621145995829e-01
2.410358164436060546e-01
-8.347410629489738776e-01
-7.172102240101834170e-01
3.463068668115349968e-01
-2.692739487211801008e-01
-1.000000000000000000e+00
-8.529498438472615796e-01
6.482532496363657692e-01
1.140341749198336974e-01
1.000000000000000000e+00
1.000000000000000000e+00
1.000000000000000000e+00
-1.000000000000000000e+00
-1.000000000000000000e+00
-4.056589490707762646e-02
-1.000000000000000000e+00
1.676152479868904255e-01
-1.000000000000000000e+00
1.000000000000000000e+00
1.419924387182238679e-01
8.743962970814327385e-01
-1.000000000000000000e+00
7.116673869610470327e-01
-9.304117789399553029e-01
-2.507679340706521209e-01
6.106890267322092614e-01
1.000000000000000000e+00
1.571250801062772928e-01
-2.034665602098350012e-01
1.000000000000000000e+00
-1.000000000000000000e+00
1.000000000000000000e+00
-3.708402700024854837e-01
-1.343479667220148777e-01
3.343581187196800197e-01
1.000000000000000000e+00
3.814130029262128296e-01
-1.120530868155982240e-01
5.699609346856895353e-01
1.000000000000000000e+00
-6.238919731645997668e-01
3.346626568991404316e-01
-1.038168565786712350e-01
-1.861030924991712299e-01
-3.273551198835623621e-01
6.485291598406852653e-01
-1.978307676075310995e-01
1.000000000000000000e+00
-1.160883269795646155e-01
1.000000000000000000e+00
1.000000000000000000e+00
1.000000000000000000e+00
-1.510992247736128169e-01
6.065028625768840165e-01
6.505602209945500203e-01
9.482758050007832340e-01
-8.354193730910531857e-01
-4.942442919238561050e-01
3.971266415388585713e-01
1.000000000000000000e+00
-1.000000000000000000e+00
6.528087124744446079e-01
9.626089485045736804e-01
1.000000000000000000e+00
6.255657741823865692e-01
1.480750727760370422e-01
-3.904516543376581605e-01
1.000000000000000000e+00
8.731442898438657174e-02
-1.000000000000000000e+00
2.566288309758650854e-01
-1.799825499958271346e-02
-1.000000000000000000e+00
1.000000000000000000e+00
-1.853888295522965746e-01
4.685038848037806902e-01
-9.821469159085802758e-01
-7.759907097825036182e-01
6.848737177459880421e-01
3.885138341835903120e-01
2.873925342805956351e-01
-1.000000000000000000e+00
5.041744064030999617e-01
1.822001330173959044e-01
3.463653078816759656e-01
1.000000000000000000e+00
-7.695608746017790214e-02
-2.012979001101838916e-01
4.616792601224113390e-01
-1.000000000000000000e+00
-8.300447367341228233e-01
2.604163933121550478e-01
4.048024622019394947e-01
9.934458590327575056e-01
-1.000000000000000000e+00
-6.383449401718148675e-01
5.033507446716753986e-01
6.273383901788716077e-01
-1.000000000000000000e+00
-8.860472667400387525e-02
7.791241627977307793e-02
-1.000000000000000000e+00
2.368807740955999053e-01
1.000000000000000000e+00
2.444423699155824914e-01
-2.688367708232372033e-01
1.000000000000000000e+00
-2.925475589054410408e-01
9.357363715385433878e-01
-2.873896732690722766e-02
-5.756296045904596426e-01
2.818690763191356030e-04
1.000000000000000000e+00
-7.068710443852821435e-02
-7.310806993931957543e-01
8.356447696346709364e-01
-2.103906941761546356e-01
1.665104304386426648e-01
1.042309906336498226e-01
-1.155710832715410863e-01
-9.295848290015759074e-01
1.900137528098364559e-01
-1.000000000000000000e+00
-1.000000000000000000e+00
1.000000000000000000e+00
2.916345905625357671e-01
-1.000000000000000000e+00
5.658641772746132448e-01
1.299097492705322265e-01
-7.547609590426196391e-01
-1.000000000000000000e+00
1.000000000000000000e+00
5.286815073182797864e-01
3.635567826572461136e-02
-7.658024263102776175e-01
8.445776472319614925e-01
-1.516519531066157778e-01
8.181082551693956706e-01
3.128542559427986980e-01
-1.000000000000000000e+00
3.878587216478113220e-02
1.495991821968555291e-01
-7.434240310611199831e-01
1.000000000000000000e+00
-1.000000000000000000e+00
-5.417366215657377637e-01
9.761049609476994959e-01
9.496280986397326318e-02
1.908183336295143917e-02
-1.000000000000000000e+00
4.523581549777659916e-01
7.636034084770673136e-01
1.000000000000000000e+00
1.405412812996391925e-01
-9.311691909777832787e-01
-2.364382981887321322e-01
6.054195000098201440e-01
-2.640929079318068418e-01
-2.061806867034987611e-01
1.000000000000000000e+00
7.491330150573509705e-01
-1.000000000000000000e+00
1.000000000000000000e+00
-1.000000000000000000e+00
-4.520838843249276318e-01
2.701297321899284731e-02
6.094371523728610018e-01
1.000000000000000000e+00
-2.043233056927313829e-01
1.064633745200603832e-01
-1.000000000000000000e+00
1.000000000000000000e+00
-4.264488623933325173e-01
2.388453043455335267e-01
-9.267115433055517215e-01
5.341619357008489111e-01
4.460925316640989013e-01
-6.759200616474529966e-01
3.454865675759148380e-01
-5.070542484294721097e-01
-1.000000000000000000e+00
2.296509643020659408e-01
1.000000000000000000e+00
-4.221915662366342303e-01
