7.189722179507289646e-01
3.103736457394630222e-01
-5.941304597354346573e-01
-4.705062337775951509e-01
9.894173587199188713e-01
2.448085705923785937e-02
-3.005488910967621941e-01
6.404014093587035994e-01
-9.100214230652234892e-01
-1.314077098117119036e-01
-5.463935413720939493e-01
-4.972920673225034172e-02
9.010236171117673720e-01
-3.239953836785105512e-01
5.484757470009731239e-01
-1.212209376003547945e-02
3.417549052253876507e-01
8.572432809677887899e-01
3.700408953538953938e-01
-9.771229826673391017e-01
-2.568878449096716476e-01
3.515381182095131951e-01
9.787722533133440539e-01
7.481894402299937852e-02
2.668635733039148583e-01
3.097260054294250775e-01
8.142099826179358679e-01
-1.840563549919751463e-01
-3.211113981833011444e-01
-8.976653187796153066e-01
-7.288344420206462893e-01
9.634874833732278709e-01
7.354139210883219313e-01
-5.962260194154844761e-01
6.804025863403500018e-01
3.411559135347226324e-01
3.094921762911915231e-01
3.489949156713589851e-02
6.694384628134000259e-01
-1.755122821535939348e-01
8.717705450753505669e-01
7.271768491221410891e-01
-3.302357557956743239e-01
-8.659790703845839932e-01
-2.746211474455035884e-01
-6.259664644126547994e-01
-7.614844443950525843e-01
7.306225944704265451e-01
-3.122573058329087825e-01
-8.019699465457927889e-01
7.242733778199674788e-01
9.235153574059464798e-01
-6.726472145665962632e-01
-4.482919888427918664e-01
-3.829542194748780659e-02
-3.192625705620080190e-01
3.868328855756026918e-01
-4.782304007586151151e-01
7.165004485357850950e-01
6.366144696384405943e-01
-7.137917681248806545e-01
-5.825327883601518764e-01
5.181533803270967908e-01
2.647121381616417413e-01
7.424054350149791315e-01
-1.986076401421010829e-02
-4.341489993838985040e-01
-5.855550373090101512e-01
-3.922977409846857277e-01
9.311471860758491204e-02
6.166132902543857153e-01
1.801747271668241446e-02
-8.119495509724115045e-01
-3.117334440125698602e-01
6.515699351364734326e-01
4.268120834880027026e-01
-5.944613472773574436e-01
4.732179912392242560e-01
-1.263905050177054346e-01
-8.717868544316960122e-01
-1.583460535244740619e-01
-3.810657447439234069e-01
7.065093368988439870e-01
6.000525394991702566e-01
9.888141866868640495e-01
-7.476326135157242980e-01
-4.379354270008550820e-01
5.581740842814533199e-01
-1.155739935615507363e-02
4.863387149479774241e-01
-9.632283000862875699e-01
-4.221000050291210393e-01
9.175876569383722980e-02
-4.216933119248122974e-01
-8.196755851492556477e-01
6.770777066419630952e-01
-2.696923781559057431e-01
4.746470067440595741e-01
1.460079255949187083e-01
-9.506302251139375770e-01
-9.401483150948368728e-01
-8.403704019130313618e-01
-2.568417147711485882e-01
-8.226005552138933030e-01
8.666641470423841476e-02
7.227314165236013999e-01
-3.656238727949110423e-01
-2.877107471871112043e-01
-8.268292300377393378e-01
1.877758566060647727e-01
2.635921126598701481e-01
9.752376293464697365e-01
9.056557633628719017e-01
-9.625065767229945557e-01
4.957181663820064976e-02
5.617218056500303813e-01
7.398256632250559406e-01
-8.892238620184296227e-01
7.980615345957129403e-01
2.146463961992366443e-01
-6.697469568230429715e-02
-8.574039698942432786e-01
1.525750475608147472e-01
4.305223843772925107e-01
-9.935931231200620939e-01
-7.450438161324615116e-01
5.010199679220022073e-01
4.894090117927234473e-01
-1.594547444675622483e-01
4.056397662391453274e-01
-8.325507732350301282e-03
-9.226686020372252273e-01
1.840316302740450105e-01
-5.305014992553322983e-01
4.840169461728724976e-01
6.723749358145747479e-02
-1.360949389234669127e-01
9.912679293590209717e-02
1.966963227959321880e-01
7.154997487325487349e-01
-4.616529580969448432e-01
-7.170298861438251237e-02
-2.136610945265289274e-01
4.504980985767590429e-01
-9.661177231094844053e-01
-1.472284703543664808e-01
3.172520650903747352e-01
2.192938779051700759e-01
-5.379273503876058626e-02
-3.339152697041847251e-01
-7.280432558615197447e-01
8.065956564495246894e-02
-9.856237234951428228e-01
1.040175801596774363e-01
8.570242759120771936e-02
-1.037154282985253140e-01
-3.218164921302688608e-01
-4.457351818097567975e-01
1.234557540122218633e-01
6.402950004241958482e-03
-1.654491960188202437e-01
8.435922703761056241e-02
5.030991354490113032e-01
-2.240830841695462539e-03
-4.761890220180318156e-01
-5.195118460596936938e-01
9.440225740824201850e-01
5.923385773443445856e-02
-2.263819742157318071e-01
8.110959392122394362e-01
-7.000357331295046226e-01
-5.892953608859285985e-02
-4.492355386607711498e-01
2.568269707614434516e-02
4.636807695763089932e-01
5.014037644460818122e-01
8.432678339057781969e-01
3.360848534891993644e-01
9.765298277306191377e-01
-8.634032733982572871e-01
-1.213787367304244302e-01
-8.646612430074955835e-01
3.299061510902077110e-01
-4.995432153731114155e-01
6.407828838331179888e-01
-8.596191878430587963e-01
2.513661879441062563e-01
-8.605820621781568036e-02
-6.647799208307656471e-01
-9.863847228617435015e-01
2.416539874398124788e-01
-6.572836534764241456e-01
5.919356844607042145e-01
6.893993901712645034e-01
-1.836490139730098115e-01
-9.528171114125056906e-01
-5.283651777474935862e-01
5.483627101866828113e-02
-2.535640745677476549e-01
-4.427299560352317975e-01
2.731099152092784088e-01
2.460020641216718040e-01
-4.273797390149765008e-01
5.999058435491200214e-01
-1.542686126019858772e-01
-8.210198677792224231e-02
-6.394082503613198742e-01
2.809464045868907967e-01
6.445024891000881162e-01
-4.654402234602150745e-01
-2.166601008652730975e-01
-3.527397730623649252e-02
5.587362429552351628e-01
-1.630137312599790889e-01
3.457269445202504343e-02
-3.169261570893371349e-01
-6.405998149510869766e-01
7.647261467833041948e-01
-6.124940920623811458e-02
7.558071800705723486e-01
-1.752633094427997751e-01
6.658417218095762369e-01
1.510186131683162181e-01
-1.056007497852671229e-01
-1.717114878137420142e-01
-1.304996969012293118e-01
-9.066929105640719744e-01
6.304888237189529843e-01
7.773041881388547125e-01
2.833935911523364215e-01
1.648337610181729307e-01
-8.065304429259363417e-01
3.253433624745158959e-01
8.933038413251663812e-01
8.647366960894942167e-02
-7.968061015942258241e-01
-6.853805161649255684e-01
4.522086852403648383e-01
7.497072080076274680e-01
-2.761211979482411927e-01
-2.197712991623184120e-01
-5.720025443574372481e-01
-1.618093331593464246e-01
9.181244915657613692e-01
-7.307140074319353751e-01
-3.809420809396681928e-01
-4.731735147669402508e-02
8.706442703950656448e-01
3.887005396690115244e-01
3.921670112616133519e-01
1.578186536500743031e-01
6.636512367524733946e-01
3.650386328493628874e-01
-6.655018163886685656e-01
5.696327136844345773e-01
-9.299150227874142249e-01
8.859166498103305809e-01
9.436435063620802755e-01
-4.148554714435643831e-01
-2.404221017008059125e-01
3.099137359097157152e-01
-5.072952346425614323e-01
-8.995374825028303878e-01
-7.964680687479219756e-01
4.539871347016106728e-01
