4.670102862447941261e-01
-1.000000000000000000e+00
-1.000000000000000000e+00
-1.000000000000000000e+00
6.271401408716422710e-01
1.000000000000000000e+00
-7.003411996001097650e-01
5.977989545232919033e-01
-1.000000000000000000e+00
1.000000000000000000e+00
-1.000000000000000000e+00
-1.000000000000000000e+00
-1.000000000000000000e+00
1.000000000000000000e+00
-5.278966599287758799e-01
-1.000000000000000000e+00
1.000000000000000000e+00
1.000000000000000000e+00
1.000000000000000000e+00
1.000000000000000000e+00
-4.426182130205044141e-01
-1.000000000000000000e+00
-1.000000000000000000e+00
3.151305711686449573e-01
-8.615707056077049897e-01
-1.000000000000000000e+00
1.000000000000000000e+00
-1.000000000000000000e+00
-1.000000000000000000e+00
3.749950912890310240e-01
7.861249098612312913e-01
1.000000000000000000e+00
9.636225979792131247e-01
1.000000000000000000e+00
3.618503048504163877e-02
-6.819014984656230904e-01
9.805995361155070977e-01
5.978780791704236819e-01
1.000000000000000000e+00
-1.000000000000000000e+00
-1.000000000000000000e+00
-3.154441997812922338e-01
1.000000000000000000e+00
1.000000000000000000e+00
-1.000000000000000000e+00
-1.000000000000000000e+00
-8.318267247641815132e-01
-1.000000000000000000e+00
9.050026200773355622e-01
-1.000000000000000000e+00
1.000000000000000000e+00
1.000000000000000000e+00
1.000000000000000000e+00
4.321322794723276850e-01
7.180096024893380946e-01
1.000000000000000000e+00
-1.000000000000000000e+00
-2.285562673076713125e-01
1.420596166013077255e-01
2.008078017690959616e-01
2.613224388511233842e-01
7.503647864305958981e-01
6.654308719895509761e-01
-3.649643960548656363e-01
-1.000000000000000000e+00
9.675064346265433990e-01
-1.000000000000000000e+00
-7.347558701682894711e-01
-2.068917560194720728e-01
1.000000000000000000e+00
-3.097000093505665741e-01
-8.677022626816039974e-01
-1.000000000000000000e+00
-8.131054876249734775e-01
1.000000000000000000e+00
1.000000000000000000e+00
1.000000000000000000e+00
1.000000000000000000e+00
-9.585524517763380770e-01
-7.816462164136626090e-01
1.000000000000000000e+00
1.891313947194412926e-01
7.334070789966048443e-01
-7.524402755508209362e-01
8.135576711462280119e-01
1.000000000000000000e+00
6.573374151391834230e-01
1.000000000000000000e+00
8.251466007432189942e-01
6.395923019010933963e-01
1.000000000000000000e+00
-8.669842840282140362e-01
-3.745566745866129033e-01
4.565058483073651807e-01
1.000000000000000000e+00
-1.000000000000000000e+00
-2.170989088849564208e-01
-1.000000000000000000e+00
1.018519689552314089e-01
-7.484309987602568714e-01
-1.000000000000000000e+00
-8.008754811610470092e-01
9.263094749546822992e-01
6.175968358838861416e-01
-1.000000000000000000e+00
1.000000000000000000e+00
-1.000000000000000000e+00
-1.000000000000000000e+00
1.000000000000000000e+00
5.889065746083430586e-01
1.000000000000000000e+00
5.405455788911239789e-01
2.369118487866373468e-01
-6.958870662342899749e-01
1.000000000000000000e+00
-1.000000000000000000e+00
8.677283165144802357e-01
8.728014101947574599e-02
1.000000000000000000e+00
7.731570588674612221e-01
4.196392451529047385e-01
1.795440220539604725e-01
-7.984103281932710683e-01
7.131041607968610085e-01
-8.919259682698181813e-01
1.000000000000000000e+00
-3.440291311359275905e-01
-1.000000000000000000e+00
1.000000000000000000e+00
-6.945538278957746892e-01
-1.000000000000000000e+00
2.534218866885717958e-01
-7.681457369221175169e-01
-1.000000000000000000e+00
-8.780169403717792420e-01
-1.000000000000000000e+00
1.000000000000000000e+00
-1.000000000000000000e+00
1.000000000000000000e+00
2.081750802247293586e-01
1.000000000000000000e+00
-7.281093124318285259e-01
1.000000000000000000e+00
-1.000000000000000000e+00
8.964782461247530199e-01
-1.000000000000000000e+00
-5.140671524485967980e-01
-1.000000000000000000e+00
2.809339179093875427e-01
-8.508166145517326306e-01
-1.000000000000000000e+00
1.000000000000000000e+00
-2.588704833911048553e-01
3.181277135333234196e-01
1.000000000000000000e+00
-7.987151047739096121e-01
1.000000000000000000e+00
5.387592626056959544e-01
1.000000000000000000e+00
-1.000000000000000000e+00
1.000000000000000000e+00
-5.322705734450793313e-01
3.380452125652804174e-01
-1.000000000000000000e+00
1.000000000000000000e+00
-2.251844020399051960e-01
-5.359838726592017766e-01
1.000000000000000000e+00
-1.000000000000000000e+00
-1.000000000000000000e+00
1.000000000000000000e+00
1.000000000000000000e+00
-9.603900763913625349e-01
1.000000000000000000e+00
1.000000000000000000e+00
-1.000000000000000000e+00
1.000000000000000000e+00
1.033891904716810473e-01
8.428561446088683740e-02
9.442025281225054911e-01
8.064916289648538239e-01
8.603047976511075667e-01
-2.652373973705231536e-01
-4.049582637907396254e-01
-1.000000000000000000e+00
-3.509796663213745616e-01
-9.075957401170123839e-01
8.239039613153037456e-01
-2.608718564551936181e-01
-2.392362951665523707e-01
1.000000000000000000e+00
-2.561515830965005458e-01
-5.260543279410434536e-02
-8.780656609861744455e-01
5.706713114879566895e-01
-1.000000000000000000e+00
-1.000000000000000000e+00
1.000000000000000000e+00
1.000000000000000000e+00
-1.000000000000000000e+00
1.000000000000000000e+00
-7.491084772831506644e-01
-6.085925709269778272e-01
-6.931618260645356910e-01
3.668632572131730329e-02
1.000000000000000000e+00
-4.222983952872084168e-01
1.000000000000000000e+00
1.000000000000000000e+00
-1.000000000000000000e+00
3.226496368573916751e-03
3.763852490221909486e-01
8.077374919953745902e-01
2.021420293558242043e-01
-1.000000000000000000e+00
4.949539074116672266e-01
1.000000000000000000e+00
1.000000000000000000e+00
-1.000000000000000000e+00
-5.685182011556859649e-01
-7.236376520276845969e-01
1.291949026336395301e-01
-5.388874931653281353e-01
5.639793245902191554e-01
1.000000000000000000e+00
-1.000000000000000000e+00
-1.000000000000000000e+00
-4.330346702224625033e-01
-9.575848653035071156e-02
-7.973704141170462334e-01
1.000000000000000000e+00
-1.000000000000000000e+00
-2.799454163371560833e-01
1.000000000000000000e+00
1.000000000000000000e+00
-6.580939489325990932e-01
1.000000000000000000e+00
1.000000000000000000e+00
1.000000000000000000e+00
4.722848090028824997e-02
1.000000000000000000e+00
-1.000000000000000000e+00
-1.846700544401750910e-01
-1.000000000000000000e+00
1.000000000000000000e+00
1.000000000000000000e+00
1.000000000000000000e+00
-1.000000000000000000e+00
-8.429622434137369336e-01
1.000000000000000000e+00
-3.402570397276146741e-01
1.000000000000000000e+00
2.347036535486493602e-01
-5.526548369927292148e-02
-9.372826365744543198e-01
-1.000000000000000000e+00
9.089054120824606731e-01
1.000000000000000000e+00
8.636911275551492073e-01
1.811615820095131557e-01
1.000000000000000000e+00
-2.385094539131732139e-01
8.975251132945758492e-01
-1.242716331623405779e-01
1.047823381256428599e-01
