1.000000000000000000e+00
-3.971549397439852469e-01
1.000000000000000000e+00
1.000000000000000000e+00
-1.000000000000000000e+00
-1.722249878871325857e-01
1.000000000000000000e+00
1.000000000000000000e+00
-7.221913852370682729e-01
1.000000000000000000e+00
1.000000000000000000e+00
-1.000000000000000000e+00
-1.000000000000000000e+00
-1.000000000000000000e+00
-1.000000000000000000e+00
1.000000000000000000e+00
1.000000000000000000e+00
1.000000000000000000e+00
1.000000000000000000e+00
8.589959092872898605e-01
-1.000000000000000000e+00
-1.000000000000000000e+00
-1.000000000000000000e+00
-1.000000000000000000e+00
-1.000000000000000000e+00
1.000000000000000000e+00
1.000000000000000000e+00
1.000000000000000000e+00
-9.904549302220849727e-01
-1.000000000000000000e+00
-1.000000000000000000e+00
4.767633875907517083e-01
-3.050221593002412912e-01
1.000000000000000000e+00
1.000000000000000000e+00
4.251774457909226479e-01
-1.000000000000000000e+00
-1.000000000000000000e+00
7.224880984900212688e-01
-1.000000000000000000e+00
1.000000000000000000e+00
2.076029159175285521e-01
-1.000000000000000000e+00
-1.000000000000000000e+00
1.000000000000000000e+00
-2.554397375154870975e-02
-1.000000000000000000e+00
1.000000000000000000e+00
-1.000000000000000000e+00
1.000000000000000000e+00
1.000000000000000000e+00
3.615304186926966423e-01
3.979180904170982469e-01
-1.000000000000000000e+00
1.000000000000000000e+00
1.000000000000000000e+00
1.000000000000000000e+00
1.000000000000000000e+00
1.000000000000000000e+00
-3.312381077718995481e-01
8.583627892998867415e-01
-9.524727505520553805e-01
-5.629746937024788789e-01
9.925430077541396168e-01
1.418863732985774506e-01
-1.000000000000000000e+00
-1.000000000000000000e+00
1.000000000000000000e+00
-1.000000000000000000e+00
1.000000000000000000e+00
8.203528451645202280e-01
1.000000000000000000e+00
1.000000000000000000e+00
9.873560266864054302e-01
-6.797390194313380762e-01
8.820524214084016768e-01
-9.224775001908164240e-02
1.000000000000000000e+00
-1.000000000000000000e+00
-1.000000000000000000e+00
1.000000000000000000e+00
-1.000000000000000000e+00
1.000000000000000000e+00
1.000000000000000000e+00
-1.000000000000000000e+00
-1.000000000000000000e+00
-1.000000000000000000e+00
1.000000000000000000e+00
-1.000000000000000000e+00
-1.000000000000000000e+00
1.000000000000000000e+00
1.000000000000000000e+00
-1.000000000000000000e+00
1.000000000000000000e+00
-2.414369453981899394e-01
1.000000000000000000e+00
7.612712093669375957e-01
-1.000000000000000000e+00
-1.000000000000000000e+00
-5.113576176359215797e-01
9.642124593061029980e-01
7.896364015583390294e-01
1.000000000000000000e+00
-1.000000000000000000e+00
1.000000000000000000e+00
-1.000000000000000000e+00
-9.026138482403017749e-01
1.000000000000000000e+00
1.134225564319610857e-01
-1.000000000000000000e+00
-1.000000000000000000e+00
-1.000000000000000000e+00
-5.319429667015761476e-01
9.863378691177177027e-03
1.000000000000000000e+00
-2.432703238533742152e-01
-1.000000000000000000e+00
5.725507824994781059e-01
-1.000000000000000000e+00
-9.389474599401739230e-01
1.000000000000000000e+00
1.000000000000000000e+00
-1.000000000000000000e+00
-4.020790346350705535e-01
1.000000000000000000e+00
-1.000000000000000000e+00
-1.000000000000000000e+00
-1.000000000000000000e+00
-4.852920705719289129e-01
-3.156302138721209793e-01
-6.067282242648206481e-01
-1.000000000000000000e+00
9.887264836657450040e-01
9.709356326553620908e-01
1.000000000000000000e+00
-1.395011695761115278e-01
-7.372198448322485609e-01
-1.000000000000000000e+00
4.452185760880714716e-01
1.000000000000000000e+00
-1.000000000000000000e+00
-1.000000000000000000e+00
1.000000000000000000e+00
-7.442328087046323759e-01
7.300686493885507611e-01
-1.000000000000000000e+00
-1.000000000000000000e+00
-1.000000000000000000e+00
-1.000000000000000000e+00
1.000000000000000000e+00
-1.000000000000000000e+00
1.000000000000000000e+00
4.290564924488847742e-01
-1.000000000000000000e+00
1.000000000000000000e+00
6.648321199650301105e-01
-8.903842452581137712e-01
-1.000000000000000000e+00
1.000000000000000000e+00
9.173309038007677607e-01
-1.000000000000000000e+00
1.000000000000000000e+00
-1.000000000000000000e+00
1.000000000000000000e+00
3.752983997493710699e-01
-1.000000000000000000e+00
7.912633498969532386e-01
1.000000000000000000e+00
-7.775830600610144083e-01
-5.804127379091982286e-01
-2.033201397318411541e-01
1.000000000000000000e+00
5.243485410421802051e-01
8.835434054596309483e-01
1.000000000000000000e+00
-1.000000000000000000e+00
-6.772179873469619249e-01
-1.000000000000000000e+00
-9.300029980518921269e-01
-1.000000000000000000e+00
-3.747870519851130844e-01
-1.000000000000000000e+00
8.825394796893256677e-01
-1.000000000000000000e+00
-1.000000000000000000e+00
-1.000000000000000000e+00
-1.000000000000000000e+00
1.000000000000000000e+00
-1.000000000000000000e+00
1.000000000000000000e+00
-5.916117556757723994e-01
1.000000000000000000e+00
3.174923046746852551e-01
-8.925364363391371514e-01
-7.275061797761990245e-01
1.000000000000000000e+00
-1.000000000000000000e+00
7.106978322846717600e-01
1.000000000000000000e+00
-1.000000000000000000e+00
-6.921368513410532108e-02
1.000000000000000000e+00
8.401495095171881422e-01
1.000000000000000000e+00
-1.000000000000000000e+00
-2.477457554768515147e-01
1.000000000000000000e+00
-9.541334283532227900e-01
7.367198898591138523e-01
2.310501615961861877e-01
-1.000000000000000000e+00
3.658824200745842692e-01
1.000000000000000000e+00
1.000000000000000000e+00
1.106586544373524411e-01
-6.269973904320131908e-01
3.221789334208264854e-01
-6.118036136284552562e-01
1.000000000000000000e+00
3.883652227731811957e-01
-1.000000000000000000e+00
-1.000000000000000000e+00
5.818197674454407275e-01
1.000000000000000000e+00
1.000000000000000000e+00
-1.000000000000000000e+00
-1.000000000000000000e+00
-1.000000000000000000e+00
-3.856404866883131888e-01
-1.000000000000000000e+00
-2.103528466288382415e-01
1.000000000000000000e+00
1.000000000000000000e+00
-6.537797324787625319e-01
3.588667485907792720e-01
-4.682703619066413414e-01
1.000000000000000000e+00
3.531455844668899280e-01
-1.000000000000000000e+00
-1.629292470426649542e-01
1.000000000000000000e+00
4.854947940132047224e-01
9.730465359788551538e-01
-1.000000000000000000e+00
-3.023525234975895648e-01
1.000000000000000000e+00
1.000000000000000000e+00
9.986344732351482012e-01
1.000000000000000000e+00
7.856716882726755280e-02
-5.638885497774737132e-01
-1.000000000000000000e+00
-6.898951037494529537e-01
5.685406464554532135e-02
-3.787838414390749531e-01
-1.000000000000000000e+00
5.192050083764545576e-01
-1.000000000000000000e+00
-2.220959061367212550e-01
1.000000000000000000e+00
1.957153336022043888e-02
1.000000000000000000e+00
-3.283855962984864596e-01
-1.000000000000000000e+00
-1.000000000000000000e+00
