4.782285256393481454e-01
-9.533838170565286929e-02
-6.135469044024797203e-01
4.420988444897000491e-02
-4.024205937228794161e-01
1.000000000000000000e+00
-9.763106440909130601e-01
-1.000000000000000000e+00
-1.000000000000000000e+00
7.364267194548184126e-01
-1.000000000000000000e+00
1.000000000000000000e+00
-8.894703260033353098e-01
6.141854245794137190e-02
-9.223487062321444885e-01
-7.376833043819202018e-01
-3.375819506787095525e-01
1.000000000000000000e+00
1.000000000000000000e+00
-1.000000000000000000e+00
2.169735475051215445e-01
-1.000000000000000000e+00
-6.615299353601684640e-01
2.118642685255450742e-01
-1.000000000000000000e+00
1.000000000000000000e+00
-6.311888511129297719e-01
1.000000000000000000e+00
-2.650529411149087355e-01
-1.000000000000000000e+00
6.059811685510669843e-01
-1.000000000000000000e+00
-1.000000000000000000e+00
1.000000000000000000e+00
1.000000000000000000e+00
1.310955983228032640e-01
-1.000000000000000000e+00
8.706612404876034050e-01
-1.000000000000000000e+00
4.495264150499829747e-01
-1.000000000000000000e+00
-1.959544168999627356e-01
-6.261942883124449466e-02
3.084335907267587995e-02
1.000000000000000000e+00
-1.635069818102776740e-01
7.942130634233828257e-01
2.131730397765983498e-01
7.643809095137561460e-01
9.788498767713622595e-01
6.274486941885060176e-02
-1.000000000000000000e+00
1.000000000000000000e+00
6.058232705823909381e-01
-1.000000000000000000e+00
1.000000000000000000e+00
-1.000000000000000000e+00
1.000000000000000000e+00
-1.000000000000000000e+00
-1.629751740095538026e-01
3.666917083331156513e-01
4.095267738326743290e-01
3.345188084300356746e-01
-1.000000000000000000e+00
1.000000000000000000e+00
1.000000000000000000e+00
-1.000000000000000000e+00
5.765566087240334703e-01
3.915338879210781275e-01
-1.000000000000000000e+00
-1.000000000000000000e+00
-6.331165804170679756e-02
1.000000000000000000e+00
-3.609283638192813948e-01
1.000000000000000000e+00
-2.365454882197042807e-01
-1.000000000000000000e+00
-1.000000000000000000e+00
5.507944696747204549e-01
6.355232577718110676e-01
-1.000000000000000000e+00
1.000000000000000000e+00
1.000000000000000000e+00
-1.000000000000000000e+00
-2.586086980891733056e-02
1.000000000000000000e+00
1.000000000000000000e+00
-3.907211533465336784e-01
-8.436713094993565365e-01
1.000000000000000000e+00
1.000000000000000000e+00
-1.000000000000000000e+00
-9.396089116823309606e-01
-6.219664969160536988e-02
1.000000000000000000e+00
1.272128061551849321e-01
1.000000000000000000e+00
1.000000000000000000e+00
3.536172474384603470e-01
-1.894635803604254320e-01
-1.000000000000000000e+00
7.468770130577020439e-01
2.619087125139695216e-01
-1.000000000000000000e+00
-1.000000000000000000e+00
7.382322994722312348e-01
-1.000000000000000000e+00
-1.000000000000000000e+00
-5.304244764263718048e-01
-9.870517294597580538e-01
-1.000000000000000000e+00
8.336893961048942314e-01
-3.816379455108754315e-01
2.460911229736764128e-01
6.153142443886010504e-01
-1.000000000000000000e+00
-1.000000000000000000e+00
9.269405608930404439e-01
6.875353769809651183e-01
-5.588121494288575963e-01
-7.484899296280624892e-01
1.000000000000000000e+00
-6.495517549724318940e-01
-1.000000000000000000e+00
7.448900758474744643e-01
4.671350558090183180e-01
2.184127205296684249e-01
1.000000000000000000e+00
4.246251196575629994e-01
-9.960161123894530899e-01
-3.250960095772402747e-01
-1.000000000000000000e+00
-1.565083530667787381e-01
6.939699642771646193e-02
4.747156356188574344e-01
-1.000000000000000000e+00
1.000000000000000000e+00
-1.000000000000000000e+00
-7.229316841660216042e-01
-5.834893849740614424e-01
2.307532063516727905e-01
1.000000000000000000e+00
6.242982112776614134e-02
1.000000000000000000e+00
-1.000000000000000000e+00
1.000000000000000000e+00
-1.000000000000000000e+00
1.000000000000000000e+00
1.000000000000000000e+00
-3.563690874752749038e-01
1.000000000000000000e+00
7.428427099866056205e-01
-7.908992827430909589e-01
-1.000000000000000000e+00
-9.000272825561220769e-01
-1.000000000000000000e+00
5.641307751306652296e-01
-6.570648474266640449e-01
1.000000000000000000e+00
-1.000000000000000000e+00
9.017191283191154927e-01
3.178406945468762457e-01
1.000000000000000000e+00
-1.000000000000000000e+00
-1.000000000000000000e+00
-1.000000000000000000e+00
7.437575724255334197e-01
1.000000000000000000e+00
-9.388694554678026494e-01
1.000000000000000000e+00
2.632852785518804972e-01
-7.145756771722966416e-01
-9.527388644073524482e-01
1.000000000000000000e+00
1.000000000000000000e+00
-4.846068964656631284e-01
-1.469421457666830744e-01
-1.000000000000000000e+00
-7.462699964354193582e-01
-1.000000000000000000e+00
1.000000000000000000e+00
8.191778040637973657e-01
-9.933147537716191522e-01
7.246972330982633936e-01
5.228903254581930282e-01
-6.927156362061304140e-01
-7.515606738630176142e-02
5.124130079737592158e-01
-1.000000000000000000e+00
-3.929858673904300104e-01
-1.615672290631898766e-01
1.000000000000000000e+00
-1.000000000000000000e+00
-1.000000000000000000e+00
7.647222463276788229e-01
-1.000000000000000000e+00
5.527275435885099508e-01
1.000000000000000000e+00
1.000000000000000000e+00
-1.674124616988263980e-01
-1.000000000000000000e+00
1.000000000000000000e+00
-9.817321791121702557e-01
4.363044165194116530e-01
-6.187842259960720792e-01
1.000000000000000000e+00
-2.030137742240738508e-01
-6.074570780307972928e-01
1.000000000000000000e+00
5.324446899697721225e-02
-1.000000000000000000e+00
-1.000000000000000000e+00
1.000000000000000000e+00
1.000000000000000000e+00
2.166470199760901494e-01
-1.000000000000000000e+00
-1.000000000000000000e+00
-6.230614754452235005e-02
-1.000000000000000000e+00
1.000000000000000000e+00
-1.000000000000000000e+00
1.000000000000000000e+00
1.000000000000000000e+00
1.000000000000000000e+00
-2.228592611772949317e-01
9.767678671633283072e-01
6.283916987666848808e-02
2.242391831133094815e-01
1.000000000000000000e+00
-9.964415300042874790e-01
-1.000000000000000000e+00
-5.148841843945672903e-01
3.877594292339880955e-01
-1.000000000000000000e+00
-6.166776529327875345e-01
9.799191148286086062e-01
1.000000000000000000e+00
1.000000000000000000e+00
3.278752494351099278e-01
1.000000000000000000e+00
-1.000000000000000000e+00
-1.000000000000000000e+00
1.000000000000000000e+00
8.749417246195194675e-01
-1.000000000000000000e+00
-5.075062160656665933e-01
-2.905277176931384542e-01
3.347756490119939143e-01
1.000000000000000000e+00
-7.440777416700847802e-01
-1.000000000000000000e+00
-1.523545401497958252e-01
-1.000000000000000000e+00
1.000000000000000000e+00
1.000000000000000000e+00
-7.084423838542268648e-01
1.000000000000000000e+00
7.574209879004502044e-01
-7.585110939827124366e-01
1.000000000000000000e+00
6.920652883444724512e-01
-1.000000000000000000e+00
1.000000000000000000e+00
7.080510495497749357e-01
-6.105807424544200668e-01
