2.265067162407352619e-02
-8.838481775509765548e-02
-5.616268985891690324e-01
5.929895453881754985e-01
-6.260703139024825781e-01
2.290646743719619849e-01
7.893624717002571956e-01
8.428257003196346631e-01
-7.844232462273450501e-01
-5.752817093753903599e-02
3.555296039454240997e-01
2.957885328570417638e-01
-5.456625889549413522e-01
1.151568768246340468e-01
2.995069898837086075e-01
2.639787718966744023e-01
-3.606574963741673301e-01
7.085229561629233785e-01
4.056733417933029440e-01
-9.650274228017250433e-01
4.582477993841014285e-01
-4.744401494656873552e-01
2.236886751228044368e-01
-6.803623742427327148e-01
7.882502381771299138e-01
2.088581595146847825e-01
-9.649873893115188395e-01
8.822933664228396200e-01
-1.889135802331829428e-01
7.360530120518034014e-01
1.282332308875682170e-01
-1.280687216087079694e-01
5.924715136823637263e-01
-4.118237985984598559e-01
-6.035478854853952857e-01
1.878335816505674050e-01
2.472411468685022928e-01
-7.553932890172176950e-01
7.497322980709475448e-01
-1.723485583777513153e-01
3.002714352342681359e-01
9.886547359694903836e-01
3.104671785345396451e-01
2.753023518985675544e-01
9.798876985062294764e-01
5.435892580692667231e-01
-3.635637869805741218e-01
8.576453092137377165e-01
-6.956150316105222942e-01
-7.239110493302920446e-01
7.364121306212287887e-01
8.918372955139433067e-01
4.078608455953574019e-01
1.326355648028507694e-01
4.552678712708213560e-01
-4.138089799117414813e-01
4.996024317452654184e-01
6.673303133869032955e-01
3.533360241915406430e-01
8.364561231804064079e-01
-8.539350051222349691e-01
6.775740658754403345e-01
-7.611018299837473133e-01
-7.689318359867742814e-01
3.701988412707679643e-02
7.695002654989921975e-01
5.238072237434339140e-01
8.375090208711455375e-02
-2.345695926518782670e-01
-9.795893164881259718e-01
3.489396904008834621e-01
-3.633466496088235687e-01
5.731219363766750785e-01
4.404613398600871754e-01
1.447393183057952282e-01
-5.125221229044005788e-01
-7.697168772396478786e-01
-8.984393910944790118e-01
5.994553044944217479e-01
-2.327874793624176153e-01
-2.030766466506466195e-01
6.856166092015045788e-01
3.459059448678150073e-01
8.636632719472348008e-02
-9.108657849542647345e-01
-4.674965762092533339e-01
-2.100638193622166305e-01
-2.583170669676162490e-01
9.655697887888450293e-01
2.547738182799688111e-01
-9.045864008893751418e-01
-3.967923407196154439e-01
7.007023910969483182e-01
-8.741182152577329223e-01
-9.589131650652835681e-01
9.535599145355599937e-01
-7.741253613319205584e-01
-4.339777162481615047e-01
4.526768576897424179e-01
9.988818589768502232e-01
-8.475318547370653821e-01
-6.162280151910037862e-01
-4.587354537353762751e-01
-6.060070382852680293e-01
-3.524220523403891470e-01
4.501050558411752167e-01
-9.727501982400783564e-01
1.385469976531226166e-01
-9.074132611051055619e-02
-8.189702702130878809e-01
-1.367919699180908388e-02
-3.785386713248912738e-01
4.838813347924879604e-01
-4.273603183335694666e-05
8.073323346730905126e-01
-1.490446673262679766e-01
9.338763183453431260e-01
-9.792244431204271127e-01
-2.731897054027172533e-01
2.375548290018101305e-01
-3.244626868810798204e-01
-3.216723475553500133e-01
-3.793699390574558628e-01
7.056872096508233216e-01
-6.209395808312812015e-01
-3.169397460403233779e-01
5.710805720313465450e-01
-9.413347645848446632e-03
8.739174865114283097e-01
-5.951254933537839520e-01
6.563163423767768290e-01
-4.927937602808107886e-01
6.059942386171217610e-01
2.508112180454906692e-01
-3.992429369722623189e-01
-6.407216115981726468e-01
8.533229395197163836e-01
-6.739043773839765716e-01
-9.439813222955037997e-01
2.283006919259109591e-01
6.937771252723821114e-01
9.781024341815771628e-01
8.956264539173308670e-02
1.062725441045175856e-02
-6.569884094412892228e-01
-9.377966564533584126e-01
-1.387044979791440813e-01
-1.003901475121806719e-01
-7.178308514625479919e-01
-9.393329200753766095e-01
-3.363678588285661242e-01
9.497114300308986401e-01
-5.039099925876822095e-01
-1.821195070691821183e-01
-9.817217521952992243e-02
-4.297636691979360712e-01
5.683838670422696193e-01
3.362145332687462851e-01
4.491926208123739883e-01
3.169101315426334775e-01
1.409821302774090235e-01
-7.738459305157323609e-01
7.422656355379997350e-01
9.548209759983610212e-01
-5.825088527217081591e-02
-9.877531330651603270e-01
9.619694790890609415e-01
5.384117965640258241e-01
-5.665482966442918489e-01
-4.582639349953347985e-01
-3.953705641050500041e-01
-6.244197054847147044e-01
3.739731639129162399e-01
5.898065180615610359e-01
-7.827419053897131107e-01
1.710174710129277464e-01
-1.475295725543155356e-01
-9.653085283780127313e-01
4.668584292013076009e-01
7.579936111306067037e-01
7.240502626261828834e-01
7.603063234563371964e-01
-4.619388781935780397e-01
1.968117803859386061e-01
8.363641156441294910e-01
-6.814204512885349008e-01
-2.210734457531438046e-01
1.332462477534224199e-01
1.217181159958879988e-01
-4.265794771425537313e-01
-2.678603056743278366e-01
-9.536080283646852784e-02
7.693129012216792795e-02
7.859766837329329459e-01
-6.987056633693333740e-01
-5.269736157704767443e-01
-6.573163207071568426e-01
-2.374976549373837287e-01
9.777893275807936213e-01
-1.793817752522346431e-01
2.134876056259320531e-01
9.125479576062278664e-01
-5.897963358765550002e-01
-2.227493526630317522e-01
5.009195947147140338e-01
-1.152910889460234678e-02
2.563508101951939011e-03
-4.001843616578715235e-02
7.290647305260904432e-01
-9.723686472173171946e-01
4.743940157710913041e-01
-4.405181494305177026e-02
-2.637378393425466871e-01
-4.515656161419934200e-01
6.157502132324297328e-01
2.401372426113110858e-01
-8.272637805385543164e-01
-5.364830081472393708e-02
6.103683058778854864e-01
4.864426099444336682e-01
-1.799198863088977696e-01
-8.781824366453112596e-01
1.131242486735506425e-02
-5.745859603913836544e-01
-7.605772437173514700e-01
-2.211184678410074156e-01
9.337278078616386701e-01
3.518820286516874951e-01
6.802012376763026946e-01
-6.083908147450758364e-01
-9.822663255714132458e-01
4.328554287821479996e-01
-4.645769748655732556e-01
5.325436760653208257e-01
9.647177128817707725e-02
6.655726862588189352e-01
-4.600562470517655100e-03
5.767858010315194406e-01
-8.002547329528997277e-01
8.203176429458336472e-01
5.839084443994129181e-01
9.451488013230744389e-01
-9.104195709209381704e-01
8.072476626317550696e-01
2.209686919662257054e-02
-2.778230681566609128e-01
1.361648723901558444e-01
6.410076779693287818e-01
4.146562614112996314e-01
-5.046905360254636541e-01
-9.436260214761076348e-01
1.274797942110832416e-01
-1.568840340150174928e-01
3.659363136220725732e-01
-1.709042237351652282e-01
-2.868982586147212910e-01
4.010832901490115621e-01
8.984071789794356722e-01
7.417187286322981521e-01
5.462421146393066085e-01
-9.084892392844967635e-01
3.237217557893916631e-01
-8.556932204633063144e-01
5.126334257882985135e-01
1.336895867161469464e-01
