1.000000000000000000e+00
-1.000000000000000000e+00
-1.000000000000000000e+00
-1.000000000000000000e+00
-1.000000000000000000e+00
1.000000000000000000e+00
-1.568038759623671119e-01
7.598796881696576744e-01
-6.336277851858467258e-01
-4.678001904719009119e-03
1.000000000000000000e+00
1.000000000000000000e+00
1.000000000000000000e+00
1.000000000000000000e+00
5.349969347831851074e-01
1.000000000000000000e+00
-1.000000000000000000e+00
-1.000000000000000000e+00
1.000000000000000000e+00
-1.000000000000000000e+00
7.713691762316676748e-01
-1.000000000000000000e+00
-1.000000000000000000e+00
-1.000000000000000000e+00
-7.275237812223720457e-01
2.613676862181855132e-01
-1.000000000000000000e+00
-1.000000000000000000e+00
-7.346267201710010575e-01
-1.000000000000000000e+00
1.000000000000000000e+00
-1.000000000000000000e+00
1.000000000000000000e+00
1.716237435941812550e-01
1.000000000000000000e+00
1.000000000000000000e+00
-1.000000000000000000e+00
-1.000000000000000000e+00
1.828607925108673982e-01
-1.000000000000000000e+00
1.000000000000000000e+00
-1.000000000000000000e+00
-2.062497007715494157e-01
3.322672590477798171e-01
1.000000000000000000e+00
9.780667264809093098e-01
6.112009790589560954e-01
-1.000000000000000000e+00
-1.000000000000000000e+00
-4.045011885064028201e-01
3.451045141819698570e-01
-1.000000000000000000e+00
-1.000000000000000000e+00
-1.000000000000000000e+00
1.112835580841520233e-03
-1.000000000000000000e+00
1.000000000000000000e+00
6.700069610280940946e-01
1.000000000000000000e+00
5.224774947673853642e-01
1.000000000000000000e+00
4.072088227317263165e-01
-1.000000000000000000e+00
-1.000000000000000000e+00
2.610079755459507878e-01
-1.000000000000000000e+00
1.000000000000000000e+00
7.023860303877369482e-01
1.000000000000000000e+00
-1.000000000000000000e+00
5.592347496783247607e-01
1.000000000000000000e+00
1.000000000000000000e+00
1.000000000000000000e+00
-1.000000000000000000e+00
1.000000000000000000e+00
1.000000000000000000e+00
-1.000000000000000000e+00
-1.000000000000000000e+00
2.955224215145494382e-01
-1.000000000000000000e+00
1.000000000000000000e+00
-1.000000000000000000e+00
5.583041675245903335e-02
-1.000000000000000000e+00
-1.000000000000000000e+00
1.000000000000000000e+00
2.945553697724373476e-01
-1.000000000000000000e+00
-1.000000000000000000e+00
-1.000000000000000000e+00
1.000000000000000000e+00
1.000000000000000000e+00
-4.644587793499230788e-01
-1.000000000000000000e+00
1.000000000000000000e+00
-4.065422175011780270e-01
-1.000000000000000000e+00
1.000000000000000000e+00
-1.000000000000000000e+00
-1.000000000000000000e+00
1.000000000000000000e+00
-2.185009330985027143e-01
1.264005270608623555e-01
2.424564194014032781e-01
1.000000000000000000e+00
4.802877274036423394e-01
1.000000000000000000e+00
-4.501418543869482036e-01
1.000000000000000000e+00
-8.425100843604675926e-01
-1.000000000000000000e+00
-1.000000000000000000e+00
-1.000000000000000000e+00
-8.977498186000593128e-01
1.000000000000000000e+00
8.101921896630481790e-02
-1.000000000000000000e+00
1.000000000000000000e+00
-9.349494226250535389e-01
1.000000000000000000e+00
1.000000000000000000e+00
3.345066171800626931e-01
1.000000000000000000e+00
1.000000000000000000e+00
5.711877710718197276e-01
1.000000000000000000e+00
-9.283987452159814246e-02
5.040104149277342405e-01
-5.372335540430466239e-01
-9.770379234621847653e-01
1.833546839491987379e-01
-5.128181233930833027e-01
1.000000000000000000e+00
9.607578466223837266e-01
1.000000000000000000e+00
-1.000000000000000000e+00
-6.849719633320022760e-01
-1.751241035570904048e-01
1.000000000000000000e+00
-1.000000000000000000e+00
1.000000000000000000e+00
1.000000000000000000e+00
1.000000000000000000e+00
1.000000000000000000e+00
-1.000000000000000000e+00
-1.000000000000000000e+00
1.000000000000000000e+00
-1.309542582762692753e-01
1.778077459204319144e-01
-5.468790191340457962e-01
1.000000000000000000e+00
-4.012449410475679157e-01
8.775138071551994434e-01
-1.000000000000000000e+00
-1.000000000000000000e+00
1.000000000000000000e+00
-1.000000000000000000e+00
3.220736998835493914e-01
-2.612342272381358299e-01
1.000000000000000000e+00
-1.000000000000000000e+00
-1.000000000000000000e+00
-2.115146397882872176e-01
4.880913769850019346e-01
-7.058124998209560630e-01
-1.000000000000000000e+00
5.323667928477203715e-01
2.759092880620378496e-01
-1.000000000000000000e+00
1.000000000000000000e+00
-1.000000000000000000e+00
-1.000000000000000000e+00
5.104942610291770544e-01
1.000000000000000000e+00
-1.000000000000000000e+00
1.000000000000000000e+00
-1.000000000000000000e+00
-1.000000000000000000e+00
1.000000000000000000e+00
-1.000000000000000000e+00
-1.000000000000000000e+00
1.000000000000000000e+00
1.000000000000000000e+00
1.000000000000000000e+00
-1.000000000000000000e+00
1.000000000000000000e+00
-8.191275906463248990e-01
1.000000000000000000e+00
1.000000000000000000e+00
-2.803328353747058799e-02
-1.000000000000000000e+00
-9.015819436935672559e-01
1.000000000000000000e+00
1.000000000000000000e+00
1.000000000000000000e+00
-1.000000000000000000e+00
-3.709424426311650480e-01
2.603125137685776691e-01
3.384569631463016925e-01
-1.000000000000000000e+00
-8.760852734644586359e-01
-1.000000000000000000e+00
-1.000000000000000000e+00
-1.000000000000000000e+00
2.397245135984922282e-01
1.000000000000000000e+00
-1.364079518150929649e-01
-1.000000000000000000e+00
9.887464884236473184e-01
-3.206796665461335016e-01
3.884081631460692963e-01
9.084014871186392170e-01
1.000000000000000000e+00
6.509778609800673799e-01
-1.000000000000000000e+00
-1.000000000000000000e+00
1.000000000000000000e+00
1.000000000000000000e+00
2.554850690121118761e-01
1.000000000000000000e+00
-1.000000000000000000e+00
-1.000000000000000000e+00
7.553768334322094047e-01
-5.245313052629894113e-01
-2.468973899060084021e-01
1.000000000000000000e+00
1.000000000000000000e+00
1.000000000000000000e+00
-8.315271006700277745e-01
7.827393232415368329e-01
1.000000000000000000e+00
-1.000000000000000000e+00
-5.052229721125802708e-01
-1.000000000000000000e+00
-1.000000000000000000e+00
4.722968054594932630e-01
3.687386263573040335e-01
6.503489479859704270e-01
-1.000000000000000000e+00
-7.314755682398081937e-01
4.281781381134895925e-01
1.000000000000000000e+00
-9.060614888352487295e-01
4.754604615793092126e-01
-4.348517584167018168e-01
-1.000000000000000000e+00
1.000000000000000000e+00
1.000000000000000000e+00
1.000000000000000000e+00
1.000000000000000000e+00
2.264348077755999888e-01
8.184384861232507635e-01
1.000000000000000000e+00
-3.047091773532828451e-01
-1.000000000000000000e+00
-4.014474294539004395e-01
-1.000000000000000000e+00
8.702796455230847883e-01
1.000000000000000000e+00
7.026382597342226699e-01
-1.000000000000000000e+00
1.000000000000000000e+00
-9.299028404201873377e-01
-1.000000000000000000e+00
