-2.039471208190037910e-01
-1.000000000000000000e+00
4.687731417691549662e-01
7.289536734385271277e-01
-9.006847535721048681e-01
1.619080957041270086e-01
1.568884215230200163e-01
1.000000000000000000e+00
1.701193329997006121e-01
-1.947093991651804856e-01
-5.127740429259235455e-01
1.000000000000000000e+00
6.351489361465494365e-01
1.107986612678288907e-01
-9.275463981886913345e-01
1.000000000000000000e+00
-7.582413151860218914e-01
-1.000000000000000000e+00
1.000000000000000000e+00
-1.000000000000000000e+00
1.000000000000000000e+00
1.000000000000000000e+00
1.000000000000000000e+00
-9.273812502225875498e-01
-1.000000000000000000e+00
6.836282895036025486e-01
-7.760293113300843482e-01
4.949969237560793989e-01
2.300262082935853325e-01
5.247763403677607741e-01
8.606601176574169010e-01
6.684766940493203080e-02
-1.000000000000000000e+00
-1.968170010513108359e-01
-4.776960120746969185e-01
-9.763853641008697348e-01
-4.476126069951515962e-01
-1.139131879305388395e-01
8.026529233929808882e-01
1.638971074442778231e-01
3.521703070523345969e-01
6.024483728170952901e-01
-2.022133545712265501e-01
3.354981399883480986e-01
1.000000000000000000e+00
1.000000000000000000e+00
-1.411338920219994408e-01
-4.084516752819244978e-01
1.000000000000000000e+00
-3.158469018413094798e-01
-5.015198541647782893e-01
-1.000000000000000000e+00
-2.563141194126600242e-02
-1.000000000000000000e+00
-1.000000000000000000e+00
-4.298719175221137334e-01
9.088770550847863339e-01
-9.878870574103348901e-01
1.000000000000000000e+00
-2.581797630905620089e-01
-6.101153666980843049e-01
-1.000000000000000000e+00
-2.625647918191762464e-01
1.000000000000000000e+00
1.000000000000000000e+00
3.168603823762586869e-01
-4.290173262512779750e-01
-1.000000000000000000e+00
-1.936779547140921043e-01
-1.000000000000000000e+00
-1.000000000000000000e+00
2.064813098908591105e-01
-7.834187783276063133e-01
-7.249093511812489954e-01
-1.000000000000000000e+00
-1.000000000000000000e+00
-2.526219567203009109e-01
4.652645162559009839e-01
-1.000000000000000000e+00
-2.973889611619190410e-01
-1.000000000000000000e+00
7.075201435513955861e-01
-8.822714055443994230e-01
-1.000000000000000000e+00
-4.034192131889231536e-01
1.000000000000000000e+00
-1.000000000000000000e+00
1.000000000000000000e+00
-9.579608904256002866e-01
1.540300722228416797e-01
6.601420633348482614e-01
-1.000000000000000000e+00
6.236969426287020113e-01
6.762627525072288925e-01
-2.359425063150088764e-01
1.000000000000000000e+00
1.000000000000000000e+00
-1.000000000000000000e+00
4.944647290314607702e-01
-5.139729308588343315e-01
-1.000000000000000000e+00
-9.295224109659387945e-01
5.960056067610808306e-01
1.000000000000000000e+00
-1.280332574720837169e-01
-6.697776839014029093e-01
-4.524587943732873430e-01
-1.000000000000000000e+00
-2.010039330891043585e-01
8.727471428257174146e-01
-1.000000000000000000e+00
4.490571689934798327e-02
-1.000000000000000000e+00
-1.000000000000000000e+00
2.392003557538753267e-01
-5.603225264687652363e-01
-7.396936768789252881e-02
-3.543025949277165410e-01
1.988870677587557534e-01
2.679640379332739464e-01
4.095244698250073423e-01
-1.000000000000000000e+00
5.127260094893431042e-01
-6.695261182898759600e-01
-4.062655008870932338e-01
7.867968965742438980e-01
-1.000000000000000000e+00
1.000000000000000000e+00
1.000000000000000000e+00
1.000000000000000000e+00
4.748130384325142117e-01
1.000000000000000000e+00
1.630029053762338531e-01
-1.000000000000000000e+00
-6.764496302768996383e-01
1.748208018650299067e-02
-5.205785990898412763e-01
-1.459074715434637015e-01
-7.081581182520562123e-01
3.195784737163940292e-01
3.231227021093305840e-01
7.151473577791880309e-01
-4.937115384579485733e-01
2.620506927589846824e-01
-1.000000000000000000e+00
2.874365342633374287e-01
-2.108202856054723906e-01
5.784130958701998448e-01
-2.437273080069675135e-01
-1.000000000000000000e+00
1.000000000000000000e+00
-7.014905755624791794e-01
4.197706511824701447e-01
7.321704956252513830e-01
1.000000000000000000e+00
-6.047040609203705452e-01
-1.000000000000000000e+00
-1.000000000000000000e+00
-1.000000000000000000e+00
-9.105339975781137074e-01
-1.000000000000000000e+00
3.496618803181381074e-02
-6.023575011320555506e-01
9.160303026252109015e-01
1.000000000000000000e+00
1.000000000000000000e+00
-4.253439451779585934e-01
1.000000000000000000e+00
1.369704235364759271e-01
-5.304129564591534285e-01
9.920314105108647418e-01
1.000000000000000000e+00
1.000000000000000000e+00
-1.000000000000000000e+00
1.534734064667300224e-01
-1.000000000000000000e+00
-6.300427085117006332e-01
-7.173695483110766880e-01
4.798389935651293237e-01
6.238661294220492204e-01
2.784069570752993883e-01
1.000000000000000000e+00
-1.000000000000000000e+00
-2.298072719998778962e-02
1.203264657194851317e-01
2.849903972470806401e-01
-4.941923591952943617e-01
1.000000000000000000e+00
-9.359388625387876637e-02
-6.436799321625146231e-01
9.590869502736585339e-01
-8.192517230022089425e-01
-5.177546487926218965e-01
-2.673057149139735911e-01
-1.000000000000000000e+00
5.339016101896778554e-01
1.068331790994778707e-01
-6.162094348739359795e-01
6.209166698822181640e-01
-8.866419279129276187e-01
7.677216367599384861e-02
1.000000000000000000e+00
1.000000000000000000e+00
-1.000000000000000000e+00
-1.000000000000000000e+00
5.441741705946021024e-02
-1.000000000000000000e+00
-8.316651609653646915e-02
-2.774680011400310065e-02
7.753551797435556114e-01
2.287082294249322967e-01
-2.263386241072528060e-01
-1.557739332623592210e-02
1.000000000000000000e+00
7.311244057961672205e-01
7.066761831585892661e-01
9.946831600263557061e-01
-1.833586662373103415e-01
-3.347731588181146467e-02
-1.000000000000000000e+00
-8.366515691575291402e-01
-8.031297504698331480e-02
6.808409538825226370e-01
4.841202727649210336e-01
-8.069651065516072475e-01
-1.000000000000000000e+00
1.000000000000000000e+00
5.024727747252211163e-01
-4.775861929251237203e-01
1.000000000000000000e+00
-7.992341061081584819e-01
1.000000000000000000e+00
4.016717480018874298e-01
1.000000000000000000e+00
6.272250760929376501e-02
-7.385753333666760234e-01
-1.000000000000000000e+00
-3.988367111070859061e-01
-7.914379701507066045e-01
3.733430680345473096e-01
9.025678342255111231e-02
-4.756111373506450857e-01
9.424642033338437308e-01
1.000000000000000000e+00
4.178298856102873327e-01
-3.595148591365046054e-01
-4.962006527774662779e-01
1.000000000000000000e+00
1.178029727838636465e-01
5.248122550286007382e-01
-1.000000000000000000e+00
-1.000000000000000000e+00
4.173333271827345259e-01
1.000000000000000000e+00
-3.249779228452511770e-01
-7.433407348965759276e-01
-7.016572441281323513e-01
1.473670163104416342e-01
5.867471125758182415e-01
9.190667961227894089e-02
3.250876360878092175e-01
7.800623165017970262e-01
-1.000000000000000000e+00
2.048960343737288303e-02
2.295981938210791551e-01
