1.000000000000000000e+00
-8.483099111744100140e-01
-1.000000000000000000e+00
-1.000000000000000000e+00
6.435884203202493214e-01
7.695432727699300646e-01
-5.725533419341131136e-01
-1.000000000000000000e+00
-1.000000000000000000e+00
-2.010600811115444975e-01
-1.000000000000000000e+00
-2.959906020945168859e-01
-1.000000000000000000e+00
-4.775233136763541442e-01
4.245713931348307768e-01
-5.460707648405842551e-01
-1.000000000000000000e+00
-1.000000000000000000e+00
-1.000000000000000000e+00
1.000000000000000000e+00
5.719973314708546308e-01
-1.000000000000000000e+00
9.597044254204983860e-02
4.427823159452248802e-01
1.000000000000000000e+00
-1.000000000000000000e+00
-1.000000000000000000e+00
-1.000000000000000000e+00
-1.000000000000000000e+00
4.025222344048364764e-01
9.490348995443399494e-01
-7.884351715111316272e-01
-1.000000000000000000e+00
-1.000000000000000000e+00
1.000000000000000000e+00
8.524762390285295366e-01
1.000000000000000000e+00
-1.000000000000000000e+00
-1.000000000000000000e+00
-1.000000000000000000e+00
1.000000000000000000e+00
1.000000000000000000e+00
1.000000000000000000e+00
-1.000000000000000000e+00
7.687965893246055948e-01
3.197388986586322535e-01
-6.579229109701136835e-01
-4.302608570960796963e-01
7.412946943210312334e-01
3.387386406673791317e-01
-6.887157216320640707e-01
-2.535927584826670467e-01
-1.000000000000000000e+00
1.000000000000000000e+00
1.000000000000000000e+00
7.735652091457643209e-01
1.000000000000000000e+00
-1.000000000000000000e+00
1.000000000000000000e+00
-1.000000000000000000e+00
1.000000000000000000e+00
-1.000000000000000000e+00
-1.000000000000000000e+00
1.000000000000000000e+00
-1.000000000000000000e+00
-1.000000000000000000e+00
-1.000000000000000000e+00
-1.000000000000000000e+00
5.758023902162402452e-01
4.804232866173344663e-01
-1.027459908790828713e-01
1.000000000000000000e+00
-7.456206245823903123e-01
1.000000000000000000e+00
-1.000000000000000000e+00
1.000000000000000000e+00
4.828939825656808349e-01
-1.000000000000000000e+00
-8.292131447995916282e-01
-1.000000000000000000e+00
-1.000000000000000000e+00
-6.390449929041372990e-01
-9.605547914412722044e-01
-2.454376696080335929e-01
1.000000000000000000e+00
-1.000000000000000000e+00
1.000000000000000000e+00
-3.775846582509472249e-01
-1.000000000000000000e+00
4.294832722256722857e-01
-3.890998155659161073e-01
-1.000000000000000000e+00
-1.000000000000000000e+00
-1.723268199927174837e-02
1.000000000000000000e+00
1.000000000000000000e+00
9.353276099635273733e-01
-1.000000000000000000e+00
1.000000000000000000e+00
-1.000000000000000000e+00
1.000000000000000000e+00
-1.000000000000000000e+00
1.000000000000000000e+00
7.201568899313146588e-01
-1.000000000000000000e+00
-1.000000000000000000e+00
-1.000000000000000000e+00
-1.000000000000000000e+00
1.000000000000000000e+00
2.224928397509779998e-01
-1.000000000000000000e+00
7.504126742242124282e-01
1.000000000000000000e+00
9.778892666092413588e-01
1.000000000000000000e+00
-7.737902339550837283e-01
1.000000000000000000e+00
1.000000000000000000e+00
1.000000000000000000e+00
1.000000000000000000e+00
-2.735185097240224739e-01
1.000000000000000000e+00
6.092891780738772800e-01
3.563757861670645011e-01
6.807744273606451957e-01
-9.221919508617166805e-01
1.000000000000000000e+00
-3.805848987906131908e-01
1.000000000000000000e+00
9.502363557698226826e-01
1.000000000000000000e+00
3.476887491625932913e-01
1.000000000000000000e+00
-1.000000000000000000e+00
1.000000000000000000e+00
1.000000000000000000e+00
1.000000000000000000e+00
-1.000000000000000000e+00
2.918419869803939859e-01
2.930011572902090355e-01
1.000000000000000000e+00
-8.362055700663129088e-01
-1.649589058058673618e-01
-1.000000000000000000e+00
-2.935177599381482150e-01
-1.000000000000000000e+00
1.000000000000000000e+00
1.000000000000000000e+00
-6.662473993229995894e-01
-4.280660576103731962e-01
1.000000000000000000e+00
2.870801650899967861e-02
1.000000000000000000e+00
1.000000000000000000e+00
1.000000000000000000e+00
-1.000000000000000000e+00
2.329852536561547449e-01
1.000000000000000000e+00
1.123370915102561429e-01
-6.583553548942044920e-01
1.000000000000000000e+00
-1.000000000000000000e+00
1.000000000000000000e+00
-2.909068409264794486e-01
-1.000000000000000000e+00
-5.799758795122761379e-01
-1.000000000000000000e+00
1.000000000000000000e+00
-1.000000000000000000e+00
1.000000000000000000e+00
-1.000000000000000000e+00
-1.000000000000000000e+00
8.148390231829915065e-01
9.744902702879587597e-02
-1.000000000000000000e+00
-1.000000000000000000e+00
3.680206206916673550e-01
-5.089713945051307364e-01
-7.262477871666902507e-01
-1.000000000000000000e+00
1.000000000000000000e+00
1.000000000000000000e+00
-1.000000000000000000e+00
-1.241224663308210241e-01
1.000000000000000000e+00
7.342907485035197190e-01
-1.000000000000000000e+00
1.000000000000000000e+00
-1.000000000000000000e+00
-1.000000000000000000e+00
-1.000000000000000000e+00
1.394544549409080236e-01
1.000000000000000000e+00
-1.000000000000000000e+00
-1.000000000000000000e+00
-1.000000000000000000e+00
-1.000000000000000000e+00
9.445273895634771488e-01
3.505064613392223638e-01
1.000000000000000000e+00
1.000000000000000000e+00
-1.000000000000000000e+00
-1.000000000000000000e+00
7.067337320604059059e-01
1.000000000000000000e+00
-1.979482671849658038e-01
1.000000000000000000e+00
-1.000000000000000000e+00
-1.000000000000000000e+00
4.713318949833612548e-01
-1.000000000000000000e+00
-1.000000000000000000e+00
-6.376104049635443749e-01
7.961120680266479122e-01
1.000000000000000000e+00
1.000000000000000000e+00
1.000000000000000000e+00
4.362090933608789856e-01
1.000000000000000000e+00
1.535644294314999492e-01
1.000000000000000000e+00
-4.370211087727621235e-01
-1.000000000000000000e+00
-1.000000000000000000e+00
-3.321304276127413080e-01
-1.000000000000000000e+00
1.000000000000000000e+00
-1.000000000000000000e+00
-1.000000000000000000e+00
-2.383181943972014771e-01
2.854229481610759400e-01
-1.000000000000000000e+00
-6.164679864747507620e-01
1.000000000000000000e+00
1.000000000000000000e+00
-1.000000000000000000e+00
1.000000000000000000e+00
1.000000000000000000e+00
8.402983692805284788e-01
1.000000000000000000e+00
9.611973424669164601e-01
-1.000000000000000000e+00
2.116195618300513448e-01
-4.255600031822619478e-01
-1.000000000000000000e+00
1.000000000000000000e+00
-6.301792525458580485e-01
9.422464508106053183e-01
1.000000000000000000e+00
-1.000000000000000000e+00
-1.000000000000000000e+00
1.000000000000000000e+00
-1.000000000000000000e+00
2.524300366034935017e-01
-6.429230028853802903e-01
-7.542484953571224615e-01
-2.283586081198853424e-01
-2.116089680170517573e-01
1.040313774655376999e-01
7.838209307685719551e-01
-1.000000000000000000e+00
4.714898419696234022e-02
-1.000000000000000000e+00
5.951455430235241817e-01
-1.000000000000000000e+00
