1.000000000000000000e+00
1.000000000000000000e+00
1.000000000000000000e+00
1.000000000000000000e+00
6.485195801944505511e-01
1.000000000000000000e+00
1.000000000000000000e+00
1.000000000000000000e+00
1.000000000000000000e+00
-1.000000000000000000e+00
1.000000000000000000e+00
-1.123650082088015756e-01
-1.000000000000000000e+00
1.000000000000000000e+00
-1.967227544764146296e-01
-1.000000000000000000e+00
-1.000000000000000000e+00
1.000000000000000000e+00
1.000000000000000000e+00
1.000000000000000000e+00
1.000000000000000000e+00
-1.000000000000000000e+00
1.000000000000000000e+00
1.000000000000000000e+00
-1.000000000000000000e+00
4.065960626811127021e-01
-1.000000000000000000e+00
1.000000000000000000e+00
1.000000000000000000e+00
-2.222334026731735968e-01
1.000000000000000000e+00
1.000000000000000000e+00
-1.000000000000000000e+00
4.250466010148867824e-01
1.000000000000000000e+00
1.000000000000000000e+00
1.000000000000000000e+00
-9.062009647765738585e-01
-1.000000000000000000e+00
4.834637352913428998e-01
-1.000000000000000000e+00
1.000000000000000000e+00
9.160946761053010423e-01
-1.000000000000000000e+00
-1.000000000000000000e+00
1.000000000000000000e+00
1.000000000000000000e+00
-1.000000000000000000e+00
-1.000000000000000000e+00
-1.000000000000000000e+00
-1.000000000000000000e+00
-1.000000000000000000e+00
-2.641662016019705739e-01
-1.000000000000000000e+00
8.048796726756467512e-01
-1.000000000000000000e+00
-8.284338655191136880e-02
-8.405394936770017589e-01
-8.212949831541882517e-02
-1.000000000000000000e+00
-1.000000000000000000e+00
1.000000000000000000e+00
-1.000000000000000000e+00
-1.449378593363317980e-01
3.174122423383430869e-01
-1.000000000000000000e+00
-1.000000000000000000e+00
1.000000000000000000e+00
-1.000000000000000000e+00
1.000000000000000000e+00
-1.000000000000000000e+00
1.000000000000000000e+00
-1.000000000000000000e+00
-1.000000000000000000e+00
1.000000000000000000e+00
-1.000000000000000000e+00
1.000000000000000000e+00
-1.000000000000000000e+00
-1.000000000000000000e+00
1.000000000000000000e+00
5.317452639768565081e-01
8.187492081175827829e-01
-9.089004258286563775e-01
1.000000000000000000e+00
-3.228604783494739561e-01
-1.000000000000000000e+00
-1.562221756617332424e-02
-9.300390556529495312e-01
1.000000000000000000e+00
-7.513868273138527565e-01
1.000000000000000000e+00
1.000000000000000000e+00
1.000000000000000000e+00
1.000000000000000000e+00
1.000000000000000000e+00
1.000000000000000000e+00
-1.000000000000000000e+00
-8.752540363674006230e-01
1.000000000000000000e+00
-1.000000000000000000e+00
-1.000000000000000000e+00
1.000000000000000000e+00
-7.709934644800795489e-01
-1.000000000000000000e+00
1.000000000000000000e+00
-1.000000000000000000e+00
6.852689035532679718e-01
-8.170002885531880699e-01
-1.000000000000000000e+00
-1.000000000000000000e+00
1.000000000000000000e+00
-1.000000000000000000e+00
-8.448263004520818464e-01
1.000000000000000000e+00
-1.000000000000000000e+00
-2.598879741830305568e-01
-1.000000000000000000e+00
1.000000000000000000e+00
1.000000000000000000e+00
1.000000000000000000e+00
4.297556074352816280e-01
1.000000000000000000e+00
-1.000000000000000000e+00
-1.000000000000000000e+00
-1.060318236426409655e-01
1.000000000000000000e+00
-1.000000000000000000e+00
1.000000000000000000e+00
-1.000000000000000000e+00
-1.000000000000000000e+00
1.000000000000000000e+00
-8.923434530197316139e-01
-1.000000000000000000e+00
-1.000000000000000000e+00
-1.000000000000000000e+00
1.000000000000000000e+00
1.000000000000000000e+00
-1.000000000000000000e+00
-1.000000000000000000e+00
1.000000000000000000e+00
1.000000000000000000e+00
1.000000000000000000e+00
-1.000000000000000000e+00
-1.000000000000000000e+00
-1.000000000000000000e+00
-1.000000000000000000e+00
-3.168097977218401473e-01
-1.000000000000000000e+00
-4.846856001038046813e-02
-1.860503344463344533e-01
-1.000000000000000000e+00
1.000000000000000000e+00
-1.000000000000000000e+00
-1.000000000000000000e+00
-5.866518199888376417e-01
-2.367625559688315839e-01
-1.000000000000000000e+00
-1.000000000000000000e+00
-1.000000000000000000e+00
-1.000000000000000000e+00
-1.000000000000000000e+00
1.367253252607244507e-01
1.000000000000000000e+00
-7.089547440284819091e-01
-1.000000000000000000e+00
1.000000000000000000e+00
-1.000000000000000000e+00
1.000000000000000000e+00
-1.000000000000000000e+00
-1.000000000000000000e+00
-1.000000000000000000e+00
1.000000000000000000e+00
-1.000000000000000000e+00
1.000000000000000000e+00
-1.000000000000000000e+00
-1.000000000000000000e+00
-2.211437792264879798e-01
-1.000000000000000000e+00
1.000000000000000000e+00
1.000000000000000000e+00
1.000000000000000000e+00
-1.000000000000000000e+00
4.533268119878743341e-01
-6.970679390385494667e-01
1.000000000000000000e+00
1.000000000000000000e+00
1.000000000000000000e+00
-1.000000000000000000e+00
8.155158866472660417e-01
-1.000000000000000000e+00
-6.634482247703701319e-01
-1.000000000000000000e+00
-1.000000000000000000e+00
7.055324570216081614e-01
1.000000000000000000e+00
9.887097615820648056e-01
1.000000000000000000e+00
3.678288403656071459e-01
1.000000000000000000e+00
-1.000000000000000000e+00
-1.000000000000000000e+00
1.000000000000000000e+00
-1.000000000000000000e+00
-8.528442485576368526e-01
-6.678776168031730354e-01
4.608207138746298615e-01
-1.000000000000000000e+00
-5.820737341080457483e-01
-1.000000000000000000e+00
5.096559384346237565e-01
1.000000000000000000e+00
-6.068084016345380860e-01
1.000000000000000000e+00
1.000000000000000000e+00
1.000000000000000000e+00
-5.068799015359959359e-01
-1.000000000000000000e+00
1.000000000000000000e+00
1.000000000000000000e+00
1.000000000000000000e+00
-1.000000000000000000e+00
-1.000000000000000000e+00
6.343504635940333536e-01
2.675434607917970831e-01
-1.000000000000000000e+00
-1.000000000000000000e+00
-1.943747026260806976e-01
1.000000000000000000e+00
-1.000000000000000000e+00
1.000000000000000000e+00
1.000000000000000000e+00
-1.000000000000000000e+00
1.000000000000000000e+00
7.927880603726960018e-01
1.000000000000000000e+00
-9.098394950783907920e-01
-1.692656824677328808e-01
5.984064019450987537e-01
-1.000000000000000000e+00
-1.000000000000000000e+00
-1.000000000000000000e+00
1.000000000000000000e+00
1.000000000000000000e+00
-9.725377341408004694e-01
-1.000000000000000000e+00
1.000000000000000000e+00
1.000000000000000000e+00
-1.000000000000000000e+00
1.667861611748544526e-01
-1.000000000000000000e+00
1.000000000000000000e+00
-1.000000000000000000e+00
1.000000000000000000e+00
1.000000000000000000e+00
1.000000000000000000e+00
1.000000000000000000e+00
1.000000000000000000e+00
6.195810191089012875e-01
1.000000000000000000e+00
-1.000000000000000000e+00
-1.000000000000000000e+00
4.838642613174319873e-01
1.000000000000000000e+00
-1.000000000000000000e+00
-1.000000000000000000e+00
