4.425861564523907443e-01
-5.900257680311900010e-01
4.972249415852414423e-01
9.253615487295099307e-01
-7.623120064310231481e-01
7.516926245884316682e-01
7.931995675162581971e-01
-2.141958783762096807e-01
7.632652476324308655e-01
3.807724216258872030e-01
1.141297417499953504e-01
6.805158799451276330e-01
3.252404662913428446e-01
2.340873006286148250e-01
5.031896362870269535e-02
-9.812191643712671052e-01
5.853345788953661089e-01
-1.814746471277379758e-01
7.995374121237230902e-01
-8.129673134696326908e-01
5.313169961221648752e-01
-4.068203625877484519e-01
3.309494766215501649e-01
-1.395712038988252690e-01
2.938283720993115633e-01
4.930081204509852988e-01
9.728018205972372989e-01
-6.369565341654690460e-01
-8.211556020043684345e-01
-3.316500288885158021e-01
-5.022635326704638636e-01
-5.015927152761467944e-02
-1.597261981885338411e-01
1.854002907828566915e-01
-8.474874378388128626e-01
-6.644870850457385014e-01
8.727193649012163768e-01
-4.766471815482062890e-01
7.508984636756397268e-01
-3.757764293231447006e-02
-6.031537547784209252e-01
-8.385999504633572244e-01
9.473013051557963582e-01
-7.624483348975361618e-01
-3.247276726500194499e-01
9.295798632017195917e-01
-2.060434439633818116e-01
5.292943719924205759e-01
-6.334044912965539620e-01
6.419748923591068746e-01
-5.235649854342723231e-01
8.165492416411304077e-01
7.040606996790315097e-01
-9.980331755691211892e-01
8.376426733689463777e-01
7.335230597478981096e-02
-3.221915962422725599e-01
8.134806508196184005e-01
4.772193757988070217e-01
-1.168249628408120078e-01
-4.367634715979029636e-02
9.386199992375878765e-01
8.782645906763599797e-01
2.019758323179521309e-01
-1.332693950058851939e-01
-2.526040725876739224e-01
5.154052037416199106e-01
-4.014309145220062991e-01
6.317394112949374918e-01
5.922312121584094591e-01
1.625081984703466986e-01
-3.671934083367569546e-01
6.684148561370013564e-01
-2.857430905746725092e-01
1.278792141934732562e-01
-7.758154281144733488e-01
5.308469096416381650e-01
-3.844784089930279869e-01
-2.508897578806918993e-01
-5.813484002852964405e-01
1.587102083279428033e-01
-1.227684810595384146e-01
-7.626282434422648748e-01
6.273731142174132636e-02
-4.860266651239801838e-01
2.401914637917974549e-01
-1.178527358295156091e-01
9.351550716498020499e-01
-6.984121165591614666e-01
-7.157081925039054937e-03
-9.955794934465751478e-01
4.381990192143625507e-02
8.089843446800537574e-01
-7.426291883725459897e-01
6.603504888764026859e-01
-3.405650127558113027e-01
4.563750774489654383e-01
-7.676569954629874903e-01
9.906698548404238025e-01
3.259622757913924751e-01
-5.405285928354504055e-01
-9.762249980424742013e-02
-6.340288677709138287e-01
-7.964706468381952398e-01
3.127677859787543202e-01
9.237690930478410500e-01
3.766129795566108829e-01
2.247387248031655904e-01
1.531265441230074131e-01
-9.213285194415390400e-01
-2.311060616040441218e-01
9.328555984288360303e-01
1.571510819512678125e-03
4.579416840478076622e-01
-2.159829589408379658e-01
2.134576771912533033e-02
6.887522703129569379e-01
6.284430802062741517e-01
8.713587724069378204e-01
7.021616235448817633e-01
6.348597914754752214e-01
-8.124060005061632950e-01
-5.814571073838472604e-01
-8.698556466735762882e-01
-6.411034581253565179e-01
3.536771800291123036e-01
4.480099295019892569e-01
7.770180543753504310e-01
-6.000099214294589700e-01
7.209626009334506591e-01
4.805627993746364179e-01
2.613606472595926267e-01
6.753520993830783858e-01
3.358696547134809585e-01
-9.238614986819515540e-01
9.157031001569488904e-01
5.935151483740428446e-01
2.675163350692222330e-02
-7.049084115708414977e-01
8.531151642962364612e-01
5.214695689254291722e-01
5.054300846584069973e-01
9.834703700005693605e-01
9.726661351591840976e-01
9.866403525660289997e-01
7.551891867003142078e-01
5.506919996506782766e-01
7.325365757388770938e-01
-1.138971050818105013e-01
6.293247548887093146e-02
-6.784100973387470201e-01
-3.105144370712349389e-01
6.021321874903973193e-01
2.054711667697506350e-01
5.262042879472386137e-01
9.680014087044885862e-01
-5.173478523396011219e-01
1.970100770723053341e-01
-9.987476685611960114e-01
3.964930581254959563e-01
8.253425741086277689e-01
-7.508852240243173437e-01
-8.428573263571335072e-01
3.157872811559887527e-01
2.235037657037062253e-01
2.298049936240265101e-01
9.587456226041548568e-01
9.819397476130409252e-02
8.188079055627119907e-01
2.846156554399574823e-01
-4.571893742055950227e-01
1.261798188094678252e-01
-6.743968154502499868e-01
5.800409790131482168e-01
-7.521694223207369134e-01
1.720816777421556587e-01
-4.778142830964144938e-01
-7.146027928139282448e-01
6.730535140154381146e-02
-7.898123773215033339e-01
1.311192403275740492e-01
2.164109738504054192e-01
-5.191581004258181142e-01
1.097524811325087946e-01
-6.495051392664141776e-01
1.739780810096291930e-01
6.732427382573205055e-01
1.965126693363472565e-01
8.596798282970479210e-01
-7.251404703945134589e-01
4.149805737192446831e-01
3.661748964618225521e-01
-6.389369897652805719e-01
-3.936605340610870307e-01
2.721632867343821705e-01
-4.995578728206464536e-01
1.434102355346129620e-01
3.817592733461214749e-01
-8.145063244794203960e-02
9.133244264689968084e-01
-2.970714765492319387e-01
-8.306308078783739557e-01
5.779750825559886174e-01
-1.386818669616740607e-01
-6.332699589179708877e-01
6.572641214219054895e-02
7.294893175033392296e-01
-5.176494821651520528e-01
1.294183313614194475e-03
-6.531275824754954051e-01
-5.079689576730759271e-01
-7.631979937862478636e-01
-8.614004832522059729e-03
5.207171967538992696e-01
-4.916046124359347846e-01
5.271735782688096172e-01
2.310342188142555653e-01
-3.615022934163802937e-01
7.813388308062767518e-01
4.927397655442975477e-01
6.599458917573111094e-01
-5.524320875693058408e-01
3.574553857294067161e-01
-2.150856747910048217e-01
8.036386216007136429e-01
7.456965732872997688e-01
-1.238176978979526055e-01
-4.050314686327887159e-01
4.673384455058640086e-01
-4.130521162445248695e-01
-9.466792107018591196e-01
-3.536383271165455255e-03
1.182447452433792456e-01
5.574508024717592658e-01
-2.978857839437942800e-01
5.442278524594188482e-01
5.197681998989180929e-01
3.552019226189524481e-01
-4.240823974601879431e-01
-8.373400195475229069e-01
-6.293603559298741601e-01
8.237576882504034081e-01
-2.039195042226817911e-01
-9.013669896046754282e-01
1.587966124269255541e-01
1.534891900921631080e-01
-9.850284522475230009e-01
6.618201978389841589e-01
1.989303831652551313e-01
-4.738362971918694821e-01
-6.109740004727850504e-01
1.178780673210648722e-01
-6.724485720679818090e-01
-4.110573603836293888e-01
8.684622071234260332e-02
-3.560696668051146485e-01
-3.557059421932529109e-01
-1.115935862614265695e-01
6.021803389745044033e-01
-4.567146285204857215e-01
-4.069104001910421875e-01
-9.159550860274896511e-01
-2.697932874431119288e-02
3.998012724309236710e-01
4.174514986029334018e-01
