-1.000000000000000000e+00
-1.000000000000000000e+00
1.000000000000000000e+00
1.000000000000000000e+00
1.000000000000000000e+00
-1.000000000000000000e+00
-1.585891052087805564e-01
-1.000000000000000000e+00
-1.000000000000000000e+00
5.877658060600752243e-01
1.000000000000000000e+00
7.168926182506119016e-01
-1.000000000000000000e+00
-1.000000000000000000e+00
1.000000000000000000e+00
1.000000000000000000e+00
1.000000000000000000e+00
1.000000000000000000e+00
-1.000000000000000000e+00
9.186354115792715325e-01
2.242790333422491345e-01
-1.000000000000000000e+00
1.000000000000000000e+00
1.000000000000000000e+00
2.454402934150985427e-01
-1.000000000000000000e+00
-1.000000000000000000e+00
-2.590920412692874208e-01
-1.000000000000000000e+00
-1.000000000000000000e+00
-1.905959292664505256e-01
-1.000000000000000000e+00
-5.807417367737912617e-01
1.000000000000000000e+00
-1.000000000000000000e+00
2.435986643301415455e-01
6.087261417673084374e-01
1.000000000000000000e+00
1.000000000000000000e+00
5.006030744030594004e-01
2.709829585443985778e-01
1.000000000000000000e+00
1.000000000000000000e+00
-1.000000000000000000e+00
1.000000000000000000e+00
-1.000000000000000000e+00
-1.000000000000000000e+00
1.000000000000000000e+00
-8.941483493191801912e-01
-1.000000000000000000e+00
1.000000000000000000e+00
1.000000000000000000e+00
1.000000000000000000e+00
1.000000000000000000e+00
-1.000000000000000000e+00
1.000000000000000000e+00
1.000000000000000000e+00
1.000000000000000000e+00
1.000000000000000000e+00
8.547250049657476589e-01
-1.000000000000000000e+00
-1.000000000000000000e+00
4.231320705664282644e-01
-1.000000000000000000e+00
7.085130562043751024e-01
1.000000000000000000e+00
-1.000000000000000000e+00
-2.883191938517523090e-01
-4.959608327642318071e-01
-1.000000000000000000e+00
1.000000000000000000e+00
-4.205691148933016210e-02
-1.000000000000000000e+00
1.000000000000000000e+00
-2.926290588284499172e-01
1.000000000000000000e+00
-1.000000000000000000e+00
1.000000000000000000e+00
1.000000000000000000e+00
-1.000000000000000000e+00
-1.000000000000000000e+00
1.000000000000000000e+00
1.000000000000000000e+00
-1.000000000000000000e+00
1.000000000000000000e+00
-1.000000000000000000e+00
1.000000000000000000e+00
1.000000000000000000e+00
-7.465828681201598371e-01
8.155297511238245312e-01
1.000000000000000000e+00
-3.086164192360731917e-01
-2.625624981470882080e-01
-1.000000000000000000e+00
-1.000000000000000000e+00
1.000000000000000000e+00
1.000000000000000000e+00
8.787069461982401908e-01
1.000000000000000000e+00
-1.000000000000000000e+00
-1.000000000000000000e+00
7.480833676016633849e-01
-1.000000000000000000e+00
-1.000000000000000000e+00
-1.000000000000000000e+00
1.000000000000000000e+00
-2.881215992908521262e-01
-1.000000000000000000e+00
-2.755089721584355056e-01
-1.000000000000000000e+00
-3.642373093556983132e-01
1.000000000000000000e+00
1.000000000000000000e+00
6.134008655226059759e-01
-1.000000000000000000e+00
-1.000000000000000000e+00
-1.000000000000000000e+00
-1.000000000000000000e+00
1.000000000000000000e+00
1.000000000000000000e+00
1.000000000000000000e+00
-1.000000000000000000e+00
-1.000000000000000000e+00
9.931517905669466906e-01
1.000000000000000000e+00
-1.000000000000000000e+00
-1.000000000000000000e+00
3.806253964176933291e-01
-1.000000000000000000e+00
-1.000000000000000000e+00
-1.000000000000000000e+00
1.000000000000000000e+00
1.000000000000000000e+00
-1.000000000000000000e+00
-1.000000000000000000e+00
1.000000000000000000e+00
-1.000000000000000000e+00
-1.000000000000000000e+00
-9.354648933039648728e-01
6.525782930402771465e-01
-1.000000000000000000e+00
-7.352917883078541328e-01
4.983625384572887285e-02
-3.529130212566227165e-01
-1.000000000000000000e+00
-1.000000000000000000e+00
-6.157055765728015606e-01
1.000000000000000000e+00
1.000000000000000000e+00
1.000000000000000000e+00
-1.000000000000000000e+00
7.960327053171245559e-01
1.000000000000000000e+00
-1.000000000000000000e+00
-3.005590811340153046e-02
-1.000000000000000000e+00
-1.000000000000000000e+00
9.809064367162394493e-01
1.000000000000000000e+00
1.000000000000000000e+00
9.341991346267193297e-01
-1.000000000000000000e+00
1.000000000000000000e+00
1.937352161109857640e-01
1.000000000000000000e+00
-1.000000000000000000e+00
1.000000000000000000e+00
-1.000000000000000000e+00
-1.000000000000000000e+00
1.000000000000000000e+00
1.000000000000000000e+00
8.238889083151723636e-02
-3.700728603662348792e-01
-9.774069394389441889e-01
-1.000000000000000000e+00
-1.000000000000000000e+00
1.000000000000000000e+00
1.000000000000000000e+00
1.000000000000000000e+00
-1.000000000000000000e+00
-1.000000000000000000e+00
1.000000000000000000e+00
-1.000000000000000000e+00
-8.169805740847769782e-01
-1.000000000000000000e+00
-2.056860194265308639e-01
1.000000000000000000e+00
1.000000000000000000e+00
1.000000000000000000e+00
-2.079122949803411391e-01
1.000000000000000000e+00
-1.000000000000000000e+00
1.000000000000000000e+00
4.657948802154496803e-01
-1.000000000000000000e+00
-1.000000000000000000e+00
-1.000000000000000000e+00
1.000000000000000000e+00
-1.000000000000000000e+00
1.000000000000000000e+00
1.089161805726074905e-01
1.000000000000000000e+00
1.000000000000000000e+00
1.000000000000000000e+00
-4.428873299188724744e-01
1.000000000000000000e+00
-1.000000000000000000e+00
1.000000000000000000e+00
-1.000000000000000000e+00
-1.000000000000000000e+00
-1.000000000000000000e+00
7.128225375417845955e-01
1.000000000000000000e+00
1.000000000000000000e+00
-1.000000000000000000e+00
1.000000000000000000e+00
-9.363868099851950788e-01
1.000000000000000000e+00
1.000000000000000000e+00
1.000000000000000000e+00
1.000000000000000000e+00
1.000000000000000000e+00
-1.000000000000000000e+00
-1.000000000000000000e+00
-1.000000000000000000e+00
-7.704831343813087763e-01
-1.000000000000000000e+00
-1.000000000000000000e+00
3.005415072765762474e-01
-1.000000000000000000e+00
-1.000000000000000000e+00
-1.000000000000000000e+00
-1.000000000000000000e+00
-1.000000000000000000e+00
-5.781480566184343806e-01
-1.000000000000000000e+00
1.000000000000000000e+00
1.000000000000000000e+00
8.088512863881056614e-01
-1.000000000000000000e+00
1.000000000000000000e+00
-1.000000000000000000e+00
1.000000000000000000e+00
-6.295278903523466862e-01
-1.000000000000000000e+00
1.000000000000000000e+00
-1.000000000000000000e+00
-1.000000000000000000e+00
-1.000000000000000000e+00
3.635776397082542966e-01
-4.542083989182510995e-01
1.000000000000000000e+00
1.000000000000000000e+00
1.000000000000000000e+00
1.000000000000000000e+00
1.000000000000000000e+00
-1.000000000000000000e+00
-4.539245610102982109e-01
1.000000000000000000e+00
1.000000000000000000e+00
1.000000000000000000e+00
-1.000000000000000000e+00
-1.000000000000000000e+00
1.000000000000000000e+00
-1.000000000000000000e+00
