1.000000000000000000e+00
-1.000000000000000000e+00
1.000000000000000000e+00
-1.000000000000000000e+00
1.000000000000000000e+00
-1.000000000000000000e+00
-1.000000000000000000e+00
-1.000000000000000000e+00
1.000000000000000000e+00
-1.000000000000000000e+00
1.000000000000000000e+00
-1.000000000000000000e+00
-1.000000000000000000e+00
1.791611512062658562e-01
-1.000000000000000000e+00
2.182631903882090718e-01
1.000000000000000000e+00
1.000000000000000000e+00
1.000000000000000000e+00
-1.000000000000000000e+00
-1.000000000000000000e+00
1.000000000000000000e+00
6.370793439391564394e-01
-1.000000000000000000e+00
-1.000000000000000000e+00
1.000000000000000000e+00
6.807144723611920911e-01
1.000000000000000000e+00
-1.000000000000000000e+00
-4.299717802333238303e-01
1.000000000000000000e+00
1.000000000000000000e+00
-1.000000000000000000e+00
1.000000000000000000e+00
-1.000000000000000000e+00
-1.000000000000000000e+00
1.000000000000000000e+00
1.000000000000000000e+00
1.000000000000000000e+00
-5.879063585157462413e-02
1.000000000000000000e+00
-1.000000000000000000e+00
-1.000000000000000000e+00
-1.000000000000000000e+00
1.000000000000000000e+00
1.000000000000000000e+00
-1.000000000000000000e+00
1.000000000000000000e+00
-1.000000000000000000e+00
-1.000000000000000000e+00
-9.191708189185453515e-01
1.000000000000000000e+00
1.000000000000000000e+00
1.000000000000000000e+00
1.000000000000000000e+00
-1.000000000000000000e+00
-2.770559367069433954e-01
1.000000000000000000e+00
1.000000000000000000e+00
1.000000000000000000e+00
-1.000000000000000000e+00
-7.891032617853303011e-01
-1.000000000000000000e+00
-1.000000000000000000e+00
-1.000000000000000000e+00
-1.000000000000000000e+00
1.000000000000000000e+00
1.000000000000000000e+00
6.069764126867748244e-01
1.000000000000000000e+00
1.000000000000000000e+00
1.000000000000000000e+00
1.000000000000000000e+00
1.000000000000000000e+00
1.000000000000000000e+00
-1.000000000000000000e+00
-1.000000000000000000e+00
1.000000000000000000e+00
-1.000000000000000000e+00
3.538656979623926446e-01
-3.505627436353795368e-01
-1.000000000000000000e+00
4.856745296120252298e-01
1.000000000000000000e+00
1.000000000000000000e+00
-1.000000000000000000e+00
3.296414070212779768e-01
9.821738059648390529e-01
1.000000000000000000e+00
1.000000000000000000e+00
-7.208677016921429814e-01
1.000000000000000000e+00
-4.181312147964962866e-01
-1.000000000000000000e+00
1.000000000000000000e+00
3.745909911147883853e-01
-8.637061603515677755e-01
-5.276941935089485280e-01
1.000000000000000000e+00
-1.000000000000000000e+00
1.000000000000000000e+00
-1.000000000000000000e+00
1.000000000000000000e+00
-1.000000000000000000e+00
-1.000000000000000000e+00
3.106225358385465429e-01
1.000000000000000000e+00
8.949839069130366420e-02
1.000000000000000000e+00
-6.540145736326574699e-01
-1.000000000000000000e+00
-3.622916818583349352e-01
1.000000000000000000e+00
-4.720703712733063107e-01
1.000000000000000000e+00
-1.000000000000000000e+00
1.000000000000000000e+00
-1.000000000000000000e+00
-1.000000000000000000e+00
1.000000000000000000e+00
-4.107537725926231897e-01
-1.000000000000000000e+00
1.000000000000000000e+00
-5.037774541600156253e-01
1.000000000000000000e+00
1.000000000000000000e+00
-8.121988584817474432e-02
-1.000000000000000000e+00
1.000000000000000000e+00
1.000000000000000000e+00
-1.261951097225373353e-01
-1.000000000000000000e+00
1.000000000000000000e+00
-1.000000000000000000e+00
-1.000000000000000000e+00
-1.000000000000000000e+00
-2.443930889116698868e-01
1.000000000000000000e+00
-1.000000000000000000e+00
1.000000000000000000e+00
3.859268121041283250e-01
8.125639297601630062e-01
-1.286631846109164146e-01
-1.000000000000000000e+00
8.030435948510872279e-01
-5.133291908476202980e-01
-1.000000000000000000e+00
-1.000000000000000000e+00
-4.587572651628435416e-01
1.000000000000000000e+00
1.000000000000000000e+00
-4.174223219078470604e-01
-1.000000000000000000e+00
-1.000000000000000000e+00
-3.714199520769674301e-01
-1.000000000000000000e+00
-1.000000000000000000e+00
-5.239867262274158222e-01
-1.000000000000000000e+00
1.000000000000000000e+00
-1.000000000000000000e+00
1.000000000000000000e+00
1.000000000000000000e+00
-1.000000000000000000e+00
1.000000000000000000e+00
1.000000000000000000e+00
-1.000000000000000000e+00
-1.000000000000000000e+00
1.000000000000000000e+00
1.000000000000000000e+00
1.000000000000000000e+00
1.000000000000000000e+00
-5.027216011773637527e-01
-1.000000000000000000e+00
-1.000000000000000000e+00
-1.000000000000000000e+00
-1.000000000000000000e+00
1.000000000000000000e+00
-1.000000000000000000e+00
8.172475632900648712e-01
1.000000000000000000e+00
1.000000000000000000e+00
1.000000000000000000e+00
-1.000000000000000000e+00
1.000000000000000000e+00
-1.000000000000000000e+00
-1.000000000000000000e+00
1.000000000000000000e+00
-1.000000000000000000e+00
5.604093179560754034e-01
-1.000000000000000000e+00
1.000000000000000000e+00
-1.000000000000000000e+00
-8.982497725202045480e-01
-1.149367936652390121e-02
1.000000000000000000e+00
1.000000000000000000e+00
1.000000000000000000e+00
1.000000000000000000e+00
1.000000000000000000e+00
8.959585298216941052e-01
1.000000000000000000e+00
1.000000000000000000e+00
-1.000000000000000000e+00
1.000000000000000000e+00
-1.000000000000000000e+00
1.000000000000000000e+00
1.000000000000000000e+00
1.000000000000000000e+00
1.000000000000000000e+00
-1.000000000000000000e+00
-1.000000000000000000e+00
3.344771910416777239e-02
-8.861341422293500525e-02
-1.000000000000000000e+00
-1.000000000000000000e+00
1.000000000000000000e+00
1.000000000000000000e+00
1.000000000000000000e+00
1.000000000000000000e+00
-1.000000000000000000e+00
-1.000000000000000000e+00
1.000000000000000000e+00
-1.000000000000000000e+00
1.000000000000000000e+00
-1.000000000000000000e+00
1.000000000000000000e+00
1.000000000000000000e+00
-1.000000000000000000e+00
1.000000000000000000e+00
-8.722839535674038469e-01
-7.089226057423366756e-01
-1.000000000000000000e+00
1.000000000000000000e+00
-1.000000000000000000e+00
1.223667619920434380e-01
-9.041528478671601032e-02
1.000000000000000000e+00
1.000000000000000000e+00
-1.000000000000000000e+00
-1.000000000000000000e+00
-1.000000000000000000e+00
1.000000000000000000e+00
1.000000000000000000e+00
6.351256018359103805e-01
-1.000000000000000000e+00
1.000000000000000000e+00
1.000000000000000000e+00
-1.000000000000000000e+00
1.000000000000000000e+00
1.000000000000000000e+00
-1.007657821820857613e-01
2.312100488342117011e-02
-1.000000000000000000e+00
-7.919620270775136195e-01
4.597308408677112102e-01
1.000000000000000000e+00
-1.000000000000000000e+00
4.370659051830356745e-01
1.000000000000000000e+00
-9.303405858040174614e-01
-1.000000000000000000e+00
1.000000000000000000e+00
1.000000000000000000e+00
1.000000000000000000e+00
