-1.000000000000000000e+00
-1.000000000000000000e+00
-1.000000000000000000e+00
5.376735179984475366e-01
1.000000000000000000e+00
-1.000000000000000000e+00
-1.000000000000000000e+00
-1.000000000000000000e+00
-6.236202373689087031e-02
1.873478661903175135e-01
4.677360023395265021e-01
1.000000000000000000e+00
6.214724941327487429e-02
-7.557695206311176861e-02
-1.637732553760459231e-01
1.000000000000000000e+00
-1.000000000000000000e+00
6.226725678044969792e-03
-1.000000000000000000e+00
1.000000000000000000e+00
-1.000000000000000000e+00
1.000000000000000000e+00
1.000000000000000000e+00
4.501270817063302010e-01
1.000000000000000000e+00
-1.000000000000000000e+00
3.956033460574379657e-01
1.000000000000000000e+00
2.939188734799791369e-01
-1.000000000000000000e+00
8.592702121468938081e-01
-1.000000000000000000e+00
4.999002548241878174e-01
-1.000000000000000000e+00
1.000000000000000000e+00
2.495443854469031608e-01
-8.497247953576947399e-01
-9.816037790232983173e-01
-1.000000000000000000e+00
-6.494926182030147377e-01
-1.000000000000000000e+00
-1.000000000000000000e+00
1.358270004386341601e-01
8.739128830314530916e-01
4.264221839331366337e-01
1.000000000000000000e+00
-1.000000000000000000e+00
-1.000000000000000000e+00
-9.267624086906229852e-01
-1.000000000000000000e+00
-1.000000000000000000e+00
-5.068434472824667747e-01
-6.623809924217193279e-01
-1.000000000000000000e+00
-1.000000000000000000e+00
6.316944532862927009e-01
6.010204390862390333e-01
1.632803065345061477e-01
9.027513198426672103e-01
-1.000000000000000000e+00
9.771923350295883548e-01
-1.000000000000000000e+00
-1.000000000000000000e+00
-8.565356351826460823e-01
2.114985963794333568e-01
-1.000000000000000000e+00
-5.723051018789240274e-01
-3.012187693127998389e-01
-3.410869177176852896e-01
-9.364868650730415744e-01
5.583342999004259344e-02
1.000000000000000000e+00
1.000000000000000000e+00
1.927790815939016411e-02
-1.000000000000000000e+00
-1.000000000000000000e+00
-7.115700683432257811e-01
1.000000000000000000e+00
-1.000000000000000000e+00
1.000000000000000000e+00
1.000000000000000000e+00
-1.814988393182756232e-01
-2.745206936752093707e-01
1.000000000000000000e+00
-1.000000000000000000e+00
1.000000000000000000e+00
7.654515396828708296e-01
-1.000000000000000000e+00
1.000000000000000000e+00
-1.000000000000000000e+00
-1.121637507503389641e-02
1.000000000000000000e+00
1.000000000000000000e+00
1.000000000000000000e+00
-1.000000000000000000e+00
2.819107462072594217e-01
-1.000000000000000000e+00
-1.000000000000000000e+00
-1.000000000000000000e+00
1.000000000000000000e+00
-2.606990093023175969e-02
1.000000000000000000e+00
-1.000000000000000000e+00
-5.756520507711526680e-01
-1.987054635774110345e-02
-7.611648613323849233e-01
-2.698684800912358739e-01
-6.622993563009511586e-01
1.000000000000000000e+00
-1.000000000000000000e+00
-1.000000000000000000e+00
1.000000000000000000e+00
-1.000000000000000000e+00
1.000000000000000000e+00
3.703553871352442961e-01
-1.000000000000000000e+00
-1.000000000000000000e+00
-1.000000000000000000e+00
7.115024224701838040e-01
1.000000000000000000e+00
4.583610461495561395e-01
1.000000000000000000e+00
1.000000000000000000e+00
1.000000000000000000e+00
-1.000000000000000000e+00
-1.000000000000000000e+00
-1.000000000000000000e+00
-1.995146225339470281e-01
-1.000000000000000000e+00
-6.567602154626845934e-01
-8.254767803590921105e-01
-2.774510826877680802e-01
-1.000000000000000000e+00
1.445898502076947700e-01
-1.000000000000000000e+00
-8.241218985075935421e-01
1.000000000000000000e+00
1.000000000000000000e+00
-1.000000000000000000e+00
-1.000000000000000000e+00
3.258166622437916882e-01
-9.541848076703336456e-01
-1.988363938988495505e-01
1.000000000000000000e+00
-1.000000000000000000e+00
-5.014135145807807614e-01
-1.000000000000000000e+00
-3.364965019024114268e-01
-1.000000000000000000e+00
1.013754205990944485e-01
-1.000000000000000000e+00
1.000000000000000000e+00
1.000000000000000000e+00
-1.000000000000000000e+00
-1.000000000000000000e+00
-4.207140165206129101e-01
-6.291774632649971277e-01
-1.000000000000000000e+00
-1.000000000000000000e+00
6.212393178806531191e-01
1.000000000000000000e+00
-1.000000000000000000e+00
4.125335352477751405e-01
2.709639669028771625e-01
1.000000000000000000e+00
-1.000000000000000000e+00
-1.000000000000000000e+00
2.518299609688777752e-01
-8.170484991487660942e-01
-1.000000000000000000e+00
-1.844803146794790072e-01
1.000000000000000000e+00
1.000000000000000000e+00
-2.522202122126354640e-01
1.000000000000000000e+00
-1.000000000000000000e+00
1.874508892474628929e-01
3.638513728341081221e-01
-1.000000000000000000e+00
-1.000000000000000000e+00
-1.000000000000000000e+00
1.000000000000000000e+00
1.000000000000000000e+00
-1.000000000000000000e+00
-3.762677048056094486e-01
1.000000000000000000e+00
1.000000000000000000e+00
-1.000000000000000000e+00
1.000000000000000000e+00
3.699305859496108129e-01
-2.724542998233809854e-01
-1.000000000000000000e+00
8.122456060031402192e-01
9.724753538080231907e-01
-7.498305146442793001e-01
-1.000000000000000000e+00
-1.509208744987365902e-01
9.041812646825353461e-01
3.175778384665093323e-01
4.825393904689082025e-01
1.000000000000000000e+00
-9.956415949856862735e-01
9.828557176246957017e-01
-1.000000000000000000e+00
-1.000000000000000000e+00
1.000000000000000000e+00
1.000000000000000000e+00
-1.000000000000000000e+00
-1.000000000000000000e+00
5.782946581300916211e-01
-5.219715068178785167e-01
7.739285968175702024e-02
1.000000000000000000e+00
-4.092590997721488044e-01
-1.278733519674579711e-02
-1.000000000000000000e+00
1.000000000000000000e+00
-1.000000000000000000e+00
1.000000000000000000e+00
1.000000000000000000e+00
9.963525080242562337e-01
1.000000000000000000e+00
1.000000000000000000e+00
4.145040486973095573e-01
-1.000000000000000000e+00
6.882128402025161629e-01
-1.000000000000000000e+00
-1.000000000000000000e+00
1.000000000000000000e+00
-1.000000000000000000e+00
-1.000000000000000000e+00
-1.000000000000000000e+00
9.297054419747757814e-02
-9.637882967931719058e-01
-1.000000000000000000e+00
5.362452574401487260e-01
-1.000000000000000000e+00
-1.000000000000000000e+00
5.033815240047110340e-01
7.052070626641463447e-01
-7.634638506378621514e-01
1.000000000000000000e+00
-9.108712512865004829e-01
8.849377348682624378e-01
-1.000000000000000000e+00
-1.000000000000000000e+00
-1.447540386065451212e-01
-4.502328205896195534e-01
-1.000000000000000000e+00
-1.000000000000000000e+00
-6.201124656980594452e-01
-9.217408005030830465e-01
-1.000000000000000000e+00
9.895053567178679899e-01
-9.000684327130075157e-01
4.668363876595033046e-01
-1.000000000000000000e+00
1.000000000000000000e+00
-1.000000000000000000e+00
1.000000000000000000e+00
-1.000000000000000000e+00
-1.000000000000000000e+00
5.117119616556408124e-01
-1.000000000000000000e+00
1.000000000000000000e+00
