-8.715807617565995979e-02
-2.607685077546429975e-01
-8.660571446745704005e-01
7.214962511671589862e-01
-1.000000000000000000e+00
7.386200047478432840e-01
-1.000000000000000000e+00
-1.000000000000000000e+00
-1.000000000000000000e+00
1.000000000000000000e+00
1.000000000000000000e+00
-1.000000000000000000e+00
-1.000000000000000000e+00
1.000000000000000000e+00
-3.932172886668507950e-01
1.000000000000000000e+00
4.612402123494567796e-01
-1.000000000000000000e+00
-1.131918338785604661e-01
-1.000000000000000000e+00
3.736413701644206165e-02
9.578913242854413257e-01
-7.378908497030578495e-02
6.258357223705657280e-02
-9.491999872792806769e-01
4.699501810627499943e-01
-6.447781654763133918e-01
2.329689702367044868e-01
-9.050065049178259713e-01
1.000000000000000000e+00
1.000000000000000000e+00
1.000000000000000000e+00
-1.698801060596122348e-01
-6.113815581245802822e-01
-6.882527923007744075e-01
-4.028349764032861935e-01
3.235559749489764769e-01
-9.678886847010781391e-01
-6.306928764356480865e-01
-5.009601301046915367e-01
1.000000000000000000e+00
-3.640443778295034960e-01
1.000000000000000000e+00
4.675957016051057735e-02
-6.188548916362026642e-01
1.000000000000000000e+00
1.368685160528820832e-01
2.025682040375920701e-01
4.403584003996111607e-01
-6.522685583016893940e-01
2.300927902882010101e-01
-4.816184066992010848e-01
-4.596485201756582706e-01
-5.802411527332067553e-01
-1.000000000000000000e+00
-1.000000000000000000e+00
1.000000000000000000e+00
-9.851419692492696667e-01
1.000000000000000000e+00
-1.000000000000000000e+00
5.339574538035964935e-01
-3.944431964107464328e-01
-1.392630554642424467e-01
1.000000000000000000e+00
1.000000000000000000e+00
-1.000000000000000000e+00
-9.034313597297471965e-02
-3.038770755853717476e-01
1.000000000000000000e+00
-4.193700362330256004e-01
8.460029332083633946e-01
3.012917586557661842e-02
1.000000000000000000e+00
2.345021571056022935e-01
-5.991901404132298214e-01
-4.092013894538646945e-01
1.000000000000000000e+00
6.205621644948401405e-01
-1.000000000000000000e+00
-3.484943241501043953e-01
-1.000000000000000000e+00
-8.173531829446022412e-01
8.245997671689770936e-01
-7.033479481448656756e-02
-1.000000000000000000e+00
-1.000000000000000000e+00
4.110867766419074032e-01
1.000000000000000000e+00
9.690160846373316872e-01
-1.000000000000000000e+00
6.266141170718980691e-01
-4.769423291184720082e-01
-5.350197775567289149e-02
5.523990309774962082e-01
-6.365923952683036902e-01
1.000000000000000000e+00
-1.667941592796407524e-01
1.593084829005836922e-01
6.291793769813828208e-01
-1.000000000000000000e+00
-5.052651024283012493e-01
-2.989642280994802004e-01
2.090386950327089988e-01
9.107476287585392072e-01
-1.000000000000000000e+00
-8.978322786074188766e-01
-1.757053817250370242e-01
1.000000000000000000e+00
1.000000000000000000e+00
1.000000000000000000e+00
5.528546414929702557e-02
6.150170459843919968e-01
-4.714340579310200008e-01
-5.219353915200766192e-01
6.702170790482937512e-01
7.477465978956944204e-01
-8.433238102984275120e-01
1.000000000000000000e+00
-7.351423031847574840e-01
6.248116272779884461e-01
-1.000000000000000000e+00
-5.229615888321823558e-01
-1.000000000000000000e+00
-9.737031377794027609e-01
6.794929866616155056e-01
2.046263708997748676e-01
-4.297771062487013016e-01
-6.153259148266511103e-01
-1.000000000000000000e+00
-1.000000000000000000e+00
-5.955540869934803361e-01
2.236086665474852353e-01
-1.017173380987871356e-01
1.000000000000000000e+00
6.874438383582979206e-01
1.000000000000000000e+00
2.740430546806321699e-01
1.000000000000000000e+00
-7.844161066210086908e-01
1.000000000000000000e+00
-1.000000000000000000e+00
-1.000000000000000000e+00
9.782853004800022845e-01
-1.000000000000000000e+00
-1.000000000000000000e+00
-1.000000000000000000e+00
-6.889489905117582857e-01
1.000000000000000000e+00
4.402660361655121868e-01
1.000000000000000000e+00
-1.000000000000000000e+00
8.626117396495742717e-01
-8.008411678886369067e-01
-1.000000000000000000e+00
1.000000000000000000e+00
1.000000000000000000e+00
1.000000000000000000e+00
1.000000000000000000e+00
5.181304109578270811e-01
-8.553626974250327919e-05
5.503312554568684511e-01
-6.971304854948763285e-01
-2.251482028289508719e-03
-6.073966979965703672e-01
9.910390606414567483e-01
1.000000000000000000e+00
2.171446978491227697e-01
1.000000000000000000e+00
6.130686936971450063e-01
3.473436472008971654e-01
-1.000000000000000000e+00
-1.000000000000000000e+00
-3.961881865327437913e-01
-1.000000000000000000e+00
-1.000000000000000000e+00
1.000000000000000000e+00
7.852998388737197910e-02
-4.989440352353310404e-01
1.000000000000000000e+00
1.000000000000000000e+00
1.143432288532972296e-01
-1.000000000000000000e+00
3.097351339815872517e-01
-1.000000000000000000e+00
9.589928591434531135e-01
-4.857242484523602855e-01
9.807054182459826741e-01
-3.254654138216646064e-01
-6.763889559224909309e-01
-6.793676283781336922e-01
-6.712716971527434850e-01
1.000000000000000000e+00
-1.000000000000000000e+00
1.000000000000000000e+00
-1.000000000000000000e+00
1.000000000000000000e+00
-1.000000000000000000e+00
-1.000000000000000000e+00
-7.751116822391201922e-02
-4.396129902842806914e-01
6.313157919105205629e-02
1.000000000000000000e+00
-6.105593235523476547e-01
5.386217768497056912e-01
8.332168876387207046e-01
-8.807114104949906874e-01
1.000000000000000000e+00
1.000000000000000000e+00
-8.089316167853977113e-02
-4.013503081360151326e-01
-1.203080672925437300e-01
8.620110543537637948e-01
1.000000000000000000e+00
6.101222889984661002e-01
-6.145402916229068813e-02
1.000000000000000000e+00
-3.820714460441365645e-01
-1.000000000000000000e+00
8.389795153246639714e-01
1.000000000000000000e+00
1.000000000000000000e+00
-1.000000000000000000e+00
1.919601307822831338e-01
-3.783869547116149867e-01
1.000000000000000000e+00
1.720572521890828543e-02
9.730306993376269808e-01
1.000000000000000000e+00
-3.745373795522850546e-01
-3.635785983618180506e-01
1.000000000000000000e+00
-1.000000000000000000e+00
1.000000000000000000e+00
1.000000000000000000e+00
1.000000000000000000e+00
-9.606774739038317357e-01
8.510994064473830223e-01
-1.000000000000000000e+00
1.000000000000000000e+00
8.488003769730248504e-02
-9.707768978992472597e-01
6.398937931502240994e-01
1.000000000000000000e+00
-5.445590322224103108e-01
-1.000000000000000000e+00
9.635682209795826125e-03
2.579604511211045503e-01
-1.000000000000000000e+00
6.989245679866598060e-01
-8.088055214278004890e-01
-1.000000000000000000e+00
1.000000000000000000e+00
-3.967688852783783915e-01
8.494324868199867318e-01
-4.704742069611433930e-02
-7.546964700638041368e-01
1.677308915460694605e-01
1.000000000000000000e+00
3.746500738849267709e-01
1.000000000000000000e+00
1.000000000000000000e+00
1.000000000000000000e+00
1.177969981735849103e-01
-4.598508869443520553e-01
1.000000000000000000e+00
