2.936457160219576590e-01
7.111040776856374368e-01
-1.000000000000000000e+00
2.744501435641579778e-01
1.000000000000000000e+00
-1.000000000000000000e+00
2.408815143711824369e-01
1.000000000000000000e+00
-2.774346825464408806e-01
-1.000000000000000000e+00
-8.527514597086289783e-01
2.584182094922885531e-01
1.000000000000000000e+00
1.000000000000000000e+00
1.000000000000000000e+00
-1.000000000000000000e+00
3.917946140284024326e-01
-6.285108665260185079e-01
7.843341457522003957e-01
-1.000000000000000000e+00
3.332400004058869714e-01
7.457474772989417522e-01
5.264045144736752002e-01
-5.343618934189586778e-01
-1.092621596106434501e-01
-6.687255955999841239e-01
1.000000000000000000e+00
1.000000000000000000e+00
-7.633224842014316724e-01
3.082238438755705578e-01
1.000000000000000000e+00
1.000000000000000000e+00
-5.418892485230897282e-01
-1.000000000000000000e+00
1.000000000000000000e+00
1.000000000000000000e+00
6.926744337230895665e-01
-1.000000000000000000e+00
8.267509265936989760e-01
1.000000000000000000e+00
-1.306387430364315261e-01
9.316525575095180312e-01
1.000000000000000000e+00
-1.000000000000000000e+00
-9.838713779907484192e-01
9.111062843631667629e-01
3.358343176762408344e-01
-4.116921377550546435e-01
6.242269785450282882e-02
1.000000000000000000e+00
1.000000000000000000e+00
-2.753591713001037888e-01
-1.000000000000000000e+00
1.418343060220061125e-01
1.000000000000000000e+00
4.849477870060234785e-01
-7.411089051108232795e-01
-1.545001311446829728e-01
-3.237277388268946510e-01
1.000000000000000000e+00
-1.000000000000000000e+00
-1.000000000000000000e+00
-1.000000000000000000e+00
5.039218291032617758e-01
1.000000000000000000e+00
-1.904511292969957026e-02
1.000000000000000000e+00
-5.277180956576316140e-02
-1.000000000000000000e+00
-6.594554050363883313e-01
-5.611526402980862027e-01
-1.000000000000000000e+00
1.000000000000000000e+00
-1.000000000000000000e+00
1.000000000000000000e+00
1.309899453484409393e-01
-1.000000000000000000e+00
-7.476373585523151677e-01
-6.331227042769470292e-02
1.910144972631743210e-01
1.000000000000000000e+00
5.677193483271675278e-01
1.000000000000000000e+00
-1.000000000000000000e+00
1.000000000000000000e+00
-1.000000000000000000e+00
-7.850215128684334687e-02
-1.000000000000000000e+00
-1.303896031749556816e-01
4.878174053611881167e-01
7.107951540263542922e-01
-9.032239487132842637e-01
-2.207098009736488120e-01
1.000000000000000000e+00
1.000000000000000000e+00
-8.377202897987992003e-01
1.000000000000000000e+00
2.057166433518212156e-01
6.782159973067593273e-02
9.153186639053574325e-01
7.966760695904391287e-01
1.000000000000000000e+00
-1.000000000000000000e+00
4.825602618670377097e-03
2.773895187590830758e-01
-7.414183399069655955e-01
-1.000000000000000000e+00
-4.722504728708646904e-01
1.000000000000000000e+00
8.089734069115745996e-01
-9.191183721227208503e-02
6.541535231421240215e-02
-1.000000000000000000e+00
7.616206312069815354e-01
1.000000000000000000e+00
-4.960397019649409600e-01
-1.000000000000000000e+00
7.449153960071219771e-02
1.000000000000000000e+00
-4.524721722998176210e-02
5.300473827677480987e-01
1.000000000000000000e+00
-1.000000000000000000e+00
1.000000000000000000e+00
-4.460007890320401014e-01
-1.000000000000000000e+00
1.000000000000000000e+00
1.000000000000000000e+00
-1.000000000000000000e+00
-1.000000000000000000e+00
1.000000000000000000e+00
4.530035782901828956e-01
3.590728176089162393e-01
-3.028013962481489463e-01
1.000000000000000000e+00
8.818039092089552389e-01
-1.582667994550689128e-01
1.000000000000000000e+00
-1.000000000000000000e+00
1.000000000000000000e+00
-8.871050514409423160e-01
1.000000000000000000e+00
-1.917799241894881934e-01
-1.000000000000000000e+00
-6.893472514305835075e-01
4.940748207382591461e-01
-1.437030902814772082e-01
7.986969857288039876e-01
9.888936602684437194e-01
-1.586459857427118258e-01
-1.000000000000000000e+00
-7.179299327690851218e-01
-2.994699281776739275e-01
1.000000000000000000e+00
3.546840620161346713e-01
-3.689832807310845508e-01
1.000000000000000000e+00
1.000000000000000000e+00
-2.871614809262650336e-01
-1.000000000000000000e+00
5.068463931485998053e-01
4.711779422920936433e-02
-6.160728204005535558e-01
-2.882972277489294077e-01
2.466626536660196933e-01
-9.547856873020978963e-01
1.000000000000000000e+00
4.768897383778495924e-01
1.000000000000000000e+00
1.000000000000000000e+00
-1.000000000000000000e+00
9.297468619195192741e-01
-1.000000000000000000e+00
1.000000000000000000e+00
-3.957693983271376448e-02
-1.000000000000000000e+00
-6.355564682893657391e-01
4.392552563434229951e-01
-9.266630139889233675e-01
-1.000000000000000000e+00
-1.000000000000000000e+00
-1.000000000000000000e+00
-1.000000000000000000e+00
-1.457483207456444774e-01
6.897329969014289741e-01
7.025263028508009766e-01
-1.000000000000000000e+00
3.140569958192189759e-01
-5.924508412858715545e-01
-1.000000000000000000e+00
-1.000000000000000000e+00
-7.329542291143753552e-01
7.656654559641096203e-01
-1.000000000000000000e+00
4.828581525684554343e-01
-4.834778522012219693e-01
8.610759748299096072e-01
1.000000000000000000e+00
-4.262527558835663144e-01
1.000000000000000000e+00
-5.199606371867235843e-01
-1.000000000000000000e+00
5.789403444190045489e-01
-4.984387411065209217e-01
-1.000000000000000000e+00
-1.000000000000000000e+00
-3.829886978497082373e-01
-4.905285036152634559e-01
1.000000000000000000e+00
-6.204880130283327855e-01
-1.000000000000000000e+00
-1.000000000000000000e+00
-4.940964750049549048e-01
1.000000000000000000e+00
-6.972096995748362502e-01
5.299419169847148225e-01
-3.928228029674554200e-01
-1.000000000000000000e+00
-1.000000000000000000e+00
1.000000000000000000e+00
5.261341120673479477e-02
3.862637613115449398e-02
5.001235403173772687e-01
-4.447153358646907528e-01
-7.623414825300791620e-01
-1.000000000000000000e+00
-1.000000000000000000e+00
1.000000000000000000e+00
7.137520619095246710e-01
8.174437974442425592e-01
-3.804199626113732857e-01
-1.000000000000000000e+00
9.320113847247120109e-01
-2.461034198645253301e-01
6.724116246139675290e-01
-1.000000000000000000e+00
-6.129503810331660141e-02
1.000000000000000000e+00
-1.000000000000000000e+00
1.000000000000000000e+00
-4.092817621699357811e-01
-6.007076421725543458e-03
5.874231001556209919e-02
1.000000000000000000e+00
5.804569840196983632e-01
-7.334971621683750165e-02
9.133325812833319457e-01
1.000000000000000000e+00
2.472216826700617265e-01
4.745951637652174870e-01
1.000000000000000000e+00
-1.000000000000000000e+00
1.000000000000000000e+00
1.722751614340817805e-01
-4.044057655596924317e-01
-1.000000000000000000e+00
-1.000000000000000000e+00
8.356223092992296486e-01
3.026513311949411422e-01
-1.000000000000000000e+00
-7.820315135477371449e-01
-1.000000000000000000e+00
-1.000000000000000000e+00
7.185302293095616744e-01
1.000000000000000000e+00
