-5.903750001784153767e-01
-1.000000000000000000e+00
-6.779757788664071416e-01
-1.000000000000000000e+00
1.000000000000000000e+00
1.000000000000000000e+00
-1.000000000000000000e+00
-4.951382402430075103e-01
2.457572044182487758e-01
-1.000000000000000000e+00
1.000000000000000000e+00
3.396296531558292697e-01
9.321275852866883760e-02
3.848909388409367249e-01
8.906855182424868733e-01
6.431176840307702980e-01
8.334870918275061324e-01
7.873487813529558288e-01
-1.000000000000000000e+00
9.989269369896743855e-01
-1.000000000000000000e+00
-1.000000000000000000e+00
2.907849783158336088e-01
9.975118119375052661e-01
-2.678166589910785378e-01
-1.000000000000000000e+00
-2.815402094820127488e-01
7.651648859757388399e-01
-1.000000000000000000e+00
1.000000000000000000e+00
3.509178973315929539e-02
-5.563404799195547090e-01
5.940440534315678534e-01
1.000000000000000000e+00
-1.000000000000000000e+00
1.000000000000000000e+00
5.305847304282786947e-01
-1.000000000000000000e+00
1.000000000000000000e+00
1.000000000000000000e+00
1.000000000000000000e+00
1.000000000000000000e+00
1.000000000000000000e+00
-1.678211550381174533e-01
1.000000000000000000e+00
-8.589148997716139489e-01
-1.000000000000000000e+00
5.154960860607855633e-01
1.000000000000000000e+00
-7.911049109077861186e-02
-1.000000000000000000e+00
-3.941069529576889940e-01
-7.505129482046613010e-02
-1.849476619373873199e-01
-5.426008450906862901e-01
-8.823392937851801676e-01
-1.000000000000000000e+00
3.457703679698834742e-01
1.000000000000000000e+00
-1.000000000000000000e+00
1.000000000000000000e+00
-1.000000000000000000e+00
-1.000000000000000000e+00
1.678313877058729142e-02
-6.527668457154626180e-01
-1.000000000000000000e+00
-5.925876798778830779e-01
1.000000000000000000e+00
9.778574748771141634e-01
1.000000000000000000e+00
1.000000000000000000e+00
-1.000000000000000000e+00
-1.000000000000000000e+00
8.353120618926378471e-01
-1.000000000000000000e+00
8.908003652486115032e-01
-1.000000000000000000e+00
7.732716189655334249e-01
-2.901317725041085982e-01
-8.233165999569811433e-01
-1.000000000000000000e+00
6.249396367834809674e-01
5.006917733834507223e-01
-1.000000000000000000e+00
-1.000000000000000000e+00
-3.940643108023594854e-01
-1.000000000000000000e+00
-1.447027360114889749e-01
-1.000000000000000000e+00
-2.102076039920042216e-01
-1.000000000000000000e+00
-4.074042072092730615e-01
-1.000000000000000000e+00
-1.000000000000000000e+00
1.000000000000000000e+00
1.000000000000000000e+00
-1.000000000000000000e+00
-1.000000000000000000e+00
1.000000000000000000e+00
-1.000000000000000000e+00
4.851948796337408609e-01
-3.122389826418173753e-01
8.524066546377047082e-01
-1.000000000000000000e+00
5.562768997510595392e-01
-8.606032798043120602e-01
4.112734823572823384e-01
-1.000000000000000000e+00
-1.000000000000000000e+00
-1.000000000000000000e+00
1.000000000000000000e+00
7.919970533068979579e-01
-1.000000000000000000e+00
-1.000000000000000000e+00
4.206245865959536978e-01
1.000000000000000000e+00
2.611855419187142369e-01
-1.000000000000000000e+00
8.138477064183139431e-01
-7.099384629302404326e-01
5.960036672157352777e-01
1.000000000000000000e+00
-7.792673725976769772e-01
-1.000000000000000000e+00
-1.000000000000000000e+00
1.000000000000000000e+00
5.124783548858807825e-01
1.000000000000000000e+00
-1.000000000000000000e+00
-7.267375174666435012e-01
1.000000000000000000e+00
1.000000000000000000e+00
1.000000000000000000e+00
-1.000000000000000000e+00
-1.000000000000000000e+00
-1.792512210414105855e-02
1.000000000000000000e+00
1.000000000000000000e+00
-1.000000000000000000e+00
1.000000000000000000e+00
-4.742051863856959204e-01
8.489167857700343767e-01
-1.479467676761649919e-01
3.559923301925789763e-01
7.307221319149999061e-01
-1.000000000000000000e+00
1.000000000000000000e+00
5.128212875761345435e-01
-1.000000000000000000e+00
1.000000000000000000e+00
1.000000000000000000e+00
6.913084270683278465e-02
1.000000000000000000e+00
-6.379393407808422456e-01
-1.000000000000000000e+00
1.000000000000000000e+00
-7.790143700864320397e-01
5.240531950009702511e-01
-4.502709346401733148e-01
-1.000000000000000000e+00
-1.608429110659494454e-01
-1.000000000000000000e+00
-5.463396229523405090e-01
-1.000000000000000000e+00
-7.425166025291620731e-01
-1.000000000000000000e+00
-1.000000000000000000e+00
-8.725898801195973720e-01
-7.654250970373461804e-01
6.028473190972227780e-01
1.000000000000000000e+00
-1.047636382622579854e-01
1.000000000000000000e+00
1.000000000000000000e+00
8.300545977238225070e-01
4.666469714496320753e-01
-1.781745289347416161e-01
1.000000000000000000e+00
-1.000000000000000000e+00
1.000000000000000000e+00
1.000000000000000000e+00
1.000000000000000000e+00
1.000000000000000000e+00
-1.000000000000000000e+00
8.027639955407935846e-01
9.857600246521882603e-01
-1.000000000000000000e+00
-4.538611883009497916e-01
-1.000000000000000000e+00
-1.000000000000000000e+00
-1.000000000000000000e+00
7.460149174366619285e-01
1.000000000000000000e+00
3.532740661700127793e-01
-1.221191683626043911e-02
6.033184701952380991e-01
-3.309392775164408662e-01
1.000000000000000000e+00
1.000000000000000000e+00
-1.000000000000000000e+00
1.000000000000000000e+00
-1.000000000000000000e+00
1.000000000000000000e+00
-1.000000000000000000e+00
7.864629408353935869e-01
-6.034933018659113246e-01
-1.000000000000000000e+00
-1.575095519108827835e-01
3.515736656685819472e-02
-1.000000000000000000e+00
-1.000000000000000000e+00
-1.000000000000000000e+00
-3.558690904685435363e-01
1.000000000000000000e+00
5.386055879897230225e-01
1.000000000000000000e+00
-1.166673474345936157e-01
5.823973814890940348e-01
1.000000000000000000e+00
1.000000000000000000e+00
-1.327043101134729453e-01
-1.000000000000000000e+00
-1.000000000000000000e+00
-1.000000000000000000e+00
-5.070502616302473564e-01
-1.000000000000000000e+00
-5.060451598798139106e-01
5.359846786040006750e-01
1.000000000000000000e+00
-9.230605334563560804e-01
1.228656168667506543e-01
1.000000000000000000e+00
1.000000000000000000e+00
-1.000000000000000000e+00
1.000000000000000000e+00
-6.124261662793564209e-01
8.875116702751856268e-02
1.000000000000000000e+00
-1.276223725956137645e-01
1.000000000000000000e+00
1.000000000000000000e+00
1.000000000000000000e+00
-8.535641403000642224e-01
1.000000000000000000e+00
-1.000000000000000000e+00
9.727734750949929010e-02
1.730320059690917400e-01
1.000000000000000000e+00
9.842039144865252220e-01
1.000000000000000000e+00
-1.000000000000000000e+00
-4.579155070777590208e-01
-4.425741285510761402e-01
1.000000000000000000e+00
8.413453317698413869e-01
2.106096849566073403e-01
1.000000000000000000e+00
-2.159981184744577121e-01
-1.000000000000000000e+00
-1.000000000000000000e+00
2.746438761651870397e-02
-2.889269047836151572e-03
7.390641378939621919e-02
1.000000000000000000e+00
-8.754448860736443461e-01
