-5.030326739588542040e-01
1.000000000000000000e+00
3.319040767177435791e-01
-1.000000000000000000e+00
5.649582187692177015e-01
-3.905958822981810408e-01
-1.000000000000000000e+00
1.380092318788201933e-01
1.000000000000000000e+00
2.173749657767598542e-02
-1.000000000000000000e+00
4.802821310235838026e-01
-1.000000000000000000e+00
6.806113739181440803e-01
6.446654677348404583e-01
-4.912963042294411498e-01
-1.000000000000000000e+00
3.457552298065613705e-01
1.000000000000000000e+00
3.018169614080279395e-01
2.182362348734318558e-01
-7.893215018302125463e-01
-1.000000000000000000e+00
-1.000000000000000000e+00
-1.000000000000000000e+00
-1.000000000000000000e+00
1.000000000000000000e+00
-5.388037086580235169e-01
1.870684144001222293e-01
-4.599100157758482244e-01
-9.015770586483277116e-01
1.000000000000000000e+00
-3.922753005852963604e-02
4.158979376158402630e-01
-1.000000000000000000e+00
7.606443746677322704e-01
1.000000000000000000e+00
1.000000000000000000e+00
-1.000000000000000000e+00
1.000000000000000000e+00
-7.528743332540237532e-01
1.000000000000000000e+00
6.285086453338344370e-01
1.000000000000000000e+00
-4.164466072059450630e-01
8.255865382449464329e-01
-1.000000000000000000e+00
-1.000000000000000000e+00
8.571170980858873190e-01
1.000000000000000000e+00
-1.000000000000000000e+00
-1.000000000000000000e+00
1.000000000000000000e+00
-4.875836236248591304e-01
7.536188685834784851e-01
1.336524256438815783e-01
1.000000000000000000e+00
1.000000000000000000e+00
-7.142291021226229164e-01
1.000000000000000000e+00
7.832467695896295767e-01
-3.626476278720546231e-01
9.544506378627692911e-01
1.000000000000000000e+00
-1.000000000000000000e+00
1.000000000000000000e+00
-4.449240735548576908e-01
-9.794364816335638935e-01
1.095402230066930827e-01
5.646956066054433787e-01
-7.182813948856551223e-01
-1.000000000000000000e+00
1.000000000000000000e+00
2.605504380189005431e-01
-1.000000000000000000e+00
1.000000000000000000e+00
1.000000000000000000e+00
-1.000000000000000000e+00
1.000000000000000000e+00
5.264251272652853419e-01
2.211385739778823911e-01
-7.449373109764882983e-01
9.616611396050974703e-01
1.000000000000000000e+00
-1.000000000000000000e+00
8.227455842905128103e-01
2.888643699480230032e-01
5.684319187113141547e-01
5.499196035599283050e-01
-1.649767278257337766e-01
-1.628642749356136732e-01
1.000000000000000000e+00
1.000000000000000000e+00
1.000000000000000000e+00
-1.000000000000000000e+00
1.000000000000000000e+00
-1.000000000000000000e+00
5.629842517097249921e-01
1.000000000000000000e+00
-4.546081292745498548e-01
7.349968077808457512e-01
-6.295338717279974627e-01
-6.834149328713335914e-01
-1.000000000000000000e+00
-3.088358975578249233e-01
1.000000000000000000e+00
4.133172650536200421e-01
8.134011162736620726e-01
4.723347966966874312e-01
2.656326702306489596e-01
7.128801963556069543e-01
-2.650678838754236266e-01
1.393561272443563093e-01
-1.000000000000000000e+00
-1.000000000000000000e+00
-1.000000000000000000e+00
-1.000000000000000000e+00
8.559295149219909860e-01
1.000000000000000000e+00
-1.000000000000000000e+00
-7.463781295408035144e-01
-9.736918892006036774e-01
-7.751408492402867001e-01
-4.684069755056086137e-01
2.545193390663856858e-01
-1.000000000000000000e+00
-1.000000000000000000e+00
-3.621834178434495399e-01
-2.001921072380036248e-01
-4.503272408172236396e-01
-9.874225254378985461e-01
1.000000000000000000e+00
1.122032504995684465e-01
2.800327816629174515e-01
-1.000000000000000000e+00
1.000000000000000000e+00
-2.929708755702224998e-01
6.727591244799414893e-02
1.000000000000000000e+00
-1.000000000000000000e+00
-1.419180276719617662e-01
-1.000000000000000000e+00
5.115414406839682293e-01
-1.000000000000000000e+00
3.026084849091372764e-01
-1.000000000000000000e+00
1.000000000000000000e+00
-9.676746730489009796e-01
6.411742819957220174e-01
8.418119368861498586e-01
-1.000000000000000000e+00
-1.000000000000000000e+00
-1.000000000000000000e+00
1.000000000000000000e+00
-6.867130189032257803e-01
1.000000000000000000e+00
1.000000000000000000e+00
-1.000000000000000000e+00
8.302389416945468170e-01
1.000000000000000000e+00
9.923096300450023888e-01
2.823799831738267319e-01
-1.000000000000000000e+00
9.602364783159973438e-01
1.000000000000000000e+00
1.000000000000000000e+00
-1.000000000000000000e+00
1.000000000000000000e+00
-6.410040963768944833e-01
-1.264386088472441161e-01
8.895819305767932450e-01
1.405373303082467773e-01
-1.000000000000000000e+00
9.179132804208577356e-01
1.000000000000000000e+00
2.555734674413210894e-01
8.270756543964790097e-01
7.507604859019459953e-01
-2.157820298951558247e-01
1.000000000000000000e+00
3.667476385489529811e-01
8.352518312113874077e-02
-1.000000000000000000e+00
1.000000000000000000e+00
1.999696403819772872e-01
1.000000000000000000e+00
-1.000000000000000000e+00
-1.000000000000000000e+00
8.191470028142697757e-01
-1.000000000000000000e+00
1.000000000000000000e+00
1.000000000000000000e+00
1.000000000000000000e+00
-6.999191787355310002e-01
6.606602327444113243e-01
-6.645100982593616923e-01
1.000000000000000000e+00
-3.692749529232034478e-01
-4.562681270340495088e-01
-1.000000000000000000e+00
-1.000000000000000000e+00
-1.720591097596507468e-01
1.000000000000000000e+00
-1.140778112776777986e-01
1.000000000000000000e+00
-1.000000000000000000e+00
-1.000000000000000000e+00
1.000000000000000000e+00
1.000000000000000000e+00
-1.000000000000000000e+00
-2.575163414027357156e-01
-1.000000000000000000e+00
-5.245062360494436859e-01
1.000000000000000000e+00
1.000000000000000000e+00
-1.838396468939381134e-01
1.000000000000000000e+00
-1.000000000000000000e+00
8.799911007951795039e-01
-1.000000000000000000e+00
-1.000000000000000000e+00
8.040490627541940771e-01
1.000000000000000000e+00
-1.000000000000000000e+00
-1.000000000000000000e+00
-4.457501399740864123e-01
1.000000000000000000e+00
-6.576284061445709650e-01
1.000000000000000000e+00
-1.235300251054592124e-01
-1.000000000000000000e+00
1.000000000000000000e+00
-1.000000000000000000e+00
-1.338025713073888179e-01
-1.000000000000000000e+00
1.000000000000000000e+00
1.000000000000000000e+00
1.000000000000000000e+00
1.000000000000000000e+00
-7.577173502920819814e-02
7.836758207096383710e-02
1.000000000000000000e+00
8.618001134971421395e-01
3.383938165217286187e-01
8.526878244467950285e-01
1.000000000000000000e+00
1.000000000000000000e+00
-1.000000000000000000e+00
-3.810757623655196547e-01
1.000000000000000000e+00
-9.268356111617463977e-01
-4.665018299310520755e-02
1.000000000000000000e+00
1.000000000000000000e+00
8.187255258486972886e-01
1.000000000000000000e+00
-5.072656306030665085e-01
5.062757093908221151e-02
-1.000000000000000000e+00
-1.000000000000000000e+00
1.000000000000000000e+00
1.000000000000000000e+00
-4.740508334490477482e-01
1.000000000000000000e+00
-1.000000000000000000e+00
