-6.299305347072550187e-01
1.177186743584341944e-01
8.926607536793387254e-01
5.988711674356803627e-01
3.377499813442175203e-01
3.801448793957697969e-01
-9.634845095452322372e-01
-1.000000000000000000e+00
9.315757083186315679e-01
-4.724851713111237750e-01
-6.270361510682707085e-01
-1.212200809310524097e-01
-4.167885593481525652e-01
2.820474089211992830e-01
6.179972744207988811e-01
1.903925506229893205e-01
8.021743815608033401e-01
-4.452289606803472299e-02
5.675613092523306147e-01
-1.636243197994979859e-01
-6.283064834296472334e-01
2.695810006444696594e-01
-6.802171710266604610e-01
-7.420519101936737805e-01
5.091953392224548569e-01
1.883444015744816236e-01
4.350460297899731987e-01
9.165118709409341147e-01
7.323375774340321609e-01
6.998297430079651882e-01
-6.838703811504374119e-01
-2.925617387020122973e-01
-7.218460497179588486e-01
-3.186627470413676555e-01
1.000000000000000000e+00
-1.598115722933408644e-01
-6.199303632108286166e-01
-5.844447124563595386e-01
-1.276103385083986463e-01
7.594802427304492287e-01
1.810822593759540133e-01
8.483323042516888179e-01
4.093444699563957845e-01
8.186917055515146036e-01
3.860288181427673493e-01
9.914233683527162722e-01
-6.315330611191234400e-01
1.275166987597453616e-01
-1.000000000000000000e+00
-7.600139549822149121e-02
5.465457421007708927e-01
-8.917149343330810218e-01
-7.812904179877553368e-01
-8.311599076821902798e-01
-6.965108261871773010e-01
1.000000000000000000e+00
1.944533896000195661e-01
7.190461093140896320e-01
-2.998018591277002987e-01
-1.000000000000000000e+00
-7.022694071891013579e-01
3.483471629256547075e-01
-3.570236870979808241e-01
-4.269724244931376589e-01
-1.000000000000000000e+00
-2.613780551326836399e-01
7.394318896931244556e-01
-7.951052378019414224e-01
-2.691744347217046585e-01
4.667336744908421875e-01
1.000000000000000000e+00
7.656776256015274118e-01
-7.290283565117761100e-02
1.000000000000000000e+00
3.252281985326310743e-01
5.287212514218762038e-01
-9.653725356786251321e-01
4.447034836774976796e-01
-6.897966530409465058e-01
-1.000000000000000000e+00
-7.667611757842582865e-01
2.699289346566022818e-01
2.708293094510172416e-02
9.161060328311083634e-01
-9.742936640471813181e-01
-5.398674757558024062e-01
-8.891440100104344157e-01
2.667622648613265923e-02
-4.942109907086464915e-01
-1.856887956022816866e-01
-1.000000000000000000e+00
-4.962028355644232391e-02
7.922162543608504137e-01
-8.467378080395162598e-01
4.777411360320555911e-01
-2.683890604817382730e-01
-3.539296790204680132e-01
5.641584100340055752e-01
8.397500988132167166e-02
8.423458884278614001e-01
-8.921642530041025143e-01
9.800302520367181192e-01
-2.897218002083006283e-01
1.355907269849661034e-01
-8.164478141928237509e-01
4.499777880108881689e-01
-6.691716249129160410e-01
1.000000000000000000e+00
6.036738822695917328e-01
4.034705367734845449e-01
5.711908235523284194e-01
-1.632881787845041899e-02
-9.664189951812744983e-01
3.879049942276346918e-02
-4.510862928768255564e-02
-7.315702102957752917e-01
6.291037941284607360e-01
-2.451073569502848493e-01
-1.961113899516631065e-02
-3.205036551082152130e-02
-3.618673894140694847e-01
-7.881825990890156675e-02
-6.630143456669213009e-01
-7.667383046673359459e-03
-9.385470675103322336e-01
-5.086470886888152521e-01
-1.000000000000000000e+00
-1.448422723686189073e-01
4.053233806191082755e-01
3.489007900492211434e-01
6.789827122624659816e-01
-9.147720549086655328e-01
-1.123607926752536734e-01
-5.300204951088383076e-02
1.000000000000000000e+00
-2.831562806963958678e-01
1.000000000000000000e+00
-4.716743304416504134e-01
-2.176872763810652200e-01
-8.929933447694340387e-01
1.000000000000000000e+00
-7.471737830403313296e-02
-2.864947258850618628e-01
-5.669746880633597108e-03
3.549948717878854687e-01
-5.480379500932683889e-01
8.923128320811990477e-01
-8.389208159125229880e-01
-6.826171590699374736e-01
-4.375444012563716178e-01
1.000000000000000000e+00
-8.661069857745906653e-01
-1.069003033536579661e-01
5.046371408737182485e-02
-7.290852703064845119e-01
-8.084365876453034616e-01
7.841589745507058229e-01
5.556216749943196920e-01
-9.993258031123675167e-01
3.893498289530796796e-01
7.039080145837621760e-01
-2.870129405605885697e-01
4.084042400382434934e-01
2.002839183645159782e-01
-5.482570923827795317e-01
-9.824169521012187101e-01
-6.456168086604940903e-01
2.213468837819245749e-01
-1.434620071898715654e-01
-4.712618958840837369e-01
4.105592968754789851e-02
8.507865108048240366e-01
1.000000000000000000e+00
-2.745210300991842711e-01
1.611319744673928023e-01
-3.292508693084330584e-01
6.138315702702292764e-01
5.911441679041899988e-01
7.488861137464455364e-01
1.000000000000000000e+00
2.763596519351385616e-02
-8.924790122305137352e-01
1.747577876996597723e-02
-4.166070976197611131e-01
3.998020702610372012e-01
5.664397102515161819e-02
5.138868154691582646e-01
-8.942881138111713479e-01
3.147299431002661407e-01
9.956094394773125078e-01
-8.958891057235891520e-01
7.958557571610249681e-01
9.248569830597568320e-01
-4.285509126373621136e-02
-2.901335591592224539e-01
-1.000000000000000000e+00
3.682325804192321250e-01
-3.481955762850128533e-01
2.935601825003986143e-02
-9.276925752494080690e-01
-2.577638168413658448e-01
1.000000000000000000e+00
-1.688528449967150458e-01
-3.680530517767648391e-01
-1.265106934650610526e-01
6.616864520364957869e-01
-3.321321206787390956e-01
3.901887790331881600e-01
6.738903440694166136e-02
-1.077365016937487097e-01
-1.074895549062810929e-01
2.405109852831082140e-01
6.026635477569799448e-01
5.561497542085080958e-01
-4.644187019429750762e-01
-6.174250828882699160e-01
3.888420653527207005e-01
3.062702671858157366e-01
-9.396452503123975397e-01
4.889777311425747008e-02
-6.447402474243231207e-01
-9.989071923493999527e-01
-4.141965257506574627e-01
5.852755793021886532e-01
2.147896966824713871e-02
3.002435478126685986e-02
-2.321839464214427995e-01
9.231343610433953017e-01
1.000000000000000000e+00
6.033047233466273251e-01
5.567264197002259607e-01
-8.295869804421043270e-01
-6.606531560883136533e-01
-9.486047224588686211e-01
4.912855433822529427e-01
-4.389144362638894847e-01
9.126607543315481408e-01
5.298479370739239691e-02
3.661144625747199122e-01
2.574542630595799686e-02
-3.477369116823132433e-01
3.172150229078365413e-01
5.812732973213763366e-01
4.991938116114309487e-01
-9.835867268710241085e-01
-4.949974210985976786e-01
-6.860588837367287418e-01
-2.502621562671907274e-01
-3.381493545237934661e-01
-9.931413178913865991e-01
-2.278182343787551467e-01
1.000000000000000000e+00
9.441905395835039627e-01
6.106351398131661945e-01
4.509758486818005174e-02
-1.998764383619748841e-01
-5.330681760291513527e-01
-3.232470159439904123e-02
7.006762194007176703e-02
2.566391970802106570e-03
-1.949921765930644479e-01
-2.057171314608741142e-01
-4.675192313377964926e-01
1.543329880321666625e-01
7.093093954709512872e-01
