-9.812609232007519777e-01
9.317296458521275859e-01
1.000000000000000000e+00
1.000000000000000000e+00
-1.000000000000000000e+00
1.000000000000000000e+00
-4.193309857675877605e-01
1.000000000000000000e+00
1.798705039982608778e-01
2.625702835214855924e-01
5.760718062181273691e-01
-1.000000000000000000e+00
-1.000000000000000000e+00
3.576220895858928661e-01
-1.000000000000000000e+00
-1.000000000000000000e+00
-1.564944353905173280e-02
-7.617006053920263309e-01
5.907292363886944564e-01
1.000000000000000000e+00
-1.000000000000000000e+00
-1.854031457459869303e-01
1.000000000000000000e+00
1.000000000000000000e+00
-1.000000000000000000e+00
5.588927927565010556e-01
-8.387710761899567213e-01
-9.315504375028652584e-01
-6.443550626469323195e-01
-1.000000000000000000e+00
4.247836736809140756e-01
-1.000000000000000000e+00
-1.767444144178966781e-01
8.773548124743683063e-01
1.000000000000000000e+00
-1.000000000000000000e+00
1.000000000000000000e+00
-1.000000000000000000e+00
8.820750159230942300e-01
-1.000000000000000000e+00
-1.000000000000000000e+00
1.000000000000000000e+00
3.269954414303627432e-02
-8.880071467842050037e-01
1.000000000000000000e+00
-2.333013223073983067e-01
-1.000000000000000000e+00
-7.937004521063155682e-01
-1.343527119941673176e-01
3.361784743875215892e-02
5.371408455451859298e-01
5.960975633562681786e-03
-1.000000000000000000e+00
-1.530668281021985155e-01
6.824686536874993159e-01
4.823856359834881591e-01
2.673167945876828711e-01
-4.569381053778100998e-01
8.421895468656592776e-02
-1.000000000000000000e+00
-6.248111013280310821e-01
1.000000000000000000e+00
-7.232408266735472768e-01
-1.000000000000000000e+00
-8.676500152153951984e-01
-8.783748783534961468e-02
-1.000000000000000000e+00
-5.530741400771043148e-01
-1.000000000000000000e+00
1.000000000000000000e+00
1.000000000000000000e+00
-1.000000000000000000e+00
1.072283219350611549e-02
1.444231159758759819e-01
1.000000000000000000e+00
-1.000000000000000000e+00
-5.440148265568043318e-01
-1.000000000000000000e+00
1.504454255050891032e-01
-7.078527295424545951e-01
8.023906205069574193e-01
-1.000000000000000000e+00
9.250162932954955064e-01
-1.000000000000000000e+00
7.509004539321573191e-01
-1.647878848176191346e-01
5.418533794689374128e-01
1.000000000000000000e+00
-1.000000000000000000e+00
1.000000000000000000e+00
1.436708809355529137e-01
1.000000000000000000e+00
4.205231300842119380e-01
6.393428106416016998e-01
1.000000000000000000e+00
-8.738003679403756330e-01
-3.082073619307460488e-01
-7.051886844024762846e-01
5.588845744712847008e-01
-2.749209244151021858e-01
1.000000000000000000e+00
-5.597125485366505337e-01
-1.000000000000000000e+00
-2.567049793284851278e-01
-4.730600601950767370e-01
1.000000000000000000e+00
-1.000000000000000000e+00
-5.530451914239798983e-01
-1.000000000000000000e+00
-3.741134103942204137e-01
-6.344810262113245170e-01
-1.000000000000000000e+00
-1.000000000000000000e+00
-3.520613933347097602e-01
-3.432106408536054198e-01
1.000000000000000000e+00
-5.890971083139928677e-01
1.000000000000000000e+00
-3.160389936018282997e-01
-1.000000000000000000e+00
5.153949734275475869e-01
-1.453176447448760733e-01
7.260905471914642639e-01
1.556610028244982402e-01
-1.000000000000000000e+00
-1.000000000000000000e+00
-4.640422811147436044e-01
9.057933179004865609e-01
-9.040796140523403857e-01
1.000000000000000000e+00
-9.660314577493678279e-01
-9.886613176480574250e-01
-1.000000000000000000e+00
-1.000000000000000000e+00
-2.208801983875018360e-01
3.766616810202411125e-01
-9.865329457264928603e-01
1.000000000000000000e+00
7.808661681412059075e-01
-5.702818916395435700e-02
-1.000000000000000000e+00
-1.000000000000000000e+00
1.000000000000000000e+00
1.000000000000000000e+00
1.000000000000000000e+00
1.000000000000000000e+00
7.713286945592722210e-01
-3.563849235184921582e-01
7.075920327611995297e-01
1.696065073554541003e-01
3.960863650883172937e-02
-8.447695412928696301e-01
-1.000000000000000000e+00
1.000000000000000000e+00
2.358530799884716034e-01
-1.000000000000000000e+00
2.131425536062703241e-02
-1.000000000000000000e+00
5.524381298231447746e-01
-6.521484481747764628e-01
1.000000000000000000e+00
7.910732109491187547e-01
9.575685892796468313e-01
1.000000000000000000e+00
3.533682666539378348e-01
1.000000000000000000e+00
-1.000000000000000000e+00
4.433732179685740959e-01
-1.000000000000000000e+00
7.711352789000176511e-01
-1.000000000000000000e+00
-5.168610763345196091e-01
3.220874264385802932e-01
1.000000000000000000e+00
-1.000000000000000000e+00
-1.000000000000000000e+00
6.552678132226986696e-01
5.261960303830408581e-01
2.295102097270027008e-01
6.318469199181349083e-01
1.000000000000000000e+00
2.590188203938389444e-01
-9.769436764426604469e-01
-1.000000000000000000e+00
7.439223846727281986e-01
-1.000000000000000000e+00
2.583201266929352480e-01
5.435737078922531218e-03
-1.000000000000000000e+00
8.531306246683167949e-01
-1.416367787508510667e-01
4.484506603216578124e-01
1.000000000000000000e+00
6.111509429363299883e-01
-1.000000000000000000e+00
1.000000000000000000e+00
-8.753045762985380840e-01
-1.000000000000000000e+00
1.000000000000000000e+00
-1.000000000000000000e+00
3.415565240817333148e-01
-8.762173033954010481e-01
7.106099745649819832e-01
-1.000000000000000000e+00
1.000000000000000000e+00
-4.557667319444435594e-01
3.836975584645423987e-01
-1.000000000000000000e+00
1.000000000000000000e+00
5.296070850174748879e-01
3.373290649311151412e-01
-1.063886578663101323e-01
-1.000000000000000000e+00
-1.000000000000000000e+00
1.000000000000000000e+00
-1.000000000000000000e+00
-1.000000000000000000e+00
-3.735806854345175010e-01
1.000000000000000000e+00
1.000000000000000000e+00
-6.043618291721200020e-01
-1.000000000000000000e+00
-9.413431149992389502e-01
1.000000000000000000e+00
1.000000000000000000e+00
-4.204693765653914062e-01
1.000000000000000000e+00
7.522971470395437565e-01
1.000000000000000000e+00
5.508896322111995758e-01
-1.000000000000000000e+00
1.000000000000000000e+00
7.759824036809618297e-01
1.000000000000000000e+00
8.860467172698966998e-01
-8.778416999597195014e-01
-6.988471067032788753e-01
7.019447480130744932e-01
4.777174401125968695e-01
7.438139417028333256e-01
6.034272478900819525e-01
-8.891512490710444805e-01
1.673458393818435530e-01
1.000000000000000000e+00
1.000000000000000000e+00
1.000000000000000000e+00
-1.000000000000000000e+00
6.793497501202998556e-01
2.775409833827973127e-01
6.071112972142095332e-01
-1.000000000000000000e+00
2.247065468527600918e-02
1.108529594310628807e-01
1.000000000000000000e+00
-3.928873382387033653e-01
-8.325590033683605284e-01
-1.000000000000000000e+00
-1.000000000000000000e+00
5.237529361061410427e-02
-8.436712890711465240e-01
-3.129893781184389656e-02
-3.014085716663508219e-01
-2.629185901471684517e-01
1.000000000000000000e+00
-1.000000000000000000e+00
