1.000000000000000000e+00
2.427027418872540476e-01
2.650198346844561126e-01
5.185799512176090253e-01
4.444907047111084086e-01
1.000000000000000000e+00
5.193409500897239184e-01
9.812237373254534267e-01
-5.173783986821823833e-01
1.000000000000000000e+00
1.000000000000000000e+00
-5.701370378481454004e-01
-1.000000000000000000e+00
-1.000000000000000000e+00
3.741566532441641391e-01
-4.725553670320081778e-01
1.000000000000000000e+00
-1.000000000000000000e+00
-2.789157103560251372e-01
-1.000000000000000000e+00
-6.702087902264165509e-01
1.000000000000000000e+00
3.732051360389343486e-02
1.000000000000000000e+00
8.655213301288400274e-01
1.000000000000000000e+00
4.916261049290600038e-01
8.246518222538904430e-01
-3.608302691713299870e-01
1.000000000000000000e+00
1.000000000000000000e+00
1.000000000000000000e+00
4.517382427768969477e-01
1.685431308876772505e-01
4.352778025918697113e-01
-2.774683816898118049e-01
5.247757251719775695e-01
-8.582169197390017157e-01
2.722500047564431203e-01
7.262703452159975370e-01
-1.000000000000000000e+00
-1.000000000000000000e+00
-6.839692383157618405e-01
1.000000000000000000e+00
8.000407992843937555e-01
9.762745729663715455e-01
-8.151555678718085396e-01
-1.000000000000000000e+00
-3.661571406682500029e-01
-1.000000000000000000e+00
3.347128709293244464e-01
-1.000000000000000000e+00
1.487456950260164223e-01
1.000000000000000000e+00
1.000000000000000000e+00
2.835878943499967608e-01
1.000000000000000000e+00
3.883866766198635911e-01
-1.000000000000000000e+00
1.000000000000000000e+00
1.000000000000000000e+00
1.000000000000000000e+00
-1.000000000000000000e+00
1.000000000000000000e+00
1.000000000000000000e+00
-2.165283829756678990e-01
-8.977134271374541674e-01
1.000000000000000000e+00
-8.036914210610526244e-01
-2.080580858095324448e-01
1.000000000000000000e+00
1.000000000000000000e+00
-8.086456470610600689e-02
-1.000000000000000000e+00
1.000000000000000000e+00
6.718572860187382867e-01
-1.000000000000000000e+00
-1.000000000000000000e+00
-2.788908038902040976e-01
-1.000000000000000000e+00
1.000000000000000000e+00
6.841901889991954810e-01
1.000000000000000000e+00
-2.165496369409327659e-01
1.000000000000000000e+00
1.000000000000000000e+00
1.000000000000000000e+00
1.000000000000000000e+00
-3.340087386677184078e-01
1.000000000000000000e+00
1.000000000000000000e+00
1.000000000000000000e+00
-1.748256945472936863e-01
-9.419462135237905986e-01
9.772707660590640444e-01
1.000000000000000000e+00
1.000000000000000000e+00
1.540921123497753231e-01
-1.000000000000000000e+00
-1.000000000000000000e+00
-1.615534056178846711e-02
2.084552896599090044e-01
-1.000000000000000000e+00
-1.000000000000000000e+00
6.385119860433566830e-01
-4.414550732848641634e-01
1.632493399383871946e-03
-1.000000000000000000e+00
1.000000000000000000e+00
8.602476533135755554e-01
-6.401384882951441924e-01
1.000000000000000000e+00
1.000000000000000000e+00
4.064327207713898105e-01
3.993144018215877278e-02
-3.754228542192745710e-01
-1.000000000000000000e+00
-1.854313807151000137e-01
7.996345085974781997e-01
1.000000000000000000e+00
-5.951880378214853273e-01
2.674894609926955491e-01
-2.885522871712082882e-01
-7.816084125980149455e-01
1.000000000000000000e+00
1.059313444572184126e-01
6.633180068841955102e-01
-1.690792910313441144e-01
6.441648185972610463e-01
-1.000000000000000000e+00
1.000000000000000000e+00
1.000000000000000000e+00
-9.274400311593111734e-01
-1.000000000000000000e+00
-1.000000000000000000e+00
-1.000000000000000000e+00
2.129825684310431289e-01
1.000000000000000000e+00
-1.000000000000000000e+00
-9.485117038337309570e-01
4.495866726877134623e-01
-1.000000000000000000e+00
1.000000000000000000e+00
-1.000000000000000000e+00
1.000000000000000000e+00
-4.339729366895017648e-01
-7.727714739836499813e-01
-1.000000000000000000e+00
9.310913505269514667e-01
-1.000000000000000000e+00
-8.037410348696827356e-02
9.554858297458942440e-01
-6.864501936663042203e-01
2.587883018267781443e-01
1.220863908627995986e-01
-6.329224398436157362e-01
5.650020315473810451e-01
-1.000000000000000000e+00
-5.001646364767108333e-01
1.000000000000000000e+00
-6.474387196678275114e-01
1.000000000000000000e+00
4.310712512358864656e-01
1.000000000000000000e+00
1.000000000000000000e+00
3.617628947866022848e-01
1.433790695632244372e-01
-3.132121607355964343e-01
1.000000000000000000e+00
-2.676768025062767897e-01
-1.000000000000000000e+00
1.000000000000000000e+00
8.349194809197706402e-01
-5.268264177174752927e-01
8.541000170788981549e-01
-1.000000000000000000e+00
4.620152717020520328e-01
-1.000000000000000000e+00
-1.542825848945125200e-01
-1.000000000000000000e+00
-9.465827745243766689e-01
1.000000000000000000e+00
-1.000000000000000000e+00
-8.237344904031296267e-01
1.000000000000000000e+00
-1.000000000000000000e+00
2.196953995878297983e-01
-1.000000000000000000e+00
-1.000000000000000000e+00
-1.000000000000000000e+00
1.000000000000000000e+00
-3.069108388727537218e-01
1.000000000000000000e+00
-8.010633100601006751e-01
-1.000000000000000000e+00
-1.000000000000000000e+00
-1.870911309117189725e-01
-9.831569481803783539e-01
-1.000000000000000000e+00
9.764475413103760326e-01
1.000000000000000000e+00
8.697843440263484105e-01
9.143770599446423564e-01
-1.000000000000000000e+00
8.303487045623170193e-01
-1.000000000000000000e+00
1.000000000000000000e+00
-2.831194184448373452e-01
1.000000000000000000e+00
-1.000000000000000000e+00
-1.000000000000000000e+00
-2.885423344865465367e-01
9.890596134137435991e-02
1.000000000000000000e+00
4.764588714175308493e-01
-1.000000000000000000e+00
-1.000000000000000000e+00
1.000000000000000000e+00
6.196108381596616699e-01
-1.000000000000000000e+00
2.258900946623176864e-02
-1.000000000000000000e+00
-8.973411659497874115e-01
2.171195030365618006e-01
1.836495651817859898e-02
-1.000000000000000000e+00
6.690110299755527290e-01
-7.291857623272459676e-01
1.000000000000000000e+00
-1.000000000000000000e+00
-1.789535233721137875e-01
3.648426257405393835e-01
-1.000000000000000000e+00
7.372740379824627155e-02
1.000000000000000000e+00
-1.656222644343929851e-02
-1.000000000000000000e+00
-7.191160483950027604e-01
2.640177694520735585e-01
2.724422474565684205e-01
1.000000000000000000e+00
3.648868278264811305e-01
1.455784836577515839e-01
-1.000000000000000000e+00
-1.000000000000000000e+00
-5.858974058602210988e-01
2.950335601236248051e-01
1.000000000000000000e+00
-1.000000000000000000e+00
1.000000000000000000e+00
1.000000000000000000e+00
-1.947488308050242534e-01
8.100894282855534145e-01
1.000000000000000000e+00
-6.063971759532778005e-01
6.686509752058217293e-02
1.000000000000000000e+00
1.000000000000000000e+00
-1.000000000000000000e+00
1.773505884089845441e-01
2.032674586719539489e-01
1.000000000000000000e+00
-7.013481893168467263e-01
6.121979170624004540e-01
-1.000000000000000000e+00
