9.806807465080082942e-01
-8.811814611807018416e-01
-3.144376105643611474e-01
4.086876555805685207e-02
-4.312756633516370286e-01
8.701766284282737018e-01
6.965993475053140482e-01
4.409052577773224790e-01
-3.520965550431369717e-01
-9.671531033480524897e-01
-5.434044677155986935e-01
-1.119799253068929357e-01
-5.806017073738805045e-01
-3.960932660656653059e-01
-8.201449127626547764e-03
-9.124251795189635139e-01
-2.817961431686488716e-02
6.783247311867224294e-01
6.727116822788943296e-01
8.839764668337066755e-01
-7.781014692862300297e-01
-4.881183533085959869e-01
5.459698690760845796e-01
-5.952946412148525379e-01
-1.550026314150356743e-01
-8.058168849613123186e-02
-8.955772192855018243e-01
-7.762100265293749857e-01
4.894540277920769178e-01
9.800773240130988828e-01
-8.756242295500435979e-01
7.903886243978792692e-01
8.600678287049634552e-01
1.450875432090525941e-01
2.295606148803881474e-01
3.042779158599591138e-01
-6.484922676073638925e-01
9.004566615362707971e-01
1.178348884522097961e-01
-3.584943557117474811e-01
-2.975796566889172823e-01
-3.370255625475455652e-01
8.281984568286657744e-01
-1.101368362738355255e-01
2.856432131662511864e-01
1.561289993429237910e-02
9.507287909436490381e-01
9.214230487743191311e-01
2.870261678258434479e-01
2.352728632921730068e-02
7.159464656093486035e-01
6.851051476841405474e-01
4.479200313275699674e-01
-2.554148383961070135e-01
5.603793786432633706e-01
7.899403697488209808e-01
1.116337254404116131e-01
9.887524613099383242e-01
-2.291312856216729532e-01
9.355394960581848718e-01
1.640209815491495693e-01
1.836254951955822445e-01
-9.026340559264329766e-01
3.426862162198744954e-01
6.687608623550693743e-01
-7.933276628878820347e-01
3.436649696106341967e-01
9.932083969476115382e-01
-6.269740140194035583e-02
4.349848936902236396e-01
7.463273178805664987e-01
9.148910491695023683e-01
1.385466438236910847e-01
-7.937027132459217871e-01
-8.501821419391060175e-01
-5.465222194923338161e-01
3.261049802659605756e-01
-1.734322955657918719e-01
1.367749920554623966e-01
9.532262569500862259e-01
1.952516523798495385e-01
-3.851113486162462962e-01
9.107635393782145261e-01
9.036023977670111229e-01
-8.152216141751318368e-01
-4.533258147774494873e-01
4.490128762838703214e-01
4.523244367638261654e-01
-7.213961168030242899e-01
5.984338527973560584e-01
8.685148661078074817e-01
-4.722929411953113998e-01
-6.044658383561161141e-01
-3.294938860374638789e-01
2.248911841183509619e-01
7.483981774785382068e-01
-5.181349853099836977e-02
2.865028514825040951e-02
8.101443641337751078e-01
-9.043129505356448661e-01
-1.097888714359536166e-01
3.841288362568562320e-01
7.925665957504115511e-01
6.868982155268534839e-01
2.656809057618312320e-01
2.844847241669716809e-01
-7.006459146808536875e-01
1.110589516883968564e-01
-5.848569000393291084e-01
-1.865929004708037908e-01
8.897371782694110109e-01
-9.157574113178026387e-01
8.346783154569004104e-01
6.043924824594892886e-01
-5.272122468203699341e-01
7.660125759083156183e-01
9.809842376011121967e-01
8.505816526549383472e-01
-3.868198012098680305e-01
-9.815487631754440390e-01
2.276221053947373729e-01
1.810374156588454575e-01
3.453111534074098099e-01
3.638474599971905921e-01
4.353690762198372255e-01
-1.241557682509681904e-01
-4.419481260691515701e-02
-5.263087817202920515e-01
-6.234119285412000888e-01
9.917326571980722427e-01
5.577961391321812901e-01
5.303382071800277764e-02
-6.321720318816670403e-01
-4.983508376893917013e-01
-4.118067136524634630e-01
4.069167364287353816e-01
-1.316330838473083187e-01
8.200996502071029592e-01
-5.864837822240023257e-01
-2.072957172658664859e-01
2.391486611292221731e-01
4.149954230261154731e-01
6.134085096430808015e-02
5.268957940031984144e-01
-8.329670617909648023e-01
6.239953467944414633e-02
-3.837387174507886911e-01
-3.533841464443387981e-01
-4.839715626373215507e-01
-2.732638293437821275e-01
4.865294840221503492e-01
3.353673403837500455e-01
-3.894963903323236387e-01
-8.134581922910522067e-01
9.830601075465097427e-01
-1.831835384950497581e-01
8.873606991747096107e-01
-7.006172627201205927e-01
-2.819432025973611644e-01
4.878323387049758875e-01
4.561805118375241719e-01
6.437658470950842204e-01
5.083213776183281851e-01
5.913425521054702649e-01
-8.606166186009220898e-01
7.170992951229848700e-02
-9.882874709592381901e-01
3.642057915401855084e-01
-7.875750423485579077e-01
9.736021301371466929e-01
3.680338580978270713e-03
4.690899589529811120e-01
-4.818824458726000959e-01
-3.852155939924903905e-01
9.525522980228240399e-03
6.814263737011172495e-01
1.754839420540224015e-01
9.495123639189264608e-01
-7.420319937813042444e-01
7.465749796959717521e-01
8.145666830647368961e-02
3.678763038126635632e-01
-4.983869999229209036e-01
7.612470367316712672e-01
3.609465618223279826e-01
2.057764585836978632e-01
-8.773217976629776871e-04
-8.711214023427940045e-01
7.498771204928538214e-01
-4.680320964893436297e-01
-8.851340538698804217e-01
-2.326033411368180204e-01
1.915072806483313350e-01
6.083109107409394589e-01
3.017289599144294954e-01
7.816814578906150501e-02
8.066877249095893987e-01
-2.694771446174759610e-01
1.570084901134571886e-02
7.143867102111542966e-01
3.203603735480786696e-03
-5.768499409988578908e-01
-2.472771355775218449e-01
-3.951817877843293303e-01
2.078656230272604155e-01
3.834022994744796797e-01
5.832736211394513592e-01
8.433911187455225278e-01
-3.163677655388941190e-03
4.040994761981462347e-01
-7.473973901871562298e-01
-1.721253707061516369e-01
4.715175239975113453e-01
1.853802998045088746e-01
-2.892122971011292787e-01
-8.574102480367509216e-01
-1.953535972284250466e-01
4.076997556770745046e-01
-5.645096258746369333e-01
6.962855585799223590e-01
-7.933763923607519697e-01
-4.598957269212360366e-01
-2.552557825569703454e-01
1.852617234760727261e-01
-9.945876290868005398e-02
4.616943246673423928e-01
-7.189530913236132914e-01
9.543799144230709075e-01
-2.963092184907691884e-01
-1.552103813052914116e-01
3.601037733588463574e-01
8.102991254294891199e-01
7.585926189928786645e-01
9.277292700558144034e-01
-5.577969708878027788e-03
8.372693499926113780e-01
7.411911737309573311e-01
7.617059241041048701e-01
8.314820201448416270e-01
2.152858895581692966e-01
-3.588677595200793213e-01
6.912602351185777039e-01
8.051563948721263131e-02
1.683653585716093914e-02
3.039839990627470900e-01
-5.506541432722884544e-01
-4.428806347064884186e-02
-1.090484653246683866e-01
6.994993636700774786e-01
6.409078060772264163e-01
-4.364748627361214606e-01
-6.189685813950525084e-01
7.485625977623955318e-01
6.187051631493618586e-01
4.929689574002342756e-01
9.045642441358900943e-01
-9.954863917484819691e-01
-4.776847741605394493e-01
2.492746769725198153e-01
-2.441680968503783244e-01
-3.686297721433040575e-01
9.343999217348339936e-01
-1.097399924769839608e-01
-8.339126140906332196e-01
-4.751046924251078885e-02
