-1.000000000000000000e+00
-1.000000000000000000e+00
1.000000000000000000e+00
-1.000000000000000000e+00
1.000000000000000000e+00
-1.000000000000000000e+00
7.110271473522636332e-02
-1.000000000000000000e+00
1.000000000000000000e+00
-1.000000000000000000e+00
1.000000000000000000e+00
3.678483873259103532e-01
-1.000000000000000000e+00
-1.000000000000000000e+00
-1.000000000000000000e+00
-1.000000000000000000e+00
1.000000000000000000e+00
1.000000000000000000e+00
-1.000000000000000000e+00
1.000000000000000000e+00
-1.000000000000000000e+00
-1.000000000000000000e+00
-1.000000000000000000e+00
-4.967387212850470357e-01
1.000000000000000000e+00
-1.000000000000000000e+00
-1.000000000000000000e+00
-1.000000000000000000e+00
-1.000000000000000000e+00
1.000000000000000000e+00
-1.000000000000000000e+00
1.000000000000000000e+00
1.000000000000000000e+00
-1.000000000000000000e+00
-1.000000000000000000e+00
-1.000000000000000000e+00
-5.278308705810949020e-01
1.000000000000000000e+00
-7.188951874272194731e-01
1.000000000000000000e+00
1.000000000000000000e+00
8.527877292908933038e-01
-1.000000000000000000e+00
1.000000000000000000e+00
1.000000000000000000e+00
1.000000000000000000e+00
-1.000000000000000000e+00
-8.880186847517438364e-01
-1.978714203850137632e-01
-1.000000000000000000e+00
-1.000000000000000000e+00
-2.129071631481904703e-02
1.000000000000000000e+00
8.025496660548869787e-01
-1.000000000000000000e+00
1.000000000000000000e+00
1.000000000000000000e+00
1.000000000000000000e+00
-1.000000000000000000e+00
1.000000000000000000e+00
4.645871706955925218e-01
-5.067543003753773867e-01
1.607540353993237581e-01
7.314777295513371635e-01
-1.000000000000000000e+00
1.000000000000000000e+00
2.110771377885860556e-01
-8.568967743917610402e-01
1.000000000000000000e+00
-7.901780514353289320e-01
1.000000000000000000e+00
-1.000000000000000000e+00
-1.000000000000000000e+00
-9.253822098308905897e-02
-8.093041652892947191e-01
2.580622017212075292e-01
-1.000000000000000000e+00
-1.000000000000000000e+00
-1.000000000000000000e+00
-7.923016721803047835e-01
1.000000000000000000e+00
-3.865156726781797114e-01
-1.000000000000000000e+00
-1.000000000000000000e+00
-1.000000000000000000e+00
1.000000000000000000e+00
1.000000000000000000e+00
-1.000000000000000000e+00
8.427301178348076682e-01
1.000000000000000000e+00
1.000000000000000000e+00
1.000000000000000000e+00
1.000000000000000000e+00
5.221753424089962126e-01
1.000000000000000000e+00
1.000000000000000000e+00
1.000000000000000000e+00
-2.059216461624025218e-01
1.000000000000000000e+00
-1.000000000000000000e+00
-2.028086533623096877e-01
3.271802696768094654e-01
-1.000000000000000000e+00
1.150796315887093746e-01
-1.000000000000000000e+00
-1.000000000000000000e+00
9.052981265634876262e-01
1.312750944754962346e-01
1.000000000000000000e+00
-4.779065015486350099e-01
7.771808254290890616e-02
1.000000000000000000e+00
-1.000000000000000000e+00
1.000000000000000000e+00
-1.000000000000000000e+00
3.953236622495896468e-01
-2.068111048147349418e-01
-4.048698485575225048e-01
-5.686001566041495314e-01
1.000000000000000000e+00
4.818324470511829993e-01
1.000000000000000000e+00
1.000000000000000000e+00
-1.000000000000000000e+00
1.695107560793749357e-01
1.000000000000000000e+00
8.437327734879687124e-01
-1.000000000000000000e+00
-1.000000000000000000e+00
1.000000000000000000e+00
1.000000000000000000e+00
-1.000000000000000000e+00
-1.594697335350412359e-01
1.000000000000000000e+00
-1.000000000000000000e+00
1.000000000000000000e+00
1.801170987184138594e-01
-1.000000000000000000e+00
6.844742115058914944e-01
-1.000000000000000000e+00
1.000000000000000000e+00
6.421064036319030777e-01
1.656511136360200864e-01
1.000000000000000000e+00
1.000000000000000000e+00
1.000000000000000000e+00
-1.000000000000000000e+00
1.000000000000000000e+00
-1.000000000000000000e+00
-5.007962111837627184e-01
-1.000000000000000000e+00
-4.032153637375126554e-01
1.000000000000000000e+00
-1.000000000000000000e+00
-1.000000000000000000e+00
-8.423503357543121739e-01
1.000000000000000000e+00
2.108884206760482938e-01
-6.841360088017176544e-01
-1.000000000000000000e+00
-6.347697372066621879e-01
-1.855684352701354456e-01
1.554172555514085619e-01
1.000000000000000000e+00
-1.000000000000000000e+00
4.897092249127554808e-01
1.000000000000000000e+00
1.000000000000000000e+00
-6.834902021587467846e-01
1.000000000000000000e+00
1.000000000000000000e+00
1.000000000000000000e+00
-1.000000000000000000e+00
1.000000000000000000e+00
1.000000000000000000e+00
1.000000000000000000e+00
1.000000000000000000e+00
-1.000000000000000000e+00
-1.000000000000000000e+00
6.890826672072104531e-01
6.307110837039442419e-01
-3.069220723733363521e-01
-7.934450124979286478e-02
-2.118904945474276991e-01
8.934367308793617068e-02
1.247679023829850742e-01
1.000000000000000000e+00
-1.000000000000000000e+00
8.903608937861566819e-01
6.094890012410726365e-01
1.000000000000000000e+00
1.000000000000000000e+00
3.695739855091344506e-01
5.147331381811446338e-01
-1.000000000000000000e+00
1.000000000000000000e+00
1.000000000000000000e+00
1.000000000000000000e+00
1.000000000000000000e+00
-1.000000000000000000e+00
-1.000000000000000000e+00
5.021531208734706375e-01
1.000000000000000000e+00
-1.000000000000000000e+00
1.000000000000000000e+00
1.000000000000000000e+00
-1.000000000000000000e+00
1.000000000000000000e+00
-1.000000000000000000e+00
-7.531683075706665509e-01
8.678237087038498387e-01
1.000000000000000000e+00
-3.920233520019261730e-01
1.000000000000000000e+00
-7.405674002901443398e-01
1.000000000000000000e+00
1.000000000000000000e+00
1.000000000000000000e+00
6.840657382288658495e-01
-8.431725679540471585e-01
-1.000000000000000000e+00
-1.000000000000000000e+00
-1.107879996246046161e-01
8.613976144282726732e-01
1.922414980260263029e-01
5.243230066661171973e-01
-1.000000000000000000e+00
1.000000000000000000e+00
-2.237509548012200922e-01
-1.000000000000000000e+00
-1.000000000000000000e+00
5.446560498736519040e-01
1.000000000000000000e+00
1.000000000000000000e+00
1.000000000000000000e+00
-7.720450968062964048e-02
1.088790475158474269e-02
1.691247114670459961e-01
-5.159230883001705292e-01
1.000000000000000000e+00
-1.000000000000000000e+00
-1.720858574914673755e-01
7.659241531431983940e-01
-1.000000000000000000e+00
-1.000000000000000000e+00
-9.921635975667846274e-01
-5.540952381373794866e-01
-7.951414923199069396e-01
-9.290528004171766385e-01
1.000000000000000000e+00
8.560174045690225331e-01
-5.656093626157487897e-01
8.702461856971476228e-01
9.465734354285862961e-01
4.956930004163786485e-01
2.393525604000188434e-01
1.000000000000000000e+00
1.000000000000000000e+00
1.000000000000000000e+00
-1.000000000000000000e+00
-1.000000000000000000e+00
-1.000000000000000000e+00
-1.000000000000000000e+00
-1.000000000000000000e+00
-4.582604870455997403e-02
