1.000000000000000000e+00
-8.981352151749637525e-01
-1.000000000000000000e+00
8.288419394251350658e-01
-7.184985388503071224e-01
3.328224625824456329e-01
-4.268974500927013582e-01
1.000000000000000000e+00
1.000000000000000000e+00
5.224592135239971569e-01
1.000000000000000000e+00
-5.102410230903560162e-01
-4.384838576037136115e-01
-1.000000000000000000e+00
3.682506030730834379e-01
8.514301523643836855e-01
2.152665928949409890e-01
1.000000000000000000e+00
1.000000000000000000e+00
-3.162229902001371107e-01
1.000000000000000000e+00
-4.055080640758043087e-01
1.000000000000000000e+00
-1.000000000000000000e+00
1.000000000000000000e+00
1.000000000000000000e+00
1.000000000000000000e+00
1.000000000000000000e+00
-7.153784971300645168e-01
2.715881217604414477e-01
1.000000000000000000e+00
8.565498668285612682e-01
-1.000000000000000000e+00
1.283480948721638648e-01
-1.000000000000000000e+00
2.187203834213848896e-01
-9.732283084599563372e-01
8.001484699695126102e-01
1.000000000000000000e+00
1.000000000000000000e+00
1.000000000000000000e+00
-3.896861056312168614e-01
-1.000000000000000000e+00
-7.417287668208383256e-01
-9.325499108526370540e-01
5.061918138220845576e-01
1.000000000000000000e+00
-2.460514260621182725e-02
1.000000000000000000e+00
6.580262789875561680e-01
-1.000000000000000000e+00
-6.939618576229317215e-01
-1.000000000000000000e+00
1.000000000000000000e+00
-6.112663562593350086e-01
-1.000000000000000000e+00
-6.020702037624814373e-02
8.116052183151071242e-01
-1.000000000000000000e+00
-1.000000000000000000e+00
1.812900248881542664e-01
-1.000000000000000000e+00
-7.554816500030312465e-01
-1.000000000000000000e+00
1.000000000000000000e+00
5.393294826328872693e-01
-8.596221863199949853e-01
1.000000000000000000e+00
1.000000000000000000e+00
-6.022878940972200557e-01
-5.386121516190263137e-01
1.819467105259154893e-01
-6.582623330478015733e-01
-1.000000000000000000e+00
1.000000000000000000e+00
-1.335034079772702276e-01
4.585570022410968560e-01
5.386408779116792500e-01
8.055040863511424565e-01
-2.258775700620065940e-01
-9.928217036257800387e-01
1.000000000000000000e+00
1.000000000000000000e+00
4.470306469443503516e-01
-1.000000000000000000e+00
9.799189649558254223e-01
1.528795817352768815e-01
-1.000000000000000000e+00
-9.598443584432312381e-01
-1.000000000000000000e+00
-3.230218735003450581e-01
3.901409938868768412e-01
-1.000000000000000000e+00
1.000000000000000000e+00
-7.983422537924909079e-01
-1.000000000000000000e+00
1.434090385550117475e-01
2.767554863622060379e-01
-1.000000000000000000e+00
-5.125208224643149624e-01
5.554916662953317541e-01
-8.924153782936187218e-01
2.746589202509218675e-01
-1.000000000000000000e+00
1.000000000000000000e+00
1.777590536044280634e-01
5.935059586410916799e-01
1.000000000000000000e+00
-1.000000000000000000e+00
1.000000000000000000e+00
1.000000000000000000e+00
-1.000000000000000000e+00
1.000000000000000000e+00
-7.170123141952413626e-01
5.952220264207608302e-01
1.000000000000000000e+00
2.129912437640602008e-03
4.979106019013096462e-01
-1.000000000000000000e+00
-1.000000000000000000e+00
-2.174896134988580920e-01
-9.505839208502864235e-01
1.000000000000000000e+00
-2.269197514502035162e-01
-5.413421780085584389e-01
-1.000000000000000000e+00
9.281966129759801065e-01
-1.000000000000000000e+00
-1.000000000000000000e+00
5.707762936277316346e-02
1.000000000000000000e+00
-1.000000000000000000e+00
-1.477187561107684566e-02
-8.037603714997265669e-02
-1.000000000000000000e+00
7.013501669658285254e-01
-5.520405503693903704e-02
-1.000000000000000000e+00
-1.000000000000000000e+00
-3.781862065274972373e-01
1.000000000000000000e+00
-7.398404689184456817e-03
1.667365685582888890e-02
-1.000000000000000000e+00
4.326741830125744315e-01
1.000000000000000000e+00
-1.000000000000000000e+00
1.000000000000000000e+00
1.000000000000000000e+00
-1.000000000000000000e+00
-8.872952188187925859e-01
-4.171008084564020724e-01
-6.630533205436835997e-01
-4.549155164986342648e-01
-1.000000000000000000e+00
-1.000000000000000000e+00
6.416852396363044164e-01
-7.492269846120069854e-01
5.053710573340285395e-01
1.000000000000000000e+00
6.081508932767254461e-02
1.000000000000000000e+00
-5.072747432527084932e-01
9.555067565471684343e-01
1.000000000000000000e+00
1.000000000000000000e+00
1.000000000000000000e+00
-1.000000000000000000e+00
-6.187201823114999444e-01
-5.303770189082634978e-01
8.620873410143540250e-01
-1.000000000000000000e+00
1.000000000000000000e+00
5.662463914544473287e-01
-9.668009319244641464e-02
-1.000000000000000000e+00
7.721845721261538786e-01
-1.000000000000000000e+00
6.484266924616832739e-01
-6.894806630673865344e-01
3.813827699084892942e-02
-1.177529391415579330e-01
-8.075687609104883480e-01
-1.000000000000000000e+00
4.164009730679755217e-01
-1.000000000000000000e+00
-1.000000000000000000e+00
5.629193763471954659e-01
-7.480915222528397024e-01
-1.000000000000000000e+00
-6.394828264165983711e-01
-6.659743922493850388e-01
-5.385993367527797115e-01
1.000000000000000000e+00
-3.664002960107350937e-01
3.661346033407919531e-01
1.612696247253122550e-01
6.406512678539935668e-02
1.000000000000000000e+00
-1.000000000000000000e+00
-1.652448603917303915e-01
-8.635153602210210444e-02
-1.204316946506560626e-01
3.106208849460867505e-02
1.000000000000000000e+00
3.125674076139706159e-01
3.914864439244740701e-01
1.000000000000000000e+00
1.000000000000000000e+00
-2.307647114859234794e-02
-1.000000000000000000e+00
-8.658533401404497898e-01
1.000000000000000000e+00
1.000000000000000000e+00
-2.530572365210828067e-01
-4.057137473153827889e-01
-5.889054783929381642e-01
1.000000000000000000e+00
2.726415123835768117e-02
-6.388982898992371373e-01
6.776054401832745100e-01
-1.000000000000000000e+00
1.611141642230096149e-02
-2.831409119020105170e-01
1.000000000000000000e+00
6.999654710870022445e-01
-1.000000000000000000e+00
-1.000000000000000000e+00
4.905567778687075498e-01
-1.000000000000000000e+00
-1.000000000000000000e+00
6.082613353226482555e-01
-1.000000000000000000e+00
-5.731815911843223255e-01
1.000000000000000000e+00
-1.000000000000000000e+00
1.000000000000000000e+00
-5.754239802527775227e-01
3.297147694000740481e-01
5.624845844424217756e-01
-1.000000000000000000e+00
1.000000000000000000e+00
-1.000000000000000000e+00
1.000000000000000000e+00
-1.000000000000000000e+00
-1.000000000000000000e+00
-1.000000000000000000e+00
-7.721813096636288565e-01
-4.917941126227680648e-01
7.228600917465689557e-01
7.697900545400737649e-01
-6.364747592664358189e-01
1.000000000000000000e+00
5.801165348074321937e-01
5.956798737564736879e-01
-3.202447756631847664e-01
-1.000000000000000000e+00
5.841540575371129140e-01
5.066250479338725299e-01
5.948147082188951495e-01
-8.243316419463339040e-01
-1.000000000000000000e+00
-1.000000000000000000e+00
1.772153855912589338e-01
-1.514800942992411414e-01
