1.000000000000000000e+00
-1.000000000000000000e+00
1.000000000000000000e+00
-1.000000000000000000e+00
-2.055209173338512496e-01
1.000000000000000000e+00
2.199413102941468745e-01
1.000000000000000000e+00
1.000000000000000000e+00
1.000000000000000000e+00
-1.000000000000000000e+00
1.000000000000000000e+00
1.000000000000000000e+00
-8.376663120685635955e-02
1.000000000000000000e+00
-1.000000000000000000e+00
-1.644512011356438208e-01
-8.123171226081536966e-01
-1.000000000000000000e+00
3.650720049656964727e-01
1.000000000000000000e+00
1.000000000000000000e+00
-7.738156088830311363e-02
9.547164123353806264e-01
-1.000000000000000000e+00
1.000000000000000000e+00
-6.457651290613688477e-01
-4.554358459509602053e-01
-1.000000000000000000e+00
-4.397177517966843752e-02
-1.000000000000000000e+00
-4.804240476327646947e-01
-1.000000000000000000e+00
-1.000000000000000000e+00
7.711131481982804736e-01
3.491657784826415756e-01
1.000000000000000000e+00
-1.000000000000000000e+00
1.000000000000000000e+00
-6.480932092383853149e-01
-2.480692831327423464e-01
-1.000000000000000000e+00
1.000000000000000000e+00
4.651733043903669707e-01
-8.509575707439628323e-01
-1.000000000000000000e+00
1.000000000000000000e+00
-1.000000000000000000e+00
-1.000000000000000000e+00
-5.064462605268521544e-01
3.435696935333134583e-01
1.000000000000000000e+00
1.000000000000000000e+00
9.859142734830008692e-01
-1.000000000000000000e+00
-8.224918857085685708e-01
-1.000000000000000000e+00
-6.681686269628541730e-01
1.000000000000000000e+00
7.021818918967086542e-01
-1.000000000000000000e+00
3.212574739047457939e-02
4.967449049061798960e-01
-5.758833229288293776e-01
1.000000000000000000e+00
1.000000000000000000e+00
-1.000000000000000000e+00
-1.000000000000000000e+00
1.000000000000000000e+00
3.065647205588239999e-02
1.000000000000000000e+00
-1.000000000000000000e+00
-5.893545196121996455e-01
-1.000000000000000000e+00
-4.741219817753877797e-01
-1.000000000000000000e+00
8.506717354944963727e-01
6.897265588510961276e-01
-5.973972972616118371e-01
-3.307300928210550883e-01
-1.698385488235500951e-01
7.065777638742960498e-01
-1.000000000000000000e+00
-1.000000000000000000e+00
-2.363301615257891175e-01
1.000000000000000000e+00
1.000000000000000000e+00
1.000000000000000000e+00
1.000000000000000000e+00
-4.063471503716031830e-02
6.538811408238665024e-01
-1.000000000000000000e+00
1.000000000000000000e+00
5.504011154199056621e-01
-1.000000000000000000e+00
-1.000000000000000000e+00
-7.934017904334571547e-01
-9.786764853394200880e-01
1.000000000000000000e+00
2.799925824648109574e-01
-3.300183265659625276e-01
-3.052903273361340375e-01
-8.651302072258860720e-01
-2.592132510784016519e-01
1.009112451961265977e-01
1.000000000000000000e+00
1.000000000000000000e+00
-1.000000000000000000e+00
1.000000000000000000e+00
-1.621846446533398156e-01
-7.584102448972538379e-01
1.000000000000000000e+00
1.000000000000000000e+00
-3.913486259132126222e-02
4.049963306003397934e-01
4.740569731760945205e-01
-1.000000000000000000e+00
-4.863817682682258781e-02
-7.303651979857239684e-02
-1.000000000000000000e+00
-1.000000000000000000e+00
1.000000000000000000e+00
-1.000000000000000000e+00
3.056709718796322695e-01
4.663670289377328526e-01
-6.541421037352731505e-01
-1.000000000000000000e+00
-7.036923024551804406e-01
6.450374692553638711e-01
-1.000000000000000000e+00
-1.000000000000000000e+00
1.000000000000000000e+00
1.000000000000000000e+00
9.434623862801861938e-01
-1.000000000000000000e+00
-1.000000000000000000e+00
1.000000000000000000e+00
-1.292287248093583196e-01
-3.567653408178889096e-02
-1.000000000000000000e+00
3.211461415824345966e-01
-1.000000000000000000e+00
1.000000000000000000e+00
-1.000000000000000000e+00
-1.000000000000000000e+00
3.023921402484084364e-01
1.000000000000000000e+00
-1.322510448613175571e-01
-4.234765299815047568e-01
-1.000000000000000000e+00
-5.411191279114384578e-01
1.000000000000000000e+00
1.000000000000000000e+00
1.493472124262977818e-01
-9.592647997769516710e-01
1.000000000000000000e+00
1.000000000000000000e+00
1.095587929428051277e-01
-7.136065994784150934e-01
-3.186634675929551630e-01
3.293647042240559486e-01
3.957594217513414336e-01
4.389294202142526302e-01
5.965264361058095766e-01
-4.225899750604968919e-01
1.000000000000000000e+00
-6.672711700725105777e-01
1.000000000000000000e+00
-6.872941546764615994e-01
-5.624924299468586630e-01
3.529513082208501906e-01
4.252357416560804682e-01
1.000000000000000000e+00
-1.000000000000000000e+00
3.253891084572801962e-01
-1.000000000000000000e+00
-1.377064049978625748e-01
-1.000000000000000000e+00
-7.924016489648338935e-01
1.000000000000000000e+00
-1.000000000000000000e+00
-1.000000000000000000e+00
-1.000000000000000000e+00
-1.000000000000000000e+00
9.978459862490265397e-01
1.000000000000000000e+00
-9.988819016768493153e-01
-2.698538761602652380e-01
6.503816125718038244e-01
-5.503912604176293133e-01
-5.229781471235628310e-01
1.000000000000000000e+00
1.000000000000000000e+00
2.239483173077552181e-01
-2.683917995633210429e-01
-1.000000000000000000e+00
1.000000000000000000e+00
1.000000000000000000e+00
1.355564097411122715e-01
-1.000000000000000000e+00
4.028295796695994246e-01
-1.789086915695411450e-01
7.262961709610151750e-01
-3.648937733046737630e-01
1.000000000000000000e+00
4.538084451818874543e-02
-1.000000000000000000e+00
1.000000000000000000e+00
1.312652166290082523e-01
-1.000000000000000000e+00
-1.000000000000000000e+00
1.000000000000000000e+00
-1.000000000000000000e+00
8.220318204719435640e-01
1.828525951856133092e-01
-9.594089735331789992e-02
-3.733428895163171113e-01
1.000000000000000000e+00
-5.532947166017696539e-01
1.000000000000000000e+00
1.000000000000000000e+00
-8.521657223085274957e-01
1.000000000000000000e+00
-1.000000000000000000e+00
-9.946784392399530272e-01
-1.000000000000000000e+00
2.353916038741716843e-01
1.700209708130584474e-01
1.000000000000000000e+00
-1.000000000000000000e+00
-1.000000000000000000e+00
-1.000000000000000000e+00
-6.560752389458262002e-01
2.941507817797404112e-01
1.000000000000000000e+00
-1.000000000000000000e+00
1.000000000000000000e+00
-3.187572924919762629e-01
1.000000000000000000e+00
-5.636446444948395307e-02
-9.704727220585719349e-01
3.956575134445251551e-01
-7.235699273537021803e-02
1.730170487084375930e-01
6.974612497855594562e-01
1.000000000000000000e+00
5.727240867217453513e-02
9.715690374738783497e-01
-1.000000000000000000e+00
4.209401500428371357e-01
-8.582632044490851042e-02
-5.965000042024093396e-01
9.923845004944359394e-02
1.000000000000000000e+00
9.504032123867431903e-01
-5.582926900472591214e-01
5.470143503606547108e-01
-1.922334550429732891e-01
-1.169074583211912877e-01
1.000000000000000000e+00
1.000000000000000000e+00
-9.182278982822900115e-01
-1.000000000000000000e+00
-1.000000000000000000e+00
-1.000000000000000000e+00
