-1.000000000000000000e+00
1.000000000000000000e+00
2.339478537286000526e-01
-1.013813829452959725e-01
1.000000000000000000e+00
-9.964832712244938717e-01
-1.000000000000000000e+00
-8.789485719215119897e-01
-1.000000000000000000e+00
1.000000000000000000e+00
1.000000000000000000e+00
-1.000000000000000000e+00
-1.000000000000000000e+00
8.717237599964777761e-01
6.300729676572517368e-01
-1.000000000000000000e+00
3.293041139505126225e-01
7.142351136711510007e-01
-1.000000000000000000e+00
8.860338218814656219e-02
7.084865339416399621e-01
1.000000000000000000e+00
-1.000000000000000000e+00
-1.000000000000000000e+00
9.228037078337718579e-01
1.000000000000000000e+00
-7.646137458553419197e-01
1.000000000000000000e+00
-1.000000000000000000e+00
-2.365067642407679971e-01
-1.000000000000000000e+00
1.000000000000000000e+00
-1.000000000000000000e+00
-4.947700127940768411e-03
1.000000000000000000e+00
8.776421832923181343e-01
7.036240921003990012e-01
-2.418957587162429146e-02
2.766645232435764323e-01
-1.983737438913939499e-01
-8.501820029129345535e-01
-4.842800140417999333e-02
5.416326011349287262e-01
-1.000000000000000000e+00
-9.362427160073952814e-01
1.000000000000000000e+00
2.300758433903018485e-01
1.000000000000000000e+00
1.000000000000000000e+00
-1.000000000000000000e+00
-1.000000000000000000e+00
-1.000000000000000000e+00
2.334337934374589585e-01
-3.606650534715621914e-01
-6.584129671660703398e-01
4.812010647074688174e-02
7.888297351390998191e-01
-1.000000000000000000e+00
-1.000000000000000000e+00
-1.000000000000000000e+00
-6.113315411573999603e-01
-7.107495238858452247e-01
-1.000000000000000000e+00
-1.000000000000000000e+00
7.536402686785791394e-01
-1.000000000000000000e+00
9.296432904797879981e-01
7.714720666828984719e-01
1.000000000000000000e+00
2.249381786904603442e-01
-8.921826334603731867e-01
7.638288562135003845e-01
-1.000000000000000000e+00
1.000000000000000000e+00
1.000000000000000000e+00
-1.000000000000000000e+00
-1.000000000000000000e+00
-1.678334507228179673e-01
1.000000000000000000e+00
7.537525347446403234e-01
1.000000000000000000e+00
-1.000000000000000000e+00
1.000000000000000000e+00
-1.000000000000000000e+00
1.000000000000000000e+00
7.718335195694963069e-01
-1.000000000000000000e+00
1.000000000000000000e+00
1.000000000000000000e+00
-1.000000000000000000e+00
-4.274694155198344170e-02
-1.000000000000000000e+00
1.000000000000000000e+00
-1.000000000000000000e+00
-3.991385417977462713e-01
1.000000000000000000e+00
-1.000000000000000000e+00
-1.000000000000000000e+00
6.896096584851887368e-01
-7.791685486296944241e-01
1.000000000000000000e+00
2.095190645912007321e-01
2.156809289202534785e-01
-1.069815911291474020e-01
-1.000000000000000000e+00
-4.520566922813098465e-01
2.621840748825654543e-02
1.000000000000000000e+00
1.000000000000000000e+00
-1.000000000000000000e+00
1.000000000000000000e+00
-1.000000000000000000e+00
1.000000000000000000e+00
-1.000000000000000000e+00
-4.044617721480803230e-01
1.000000000000000000e+00
1.000000000000000000e+00
3.840640745243403265e-01
-1.000000000000000000e+00
-1.000000000000000000e+00
-3.923092971865038692e-02
-1.000000000000000000e+00
1.000000000000000000e+00
4.687468945033504975e-01
-2.685386186610028147e-01
-1.000000000000000000e+00
1.000000000000000000e+00
1.000000000000000000e+00
1.000000000000000000e+00
6.654376100417089268e-02
7.002216073325651102e-01
-1.930757354725365360e-01
-1.000000000000000000e+00
-1.000000000000000000e+00
4.745768834356531851e-01
5.631335026520215559e-01
1.000000000000000000e+00
-2.525653697010914467e-01
7.319387856361260214e-01
-6.742353864018337806e-01
-1.000000000000000000e+00
3.709690763014721337e-01
-1.000000000000000000e+00
9.899983313405664731e-01
-1.000000000000000000e+00
-4.372875509857943044e-02
8.635960956644066489e-01
1.000000000000000000e+00
-5.150348731190946827e-01
1.000000000000000000e+00
1.000000000000000000e+00
7.580484251816195229e-01
1.000000000000000000e+00
-1.000000000000000000e+00
1.000000000000000000e+00
1.000000000000000000e+00
4.604519808226244515e-01
4.927611756332285209e-01
1.000000000000000000e+00
9.344455044851479597e-01
-1.000000000000000000e+00
3.488477259005129394e-02
-6.056238356381320465e-01
1.000000000000000000e+00
5.813481600056569221e-02
4.799913649007109262e-01
6.293992557873087090e-01
1.100273798611773879e-01
-1.000000000000000000e+00
1.000000000000000000e+00
1.000000000000000000e+00
-1.000000000000000000e+00
3.261673454963909258e-02
3.298825654402881558e-01
9.570164792769042528e-01
-6.302777717891682174e-01
1.000000000000000000e+00
-1.000000000000000000e+00
9.727619909017908295e-01
-1.000000000000000000e+00
7.228273020532530735e-01
3.808387018828294224e-01
1.000000000000000000e+00
1.271981982292214042e-01
1.000000000000000000e+00
1.000000000000000000e+00
8.063916793144548789e-01
-1.000000000000000000e+00
1.000000000000000000e+00
3.081470041893397127e-01
-1.000000000000000000e+00
7.901885349931525582e-01
-1.000000000000000000e+00
-1.000000000000000000e+00
3.927755353409423389e-02
1.000000000000000000e+00
-1.000000000000000000e+00
1.000000000000000000e+00
-1.000000000000000000e+00
-1.000000000000000000e+00
1.000000000000000000e+00
1.000000000000000000e+00
1.000000000000000000e+00
-6.706115577958221552e-01
-3.139099427787642727e-01
-1.000000000000000000e+00
4.841382556992785968e-01
-7.270994314189578311e-01
4.183451888444544853e-02
-9.456329045073612605e-01
-1.000000000000000000e+00
-6.607427110735988318e-01
-5.188003692437690439e-01
1.000000000000000000e+00
1.000000000000000000e+00
-1.000000000000000000e+00
3.838601674660582219e-01
2.281926939039549129e-01
7.829296981560418534e-02
6.503298471754302978e-01
-1.000000000000000000e+00
-9.404018429504660270e-01
7.126209286902858153e-01
7.685895924846528615e-01
1.000000000000000000e+00
-3.235296002029830476e-01
7.144039423871032524e-01
1.000000000000000000e+00
5.513642394156462734e-01
-3.501550675067395257e-01
-6.253114495279781249e-01
-1.000000000000000000e+00
-1.000000000000000000e+00
1.000000000000000000e+00
-7.901046973341438462e-02
-3.648487763769607817e-01
-3.762694822082945922e-01
-5.016448700225994983e-03
-3.106579210751101994e-01
-1.000000000000000000e+00
1.000000000000000000e+00
5.306414617605215156e-02
3.182914767212194906e-01
3.418035763217616152e-01
1.000000000000000000e+00
9.862493724831540298e-01
-2.020663311713564170e-01
-3.225939712202026133e-01
3.330548742146172136e-01
-1.000000000000000000e+00
-1.000000000000000000e+00
1.000000000000000000e+00
-1.165998992349861485e-01
1.000000000000000000e+00
1.000000000000000000e+00
9.343625927274273879e-01
6.171776291712687268e-01
1.000000000000000000e+00
-4.902592689370108836e-01
-5.583073622485668075e-02
4.236244078601729135e-01
-1.000000000000000000e+00
-1.000000000000000000e+00
4.372692184961246564e-01
1.000000000000000000e+00
