-1.000000000000000000e+00
5.909918173179495859e-02
-1.000000000000000000e+00
1.000000000000000000e+00
-1.000000000000000000e+00
4.445310066024155127e-01
-1.000000000000000000e+00
-1.000000000000000000e+00
3.052687783644624231e-01
7.158497176694086916e-02
-1.000000000000000000e+00
-2.040569842497289565e-01
-1.000000000000000000e+00
-5.252338411057033696e-02
4.378441790063726247e-01
1.000000000000000000e+00
-2.242212982054186954e-01
-1.000000000000000000e+00
-1.000000000000000000e+00
1.000000000000000000e+00
9.279681294359226618e-01
-1.000000000000000000e+00
-7.668404087692062276e-01
1.000000000000000000e+00
1.000000000000000000e+00
-1.000000000000000000e+00
-1.000000000000000000e+00
1.000000000000000000e+00
-1.000000000000000000e+00
1.000000000000000000e+00
-1.000000000000000000e+00
-5.545790547081758115e-01
1.000000000000000000e+00
7.207094041026391729e-01
1.000000000000000000e+00
-1.000000000000000000e+00
1.000000000000000000e+00
-2.683128334814313121e-01
-6.676762329519931871e-01
1.000000000000000000e+00
-1.000000000000000000e+00
-1.000000000000000000e+00
1.000000000000000000e+00
-2.320292359563200790e-01
2.362819455151826675e-02
2.911592720901773346e-01
-4.904670923931205850e-01
1.000000000000000000e+00
-1.000000000000000000e+00
1.000000000000000000e+00
-1.000000000000000000e+00
-1.000000000000000000e+00
1.000000000000000000e+00
-1.000000000000000000e+00
1.000000000000000000e+00
3.275379614058595568e-01
-1.000000000000000000e+00
-1.000000000000000000e+00
-1.000000000000000000e+00
3.365366570974427374e-01
1.000000000000000000e+00
-1.000000000000000000e+00
1.120348337271711570e-01
-1.569453704233835234e-01
1.000000000000000000e+00
-5.935052648540545261e-01
1.000000000000000000e+00
-1.000000000000000000e+00
1.000000000000000000e+00
1.000000000000000000e+00
-1.000000000000000000e+00
-1.000000000000000000e+00
-1.000000000000000000e+00
-1.915939990858513964e-01
1.000000000000000000e+00
-1.000000000000000000e+00
1.000000000000000000e+00
1.000000000000000000e+00
1.000000000000000000e+00
1.000000000000000000e+00
1.000000000000000000e+00
1.000000000000000000e+00
5.968429277735296523e-01
-6.839555065711869775e-01
8.948673039669357010e-01
-1.000000000000000000e+00
-2.912632160819353389e-01
-1.000000000000000000e+00
-2.320748587162592136e-01
-1.560956415802206565e-01
-1.000000000000000000e+00
6.033750438421341400e-01
1.000000000000000000e+00
1.000000000000000000e+00
-1.000000000000000000e+00
-1.000000000000000000e+00
1.000000000000000000e+00
-1.000000000000000000e+00
-1.000000000000000000e+00
-1.000000000000000000e+00
-1.000000000000000000e+00
-1.000000000000000000e+00
-4.840972555767675267e-01
-1.000000000000000000e+00
-1.000000000000000000e+00
1.000000000000000000e+00
-1.000000000000000000e+00
3.131373121246384672e-01
-1.000000000000000000e+00
1.000000000000000000e+00
-1.000000000000000000e+00
-1.000000000000000000e+00
7.468012494084148578e-01
1.000000000000000000e+00
-1.000000000000000000e+00
5.720240964004265072e-01
1.000000000000000000e+00
-1.000000000000000000e+00
1.000000000000000000e+00
-1.000000000000000000e+00
1.000000000000000000e+00
-1.000000000000000000e+00
6.324177577992691202e-01
-1.000000000000000000e+00
3.576057498185938321e-01
-1.000000000000000000e+00
-1.000000000000000000e+00
1.000000000000000000e+00
-1.000000000000000000e+00
-7.297480767191576456e-01
-1.000000000000000000e+00
-2.634743074951313435e-01
5.410597914273533870e-01
-8.662552520875389517e-01
1.348593178361924272e-01
5.496743014946785522e-01
3.009436718677699352e-01
1.000000000000000000e+00
1.000000000000000000e+00
1.000000000000000000e+00
-1.000000000000000000e+00
-1.000000000000000000e+00
1.000000000000000000e+00
-1.000000000000000000e+00
1.000000000000000000e+00
1.000000000000000000e+00
6.488612012127321638e-01
-2.362068798001333292e-01
7.021319679750246401e-01
1.000000000000000000e+00
1.000000000000000000e+00
1.000000000000000000e+00
1.000000000000000000e+00
-4.545499818549654236e-01
1.493248459787910321e-01
-8.017593364346867757e-01
9.260388848943874596e-01
1.000000000000000000e+00
1.000000000000000000e+00
-1.000000000000000000e+00
-6.806435104432658756e-01
-3.326715970816096490e-01
-1.000000000000000000e+00
-1.000000000000000000e+00
1.000000000000000000e+00
-1.000000000000000000e+00
1.000000000000000000e+00
4.460592817881369188e-01
-1.000000000000000000e+00
4.378318343415261715e-01
1.000000000000000000e+00
-2.685032766193382603e-01
1.000000000000000000e+00
1.000000000000000000e+00
-1.000000000000000000e+00
4.913879730003162249e-01
-1.000000000000000000e+00
9.948231557864912755e-01
-8.264552833308731472e-01
-1.000000000000000000e+00
-1.000000000000000000e+00
1.000000000000000000e+00
-1.000000000000000000e+00
1.000000000000000000e+00
-1.000000000000000000e+00
1.000000000000000000e+00
1.000000000000000000e+00
-5.728070985544632121e-01
1.000000000000000000e+00
1.000000000000000000e+00
-3.236328722276936576e-01
-1.000000000000000000e+00
-1.000000000000000000e+00
1.000000000000000000e+00
-1.000000000000000000e+00
-3.443316702907470717e-01
-3.383930814119390229e-01
-1.000000000000000000e+00
-1.000000000000000000e+00
1.864685634273103854e-01
-1.000000000000000000e+00
1.971002665645026075e-01
1.000000000000000000e+00
-2.047630248771237227e-01
1.000000000000000000e+00
-9.931562154631270456e-01
1.000000000000000000e+00
-1.000000000000000000e+00
-1.000000000000000000e+00
-1.000000000000000000e+00
-1.000000000000000000e+00
-1.000000000000000000e+00
6.171797866448618386e-01
7.876844562384928139e-01
-1.000000000000000000e+00
-1.000000000000000000e+00
6.353148700329236398e-02
1.000000000000000000e+00
-1.000000000000000000e+00
5.810387785561019758e-01
-1.000000000000000000e+00
1.000000000000000000e+00
-1.000000000000000000e+00
2.941834268912892902e-01
1.419561946632003357e-01
1.000000000000000000e+00
8.323492037330953996e-01
-1.000000000000000000e+00
1.000000000000000000e+00
-1.000000000000000000e+00
1.000000000000000000e+00
-1.000000000000000000e+00
-9.931796067212350643e-01
-1.000000000000000000e+00
1.000000000000000000e+00
-1.000000000000000000e+00
-1.000000000000000000e+00
-1.000000000000000000e+00
-7.830040314632045195e-01
1.000000000000000000e+00
1.000000000000000000e+00
1.000000000000000000e+00
6.692828154837029420e-01
-1.000000000000000000e+00
1.000000000000000000e+00
1.000000000000000000e+00
-1.000000000000000000e+00
1.000000000000000000e+00
-6.577588988537937942e-01
3.174218363292573564e-01
-1.000000000000000000e+00
1.000000000000000000e+00
-1.000000000000000000e+00
1.000000000000000000e+00
9.486444627242296423e-01
1.000000000000000000e+00
-1.000000000000000000e+00
-2.382569777583642412e-01
1.000000000000000000e+00
-1.000000000000000000e+00
-1.000000000000000000e+00
-1.000000000000000000e+00
1.000000000000000000e+00
-2.095091362856218997e-02
-3.607678345958734156e-01
