2.452887862271404540e-01
-2.183584150930533152e-01
6.341175329147659134e-01
-5.843077101580809174e-01
8.439868071911242886e-01
1.154086149549622409e-01
9.445268150814529751e-01
-2.419377077951210264e-01
5.744919349960657673e-01
-3.875786718331566405e-01
5.946960147761832793e-01
6.648438502104412340e-01
3.314638050899816335e-01
-9.246063989824349072e-01
-4.503627486058918716e-01
7.009637741307330749e-01
6.694681530103867573e-01
-6.588368784609617279e-01
3.377902756218651437e-01
-8.082747709728574925e-01
3.499393789459492865e-01
-7.340035637907040833e-01
-2.221923973109571904e-01
-1.000000000000000000e+00
8.725414634565654692e-01
-8.637751793616743612e-01
2.455898034323811263e-01
7.344581669649559164e-01
-9.728056312282336027e-01
-6.262898502399523171e-01
-8.186626822868428022e-01
-6.217254481205787275e-01
-5.504119283288102515e-01
3.481740711409562206e-01
3.521982507388401462e-01
-4.592068122523731422e-01
-9.179427508605764174e-01
-3.604920301661815873e-01
-1.688713599226088213e-01
6.854536550435965658e-01
2.510909951323703204e-01
-2.878825368283328690e-01
-2.502631576506944011e-01
7.561446633275472617e-01
-1.040340602335400599e-01
-3.659744412505165911e-01
-3.190823054551661375e-01
5.305816383663288782e-01
-3.464983138352986103e-01
1.000000000000000000e+00
-2.304965602053414830e-01
-9.226626752370679085e-01
1.153344521898724828e-02
5.175148320922453582e-01
7.477861933691776208e-01
-5.329661484950287687e-03
4.200640594615888124e-01
-4.561796997362209671e-01
1.000000000000000000e+00
3.641678872154701097e-01
3.094103761916233708e-01
-2.916827803127086671e-01
-8.094158843291938688e-01
8.783017731560545105e-01
8.825094749397188743e-02
-5.246744420278803833e-01
1.000000000000000000e+00
-4.889136878467881253e-01
-1.425614866497280087e-01
-6.831029832065054208e-01
7.553564304918090055e-01
9.136738135525550586e-01
-8.404317815762731847e-01
4.854045196565706100e-01
-6.990500227398682709e-02
-5.050436423529056640e-01
-2.962003375436395025e-02
9.756250830807891017e-01
1.587226550047671214e-01
2.023857275873814920e-01
4.883124597248436061e-01
-5.366922652417494000e-01
1.000000000000000000e+00
1.000000000000000000e+00
-3.001237312590976369e-01
4.723253751369638209e-01
8.880140632321624761e-01
-8.265336792030881785e-01
1.797111065119838536e-01
-9.360768656196971627e-02
6.880141441513765166e-02
9.540410524791664848e-02
-7.753471424121460842e-02
-5.395087811003447253e-01
9.964852064107463381e-01
-9.451265163499700250e-01
-5.136842986687311097e-01
1.219501287008317725e-02
7.486899970080638234e-01
2.264663679675389396e-01
1.274353483565366929e-01
5.192724669599602105e-01
-7.362683958303266607e-01
-3.969752141201501328e-01
2.544124202405519952e-01
-1.655713464253270040e-01
1.161066878092295585e-01
6.461488948514676478e-01
-6.284802445526826986e-02
-7.738296056108460164e-01
-7.620590970159650812e-01
2.611186756479391136e-01
9.995198446627293620e-01
-9.904431966701852108e-01
-8.454543307382891282e-01
-3.065171637037877872e-01
1.128827326500794204e-01
1.000000000000000000e+00
3.188644185813129805e-01
-8.497691804181195518e-01
-2.613807366838472035e-01
2.857512919715387012e-01
-2.466843978248127733e-01
-5.254679076231258961e-01
5.202898712165503481e-01
-5.019163452622494859e-01
7.611148954766189245e-01
3.414356842454597807e-01
-5.674415620255761628e-01
5.501846120234168414e-01
2.049165825063676838e-01
-3.329473910696501004e-01
-1.000000000000000000e+00
-4.978997002974225872e-01
1.848454930855505385e-01
-7.398108368897402531e-01
-1.367150485059041021e-01
5.048575801336527835e-01
6.217739435798959047e-01
3.317162782270426380e-01
-9.854236493382113604e-01
-6.213594751547377726e-01
-3.114036863764568785e-02
9.573934614972221535e-01
4.585490719473745980e-01
-4.551295340541221535e-01
-7.135348295272729846e-01
1.000000000000000000e+00
-1.809461641553193889e-01
-6.848550441488050478e-01
1.934428186754784118e-01
-5.932155310876210397e-01
-3.267005099838016235e-02
-4.175587336574562158e-01
-6.060506373814178449e-01
-9.305610098630789917e-01
-8.360947420636348770e-01
-1.747127469778488873e-01
-7.826890763482718949e-01
-4.896339337269166592e-01
4.420101617202545352e-01
-8.737933198029343984e-01
1.925334165602168301e-01
5.674012218359840709e-01
-9.020761608327598768e-01
-1.138674802074866044e-01
3.276008791141606924e-01
-4.219833976941633757e-02
-3.740892339905050878e-01
9.827213275075132870e-01
2.153883717442939272e-01
5.554391980057193923e-01
-9.765134913044530851e-01
9.227914244247654718e-01
-5.884525602231240882e-01
-6.147647710387496023e-01
4.210378783654362689e-01
-1.050670143126504197e-01
4.464782515219387626e-01
-4.607235655883252790e-01
7.178826185224185252e-01
7.720349553064120851e-01
3.170325586653399697e-01
9.735195241733178850e-01
-7.506815118077739268e-02
1.000000000000000000e+00
-1.486805649366400583e-01
3.966784134996861333e-01
-2.870235461540013855e-01
5.661026124250523317e-02
3.664729083283002620e-01
1.230833042260948140e-02
-2.213527470493930061e-01
1.000000000000000000e+00
7.542958496101006549e-01
6.870285522512478149e-01
8.524070614996626105e-01
-6.478103259569787387e-01
-1.000000000000000000e+00
7.641600717634531303e-01
-5.308668473650142161e-01
-2.365566287146325664e-02
1.000000000000000000e+00
-2.072133102658126891e-01
-9.426000186093570488e-01
5.143572499214046356e-01
1.610237512117116410e-01
7.673203676045026178e-02
7.828094840780319696e-01
-8.100034548518970645e-01
8.923804029445232544e-01
1.000000000000000000e+00
-2.705545576683001663e-01
-3.242570005446721026e-01
7.132796785912427495e-01
-1.179273491375238958e-01
6.926872772894407948e-01
2.838535554262360261e-01
7.109643106078513686e-01
8.510743242429306132e-01
1.721428825004207575e-01
1.209577442644877987e-01
-5.876324938682484511e-01
1.000000000000000000e+00
8.678280361933899956e-01
4.884688969290156280e-01
-1.435167240573869130e-01
-1.000000000000000000e+00
-1.000000000000000000e+00
-6.474116038859432098e-01
3.313791557587624226e-01
-1.539763279144334973e-02
6.798463256854323511e-01
3.729997325835667787e-01
-1.384157162309485045e-01
-5.455330149559129982e-01
-3.751379919594195478e-01
-6.737866949357231849e-01
4.316872215596100348e-01
1.480288615046942979e-02
8.696566638425295981e-01
3.458669536240270848e-01
-8.005162702797052887e-03
3.163734628440932894e-01
-5.597156595594439121e-01
-9.704042214816470668e-01
5.366271526464845287e-01
-5.017874414876570821e-01
4.244063650924023712e-01
-6.446347323404491014e-01
-6.289354108922635689e-01
5.611282813444402606e-01
7.809538315644384276e-01
-2.768728116332279665e-01
1.208750424652873523e-01
1.108681678385134983e-01
-8.351170526173123942e-01
1.676095696774648758e-01
-1.984906971458078040e-02
7.954365358041757261e-01
8.489224445892038506e-01
2.218943292377428822e-01
8.140009942324060166e-01
3.293625434397748908e-01
-2.152357669883646629e-01
