-1.000000000000000000e+00
1.000000000000000000e+00
1.000000000000000000e+00
1.000000000000000000e+00
-1.000000000000000000e+00
8.664423642718399599e-02
3.829501419793758243e-01
-3.221833731772547615e-01
-8.936395842444120330e-01
6.704215691480053252e-01
3.267089525359521129e-01
1.000000000000000000e+00
1.000000000000000000e+00
-3.129002460416067666e-01
-1.000000000000000000e+00
-1.551535556002461291e-01
6.051368308686165820e-01
6.119475492646897496e-01
-9.335506577434991016e-01
-2.449515373427391118e-01
-1.894251971221395658e-01
-8.653234606362807391e-01
-1.754539803740131632e-01
1.000000000000000000e+00
-1.000000000000000000e+00
1.000000000000000000e+00
-1.000000000000000000e+00
-1.000000000000000000e+00
-7.620465291343734293e-01
-6.202046081157663870e-01
7.477614367828742115e-01
1.000000000000000000e+00
-1.000000000000000000e+00
-1.343318847300267738e-03
1.000000000000000000e+00
1.000000000000000000e+00
1.000000000000000000e+00
-1.808749704351853005e-01
1.000000000000000000e+00
5.247430502919370188e-01
8.487666977580156091e-01
1.000000000000000000e+00
-1.000000000000000000e+00
-1.000000000000000000e+00
8.201421917157165620e-01
1.000000000000000000e+00
-1.000000000000000000e+00
-1.000000000000000000e+00
-1.000000000000000000e+00
-1.000000000000000000e+00
-8.782136678114076389e-01
-1.000000000000000000e+00
-1.000000000000000000e+00
-1.000000000000000000e+00
2.645143673528292383e-01
1.613372206570846679e-01
4.464276004013112420e-02
-1.000000000000000000e+00
-9.175001065932651967e-01
4.902332917028384696e-02
6.796148816890995592e-02
6.486574106530063055e-01
1.000000000000000000e+00
-1.000000000000000000e+00
-1.000000000000000000e+00
-1.000000000000000000e+00
1.000000000000000000e+00
-1.607012823944146129e-01
-3.639486812814127781e-01
1.000000000000000000e+00
8.287629232355488984e-01
1.000000000000000000e+00
1.561262575397109609e-01
1.000000000000000000e+00
1.000000000000000000e+00
-1.000000000000000000e+00
-1.000000000000000000e+00
9.701897906280073647e-01
1.000000000000000000e+00
-1.000000000000000000e+00
1.000000000000000000e+00
-3.090723974381587302e-01
1.000000000000000000e+00
1.000000000000000000e+00
-1.000000000000000000e+00
-8.400658090015683532e-01
-3.924975456106549743e-01
4.311053039332668479e-01
-5.788638895918076788e-01
1.000000000000000000e+00
-1.000000000000000000e+00
-1.000000000000000000e+00
7.104192252040253397e-02
1.000000000000000000e+00
7.165446818380920568e-01
-1.000000000000000000e+00
1.000000000000000000e+00
-1.000000000000000000e+00
-1.000000000000000000e+00
1.000000000000000000e+00
-2.996745555994961840e-01
-1.000000000000000000e+00
-4.626122308801394190e-01
-7.985064657708520475e-01
1.000000000000000000e+00
1.000000000000000000e+00
1.000000000000000000e+00
-1.000000000000000000e+00
-1.000000000000000000e+00
-1.000000000000000000e+00
1.000000000000000000e+00
-8.805882266143811865e-01
6.291550135128102239e-01
7.259434349471072245e-02
-4.235623632652222303e-01
-1.000000000000000000e+00
-8.505804460935315614e-01
1.000000000000000000e+00
9.726963082753916634e-01
-1.000000000000000000e+00
1.000000000000000000e+00
1.000000000000000000e+00
-7.481196764456349291e-01
-1.000000000000000000e+00
-1.000000000000000000e+00
1.000000000000000000e+00
-4.458189135135757208e-01
1.000000000000000000e+00
-2.839025102725272198e-01
-1.000000000000000000e+00
-1.000000000000000000e+00
1.930051438027347577e-01
2.711334294782506982e-01
1.000000000000000000e+00
-1.000000000000000000e+00
1.000000000000000000e+00
-1.000000000000000000e+00
-1.000000000000000000e+00
-1.000000000000000000e+00
-8.101298816418907034e-01
1.000000000000000000e+00
1.000000000000000000e+00
1.000000000000000000e+00
-1.000000000000000000e+00
1.000000000000000000e+00
8.419266207940536706e-01
-3.156296800794136104e-01
1.000000000000000000e+00
1.000000000000000000e+00
1.642941013842543208e-01
4.840576559753351771e-01
-1.000000000000000000e+00
1.000000000000000000e+00
8.424835041249233436e-01
-1.000000000000000000e+00
-1.000000000000000000e+00
1.000000000000000000e+00
6.564598772546279548e-01
1.000000000000000000e+00
-3.303684433692529732e-01
1.000000000000000000e+00
1.000000000000000000e+00
-1.000000000000000000e+00
4.397201275117731956e-01
1.000000000000000000e+00
-1.892612259898672766e-01
-3.922490802644982288e-01
-1.000000000000000000e+00
-1.000000000000000000e+00
3.135529325524962774e-01
-1.000000000000000000e+00
-1.000000000000000000e+00
1.000000000000000000e+00
-5.042645040252566879e-01
4.339926530544948591e-01
3.939396514406883210e-01
-1.416093654835213211e-01
1.000000000000000000e+00
1.000000000000000000e+00
1.000000000000000000e+00
-1.125629382240160847e-01
5.413795215457952725e-01
-6.529927657289205101e-01
5.765349840826751171e-01
8.334655888082209696e-01
-1.000000000000000000e+00
-1.000000000000000000e+00
-9.705898216585446825e-01
7.335714486061890582e-01
-1.000000000000000000e+00
1.000000000000000000e+00
1.543183468142259041e-02
7.553633047475081241e-01
1.853016131986502113e-01
1.000000000000000000e+00
-1.000000000000000000e+00
-1.000000000000000000e+00
1.000000000000000000e+00
-1.087683706005637685e-01
2.449279968153464659e-01
-1.000000000000000000e+00
-1.000000000000000000e+00
-1.009172626630178149e-01
1.332032874356519070e-01
1.000000000000000000e+00
-1.000000000000000000e+00
-1.000000000000000000e+00
8.557822064692800490e-01
1.000000000000000000e+00
1.000000000000000000e+00
-1.000000000000000000e+00
9.167987528414579534e-01
1.000000000000000000e+00
-8.283116211477066226e-01
-1.000000000000000000e+00
1.000000000000000000e+00
-7.791591542684704885e-01
-1.000000000000000000e+00
1.000000000000000000e+00
1.000000000000000000e+00
3.377050245977257781e-01
-1.492257046565015344e-02
-1.000000000000000000e+00
4.579912875922999005e-01
-1.000000000000000000e+00
1.000000000000000000e+00
-1.000000000000000000e+00
1.000000000000000000e+00
1.000000000000000000e+00
-1.144299642521593025e-01
-1.000000000000000000e+00
2.547388282237991741e-01
5.342172699886162945e-01
1.000000000000000000e+00
1.000000000000000000e+00
-1.000000000000000000e+00
-1.000000000000000000e+00
-5.406525637830528197e-02
-1.000000000000000000e+00
3.372894205628352848e-01
-3.676160126413656193e-01
8.542404443314431939e-01
-6.832192883691523555e-03
1.000000000000000000e+00
-4.700088651331303380e-01
-1.000000000000000000e+00
-4.709092089970724482e-01
-4.719985648119088273e-01
-4.737031589306383017e-01
2.899817278643557206e-02
1.000000000000000000e+00
-1.000000000000000000e+00
-4.943251430651149914e-01
-1.230689873965005177e-01
5.547896332825743571e-01
-5.589712757278364474e-01
-1.000000000000000000e+00
9.267220070891430961e-01
1.000000000000000000e+00
-2.327361498134085660e-01
7.602697279363650473e-01
-1.000000000000000000e+00
-1.000000000000000000e+00
2.616358918323676841e-01
-1.000000000000000000e+00
