3.827214172112897161e-01
1.000000000000000000e+00
4.673094270015041296e-01
-7.243883927285724722e-01
1.000000000000000000e+00
1.000000000000000000e+00
-8.009925400358175462e-02
-6.641420911362075907e-01
3.761178545049806976e-01
-1.000000000000000000e+00
-2.000628696116110716e-01
1.000000000000000000e+00
2.665337112025475408e-01
6.661356880944404590e-01
-1.774206166400395523e-01
-7.776753493902412995e-01
-2.973830910948935813e-01
1.000000000000000000e+00
-1.000000000000000000e+00
1.000000000000000000e+00
2.264842674643972043e-01
1.000000000000000000e+00
8.461213841473935737e-02
1.000000000000000000e+00
1.000000000000000000e+00
-4.047785304808768081e-01
-1.000000000000000000e+00
-9.381829713918595770e-01
1.000000000000000000e+00
1.000000000000000000e+00
-1.000000000000000000e+00
1.000000000000000000e+00
1.000000000000000000e+00
1.000000000000000000e+00
1.000000000000000000e+00
7.311327250952950330e-01
1.000000000000000000e+00
1.000000000000000000e+00
-1.000000000000000000e+00
-6.872477080245236181e-01
1.000000000000000000e+00
-1.000000000000000000e+00
1.000000000000000000e+00
-2.224381050007875893e-01
1.000000000000000000e+00
-8.727874186679662749e-02
-1.000000000000000000e+00
-1.000000000000000000e+00
3.663749875899493524e-01
-1.000000000000000000e+00
1.000000000000000000e+00
1.000000000000000000e+00
7.386417610998241567e-01
1.000000000000000000e+00
-1.000000000000000000e+00
-1.000000000000000000e+00
-1.000000000000000000e+00
-4.329886706459795676e-02
-8.073717065055507902e-02
-1.000000000000000000e+00
-1.000000000000000000e+00
1.000000000000000000e+00
4.160082046371070819e-01
1.000000000000000000e+00
-1.000000000000000000e+00
1.000000000000000000e+00
1.000000000000000000e+00
1.000000000000000000e+00
1.000000000000000000e+00
8.469842328432555245e-01
-1.000000000000000000e+00
-1.000000000000000000e+00
1.155886741273524088e-01
-1.000000000000000000e+00
1.000000000000000000e+00
1.000000000000000000e+00
4.943080488619553403e-01
-2.894140945769728690e-01
-3.738997013486207166e-01
1.000000000000000000e+00
1.000000000000000000e+00
-1.000000000000000000e+00
-1.000000000000000000e+00
3.298879294597369394e-01
-1.000000000000000000e+00
1.000000000000000000e+00
1.000000000000000000e+00
-1.000000000000000000e+00
-8.947741974097556117e-02
1.000000000000000000e+00
-1.000000000000000000e+00
1.000000000000000000e+00
4.647470644467184275e-01
-8.045314065702530160e-02
1.000000000000000000e+00
1.000000000000000000e+00
1.000000000000000000e+00
-1.000000000000000000e+00
-2.378539105728878500e-01
-1.000000000000000000e+00
-1.222975922651967640e-01
-1.000000000000000000e+00
1.000000000000000000e+00
9.060072505016784072e-01
-1.000000000000000000e+00
1.000000000000000000e+00
1.000000000000000000e+00
-1.000000000000000000e+00
-8.978377096265903745e-01
7.987425111767919583e-01
7.779510128181303941e-01
1.000000000000000000e+00
-1.000000000000000000e+00
1.000000000000000000e+00
9.708793955352335026e-01
1.000000000000000000e+00
-1.000000000000000000e+00
-1.000000000000000000e+00
-1.000000000000000000e+00
-1.000000000000000000e+00
-6.711967842227710701e-01
-1.000000000000000000e+00
9.955205879652045953e-01
-1.000000000000000000e+00
-1.000000000000000000e+00
1.000000000000000000e+00
-6.236790048113014517e-01
-1.000000000000000000e+00
1.000000000000000000e+00
-2.305153391187628742e-01
-1.000000000000000000e+00
-3.915827712039352537e-01
1.000000000000000000e+00
1.000000000000000000e+00
-1.000000000000000000e+00
1.000000000000000000e+00
3.543704687304949363e-01
1.000000000000000000e+00
1.000000000000000000e+00
-1.000000000000000000e+00
-1.000000000000000000e+00
1.000000000000000000e+00
-1.000000000000000000e+00
-1.000000000000000000e+00
-1.000000000000000000e+00
1.000000000000000000e+00
1.000000000000000000e+00
1.000000000000000000e+00
2.257708384913446054e-01
-1.000000000000000000e+00
-1.000000000000000000e+00
-1.000000000000000000e+00
9.963164032342830545e-01
-7.731929953127820720e-01
-1.000000000000000000e+00
2.282356067654951470e-01
-1.000000000000000000e+00
-1.000000000000000000e+00
7.927491421531742688e-01
-6.011860846617067544e-02
1.000000000000000000e+00
7.715971826470393591e-01
4.302659070326022572e-01
-1.000000000000000000e+00
1.000000000000000000e+00
1.000000000000000000e+00
3.596526395550405097e-01
-1.000000000000000000e+00
1.000000000000000000e+00
7.086712310144092086e-01
1.000000000000000000e+00
-1.000000000000000000e+00
5.307729861307877717e-02
-3.386765625856773543e-01
-2.617419721821485079e-01
-1.870921980402650286e-01
1.000000000000000000e+00
-1.000000000000000000e+00
-1.962182142606432034e-02
-8.671542724852877582e-01
-1.000000000000000000e+00
1.000000000000000000e+00
1.000000000000000000e+00
-1.000000000000000000e+00
-1.493484885924253880e-02
1.000000000000000000e+00
-1.000000000000000000e+00
1.000000000000000000e+00
1.000000000000000000e+00
-1.000000000000000000e+00
-7.318609184198621165e-02
1.000000000000000000e+00
1.000000000000000000e+00
-7.369644562404296106e-01
1.000000000000000000e+00
-4.835179449035501009e-01
1.000000000000000000e+00
7.806943803677257598e-02
-2.793891108761137332e-02
1.000000000000000000e+00
1.000000000000000000e+00
-3.706341141021507468e-02
1.355313374219517808e-01
3.438369230798519194e-01
1.000000000000000000e+00
-1.000000000000000000e+00
6.481957178860501267e-01
-8.564860492451553675e-02
1.000000000000000000e+00
-1.000000000000000000e+00
-2.115274386459580214e-01
-6.565942934530044628e-01
-1.000000000000000000e+00
1.000000000000000000e+00
-8.337504160330029279e-01
6.268327108825602068e-01
3.792896851659253721e-01
-1.000000000000000000e+00
-1.000000000000000000e+00
-1.000000000000000000e+00
5.998626990714803764e-01
-8.356291660383879938e-01
1.000000000000000000e+00
1.000000000000000000e+00
-1.000000000000000000e+00
8.072767328494423467e-02
7.688966061284987497e-01
1.000000000000000000e+00
1.000000000000000000e+00
1.000000000000000000e+00
4.505835429044597884e-01
1.000000000000000000e+00
9.194255430117158623e-01
-1.000000000000000000e+00
-1.000000000000000000e+00
-1.000000000000000000e+00
1.000000000000000000e+00
-1.000000000000000000e+00
1.916377473955076516e-01
-5.476752493819763146e-01
-7.219632623424503404e-01
1.000000000000000000e+00
1.000000000000000000e+00
1.000000000000000000e+00
-5.025865044540575033e-01
-1.000000000000000000e+00
-1.000000000000000000e+00
1.000000000000000000e+00
1.428334303305869579e-01
1.000000000000000000e+00
-7.325782177299968723e-01
-1.000000000000000000e+00
2.702662294855904257e-01
1.000000000000000000e+00
-2.120971706589036554e-02
2.061500957929505995e-01
-1.000000000000000000e+00
8.239984489810885382e-01
-1.000000000000000000e+00
-5.665868011826424855e-02
2.876640935919156927e-01
5.543835791120295120e-01
1.000000000000000000e+00
5.950538422640960778e-01
1.000000000000000000e+00
