-1.000000000000000000e+00
4.506779104433875638e-01
-3.565588952839371384e-02
-3.336767603871268473e-02
-1.000000000000000000e+00
-1.000000000000000000e+00
1.000000000000000000e+00
-6.088485845661852913e-01
6.931795217758580652e-01
2.987892025303642285e-01
3.777319663599412736e-01
-5.360077473918614110e-01
-8.867016411391199782e-01
-1.094735093514003221e-01
-4.155416129957758553e-01
-1.000000000000000000e+00
-1.000000000000000000e+00
7.410139051164481572e-01
7.697086817534894987e-01
9.727944973815707552e-01
-1.000000000000000000e+00
-5.821031211999143640e-01
-1.000000000000000000e+00
4.792389470053384226e-01
-7.436853712476865219e-01
-1.000000000000000000e+00
-3.082030621451529173e-01
1.000000000000000000e+00
-1.000000000000000000e+00
6.889860739812594392e-01
-9.112355999320735922e-01
-9.517739682044601413e-01
4.577970383469811555e-01
-5.829359376076421739e-01
-1.000000000000000000e+00
1.000000000000000000e+00
1.000000000000000000e+00
-5.407115096510166641e-01
-1.000000000000000000e+00
-7.945054343588575652e-01
-1.000000000000000000e+00
2.287708088055026012e-01
2.504558912420746797e-01
-1.620389062034268690e-01
1.000000000000000000e+00
-7.163152786909742220e-01
-1.000000000000000000e+00
-1.000000000000000000e+00
-1.000000000000000000e+00
4.216467668557012938e-01
1.000000000000000000e+00
-2.793666211388063925e-01
4.793570015182250232e-01
7.077924750324671166e-01
1.000000000000000000e+00
1.000000000000000000e+00
1.000000000000000000e+00
1.000000000000000000e+00
1.000000000000000000e+00
-7.239651731572707138e-01
-5.491729126737043831e-01
-1.000000000000000000e+00
-1.000000000000000000e+00
7.761364002111870164e-01
1.000000000000000000e+00
4.932636239356728569e-01
1.000000000000000000e+00
-2.386550112111061051e-01
-9.952954898909791570e-01
-4.475168603242674070e-02
-1.235280183305257351e-01
1.000000000000000000e+00
-8.097011542117567018e-01
8.250979196500902724e-01
2.803030677892491829e-01
6.307586377962526303e-02
7.493734183202056531e-01
6.731506823272559448e-01
-1.000000000000000000e+00
-4.313870783888091309e-01
1.000000000000000000e+00
-1.000000000000000000e+00
-4.134666864550743393e-01
-3.239827675236743865e-01
5.793320659425325037e-01
6.382341126491954952e-01
-1.000000000000000000e+00
4.706232009199236010e-01
-1.000000000000000000e+00
6.794086488199964080e-01
-6.248778332659821189e-01
-4.950070533649590931e-01
1.798296793985387776e-01
-9.498079143638343824e-01
-4.995099857431550827e-01
6.549991885164654359e-01
-1.000000000000000000e+00
1.000000000000000000e+00
6.346087759989638144e-01
-1.000000000000000000e+00
8.959241683057794781e-01
-1.000000000000000000e+00
8.108702932782487771e-01
-5.748292690639733582e-01
-5.845852112196696648e-01
1.000000000000000000e+00
-1.000000000000000000e+00
1.000000000000000000e+00
1.648168153961573901e-01
8.643350927233137693e-01
1.000000000000000000e+00
-1.000000000000000000e+00
-3.053992431215469747e-02
-1.000000000000000000e+00
1.000000000000000000e+00
6.756771880648404505e-02
1.000000000000000000e+00
-1.691311653656311087e-01
-4.252437537362832032e-01
-1.000000000000000000e+00
1.000000000000000000e+00
8.455851361946429279e-01
1.000000000000000000e+00
8.252527100637593316e-01
1.000000000000000000e+00
1.000000000000000000e+00
1.000000000000000000e+00
3.889347371486741589e-01
1.000000000000000000e+00
-1.725974222501769351e-02
1.000000000000000000e+00
1.377224850345615259e-02
-6.648686019100664701e-01
-3.543800616081234089e-01
1.765054780898593911e-01
7.902954687226229069e-01
-4.325507107142407270e-01
-1.000000000000000000e+00
-9.144277686624244783e-01
9.300006589380684918e-01
-1.000000000000000000e+00
-1.000000000000000000e+00
-2.789984289596284528e-01
1.000000000000000000e+00
1.000000000000000000e+00
1.000000000000000000e+00
2.141788279213429069e-01
3.611808210891398474e-02
9.129999613758228438e-01
1.000000000000000000e+00
1.000000000000000000e+00
-4.389998563687569355e-01
-1.000000000000000000e+00
1.000000000000000000e+00
-3.420876196581490447e-01
-3.111366295003663573e-01
-1.000000000000000000e+00
-1.040956395596237538e-01
1.000000000000000000e+00
1.000000000000000000e+00
3.767144326726121761e-01
-4.785729743289008908e-01
-1.000000000000000000e+00
7.746044969377003930e-01
1.000000000000000000e+00
1.000000000000000000e+00
1.000000000000000000e+00
-1.000000000000000000e+00
1.000000000000000000e+00
1.809129477639559447e-01
7.298807765278159110e-02
1.000000000000000000e+00
1.136959353841087150e-01
-1.000000000000000000e+00
-1.000000000000000000e+00
-1.000000000000000000e+00
9.794031378875822647e-02
7.974390773019024437e-01
1.472791160499775653e-02
-7.189884962714616634e-01
-1.000000000000000000e+00
-5.359409159187571436e-01
-3.440539781624603055e-01
3.926510794439219687e-01
1.000000000000000000e+00
-8.841544129551763831e-01
4.033905037222678125e-01
-1.000000000000000000e+00
1.000000000000000000e+00
-1.000000000000000000e+00
-1.774553377292738265e-02
1.000000000000000000e+00
8.933445760011080594e-01
-6.707152827343769719e-01
-1.000000000000000000e+00
-6.258317726476398946e-01
-5.293441291797915671e-01
1.000000000000000000e+00
-4.991035683197366235e-01
6.071093588091367454e-01
-5.394310008982478033e-01
1.000000000000000000e+00
1.000000000000000000e+00
-7.835004723081586686e-01
-6.602356266346691704e-01
1.000000000000000000e+00
1.501165912254929236e-01
1.000000000000000000e+00
-8.061391131011215183e-01
-1.347410605517763149e-01
7.160762809451437505e-03
-8.358118413946485914e-02
2.510381273497777066e-01
6.946143659299428563e-01
8.714724345428330743e-01
2.270427311633980150e-01
-1.000000000000000000e+00
1.000000000000000000e+00
1.000000000000000000e+00
1.000000000000000000e+00
-9.236580666634738312e-01
-2.088487282342755824e-01
-1.000000000000000000e+00
6.030543507615397925e-01
-1.191297239772429184e-02
1.000000000000000000e+00
-1.605146669169215112e-01
-6.749335130608024036e-01
1.000000000000000000e+00
-1.000000000000000000e+00
-1.000000000000000000e+00
-6.358027543917962321e-01
9.774603680706667186e-01
-6.272657649317375794e-01
-3.508558043985086083e-01
3.607172252672831703e-01
-3.900497265051542373e-01
-9.783358439630995829e-02
-1.000000000000000000e+00
-3.891440659899803034e-01
-2.444192974934377982e-01
1.000000000000000000e+00
2.996714781019271800e-01
-1.523697152259739784e-01
-6.116027730302129317e-01
-1.000000000000000000e+00
-8.609884766440907278e-01
3.755385677445184367e-01
1.000000000000000000e+00
-1.000000000000000000e+00
3.105204010889105470e-01
8.371983196861991772e-01
-3.321521475945143909e-01
1.000000000000000000e+00
2.587347410127008862e-01
-4.475647161095634985e-01
-1.000000000000000000e+00
-8.495315970559007557e-01
1.000000000000000000e+00
1.000000000000000000e+00
-1.000000000000000000e+00
-1.000000000000000000e+00
-8.112696272730168801e-01
-1.000000000000000000e+00
-4.849226104028594997e-01
