1.000000000000000000e+00
-1.733472696481510589e-01
-7.425914183323463202e-01
5.035625842737806446e-01
-1.702680497624695088e-01
-7.358813259528329542e-01
6.003383605591638972e-01
-3.858379298838388038e-02
2.866879540196143328e-02
-1.000000000000000000e+00
1.000000000000000000e+00
2.017338800706656166e-01
-1.000000000000000000e+00
-1.000000000000000000e+00
-8.674919490946590983e-01
9.793587476984106921e-01
-1.000000000000000000e+00
-1.000000000000000000e+00
-6.122916549117379814e-02
-5.446562726223994622e-01
9.827237399838611998e-02
-1.000000000000000000e+00
1.000000000000000000e+00
5.129121061351293864e-02
-4.583517461719255337e-01
-6.141609605153466322e-01
8.073684462168670972e-01
-5.706191290071416233e-02
5.155555618610228041e-01
-1.000000000000000000e+00
-3.361479680232026812e-01
-2.053435219131749534e-01
4.371936832468703571e-01
-7.725509053834516138e-01
1.000000000000000000e+00
-3.253323852715854225e-01
1.000000000000000000e+00
-1.000000000000000000e+00
8.132990655881798814e-01
-1.000000000000000000e+00
7.923101667971637063e-01
1.000000000000000000e+00
1.000000000000000000e+00
4.492382518475101505e-01
-1.000000000000000000e+00
7.511299283696271090e-01
1.000000000000000000e+00
1.000000000000000000e+00
-9.450965376374967919e-01
-1.000000000000000000e+00
1.000000000000000000e+00
6.606012519972435104e-01
-1.000000000000000000e+00
1.000000000000000000e+00
1.058144681203476711e-01
-1.000000000000000000e+00
6.332655550621777429e-01
-6.464574336894559625e-01
6.428695539383635915e-02
-6.803224727960304197e-01
-1.000000000000000000e+00
-4.037001678193832821e-01
1.000000000000000000e+00
-1.000000000000000000e+00
2.702370191989472703e-01
-1.000000000000000000e+00
-1.000000000000000000e+00
4.684165260026360023e-01
8.705890610631312754e-01
1.000000000000000000e+00
1.000000000000000000e+00
1.000000000000000000e+00
1.000000000000000000e+00
1.000000000000000000e+00
6.592170307478910640e-01
5.827019748762571894e-01
-1.000000000000000000e+00
-1.000000000000000000e+00
-5.550477369407874617e-01
6.985072549711421885e-01
-1.000000000000000000e+00
-5.984836870083110050e-01
2.866037032750345936e-03
-1.599932041092564927e-01
2.785955584216942560e-01
-1.000000000000000000e+00
-1.000000000000000000e+00
-1.000000000000000000e+00
-6.761003491356641915e-01
7.814757293001004523e-01
-8.699594457154391502e-02
1.000000000000000000e+00
1.000000000000000000e+00
-1.000000000000000000e+00
-1.000000000000000000e+00
-5.186444543726516088e-01
5.154688816946074725e-01
-1.000000000000000000e+00
-1.000000000000000000e+00
-4.692176423923317685e-01
1.000000000000000000e+00
1.000000000000000000e+00
-1.000000000000000000e+00
-1.000000000000000000e+00
2.207815328879899619e-01
-2.877246915454764742e-01
-1.000000000000000000e+00
-1.309401447786187611e-01
-4.419726436720130547e-01
1.000000000000000000e+00
-5.436550369439514530e-01
-9.761298809282932254e-01
8.208808618989772432e-01
7.565101923508854576e-01
1.000000000000000000e+00
-1.000000000000000000e+00
-1.000000000000000000e+00
4.675855713357796040e-01
4.465898191691710650e-01
-1.000000000000000000e+00
1.000000000000000000e+00
-5.062599770445366243e-01
-4.009080491726635387e-02
-1.000000000000000000e+00
2.773027210442816082e-01
-8.178036686148917322e-01
-7.835841357210879821e-01
-2.024521738649849023e-01
-1.000000000000000000e+00
5.571440734472421497e-02
1.000000000000000000e+00
1.000000000000000000e+00
-1.000000000000000000e+00
4.579816882160550051e-01
-8.341094391533460106e-01
-5.465559443565891629e-01
5.156694228800825508e-01
1.000000000000000000e+00
-1.000000000000000000e+00
-1.000000000000000000e+00
-1.000000000000000000e+00
5.678711895192309345e-02
1.000000000000000000e+00
-2.845619458239934674e-01
1.000000000000000000e+00
1.193898003099813643e-02
1.000000000000000000e+00
7.816511054989780938e-01
-1.000000000000000000e+00
-6.527967820336426641e-01
7.606855973668726900e-01
-4.646843900345172251e-01
-5.619892328235320117e-02
1.000000000000000000e+00
-9.395267861638879614e-01
5.116657460472417984e-01
-1.000000000000000000e+00
-1.000000000000000000e+00
-1.000000000000000000e+00
-3.419336038580647052e-01
-4.152788399690037213e-01
-1.000000000000000000e+00
1.000000000000000000e+00
-8.972465845648063265e-01
6.769331357291511475e-01
9.392344793546182347e-01
-9.969214051150341316e-01
-3.041897219801241725e-01
1.328137213783065207e-01
-6.425475088750400854e-01
7.899733043365348983e-01
-1.000000000000000000e+00
-2.349381458014450086e-01
-1.000000000000000000e+00
6.886518451885924597e-01
-3.768455491731812490e-01
6.571653498172902452e-02
1.000000000000000000e+00
-2.205831748267519377e-01
-1.000000000000000000e+00
-2.494164210319600450e-01
3.075098881741846757e-01
1.000000000000000000e+00
1.000000000000000000e+00
-1.000000000000000000e+00
-8.294101457264086985e-01
-1.496016911604961530e-01
-6.128665388736689312e-01
6.355449884062391863e-02
-7.727988775661942533e-02
-1.000000000000000000e+00
-6.893186795607504358e-01
3.517733419925133109e-01
6.270793016939164577e-01
-1.000000000000000000e+00
1.000000000000000000e+00
-1.000000000000000000e+00
3.418599068123384654e-02
1.000000000000000000e+00
-1.000000000000000000e+00
-1.000000000000000000e+00
-4.615274685832344570e-01
-5.481860857962198574e-01
-1.000000000000000000e+00
1.000000000000000000e+00
3.467399894597226195e-01
7.391044288951537089e-01
1.000000000000000000e+00
-9.528651713783241328e-02
6.458755734202883403e-01
-2.614987883049567641e-01
2.564370480896664972e-01
7.712435438450265801e-01
-7.518039075635377655e-01
8.403977409018248412e-01
-1.000000000000000000e+00
-2.992784527032181785e-01
1.000000000000000000e+00
6.429023058545159097e-01
-1.000000000000000000e+00
7.341550431185639436e-01
-5.613306165260354419e-01
1.000000000000000000e+00
-6.611899190701959750e-01
6.582323132628942197e-02
-5.028583756905766755e-01
3.657116600487823055e-01
-5.462484204105741981e-01
8.643114922631387476e-01
1.000000000000000000e+00
-1.000000000000000000e+00
-1.000000000000000000e+00
3.856989377303312594e-01
7.851929004767252973e-01
5.467489110355387982e-01
-9.782350123504498507e-01
2.284278887531683289e-01
-1.000000000000000000e+00
-4.478442274997073702e-01
-1.000000000000000000e+00
5.179593013082066655e-01
1.535558995501771218e-01
1.000000000000000000e+00
-1.000000000000000000e+00
-5.397681858709204583e-01
-1.000000000000000000e+00
2.803065711150648509e-01
1.544153564515757249e-01
5.326386892852175148e-01
4.540672373990775057e-01
-9.201636379899369445e-01
2.125316921373595624e-01
-1.000000000000000000e+00
-1.000000000000000000e+00
-1.000000000000000000e+00
1.000000000000000000e+00
-6.924342049668095189e-01
1.000000000000000000e+00
9.388116265583934528e-02
1.000000000000000000e+00
1.000000000000000000e+00
-1.000000000000000000e+00
4.204540038861208084e-01
2.152208574914701855e-01
2.646789159208506881e-01
