1.000000000000000000e+00
-1.000394390140870726e-01
8.284111802708001848e-01
1.000000000000000000e+00
4.562988554820031628e-01
9.117747884869569219e-01
-1.000000000000000000e+00
1.000000000000000000e+00
1.000000000000000000e+00
-1.000000000000000000e+00
1.000000000000000000e+00
1.000000000000000000e+00
1.000000000000000000e+00
-9.645586612014515060e-01
8.795037580299269742e-01
1.000000000000000000e+00
-1.000000000000000000e+00
-6.280418208448058648e-01
1.000000000000000000e+00
-1.000000000000000000e+00
-9.839873123605726857e-01
-7.396004065604750988e-01
1.000000000000000000e+00
7.544323259325198539e-01
-1.000000000000000000e+00
6.015046271862608540e-01
6.640784144575813119e-01
-1.000000000000000000e+00
-1.000000000000000000e+00
-1.000000000000000000e+00
6.977446603906445333e-01
1.000000000000000000e+00
1.000000000000000000e+00
-1.000000000000000000e+00
-3.855699547217789069e-02
-1.000000000000000000e+00
1.000000000000000000e+00
-1.000000000000000000e+00
1.000000000000000000e+00
-1.000000000000000000e+00
9.297505842970520407e-01
-1.000000000000000000e+00
7.618833492418732867e-01
-1.000000000000000000e+00
1.000000000000000000e+00
-1.000000000000000000e+00
-6.749892769705685414e-01
-1.000000000000000000e+00
9.839409289475375964e-01
1.000000000000000000e+00
1.000000000000000000e+00
-9.621784627319845962e-02
2.744108848326696215e-01
5.591002700321756613e-01
8.293553397111153025e-01
4.526811669002033800e-01
-1.000000000000000000e+00
-1.000000000000000000e+00
-1.000000000000000000e+00
-3.442512113918994587e-01
-1.000000000000000000e+00
-1.000000000000000000e+00
-1.844502524866668547e-01
-8.712608087048854255e-01
-3.633813704889899965e-01
-1.000000000000000000e+00
1.037246350407136086e-01
1.000000000000000000e+00
-1.000000000000000000e+00
1.000000000000000000e+00
-1.000000000000000000e+00
5.175605942627806155e-02
1.000000000000000000e+00
7.543251491289498789e-01
8.806686986209462109e-01
1.000000000000000000e+00
1.000000000000000000e+00
1.000000000000000000e+00
1.000000000000000000e+00
1.000000000000000000e+00
2.207083174856974139e-01
1.000000000000000000e+00
-1.000000000000000000e+00
3.559513839907830768e-01
1.000000000000000000e+00
1.000000000000000000e+00
6.103252191105617425e-02
-1.000000000000000000e+00
-1.091980759221123365e-01
-1.000000000000000000e+00
-1.000000000000000000e+00
-4.667293432504593387e-02
1.000000000000000000e+00
1.000000000000000000e+00
1.000000000000000000e+00
1.940829702980434168e-01
2.022603323390768093e-01
1.000000000000000000e+00
3.554106350808229342e-01
2.725604827846619949e-01
1.000000000000000000e+00
-1.000000000000000000e+00
4.247903066940588168e-01
-1.000000000000000000e+00
4.616844178878468652e-01
-1.000000000000000000e+00
-9.057017212477938006e-01
-1.000000000000000000e+00
-1.000000000000000000e+00
-8.617568054061772731e-01
6.023398234392431938e-01
-4.202383691398889898e-01
-6.007055094996038846e-01
-1.000000000000000000e+00
1.000000000000000000e+00
-5.627097772022860989e-01
6.372867003242588257e-02
-1.000000000000000000e+00
-3.584586521874451037e-01
3.215564051297504777e-01
1.658925038349632342e-01
1.000000000000000000e+00
1.502413313487432900e-01
-1.000000000000000000e+00
1.660479104153667340e-01
-3.158721595041591446e-01
-3.189059410942404194e-01
-1.000000000000000000e+00
-9.903043582852251170e-01
8.580652642995756363e-01
6.331604616992605461e-01
-7.065585224887361848e-01
1.000000000000000000e+00
-1.000000000000000000e+00
1.000000000000000000e+00
-1.000000000000000000e+00
1.000000000000000000e+00
1.000000000000000000e+00
-1.000000000000000000e+00
1.000000000000000000e+00
-1.000000000000000000e+00
1.000000000000000000e+00
-2.215888978277523180e-01
3.411358987208061855e-01
1.000000000000000000e+00
1.000000000000000000e+00
8.078839130513219002e-01
1.000000000000000000e+00
1.000000000000000000e+00
1.867974943128374865e-01
1.000000000000000000e+00
-1.000000000000000000e+00
1.000000000000000000e+00
1.000000000000000000e+00
1.000000000000000000e+00
2.551458494331981797e-02
1.000000000000000000e+00
-7.366023714536104050e-01
1.000000000000000000e+00
1.000000000000000000e+00
-7.358761432858382801e-01
2.667694932672496355e-01
1.000000000000000000e+00
-4.345289558935975238e-01
1.000000000000000000e+00
-2.603342461239632755e-02
-1.000000000000000000e+00
-1.000000000000000000e+00
-1.000000000000000000e+00
-1.192955864369428520e-01
-7.998467185196909135e-01
-8.976775801864855797e-01
9.529514809734942471e-01
1.000000000000000000e+00
1.000000000000000000e+00
1.863821385703434697e-01
6.113949226902661849e-01
1.187283039668691753e-01
1.000000000000000000e+00
-1.000000000000000000e+00
1.000000000000000000e+00
8.862094559947859551e-01
-1.000000000000000000e+00
-1.000000000000000000e+00
1.000000000000000000e+00
-5.975302260465795712e-01
6.077123507107566880e-01
-1.266712677989558222e-01
1.000000000000000000e+00
7.504432583453305439e-01
1.000000000000000000e+00
-1.000000000000000000e+00
6.756816890416844634e-02
8.759611275000223074e-01
-3.996326046587783676e-03
1.000000000000000000e+00
-9.463006457845792863e-01
1.000000000000000000e+00
-1.000000000000000000e+00
-1.000000000000000000e+00
-1.000000000000000000e+00
1.000000000000000000e+00
2.012237378495327633e-01
1.000000000000000000e+00
-1.000000000000000000e+00
4.048739363696710614e-01
1.000000000000000000e+00
-6.378398696750741115e-01
4.565131857403930127e-01
-9.165464571133852267e-01
-3.512432849459774520e-01
-9.653478542421937147e-01
1.000000000000000000e+00
8.129463183465238663e-01
-9.374057422005530604e-01
-7.405223069151483095e-01
2.559471878022759883e-01
-4.308615573744886684e-01
-1.000000000000000000e+00
1.000000000000000000e+00
1.000000000000000000e+00
4.435733680943649837e-01
9.143132560338090853e-01
1.000000000000000000e+00
-1.000000000000000000e+00
-5.741878969894864682e-01
3.815665335966441640e-01
1.000000000000000000e+00
4.868437782024023219e-01
4.544742228624427671e-01
3.920475209880043277e-01
-2.121037928433232855e-01
-7.401480467612319147e-01
-1.000000000000000000e+00
1.000000000000000000e+00
-1.000000000000000000e+00
-1.840267735569426077e-01
-5.947496931979989743e-01
1.000000000000000000e+00
-1.000000000000000000e+00
-1.000000000000000000e+00
1.000000000000000000e+00
-1.000000000000000000e+00
1.000000000000000000e+00
1.000000000000000000e+00
1.000000000000000000e+00
-6.261129801658440464e-01
6.870293580234954067e-02
1.000000000000000000e+00
-3.158780616177401246e-01
-1.000000000000000000e+00
-1.000000000000000000e+00
5.125409675789893704e-01
4.046255172596358030e-02
-1.000000000000000000e+00
8.737497535261073978e-01
-1.079528961584355073e-01
-1.000000000000000000e+00
-1.845821553152089400e-01
-1.000000000000000000e+00
-4.590302015264856594e-01
-1.000000000000000000e+00
1.000000000000000000e+00
-7.580658636974675346e-01
-2.088321370670903621e-01
