-6.680770086416720765e-01
-2.836827173319254880e-02
-1.000000000000000000e+00
2.350620609011578876e-01
-1.634355201005945890e-01
-1.000000000000000000e+00
-1.000000000000000000e+00
-1.816462749981889724e-01
-9.932043612302277058e-02
-5.008668377106919589e-01
-1.000000000000000000e+00
-1.020718243726198571e-02
1.000000000000000000e+00
-1.000000000000000000e+00
1.020159067864189195e-01
-1.644413211717443701e-01
5.736223762663084091e-01
3.793392670367119468e-01
1.000000000000000000e+00
-7.257288278113716018e-02
1.000000000000000000e+00
-5.139253429699045528e-01
-7.324059624010901270e-01
-8.207997466725523994e-01
1.000000000000000000e+00
6.636103393904413394e-03
-1.970139659082787986e-01
-5.870277665555556634e-01
-1.000000000000000000e+00
-7.436552664472175778e-01
1.491654446726794481e-01
1.000000000000000000e+00
-1.000000000000000000e+00
4.393486066072871399e-01
1.000000000000000000e+00
1.000000000000000000e+00
1.000000000000000000e+00
1.000000000000000000e+00
5.069179181181816540e-01
1.000000000000000000e+00
1.000000000000000000e+00
-2.174453951874893987e-01
6.674454557450268943e-01
1.000000000000000000e+00
-1.000000000000000000e+00
1.000000000000000000e+00
1.171138712488555278e-01
-1.000000000000000000e+00
-1.000000000000000000e+00
1.000000000000000000e+00
1.000000000000000000e+00
-2.903472860051454774e-01
6.136991529431266024e-01
-9.623020431377926620e-01
2.534994599869200282e-01
2.098394209603652860e-01
-9.565376630825711546e-01
4.110451831361098818e-01
-1.000000000000000000e+00
4.979071955760503432e-01
1.000000000000000000e+00
-7.734641922583150864e-01
4.228187486195651434e-01
-1.000000000000000000e+00
4.384752129286335620e-01
1.408232314230449811e-01
-1.679276433834123450e-01
1.000000000000000000e+00
-5.074927562929638647e-01
-6.588671866692643597e-01
6.687474758409939213e-01
4.695917612022659782e-02
1.269362464689735570e-01
2.867392940826625214e-01
-1.000000000000000000e+00
-1.000000000000000000e+00
-1.796133088649840559e-01
2.552737016675581949e-01
8.990249433575798754e-01
1.414376170308215830e-01
5.552252373838502120e-01
-2.007194716989148808e-01
1.000000000000000000e+00
1.000000000000000000e+00
3.953698230676899183e-01
1.000000000000000000e+00
-1.000000000000000000e+00
-2.666154051888760534e-01
5.215792640917517042e-01
2.940707798344580626e-01
6.688513778977123181e-01
-8.274641162400482308e-01
1.000000000000000000e+00
4.587898234661683117e-01
3.118755720017551414e-01
1.000000000000000000e+00
5.743264765188392795e-01
-5.615737821284398912e-01
3.564654868609506422e-01
-5.499300954937679231e-01
-1.000000000000000000e+00
-9.400619254211755038e-01
5.685101476615184168e-01
-1.000000000000000000e+00
2.674887480726273470e-02
-1.000000000000000000e+00
-3.555234428243712053e-01
-1.000000000000000000e+00
-1.000000000000000000e+00
1.000000000000000000e+00
1.000000000000000000e+00
-1.000000000000000000e+00
-3.242252448512666918e-01
-6.477744394847747555e-01
1.000000000000000000e+00
1.000000000000000000e+00
1.000000000000000000e+00
-1.000000000000000000e+00
-1.000000000000000000e+00
-6.573594236187069173e-01
-3.914209704131106360e-01
1.000000000000000000e+00
-1.000000000000000000e+00
1.001324786171684522e-01
4.689421119411490424e-01
-5.283887162083990008e-01
-7.294679958790331042e-01
1.000000000000000000e+00
1.000000000000000000e+00
1.100764868697891030e-01
-9.811565691586537907e-01
8.115431590141913842e-02
3.703967534790753025e-01
6.386261484059141402e-02
-5.198050417042499038e-01
1.875123301844890955e-01
7.156374549799171536e-01
8.533137205005534298e-01
-1.000000000000000000e+00
1.000000000000000000e+00
-3.301425401855329067e-01
-6.238545334580680723e-01
-2.327977240401537529e-01
5.788655155367866678e-01
-9.864794743744866867e-01
-1.000000000000000000e+00
-6.238948938322594895e-01
1.000000000000000000e+00
3.487286747169147105e-01
1.000000000000000000e+00
1.000000000000000000e+00
-1.000000000000000000e+00
1.000000000000000000e+00
1.000000000000000000e+00
-1.000000000000000000e+00
5.957289797675253684e-01
9.396685462303333569e-02
-7.000861102792685919e-01
-1.701308984724535511e-01
-2.551098824456863312e-01
-7.179327577334788657e-01
-1.000000000000000000e+00
8.534333747088653777e-01
7.538060631277645474e-01
-6.867024484727499711e-01
6.665098671999953872e-01
1.000000000000000000e+00
3.844001431732189111e-01
9.920448674295823110e-01
-1.000000000000000000e+00
1.635388742216278002e-01
-1.000000000000000000e+00
-2.124227510854492795e-01
7.928645604851348727e-01
6.373943917461448727e-01
1.000000000000000000e+00
-2.150899357313562632e-01
2.738533373407158744e-01
1.000000000000000000e+00
4.301708513182520566e-01
7.440160558410967573e-01
3.776718640004607108e-01
-4.495913575116629035e-01
-7.207495195089315132e-01
1.000000000000000000e+00
1.000000000000000000e+00
8.687965198926013155e-01
1.000000000000000000e+00
1.000000000000000000e+00
-1.000000000000000000e+00
3.234090015936715301e-01
-1.000000000000000000e+00
-1.112648577348815948e-01
8.786720152833098485e-01
1.000000000000000000e+00
-2.401749931866600241e-01
-5.260863641108759481e-01
-1.000000000000000000e+00
7.803491134989350986e-01
-6.150382279582573553e-01
1.000000000000000000e+00
1.000000000000000000e+00
1.000000000000000000e+00
-9.396671838566705848e-01
-5.975431963231100374e-01
-5.174577680234871968e-01
-1.000000000000000000e+00
5.592979182629481683e-01
1.000000000000000000e+00
-1.000000000000000000e+00
3.971832883920507484e-01
-3.514537234573096303e-01
1.000000000000000000e+00
8.058517244348578634e-01
1.000000000000000000e+00
-1.046537361083399453e-01
-1.000000000000000000e+00
8.602147357191245458e-01
-9.967794162176827344e-01
-1.000000000000000000e+00
9.162595371840465130e-02
1.000000000000000000e+00
1.986073336427837677e-01
-1.000000000000000000e+00
4.676030283962930856e-01
1.000000000000000000e+00
-9.173390684747005919e-01
1.034877959675699621e-01
1.000000000000000000e+00
-9.274358507512259209e-02
-1.000000000000000000e+00
-1.000000000000000000e+00
1.501940029605794980e-01
1.154104196978734675e-01
-8.098676864189761071e-01
-1.000000000000000000e+00
5.107985782270063613e-01
-1.000000000000000000e+00
1.931237292466021493e-01
-1.000000000000000000e+00
-1.000000000000000000e+00
-5.245348156961624486e-01
1.000000000000000000e+00
8.870056582915397669e-02
-1.743996505484149973e-01
-1.000000000000000000e+00
9.364407314266730564e-01
-6.068266568356042168e-01
-1.000000000000000000e+00
4.521720083127003242e-01
-6.719981621836171870e-01
6.926253394363268701e-01
-5.919465710643895262e-02
7.389039627372109287e-01
1.000000000000000000e+00
-1.000000000000000000e+00
-1.621378476487563836e-01
9.632123058745811761e-01
-2.534368940582553131e-01
9.210402801010852958e-01
-1.000000000000000000e+00
-8.659551424175648826e-01
3.168985152374101388e-02
2.941812761575216539e-01
8.669353402325186142e-02
