-1.831223238828005861e-01
-8.274012210674877021e-01
-7.841162689197885838e-01
-1.000000000000000000e+00
8.740501570399616948e-01
1.531325875450610385e-01
6.238141265716368178e-01
-1.000000000000000000e+00
2.924842476609608166e-01
1.792776155998883625e-01
-7.708501302598753657e-01
-6.624022960756190681e-01
1.769297458652523414e-01
-5.943753250249823594e-01
7.507453871559346403e-01
-1.000000000000000000e+00
1.000000000000000000e+00
2.544073878004089462e-01
-4.865037813942350020e-01
7.799203821032920647e-01
8.767913611968505272e-01
2.789222539432445469e-01
-2.071439172920157556e-01
-9.103142995919493163e-01
-1.196957544805381524e-01
7.454334728713694069e-01
-2.426267654019391706e-01
1.948967534690837500e-01
1.000000000000000000e+00
-4.878315170831752923e-01
4.107355857819920963e-01
-6.911369924342989357e-01
6.723525074408998048e-01
1.646293034625910812e-01
-2.922349025587140936e-01
-8.162740214097817804e-01
-4.536931247474316198e-01
-5.254011804983177436e-01
-1.000000000000000000e+00
-6.317566136340579952e-01
7.894209893303649750e-01
-2.004090685524786419e-01
9.985518227313654460e-01
-5.605389342227569127e-01
1.000000000000000000e+00
-7.155251178466337514e-01
6.444998609440393267e-01
1.000000000000000000e+00
2.060756313371582271e-01
-9.487717473126964229e-01
-2.459345671144739232e-01
-9.808739811995226265e-02
-4.232875498703987382e-01
1.000000000000000000e+00
-7.205085624175715520e-01
9.007162408071406334e-02
-4.087850483289623416e-01
-3.973577450961121027e-01
7.700838743801221575e-01
5.321731167694432330e-01
3.656918151720096599e-01
-1.000000000000000000e+00
8.101827841037818612e-01
-1.000000000000000000e+00
7.741443307902355908e-01
-5.100337171429178973e-01
1.000000000000000000e+00
-3.060052587079408748e-01
3.896016053150159197e-01
-8.976657956789004800e-01
3.835074675068218530e-01
3.834549205120254545e-01
-1.000000000000000000e+00
1.000000000000000000e+00
-1.000000000000000000e+00
-3.471397634439534752e-01
2.225339695731639034e-01
8.518476787085114132e-01
4.708583688955747526e-02
-4.729983828605779372e-01
7.276306607855362873e-01
-7.128260280399556503e-01
-9.404810729426160698e-01
3.674574957494125549e-01
-1.000000000000000000e+00
1.180588708644425555e-02
7.580410206598240386e-01
9.783303066632671463e-01
-5.972704634516412536e-01
1.620599076082732126e-02
-8.940017092462690940e-01
5.395257672022881756e-01
-6.481790057289688045e-01
4.484743483520006180e-01
6.143406160081906764e-01
-1.000000000000000000e+00
-5.105412700681111193e-01
-1.000000000000000000e+00
7.270690351252288020e-01
2.852825133949834502e-01
6.715430101195918322e-01
-8.627444264926436013e-01
2.065220543097823214e-02
6.556347099372243914e-01
1.958750785662046745e-01
1.000000000000000000e+00
-5.649525347408250742e-01
2.286328941473653176e-01
2.574782529760479832e-01
1.157240971830050813e-01
8.322394589327911096e-02
-8.652007482810234462e-01
-4.593792758725278591e-01
-1.000000000000000000e+00
8.383783071556660804e-01
-8.638055031584368493e-02
-7.420561177848694623e-01
-6.973805986221373043e-01
-2.488118324082199129e-01
7.637458266274121943e-02
-1.000000000000000000e+00
5.128396030898234592e-01
8.707609673419285379e-01
1.000000000000000000e+00
-3.946308892458318951e-01
8.029080339683516421e-01
-5.173337209440194151e-01
5.858285692395015509e-01
8.507227296402981587e-01
-2.021242821640022447e-01
-8.681505143672501035e-01
-5.040881226970145290e-01
-7.039122199837727356e-01
9.815258490253164769e-01
-1.765966125178855817e-01
4.437202212959668879e-01
-1.000000000000000000e+00
-6.876536393408458903e-01
5.504340912309562128e-01
9.758097956716478283e-01
-7.951377680122071467e-01
-2.092017509733724856e-01
-4.850731423835092926e-01
8.505378105172103353e-01
-9.788153194707739368e-01
-1.000000000000000000e+00
1.929787135102931650e-01
6.478162299040352012e-02
-5.545918072790656517e-01
-6.488636685055402253e-01
-1.000000000000000000e+00
1.193917318663383353e-01
1.000000000000000000e+00
-2.693102450664339731e-01
-6.875679199252968665e-01
-7.659921206907602809e-01
1.621244252749499681e-01
-1.000000000000000000e+00
-3.727195013306237037e-01
1.000000000000000000e+00
5.494470813066134607e-01
7.424201174389967184e-01
5.453130194003710240e-01
4.038274600937763470e-01
-3.336280748842327393e-01
-8.216327505095388783e-01
-6.876931680937182767e-01
1.000000000000000000e+00
-6.234911908575697659e-01
-5.829903048045737002e-02
-2.732451234648862748e-01
9.714695282238603458e-01
7.769650669025107703e-02
1.000000000000000000e+00
8.347868822136514932e-01
-7.346749528316193212e-01
9.104969757541443443e-01
-4.713539431389452972e-01
-1.587333561205779286e-01
1.000000000000000000e+00
8.294016177946044177e-01
-1.000000000000000000e+00
-1.000000000000000000e+00
-1.000000000000000000e+00
-1.000000000000000000e+00
-3.143882427630948495e-01
1.000000000000000000e+00
4.767559069491857371e-01
1.477406616712644283e-01
-8.739984491538539402e-01
9.079050688593672813e-01
-7.669692649554527009e-04
-4.099370991269566389e-01
1.000000000000000000e+00
1.000000000000000000e+00
3.009899888573126514e-01
-4.417892746138805116e-01
-2.774710525392731775e-02
1.000000000000000000e+00
1.000000000000000000e+00
-5.736035544347698467e-01
8.960901034010519961e-01
-1.000000000000000000e+00
2.716638252739129733e-01
4.082694176973307165e-01
-4.986406076553524525e-01
8.384326275254765370e-01
7.893651761461930594e-01
6.161199193821984554e-01
1.000000000000000000e+00
1.573656845012405547e-02
-3.096786382986022046e-01
1.000000000000000000e+00
5.070087405757961463e-01
1.657449855635659830e-01
-8.758878244465662100e-01
2.856584581137078249e-01
8.712255275883526995e-01
1.000000000000000000e+00
6.820619713265387851e-01
-2.574200413149928535e-01
6.708339019587401530e-01
4.566243454703671212e-01
-6.626608631866784949e-01
-1.000000000000000000e+00
-6.119914900203489161e-01
-2.047229334336619633e-01
-9.062829653901207649e-01
1.000000000000000000e+00
1.000000000000000000e+00
-3.134292229707733579e-01
-5.359029982102410106e-01
6.829293919032954907e-01
3.846452757287801560e-01
-3.696156297761585829e-01
-2.067516844640349127e-02
3.339077661359529658e-01
6.965668348099457452e-01
1.000000000000000000e+00
-1.000000000000000000e+00
-3.418131957313377267e-01
-1.740863309485523036e-01
1.000000000000000000e+00
-8.896802356164084102e-01
-4.460525449348067273e-01
1.000000000000000000e+00
4.325474436225258401e-01
-2.618527102893135616e-01
-2.358877868415931722e-03
-3.502669078594250474e-01
1.037872058922565399e-01
4.271178558161494720e-01
-4.775328553040701918e-01
1.000000000000000000e+00
-1.000000000000000000e+00
-1.000000000000000000e+00
-3.335217874552802719e-01
1.701515886588713666e-01
6.374359403739509045e-01
9.996267410308821155e-01
-5.895289796706466579e-01
-2.701627607156691369e-01
5.133281829206899349e-01
-1.000000000000000000e+00
1.027912473806118498e-01
