-1.000000000000000000e+00
-1.000000000000000000e+00
-7.631564977565333807e-01
-1.000000000000000000e+00
-1.526463597341831679e-01
-3.903485759251841825e-01
1.000000000000000000e+00
1.000000000000000000e+00
8.730373708027362734e-02
5.083200485529706381e-01
-9.715872603176809452e-01
1.000000000000000000e+00
-1.000000000000000000e+00
-7.864646556275010081e-01
-1.000000000000000000e+00
1.000000000000000000e+00
-1.599954187536838379e-01
1.000000000000000000e+00
-1.000000000000000000e+00
-1.000000000000000000e+00
-1.000000000000000000e+00
2.866669552272693711e-02
5.213993417130345920e-01
8.691344197597026255e-01
1.000000000000000000e+00
-2.085948889617419977e-01
1.000000000000000000e+00
-8.058418805472591373e-01
1.000000000000000000e+00
6.909880644307823117e-01
-2.791931234188791411e-01
1.000000000000000000e+00
-2.403376282049407009e-01
-1.000000000000000000e+00
-1.000000000000000000e+00
1.000000000000000000e+00
1.000000000000000000e+00
8.529393148909820699e-01
7.772834902927227008e-01
-8.885186062459564660e-01
-1.000000000000000000e+00
-1.109222581156121823e-01
6.053805864517091129e-01
-1.721873603841073130e-01
-6.686830165530763814e-01
6.670755336874480967e-01
-5.460305753237981730e-01
1.000000000000000000e+00
1.351964883029288522e-01
-4.619400652539754626e-01
-7.646004687385415943e-01
9.339852271968268616e-02
-1.000000000000000000e+00
8.506962284200396684e-01
1.000000000000000000e+00
1.000000000000000000e+00
1.000000000000000000e+00
-6.807391704951537559e-01
4.854065507606941665e-01
-6.885500516489959644e-01
1.000000000000000000e+00
1.000000000000000000e+00
-1.776868872259269594e-01
1.000000000000000000e+00
1.000000000000000000e+00
-2.088255756392409790e-01
1.328337640863075930e-01
9.758705313251608837e-02
-1.000000000000000000e+00
1.000000000000000000e+00
-4.734173581067455672e-01
-7.067153307475388946e-01
1.000000000000000000e+00
-3.583258378626632545e-01
-5.066941267296086460e-02
2.529096692030990967e-01
5.988596174784281967e-01
-1.000000000000000000e+00
-1.000000000000000000e+00
-3.156895963454051657e-01
1.000000000000000000e+00
-7.505620872485263551e-02
4.290202403892977578e-01
-1.000000000000000000e+00
-1.000000000000000000e+00
9.069850752166876973e-01
8.364008094437225260e-01
-1.000000000000000000e+00
-1.000000000000000000e+00
1.000000000000000000e+00
7.217921710060899443e-01
-1.000000000000000000e+00
1.000000000000000000e+00
-1.000000000000000000e+00
-1.189194626735567972e-02
-4.266856077576391959e-01
-1.000000000000000000e+00
1.000000000000000000e+00
-9.920376593623227990e-01
1.000000000000000000e+00
-7.206202438815194622e-01
-1.000000000000000000e+00
-4.320659224702154688e-01
1.000000000000000000e+00
-1.000000000000000000e+00
1.000000000000000000e+00
3.781768006343089183e-02
-7.742629090371315748e-01
-5.705770991251666313e-01
-8.127949154882805338e-01
1.000000000000000000e+00
1.000000000000000000e+00
5.059331195714394935e-01
-1.000000000000000000e+00
-9.526313908620258619e-01
-1.000000000000000000e+00
5.486717140819443728e-01
1.000000000000000000e+00
-2.604979125572226550e-01
9.520935865637338846e-01
-1.000000000000000000e+00
-1.000000000000000000e+00
7.781459244359678618e-01
1.412174418827114031e-01
1.000000000000000000e+00
1.000000000000000000e+00
-1.000000000000000000e+00
1.000000000000000000e+00
-1.000000000000000000e+00
1.000000000000000000e+00
1.000000000000000000e+00
7.670268862714679781e-01
-2.404775719588879146e-01
-1.000000000000000000e+00
-1.052957029211278872e-01
-1.044825716413350647e-01
-1.000000000000000000e+00
4.328865038939466170e-01
1.000000000000000000e+00
-1.000000000000000000e+00
1.000000000000000000e+00
1.000000000000000000e+00
-1.000000000000000000e+00
6.829801148249530218e-01
3.594044920336512128e-01
1.000000000000000000e+00
-1.000000000000000000e+00
1.000000000000000000e+00
-2.327413017843418253e-01
-1.000000000000000000e+00
9.082172012142620821e-01
-1.000000000000000000e+00
5.470987215288516392e-01
-6.228062384891503989e-01
-1.000000000000000000e+00
-6.667155856623382948e-02
-1.000000000000000000e+00
-1.000000000000000000e+00
-2.765889237223790459e-02
-1.000000000000000000e+00
7.996162075192290164e-01
-7.460895724137803775e-01
-1.000000000000000000e+00
-1.000000000000000000e+00
-3.486775384134154221e-01
-1.000000000000000000e+00
-1.000000000000000000e+00
1.000000000000000000e+00
1.000000000000000000e+00
-6.059677442615336584e-01
-7.310529485939336602e-01
-1.000000000000000000e+00
1.000000000000000000e+00
1.359071249606685905e-01
3.166331031817726238e-02
-1.000000000000000000e+00
-2.498006625751463261e-01
2.873499017268600353e-01
6.397291058457752477e-01
-1.533119036472905261e-01
8.424434240558432707e-01
6.816612385168832056e-01
1.000000000000000000e+00
1.580633318066283488e-01
-1.000000000000000000e+00
-9.749838152342658049e-01
-1.000000000000000000e+00
1.000000000000000000e+00
7.839820576818656850e-01
-1.000000000000000000e+00
9.705917190909907344e-01
-1.000000000000000000e+00
-2.972077021416214548e-01
1.000000000000000000e+00
1.000000000000000000e+00
-4.553472113711960478e-01
-1.000000000000000000e+00
8.607628664421893561e-01
-4.127394842314362489e-01
-4.101013665083712012e-01
1.000000000000000000e+00
-9.706895874579202221e-01
1.000000000000000000e+00
-8.567480659881108185e-01
-5.263036986742095635e-01
1.000000000000000000e+00
1.000000000000000000e+00
3.262391395535360061e-01
-6.883768231351368172e-01
-1.000000000000000000e+00
-5.226489830005517367e-01
-3.163913627743779600e-01
8.037616069144470909e-01
1.505795940501916674e-01
1.000000000000000000e+00
1.000000000000000000e+00
1.000000000000000000e+00
8.073903261167577616e-01
1.000000000000000000e+00
-5.112386339194178175e-01
1.000000000000000000e+00
1.000000000000000000e+00
6.580490928114846039e-01
-1.000000000000000000e+00
5.796020872219516118e-01
2.955721517363548712e-01
-9.519842295636019580e-01
5.874036416431833718e-01
1.000000000000000000e+00
1.521434113899181595e-01
-6.444852951834058041e-01
6.161079127752489004e-01
-7.680820887183394952e-01
-1.000000000000000000e+00
-1.000000000000000000e+00
-1.000000000000000000e+00
1.000000000000000000e+00
4.828313385662936774e-01
-2.200500869775857127e-01
-1.000000000000000000e+00
-2.456532336051044929e-01
1.000000000000000000e+00
-1.000000000000000000e+00
1.000000000000000000e+00
4.138596705908714757e-01
8.280248294945724563e-03
1.000000000000000000e+00
1.000000000000000000e+00
-3.839091000389270314e-01
-7.561164906415430709e-01
-8.854110836451331012e-01
4.834768280723453771e-01
1.000000000000000000e+00
-4.302533368401695313e-01
-2.336402046201119798e-01
-1.000000000000000000e+00
6.228386672903842847e-01
1.463599767182004463e-01
-1.000000000000000000e+00
-1.422801809613567503e-01
1.000000000000000000e+00
-4.909345812039902501e-01
-8.616484664072920907e-02
2.560047628267646536e-01
1.000000000000000000e+00
