-1.000000000000000000e+00
-1.000000000000000000e+00
1.000000000000000000e+00
9.156518255061907308e-02
4.820461371110511539e-01
1.000000000000000000e+00
2.383626911181567776e-01
1.000000000000000000e+00
1.000000000000000000e+00
8.475809616322358409e-01
1.000000000000000000e+00
-4.177262465288201776e-01
1.000000000000000000e+00
1.504933065213145404e-01
-1.405277127253831693e-01
8.073084906296347230e-01
-1.000000000000000000e+00
-5.247424677098633250e-02
-1.587668528556780423e-01
3.121355227350501860e-01
3.490245838762601194e-01
-6.592876511375557191e-01
5.723440830432293680e-01
2.482657161064605322e-01
-1.000000000000000000e+00
-6.711549174503109727e-01
-3.891022474402974218e-01
1.000000000000000000e+00
1.000000000000000000e+00
1.873552170667525107e-01
-1.000000000000000000e+00
-1.000000000000000000e+00
2.738346634755111086e-01
-7.556072074633507496e-01
1.000000000000000000e+00
-8.821210718371996773e-02
8.122088390342023789e-01
-1.000000000000000000e+00
-1.000000000000000000e+00
1.608714721794204383e-01
8.929674438039589823e-01
-1.000000000000000000e+00
-1.000000000000000000e+00
-1.000000000000000000e+00
6.408133121229845353e-01
-1.000000000000000000e+00
-1.000000000000000000e+00
8.719595514567897165e-01
-1.000000000000000000e+00
-7.993295744956812054e-01
-1.000000000000000000e+00
1.168487245988779621e-01
-8.500751459814824829e-01
-1.972064899203202493e-01
-1.000000000000000000e+00
-6.871395043772016153e-01
1.000000000000000000e+00
-3.095710215488063355e-01
1.000000000000000000e+00
-1.000000000000000000e+00
-6.947542048366555090e-01
1.000000000000000000e+00
4.377583337671463459e-01
1.738656789420984228e-01
1.000000000000000000e+00
1.000000000000000000e+00
1.000000000000000000e+00
1.826249532860361180e-01
-4.230535747947452574e-01
-7.923713671651423374e-01
-1.000000000000000000e+00
1.000000000000000000e+00
-5.329456172974452732e-01
2.869282690543578096e-01
-3.039948932874269594e-01
1.000000000000000000e+00
8.807851699278645974e-02
-7.549174965373783852e-01
-4.655121917073368198e-01
9.179389117982810209e-01
1.915758353801320091e-01
4.633191484421146367e-01
-9.669058498584983674e-01
3.961747116875975472e-01
3.414878206441018804e-02
-8.342152476854630683e-01
1.000000000000000000e+00
-1.000000000000000000e+00
8.289581457097185968e-01
1.000000000000000000e+00
7.503051539341043519e-01
-1.000000000000000000e+00
1.000000000000000000e+00
2.977620981116833043e-01
-1.000000000000000000e+00
1.000000000000000000e+00
-1.000000000000000000e+00
1.000000000000000000e+00
-1.000000000000000000e+00
1.000000000000000000e+00
-6.202769445870659482e-01
-1.000000000000000000e+00
6.688142826649113859e-01
5.325032794432555949e-01
1.000000000000000000e+00
-5.006337321918298278e-01
6.446045300954540425e-01
-1.000000000000000000e+00
-3.503665729729572020e-01
-1.000000000000000000e+00
5.172425545789886003e-01
-3.632677490648661411e-01
1.316997029346003156e-01
-1.000000000000000000e+00
1.000000000000000000e+00
-3.032163702501449176e-01
1.000000000000000000e+00
-1.000000000000000000e+00
1.000000000000000000e+00
1.000000000000000000e+00
1.000000000000000000e+00
9.413313926283188859e-01
1.593920370067227754e-01
-1.000000000000000000e+00
-3.375589401907331810e-01
-1.000000000000000000e+00
-2.938857314009990507e-02
-5.767472028832032471e-01
1.963744056671077320e-01
1.000000000000000000e+00
-7.366218103416461993e-01
-1.000000000000000000e+00
-1.000000000000000000e+00
4.678040947977211150e-01
-9.815593852689115106e-01
-2.504176911128686012e-01
-3.013311840725387825e-01
-8.091145134062052158e-01
-1.000000000000000000e+00
-1.000000000000000000e+00
-7.920087926508940779e-01
2.553338448029135455e-02
1.000000000000000000e+00
6.061090758955539615e-01
7.483786398336885748e-01
-3.057869590369418633e-01
1.000000000000000000e+00
1.000000000000000000e+00
4.636647701981901903e-01
1.000000000000000000e+00
-1.000000000000000000e+00
8.991546198094085840e-01
2.674249530205766723e-01
1.000000000000000000e+00
3.980255213020372773e-02
-7.127938927798909141e-01
1.000000000000000000e+00
-1.000000000000000000e+00
-7.087142222177154061e-01
-1.000000000000000000e+00
5.018571593362998184e-01
-3.006132499432676575e-01
8.181914986183341787e-01
7.122687814800747752e-01
1.000000000000000000e+00
-1.000000000000000000e+00
-1.000000000000000000e+00
-1.000000000000000000e+00
-7.996078535957593658e-01
1.000000000000000000e+00
-1.000000000000000000e+00
1.315009885485682872e-01
8.519271658127743896e-01
-1.000000000000000000e+00
-1.000000000000000000e+00
3.905488158982217684e-02
-1.000000000000000000e+00
-1.000000000000000000e+00
1.000000000000000000e+00
4.244948011328961712e-01
-2.883740815311714445e-01
-1.000000000000000000e+00
2.970102084804638332e-01
-3.138074387045179936e-01
-3.374917345879500097e-01
2.940797591263996091e-01
-4.770344116695167669e-01
1.554543057930121985e-01
1.000000000000000000e+00
1.000000000000000000e+00
5.200817553448044972e-02
-3.471480421479634648e-01
9.425155011101624680e-01
-4.214333189521068945e-01
8.559154320981943176e-01
-6.132220659515927874e-01
9.564869704522764859e-01
-7.174910766290808484e-01
1.000000000000000000e+00
-8.484401015054932049e-01
-9.380888959697699647e-01
-1.000000000000000000e+00
1.000000000000000000e+00
-1.000000000000000000e+00
-1.301576594497100836e-01
1.000000000000000000e+00
5.557559762075325871e-02
-2.762151923416583665e-01
3.387778401489973668e-01
1.000000000000000000e+00
-1.000000000000000000e+00
1.738183657207899024e-01
-6.636941562479852230e-01
1.000000000000000000e+00
-4.648685555568423666e-01
1.717069128588276650e-01
-1.000000000000000000e+00
1.624667572123349168e-01
-6.270248543930225793e-01
1.000000000000000000e+00
1.000000000000000000e+00
-4.728498640970707489e-01
-3.382436370625966360e-01
3.012845509053878601e-01
1.000000000000000000e+00
1.379935040575253069e-02
-3.659374680598097562e-01
-8.914767458952130852e-01
8.538514420244813774e-01
-1.000000000000000000e+00
-1.000000000000000000e+00
-1.000000000000000000e+00
2.993945790236447468e-01
1.000000000000000000e+00
3.582289078227549606e-01
1.000000000000000000e+00
1.000000000000000000e+00
-4.530121685791261843e-01
1.000000000000000000e+00
1.000000000000000000e+00
-5.319073300926191461e-01
-9.199183613588209907e-01
-1.000000000000000000e+00
-4.130128331615280368e-01
2.551608759260861059e-01
-1.000000000000000000e+00
1.000000000000000000e+00
3.086902317154053832e-01
1.000000000000000000e+00
-1.000000000000000000e+00
-1.000000000000000000e+00
-4.183410822075403490e-01
-1.000000000000000000e+00
-4.408156142360764584e-01
1.000000000000000000e+00
-2.805592566020510548e-01
-5.937062639417591825e-01
1.000000000000000000e+00
-6.471801160639745198e-02
8.293396168484548081e-01
-1.000000000000000000e+00
-7.514962824675803787e-01
-1.000000000000000000e+00
-1.000000000000000000e+00
1.000000000000000000e+00
