-1.000000000000000000e+00
-1.000000000000000000e+00
1.000000000000000000e+00
6.705612765503035089e-01
8.676936814707455481e-01
1.000000000000000000e+00
4.074464026499595160e-01
1.000000000000000000e+00
-1.000000000000000000e+00
-5.761167681369935289e-01
-1.699976593385597035e-01
4.243092368828558225e-01
-1.000000000000000000e+00
1.237455535345465263e-01
-1.000000000000000000e+00
-3.086256363452801743e-01
1.000000000000000000e+00
-5.315818200715443087e-01
1.000000000000000000e+00
1.483267681186124509e-01
1.000000000000000000e+00
-1.000000000000000000e+00
-1.000000000000000000e+00
5.556495857155296925e-01
5.904960630250188913e-01
-1.000000000000000000e+00
-7.952453575340854286e-01
1.000000000000000000e+00
-3.833485609648442649e-01
-1.000000000000000000e+00
1.000000000000000000e+00
2.924759675213216559e-01
1.000000000000000000e+00
-3.700418105990178064e-01
1.000000000000000000e+00
1.000000000000000000e+00
-8.105020132346565376e-01
1.000000000000000000e+00
-1.000000000000000000e+00
-1.000000000000000000e+00
1.000000000000000000e+00
1.920621208493310528e-01
1.000000000000000000e+00
-1.000000000000000000e+00
-3.101320236967975985e-01
2.061911529291395873e-01
3.218785427227741636e-01
-1.979066425973197152e-01
1.000000000000000000e+00
-1.000000000000000000e+00
-3.550482450691735403e-01
-1.000000000000000000e+00
1.000000000000000000e+00
-4.686014849986135378e-01
-2.458662165547065293e-01
-1.000000000000000000e+00
-1.508860523346438054e-01
-4.850043927575595770e-01
5.569983348692371106e-01
-1.831827921584294749e-01
7.247977666536349339e-01
-1.000000000000000000e+00
8.567014832526076429e-01
4.762011577451326083e-01
-5.895676094464734618e-01
-6.877407851934189686e-01
-6.597860946117496406e-01
5.991482006296713347e-01
1.000000000000000000e+00
-7.321456705377880070e-01
7.708788930316567978e-03
-1.000000000000000000e+00
1.000000000000000000e+00
7.268596611747653036e-01
1.867117113497242242e-01
3.971741932099148720e-03
-6.579912380400640970e-01
1.000000000000000000e+00
4.976451944043526754e-01
1.000000000000000000e+00
5.053689569256056835e-01
-1.000000000000000000e+00
8.466177814395557943e-01
1.735302446241669960e-01
1.000000000000000000e+00
2.364054026927395746e-01
-1.803461448164054293e-01
-1.815915215041696840e-01
-5.762754491059441930e-01
-1.000000000000000000e+00
-1.000000000000000000e+00
-3.475130560146623138e-01
-1.000000000000000000e+00
-1.000000000000000000e+00
1.000000000000000000e+00
1.000000000000000000e+00
1.000000000000000000e+00
6.040539401473585812e-01
-2.350665157785059023e-02
1.000000000000000000e+00
3.572313080261824147e-01
6.112529671523236896e-02
1.000000000000000000e+00
-1.000000000000000000e+00
-1.000000000000000000e+00
1.000000000000000000e+00
-1.000000000000000000e+00
1.000000000000000000e+00
-5.486327107091948374e-01
-9.662248779595188353e-01
-9.441859407354646905e-03
1.000000000000000000e+00
1.000000000000000000e+00
-5.457026234110029517e-01
5.576844780537194568e-01
-1.000000000000000000e+00
-1.000000000000000000e+00
-1.000000000000000000e+00
-4.394124757381203672e-01
6.049137598467231314e-01
3.198455320795491330e-01
2.097009408187422430e-02
-1.000000000000000000e+00
7.481660115578772086e-01
-1.000000000000000000e+00
-1.000000000000000000e+00
1.000000000000000000e+00
-5.878060371371396364e-03
4.202561516749727666e-01
-3.942829947315741324e-01
-1.000000000000000000e+00
-7.900475928014887295e-01
-1.000000000000000000e+00
1.000000000000000000e+00
-1.000000000000000000e+00
-3.268814092202892985e-01
-6.191925429241502687e-01
-1.000000000000000000e+00
-1.000000000000000000e+00
-3.782852280551877167e-01
6.854727134538513011e-02
-1.000000000000000000e+00
-7.465654272609691944e-01
1.000000000000000000e+00
3.230850957939592760e-01
3.277712856269348052e-01
-5.392230474455022016e-01
7.156568180791601508e-01
4.602328717927918755e-01
1.000000000000000000e+00
-1.000000000000000000e+00
-1.000000000000000000e+00
-6.327436409852869037e-01
-1.000000000000000000e+00
5.247166820685766897e-03
1.000000000000000000e+00
-6.378825457814825128e-01
6.208952303552294216e-01
-3.363241023411345232e-01
-1.000000000000000000e+00
-5.411980037985584246e-01
-4.859875720062342697e-02
-1.000000000000000000e+00
-1.000000000000000000e+00
-8.156635837647097098e-02
7.438480993752740744e-01
6.041113342527730801e-01
2.192259407839282082e-01
-1.000000000000000000e+00
9.737421715462092342e-01
-2.939082859082002841e-01
1.000000000000000000e+00
1.000000000000000000e+00
4.658250427479104783e-01
-1.000000000000000000e+00
-1.000000000000000000e+00
1.000000000000000000e+00
1.000000000000000000e+00
1.000000000000000000e+00
4.772889299261428020e-01
1.000000000000000000e+00
-7.524338892134350143e-01
-1.000000000000000000e+00
-8.765389455856076317e-02
1.000000000000000000e+00
-1.000000000000000000e+00
-1.000000000000000000e+00
-7.633118306619579574e-01
-6.797640986970836519e-01
9.093796404448433179e-01
-1.000000000000000000e+00
1.000000000000000000e+00
6.051706585585352460e-01
1.000000000000000000e+00
-1.000000000000000000e+00
8.763052636876507151e-01
-1.068436084139161579e-01
-1.000000000000000000e+00
-1.000000000000000000e+00
1.000000000000000000e+00
-5.123351773356015215e-01
-6.423235184335961412e-01
-1.000000000000000000e+00
1.000000000000000000e+00
-1.000000000000000000e+00
-6.830519796596954407e-01
6.634393533447759950e-01
-6.240672524956887290e-01
5.178328900338742269e-01
-6.762395272806434043e-01
-1.000000000000000000e+00
7.250992694027564855e-01
1.475247870633285552e-01
1.000000000000000000e+00
-1.000000000000000000e+00
-1.000000000000000000e+00
-3.419104800551381329e-01
-5.609319065552358374e-01
6.130680714011504939e-01
2.922139435258079843e-01
5.919987922625369325e-01
-4.900578541823651935e-01
-1.141387354927563269e-01
-1.000000000000000000e+00
-4.468142420798133507e-01
-1.000000000000000000e+00
-1.000000000000000000e+00
-1.000000000000000000e+00
1.000000000000000000e+00
-4.986829724099829386e-01
-4.404075597931450536e-02
-1.000000000000000000e+00
8.307339034571448178e-01
2.850809775612248576e-01
-9.433655622468217761e-01
1.000000000000000000e+00
-4.458937256158715945e-01
-6.446994822608992370e-01
1.000000000000000000e+00
8.324812614523975363e-01
1.000000000000000000e+00
-9.509782171001480711e-01
1.837642648176370519e-01
-1.000000000000000000e+00
9.106310644063686510e-01
1.000000000000000000e+00
-6.978063691786892120e-01
1.000000000000000000e+00
1.000000000000000000e+00
-3.311301384390150648e-01
-1.265136960332405858e-01
2.542905090208389396e-01
4.672904580142593911e-01
-3.452031962191914882e-02
1.000000000000000000e+00
-1.000000000000000000e+00
1.000000000000000000e+00
-1.000000000000000000e+00
-5.857212047073827588e-01
-6.146621623215264840e-01
5.946146994973464661e-01
6.189788666768303305e-01
1.000000000000000000e+00
1.000000000000000000e+00
1.000000000000000000e+00
