-1.809758693487770742e-01
2.434334265485151860e-01
-1.366455503810541927e-01
-9.917392116790524348e-02
8.579275388677944925e-01
-5.760322885602731091e-01
7.662040283383946271e-01
-3.628587653017405490e-01
-5.627033143085169442e-02
-5.838131952218736931e-01
2.543687496533992842e-01
-3.285011776139987738e-01
8.655252167204028346e-01
-2.099098094665385883e-01
2.871635486211416843e-01
-7.995018472066979243e-01
-6.843753299020034486e-01
-5.044785089067791439e-01
-2.429366820888512191e-01
-7.885391802794843308e-01
-9.763181038406418821e-01
2.498078129550787008e-01
-7.761410767781706799e-01
5.763178521382894548e-01
-4.081057345439720319e-01
1.105187857437566201e-01
9.552040417670029093e-01
5.433166741726318527e-01
6.499083056209336018e-01
5.707992810217841217e-01
-6.484664048709356532e-01
5.735657942777216967e-02
-5.896305989912977719e-01
-4.364540201469011560e-01
-5.010949234284214349e-01
-5.879876949090747651e-01
-4.495971860523926278e-01
-2.821544894912719759e-01
-8.673236653679219366e-01
-6.632619225662663709e-01
-1.500889182264262267e-01
5.089392612517624759e-01
2.837062806006525051e-01
2.347313698085511380e-01
-6.941483432138759735e-01
-5.637916485687464174e-01
-9.837348507619270155e-01
4.062531838256191463e-01
-7.685161481463522737e-01
2.515258724946525248e-01
9.285963093109730337e-01
-9.129040344046641664e-01
-4.782207749746290038e-01
-5.408615808374659384e-01
2.846182812492590308e-01
5.416427782902188959e-01
7.099978957834423010e-01
-4.690932938085683457e-01
-3.474745430189865036e-01
-1.476563527214675986e-01
7.290734378298273644e-01
-6.933510475976563114e-01
6.899961616369094664e-01
-1.998266790448353092e-01
6.321441767763371633e-01
6.702827469567806951e-01
-4.749322806643103689e-01
-3.782502827387590472e-02
-4.593115587277052381e-01
-3.843749767901303294e-01
1.298801093600949752e-01
-6.281074533091810519e-01
3.608665127028873876e-01
-5.863998593352590660e-01
-7.768195378544915375e-01
-1.062789303551399112e-01
9.481227878390816599e-01
-4.610868708538746752e-01
4.459949596462866594e-01
-1.448593672210933825e-01
-2.640451522838138665e-01
-6.220242804120352798e-01
9.312788523528774398e-01
-8.755550643069542893e-02
-9.003604354311023350e-02
5.806898691380733002e-01
-9.316284168980519809e-01
3.456034258181934771e-01
2.723855401694179612e-01
7.584878425936310009e-01
-7.459151100836292070e-01
-8.647137358904664062e-01
-6.391493429059935671e-02
-6.790222942744832402e-01
2.134341739999483512e-01
7.763469556898039414e-01
4.753246929192973536e-01
-5.959210455637262704e-01
-4.058964989173596827e-01
4.782250794775366742e-01
9.730822445609985660e-01
4.069905414502035246e-01
-9.578242444099149822e-01
-9.878003557405754531e-01
7.421407954405361274e-01
-5.119709657169795314e-01
4.496012897200447611e-01
-8.455760160206400311e-01
-8.210341203323558990e-01
-4.109563709603960557e-01
-2.899899950742583776e-01
3.132161007326912383e-01
7.464893501984095625e-01
2.031336099654588168e-01
4.514693738145501012e-01
6.688597645848293194e-01
-4.441944284691388134e-01
-7.658461340492563885e-01
-4.275394990150995778e-01
-2.360630442508577786e-01
-1.716817495242290992e-01
3.899047011473995017e-01
-6.074466878196105313e-02
9.378310013001645018e-02
6.399785017564465495e-01
7.901534956940525767e-02
6.058936902792826373e-01
-5.157571496743542649e-01
-2.707142647964007054e-01
-9.943544678458999808e-01
-7.687804050579132298e-01
3.813896670670773315e-01
-4.555751855543430651e-01
9.033214952568846545e-01
6.223575572355699581e-01
6.562800198332539026e-01
-2.278899072536930692e-01
-1.369481345119589744e-01
-3.709155202418616959e-01
-1.692657691490382366e-01
-2.439420188634582320e-01
-3.148528799565950553e-01
8.332894520441720410e-01
6.076314455766866907e-01
-6.110143548266655511e-01
1.661616336868843025e-01
-9.367534008382216726e-02
7.106262151593993881e-01
-8.604942224389768857e-01
1.485906137683483674e-01
-9.358156128230457060e-01
-2.686110599903379637e-01
7.722073063776180302e-01
-7.961075532322388071e-01
9.396236258236763117e-01
-3.103858473880092284e-01
2.460787510032336201e-02
4.097953117989960869e-01
-1.090902477624107192e-01
5.237847830062587473e-01
7.727942164467440644e-01
-2.264831984205690762e-01
-5.672265092547086329e-01
-8.104270571454446070e-01
-2.390908957228661258e-01
-6.259207680145839614e-01
3.960995685094037544e-01
4.668348682743348466e-01
-9.627153822614900047e-01
-5.399421910464092811e-01
-4.586947749483474279e-01
1.070219575813202706e-01
-6.132254479217671417e-01
7.722215063497357423e-01
9.958904694145065406e-04
-2.531106737895605363e-02
-9.088074010139115533e-01
-2.725024756875640275e-01
6.044876184776972750e-01
7.172036499432810075e-01
4.033092064519732123e-01
-1.127196190141617205e-01
8.950212937326076368e-01
-1.900418126566028043e-01
4.502032137061220407e-01
1.085664340275060979e-02
-1.761584697746432226e-01
8.090026175618520998e-01
-2.295134509988725480e-01
4.465645578326158383e-01
-8.070863888073134262e-01
-5.335310748737891462e-01
5.747330281281901598e-01
8.790963707924004389e-02
3.522210090180195596e-01
2.772724577975678173e-01
4.501438165174573847e-01
-8.341374143999955582e-01
9.878552559678726031e-01
-4.320250563897727325e-01
-8.587259581976822709e-01
-4.060572037884258023e-01
2.444989601380009869e-01
-6.211601267524853309e-01
-1.120402976524130789e-01
3.638207230737275921e-01
2.242111313209871337e-01
1.338731152008219016e-01
-8.919027253521529808e-01
-6.463132556620054814e-01
-9.362663735380558627e-01
6.101676281462231621e-01
3.974306071639694959e-01
1.410265226902689406e-01
-8.013571765764802013e-01
8.027908566263466383e-01
1.439824499676034542e-01
7.672947786913510981e-01
-8.357514773780285733e-01
2.115239676685174430e-01
-7.124166156628795044e-01
-5.024771979957851631e-01
-5.377635672792826504e-01
2.705613286954178243e-02
9.856447528090079846e-01
-8.996247436995825630e-01
5.107299851798461354e-01
-4.080851133396090624e-01
-8.669433473342191832e-01
9.194944358795131834e-02
-4.722599292934899218e-01
3.862565331605019026e-01
-8.118490151724948589e-01
8.762120919026306076e-01
-3.586044114221842438e-01
-1.614024886019926885e-01
-7.700131638263889577e-01
-2.277214828819904557e-01
9.524360064666446135e-01
2.608598470827510063e-01
4.109392641320626094e-01
5.038438737473647233e-01
2.531645034438128050e-01
-1.079056479831317361e-01
5.226782630181394662e-01
-1.951703248948384317e-01
1.460816382174365824e-01
4.885294143224079289e-01
1.412430123885617395e-01
-2.628449027094290624e-01
6.406522410337429640e-01
5.046710282858621888e-01
9.858190425136632573e-01
-5.939793564937740911e-01
-1.318159087627801540e-01
-6.352665722727370845e-01
-4.333918533195209033e-01
-3.683673739580051176e-02
7.970595164612763739e-01
5.959485892206994873e-01
-1.885249472716672425e-01
-4.683667959787174428e-01
7.962051039688582410e-01
-4.961268926186737094e-01
-7.777720961076584061e-01
