-4.143440558964954779e-01
2.523312077723651736e-01
1.000000000000000000e+00
1.568894724408406161e-01
9.897886307929031346e-01
-5.290395374918095417e-01
1.000000000000000000e+00
-1.000000000000000000e+00
-6.608129236635618131e-02
3.023819927252442419e-01
-1.000000000000000000e+00
1.891314362523006665e-01
1.000000000000000000e+00
9.617115185405794575e-01
-1.666498299899330515e-01
-1.000000000000000000e+00
2.971309925261925167e-01
3.986636213411793861e-01
1.000000000000000000e+00
6.635315718660712569e-01
-1.000000000000000000e+00
-8.169474696945617787e-01
8.990906658126273099e-01
-4.178805761150145015e-01
5.265891277614028754e-01
-5.297832022397430674e-01
7.206776399426795265e-01
1.903607788082850583e-02
-8.574004698792390133e-01
-1.589256297690544439e-01
-3.456943983584898072e-01
3.616391547268484885e-01
-1.000000000000000000e+00
-1.000000000000000000e+00
-1.000000000000000000e+00
4.405628560167760832e-01
-1.000000000000000000e+00
9.812526423839571521e-01
-9.249250607742769414e-01
-4.742660028891684809e-01
-1.000000000000000000e+00
7.213863697894702387e-01
-7.467715796261584771e-01
-9.064785861224733399e-01
-1.000000000000000000e+00
1.000000000000000000e+00
-1.000000000000000000e+00
-1.557576660336366103e-01
-1.000000000000000000e+00
6.575974277411750224e-01
7.529996344818353782e-01
4.969433012143029682e-01
7.814498464457468874e-01
5.524159388321971953e-01
3.528062023170699946e-01
8.209015096029741443e-01
8.980704974799262885e-01
8.136515861359868707e-01
1.000000000000000000e+00
-1.493288341002426689e-01
-1.000000000000000000e+00
1.000000000000000000e+00
1.000000000000000000e+00
1.000000000000000000e+00
1.000000000000000000e+00
4.960769375989612651e-01
1.000000000000000000e+00
-1.000000000000000000e+00
1.000000000000000000e+00
1.000000000000000000e+00
1.481198716588706388e-01
-4.698036403785958992e-01
1.709243417283667910e-01
1.000000000000000000e+00
-3.361601096719255000e-02
4.672235925408263491e-01
-5.331810011496007640e-02
-3.563540226819914558e-01
-1.000000000000000000e+00
-1.000000000000000000e+00
5.622041646195131692e-01
-4.730509499607145063e-01
-1.212763519908318932e-01
1.000000000000000000e+00
-1.000000000000000000e+00
8.821333015299062108e-01
1.000000000000000000e+00
-1.347071605532890182e-02
8.930009776533790467e-01
1.000000000000000000e+00
-2.150740994304383980e-01
-3.320043752439472140e-01
-5.195424907031398476e-03
-5.112477088961286942e-01
-6.135805846782032003e-01
1.000000000000000000e+00
-1.000000000000000000e+00
-3.806669577173540375e-01
1.000000000000000000e+00
4.330086536907024053e-01
4.246096521848289340e-01
5.674340556466279661e-01
1.000000000000000000e+00
-1.000000000000000000e+00
1.489564004214702919e-01
-5.353483264394631735e-01
-9.677210312411839155e-01
6.343566111881137060e-01
-9.917181579344853670e-01
5.223184341850650725e-01
-1.000000000000000000e+00
6.027450561596425782e-01
1.000000000000000000e+00
7.851941807041349364e-01
1.719758144295178148e-01
4.945815158008654011e-01
-5.744974746365609786e-01
1.000000000000000000e+00
-2.318329302857793373e-01
-5.810434023325143915e-01
6.914223013086593372e-01
4.929491915767370003e-01
6.868631390273384207e-01
-3.495597282550206852e-01
-1.000000000000000000e+00
-6.857049269353072685e-01
3.019329069092009377e-01
-6.020681458043636303e-01
2.405592643760197102e-01
-1.685002599323923711e-01
1.000000000000000000e+00
-5.087047045796371236e-01
-1.000000000000000000e+00
-8.636739849363399557e-01
-3.632712886213551595e-01
4.588231700570032379e-01
-1.000000000000000000e+00
1.000000000000000000e+00
-1.000000000000000000e+00
5.283980676716096836e-01
3.235370876770705673e-01
-5.775874009524799568e-01
1.352697438395320528e-01
6.644181220511757857e-01
-6.816801959598139948e-01
-1.000000000000000000e+00
8.415111265051771205e-01
-1.000000000000000000e+00
1.000000000000000000e+00
-1.000000000000000000e+00
-1.000000000000000000e+00
-5.797503974914001990e-02
1.000000000000000000e+00
-7.122050740587273499e-01
-3.869797145486130185e-01
1.000000000000000000e+00
-1.000000000000000000e+00
-1.000000000000000000e+00
1.033548554561298793e-01
-6.352336075603556287e-01
-8.319432802002535432e-02
-1.000000000000000000e+00
-2.061092647034577507e-01
-5.219221090149455122e-01
-1.000000000000000000e+00
-1.000000000000000000e+00
1.099195068672293996e-01
-6.801309591637938468e-01
-4.829968209178997496e-02
-1.000000000000000000e+00
8.214564515899026587e-01
-1.000000000000000000e+00
1.000000000000000000e+00
7.965438725304274659e-01
-1.000000000000000000e+00
1.000000000000000000e+00
-1.000000000000000000e+00
1.000000000000000000e+00
2.824781147286751226e-01
1.000000000000000000e+00
-6.679137188996209229e-01
2.891767654443854751e-01
-1.000000000000000000e+00
-1.000000000000000000e+00
7.476540417351059675e-01
3.405580287408199736e-03
5.829936985108532532e-01
4.881207254480917079e-01
-7.640807326778580322e-01
1.000000000000000000e+00
-2.946035715576913461e-01
-1.000000000000000000e+00
-8.697789427339239765e-01
-1.272229013980080703e-02
3.074278358479156092e-01
1.216185196870005480e-01
-6.981625577319401366e-01
-6.226830574174740951e-01
1.000000000000000000e+00
1.000000000000000000e+00
-1.000000000000000000e+00
3.493980633417841375e-01
-3.508553571840865581e-01
-1.766283162846897792e-01
1.000000000000000000e+00
-4.574537294933045395e-01
5.549935217685120215e-02
-1.000000000000000000e+00
-7.465940146540476219e-01
-8.150298023019295623e-01
-1.000000000000000000e+00
1.000000000000000000e+00
-1.000000000000000000e+00
1.000000000000000000e+00
-1.000000000000000000e+00
-8.641528478689097792e-01
1.000000000000000000e+00
-8.596951198873723499e-01
-9.965833698118981010e-01
-3.966659731979454984e-01
3.229471314069594090e-01
-1.000000000000000000e+00
9.407673283655124674e-01
-3.487613378841134537e-01
-3.602718469169268189e-01
-1.000000000000000000e+00
7.669713151797841189e-01
5.369862181368474374e-01
5.779097462305247124e-01
-1.599906733793443614e-01
1.000000000000000000e+00
1.000000000000000000e+00
-2.281043293751365830e-01
-8.314023195622582962e-02
-2.906942550480440257e-01
1.000000000000000000e+00
-5.016530464299183700e-01
1.000000000000000000e+00
-5.372869031016861419e-01
1.000000000000000000e+00
-1.000000000000000000e+00
1.000000000000000000e+00
-1.000000000000000000e+00
-5.343690224212510609e-01
-4.189355712926164932e-01
1.000000000000000000e+00
1.000000000000000000e+00
5.804000320589506323e-01
7.833898805153789446e-01
1.000000000000000000e+00
1.000000000000000000e+00
1.000000000000000000e+00
7.486128309362115596e-01
9.265260670892302430e-01
1.014903139958108214e-01
6.518730683115070423e-01
3.708078545856030583e-02
-1.000000000000000000e+00
5.029182012661981283e-02
-8.312119390568704080e-01
-3.308395815573623722e-01
6.431446105329463592e-02
1.630012191454453530e-01
2.580549933756350889e-01
9.166828796055382922e-01
