-1.000000000000000000e+00
1.000000000000000000e+00
1.000000000000000000e+00
-4.130452081662174812e-01
-1.000000000000000000e+00
1.000000000000000000e+00
-5.788551363600085153e-01
1.000000000000000000e+00
-1.000000000000000000e+00
-5.816133631140315563e-01
1.000000000000000000e+00
-1.000000000000000000e+00
1.551024316311894191e-01
1.000000000000000000e+00
-1.000000000000000000e+00
-2.972344035768708093e-01
-1.000000000000000000e+00
-1.000000000000000000e+00
1.000000000000000000e+00
-1.000000000000000000e+00
1.000000000000000000e+00
1.000000000000000000e+00
-1.000000000000000000e+00
-1.000000000000000000e+00
-1.000000000000000000e+00
-1.000000000000000000e+00
1.000000000000000000e+00
1.000000000000000000e+00
-1.000000000000000000e+00
-1.000000000000000000e+00
-3.530682402949194554e-01
-1.000000000000000000e+00
1.000000000000000000e+00
-1.000000000000000000e+00
-1.000000000000000000e+00
2.462130437097047597e-01
-1.000000000000000000e+00
-1.000000000000000000e+00
-1.000000000000000000e+00
-5.866578323771525216e-01
-5.052880565172835903e-01
-1.000000000000000000e+00
1.000000000000000000e+00
9.899002009646239442e-01
-1.000000000000000000e+00
-1.000000000000000000e+00
-1.000000000000000000e+00
3.275724820166288076e-01
-1.000000000000000000e+00
4.784147733171252859e-01
1.000000000000000000e+00
1.000000000000000000e+00
1.000000000000000000e+00
7.138300532346859573e-01
-1.000000000000000000e+00
-1.000000000000000000e+00
1.000000000000000000e+00
8.779701031408573275e-01
-5.517324885299326187e-01
1.000000000000000000e+00
1.000000000000000000e+00
1.000000000000000000e+00
1.000000000000000000e+00
-5.047827704414677985e-01
-7.051897250841282494e-02
-1.000000000000000000e+00
8.269825082882842349e-01
1.000000000000000000e+00
1.000000000000000000e+00
1.000000000000000000e+00
-1.000000000000000000e+00
3.332233630359393572e-02
1.000000000000000000e+00
1.000000000000000000e+00
6.731354046739441710e-01
1.000000000000000000e+00
1.000000000000000000e+00
1.000000000000000000e+00
-1.000000000000000000e+00
-3.819662448836118607e-01
3.812439724371257110e-01
1.000000000000000000e+00
-7.340680988387494610e-01
3.872112897332808945e-01
-1.974980750629942716e-01
1.000000000000000000e+00
-1.000000000000000000e+00
7.320811158611324476e-01
-1.000000000000000000e+00
1.000000000000000000e+00
-9.942850225823220978e-01
-1.000000000000000000e+00
2.121121114673875097e-01
-3.139325685009032307e-01
7.078011408183759734e-02
1.000000000000000000e+00
1.000000000000000000e+00
-8.940848445801097277e-01
-1.000000000000000000e+00
1.000000000000000000e+00
-4.717507546891417936e-01
-1.000000000000000000e+00
1.000000000000000000e+00
-1.000000000000000000e+00
-8.405397028058039233e-01
2.733239927926557900e-01
1.737213849219015893e-01
-2.764309139309549801e-01
1.000000000000000000e+00
-1.000000000000000000e+00
-1.837836927817004806e-01
-8.875900781636557602e-01
-1.000000000000000000e+00
1.000000000000000000e+00
-1.000000000000000000e+00
2.043105720381792612e-01
7.064741439222204100e-01
1.129721813023775168e-01
-1.000000000000000000e+00
-1.000000000000000000e+00
1.000000000000000000e+00
5.744914026814624819e-01
-1.000000000000000000e+00
6.285030259925051821e-01
1.000000000000000000e+00
-5.611241301340663679e-01
-5.752530425471766851e-01
-8.386781901467150746e-01
-1.000000000000000000e+00
-1.000000000000000000e+00
-1.000000000000000000e+00
1.375140504707136335e-01
-4.884420842406295149e-02
9.821922614001831198e-01
3.882171678825857564e-02
3.770998626645494234e-02
-7.463710793864796189e-01
2.136818845276848844e-01
-1.000000000000000000e+00
-1.000000000000000000e+00
1.000000000000000000e+00
-1.000000000000000000e+00
-7.593813680015668588e-01
-1.000000000000000000e+00
1.000000000000000000e+00
-2.309402899672968745e-01
1.000000000000000000e+00
-1.000000000000000000e+00
3.494067617456292352e-01
1.000000000000000000e+00
1.000000000000000000e+00
1.000000000000000000e+00
-1.000000000000000000e+00
-9.541709150005031059e-01
-4.388496098763536857e-01
-1.000000000000000000e+00
1.000000000000000000e+00
1.247177847477481394e-01
-1.000000000000000000e+00
1.000000000000000000e+00
-1.000000000000000000e+00
1.000000000000000000e+00
1.000000000000000000e+00
-7.263770200833824520e-01
8.417927873765108648e-01
-2.198894500859794876e-01
-1.000000000000000000e+00
1.102662458188858885e-01
-1.000000000000000000e+00
1.000000000000000000e+00
-6.563159594393603857e-01
6.354070150711743636e-02
1.000000000000000000e+00
-1.000000000000000000e+00
-2.974056777207040314e-01
1.000000000000000000e+00
3.263676963183084201e-01
-9.233871939500370996e-02
-1.000000000000000000e+00
-8.865007272865887966e-01
-1.513981528104640373e-01
-1.000000000000000000e+00
-1.000000000000000000e+00
1.000000000000000000e+00
-1.326536772332461700e-01
-1.000000000000000000e+00
-1.000000000000000000e+00
2.282762573490366709e-01
-1.000000000000000000e+00
-1.000000000000000000e+00
-1.000000000000000000e+00
1.000000000000000000e+00
-1.000000000000000000e+00
1.000000000000000000e+00
1.000000000000000000e+00
-1.000000000000000000e+00
-1.000000000000000000e+00
-1.000000000000000000e+00
1.307898833733563415e-01
1.000000000000000000e+00
-5.507778249177796015e-01
1.000000000000000000e+00
1.249270682544523225e-01
-1.000000000000000000e+00
-1.000000000000000000e+00
-1.000000000000000000e+00
-1.000000000000000000e+00
-4.323542046001099814e-01
1.000000000000000000e+00
-5.849652698071436951e-01
-1.000000000000000000e+00
-1.000000000000000000e+00
1.000000000000000000e+00
1.000000000000000000e+00
-1.000000000000000000e+00
1.000000000000000000e+00
-9.725875522785180916e-02
4.615018381291722260e-01
1.000000000000000000e+00
-1.000000000000000000e+00
-1.000000000000000000e+00
-1.000000000000000000e+00
1.000000000000000000e+00
-6.978217318583259665e-01
-7.230446397356171673e-01
1.000000000000000000e+00
1.000000000000000000e+00
4.566148962940115297e-01
2.776839631166804212e-01
1.000000000000000000e+00
1.000000000000000000e+00
-1.000000000000000000e+00
-1.000000000000000000e+00
-1.000000000000000000e+00
1.000000000000000000e+00
-8.036098429515869945e-02
-7.330274866579293835e-01
-1.000000000000000000e+00
1.000000000000000000e+00
9.018397695768667344e-01
2.661073347831098279e-01
-5.758443648446744945e-01
1.000000000000000000e+00
1.000000000000000000e+00
5.713178011622803698e-01
8.903005420834610995e-01
-7.383472938062529689e-01
8.483877629070223358e-01
2.469777911587749397e-01
-1.000000000000000000e+00
-9.836501410067056694e-01
1.000000000000000000e+00
-1.000000000000000000e+00
1.000000000000000000e+00
8.468074761609494239e-01
-6.617967027084036280e-01
-1.000000000000000000e+00
1.000000000000000000e+00
1.000000000000000000e+00
-1.000000000000000000e+00
-1.000000000000000000e+00
-3.061964421778921031e-01
1.000000000000000000e+00
-1.814839320602417705e-01
9.750751341183868659e-01
