1.000000000000000000e+00
-1.000000000000000000e+00
1.000000000000000000e+00
-5.019732831090024661e-01
1.000000000000000000e+00
2.402600968257416481e-01
-1.000000000000000000e+00
9.197854156422990979e-01
1.000000000000000000e+00
1.000000000000000000e+00
-1.000000000000000000e+00
-1.000000000000000000e+00
1.000000000000000000e+00
1.000000000000000000e+00
-1.000000000000000000e+00
-1.000000000000000000e+00
6.463253793704446526e-01
-1.000000000000000000e+00
1.000000000000000000e+00
-8.885798646668739975e-01
-3.102676365535492753e-01
1.000000000000000000e+00
1.000000000000000000e+00
-1.000000000000000000e+00
6.756368246507226116e-01
1.000000000000000000e+00
1.000000000000000000e+00
1.000000000000000000e+00
-1.000000000000000000e+00
1.000000000000000000e+00
1.000000000000000000e+00
-1.000000000000000000e+00
1.000000000000000000e+00
1.000000000000000000e+00
7.291021053440760458e-01
-6.831949311608802589e-01
1.000000000000000000e+00
-1.000000000000000000e+00
-1.000000000000000000e+00
1.000000000000000000e+00
-1.000000000000000000e+00
-1.000000000000000000e+00
1.000000000000000000e+00
1.000000000000000000e+00
-1.000000000000000000e+00
-2.888696862764662532e-01
-1.000000000000000000e+00
-5.062275908644002786e-01
1.000000000000000000e+00
-1.000000000000000000e+00
1.000000000000000000e+00
3.242121006202809963e-01
1.000000000000000000e+00
2.322483420845300461e-01
-1.000000000000000000e+00
1.000000000000000000e+00
1.000000000000000000e+00
-1.000000000000000000e+00
-1.000000000000000000e+00
1.000000000000000000e+00
-1.000000000000000000e+00
1.000000000000000000e+00
-1.000000000000000000e+00
1.893963449068630789e-01
1.000000000000000000e+00
-1.000000000000000000e+00
-1.000000000000000000e+00
-5.508747675896404905e-01
5.965174244353927957e-01
7.226666868841700175e-01
-1.000000000000000000e+00
2.019994078440906504e-01
8.539741512771710230e-01
-1.000000000000000000e+00
-1.000000000000000000e+00
1.000000000000000000e+00
-1.000000000000000000e+00
1.000000000000000000e+00
-1.000000000000000000e+00
-1.000000000000000000e+00
4.621706493168037388e-01
1.000000000000000000e+00
-3.405620249463745530e-01
1.000000000000000000e+00
-5.243156556512250654e-01
1.000000000000000000e+00
-8.842350106450530545e-01
1.000000000000000000e+00
-1.000000000000000000e+00
-1.000000000000000000e+00
-1.000000000000000000e+00
1.000000000000000000e+00
1.000000000000000000e+00
1.000000000000000000e+00
1.000000000000000000e+00
-1.000000000000000000e+00
-1.000000000000000000e+00
-1.000000000000000000e+00
1.000000000000000000e+00
-2.537769504727457881e-01
1.000000000000000000e+00
6.561895256121048625e-01
-8.968528630696964710e-01
3.759256490014240004e-01
-1.000000000000000000e+00
1.000000000000000000e+00
-1.000000000000000000e+00
-6.444334496037715798e-01
1.000000000000000000e+00
1.000000000000000000e+00
9.936088331529727702e-01
9.127051951734708179e-01
-2.034837577938368725e-01
5.027270489592550184e-02
1.000000000000000000e+00
1.000000000000000000e+00
-1.000000000000000000e+00
2.694291794967520470e-01
1.000000000000000000e+00
-1.000000000000000000e+00
1.000000000000000000e+00
-1.000000000000000000e+00
-1.000000000000000000e+00
1.367602641235554639e-01
2.800759028134558459e-01
-1.000000000000000000e+00
-7.530606350650156378e-01
9.047507807228171162e-01
-1.000000000000000000e+00
-1.000000000000000000e+00
-1.000000000000000000e+00
1.000000000000000000e+00
-4.612569839794868898e-01
1.000000000000000000e+00
1.000000000000000000e+00
-1.000000000000000000e+00
-1.000000000000000000e+00
-9.993287657628702192e-01
-1.000000000000000000e+00
1.000000000000000000e+00
-1.000000000000000000e+00
-1.000000000000000000e+00
-1.000000000000000000e+00
-1.000000000000000000e+00
1.000000000000000000e+00
-2.750407948266292424e-01
1.000000000000000000e+00
1.000000000000000000e+00
1.000000000000000000e+00
6.369534504975149503e-02
1.000000000000000000e+00
3.991615366978401025e-01
-9.320104435409739541e-01
1.000000000000000000e+00
5.653438062624336347e-01
1.000000000000000000e+00
-1.000000000000000000e+00
2.255252583479723238e-01
5.049490194072069338e-01
1.000000000000000000e+00
1.000000000000000000e+00
-1.000000000000000000e+00
-1.000000000000000000e+00
-1.000000000000000000e+00
-8.645610778095272897e-01
-1.000000000000000000e+00
1.000000000000000000e+00
1.000000000000000000e+00
-1.000000000000000000e+00
7.935444037832080078e-01
1.000000000000000000e+00
1.000000000000000000e+00
1.000000000000000000e+00
-1.000000000000000000e+00
1.000000000000000000e+00
1.000000000000000000e+00
-1.000000000000000000e+00
1.000000000000000000e+00
1.000000000000000000e+00
7.789367361987928895e-01
1.000000000000000000e+00
1.000000000000000000e+00
-4.270541709084273441e-01
1.000000000000000000e+00
-2.259140305870073195e-01
1.209655314424862294e-02
-1.000000000000000000e+00
-9.028072174808043915e-01
-7.088752489794093448e-01
1.000000000000000000e+00
-9.662296145069494413e-01
-1.000000000000000000e+00
-1.000000000000000000e+00
-1.000000000000000000e+00
-5.854248974198466016e-01
-1.000000000000000000e+00
-1.000000000000000000e+00
-2.605916727642381137e-01
1.337371075211263305e-01
1.000000000000000000e+00
-1.000000000000000000e+00
-1.000000000000000000e+00
-1.000000000000000000e+00
-1.000000000000000000e+00
-1.000000000000000000e+00
-1.850795810829434229e-01
3.246462328561119381e-01
-2.942698100972857000e-01
-1.000000000000000000e+00
1.000000000000000000e+00
-7.964375685937499227e-01
-1.000000000000000000e+00
-1.000000000000000000e+00
1.000000000000000000e+00
-1.000000000000000000e+00
1.000000000000000000e+00
1.000000000000000000e+00
1.000000000000000000e+00
-8.537069770757477194e-02
8.854773551319841118e-01
-1.000000000000000000e+00
-1.000000000000000000e+00
1.000000000000000000e+00
2.653881868771619246e-01
1.000000000000000000e+00
-1.000000000000000000e+00
-8.353080636765284339e-01
1.000000000000000000e+00
1.000000000000000000e+00
-1.000000000000000000e+00
-1.000000000000000000e+00
-3.350504498229996964e-01
-1.000000000000000000e+00
1.000000000000000000e+00
-1.000000000000000000e+00
1.893940012518795513e-01
1.000000000000000000e+00
-1.000000000000000000e+00
-2.270688182976620118e-01
1.000000000000000000e+00
-6.654825012256633254e-01
1.000000000000000000e+00
-1.000000000000000000e+00
4.417701294741694928e-01
-1.000000000000000000e+00
-1.000000000000000000e+00
-1.000000000000000000e+00
-1.000000000000000000e+00
1.000000000000000000e+00
-1.000000000000000000e+00
7.636220462536316145e-01
-1.000000000000000000e+00
8.461735894060935514e-01
1.658592092759695324e-01
-1.000000000000000000e+00
-1.000000000000000000e+00
-1.000000000000000000e+00
-5.068997136672093173e-01
1.000000000000000000e+00
-1.000000000000000000e+00
1.000000000000000000e+00
-1.000000000000000000e+00
1.000000000000000000e+00
-6.026445675867806440e-01
1.000000000000000000e+00
