-2.064169350853954921e-01
1.000000000000000000e+00
-5.946070599610699947e-01
-6.221700588579248681e-02
-1.000000000000000000e+00
1.000000000000000000e+00
-9.999384915477114166e-01
-1.000000000000000000e+00
5.831312005461926073e-01
4.616550360113169660e-02
6.415546138879268945e-01
-8.942187888587085354e-01
5.777480660165995596e-02
7.675892365349428204e-01
-7.876270740316313468e-01
1.000000000000000000e+00
-7.676798307668997179e-01
1.000000000000000000e+00
-8.230979326169645116e-01
6.086945218644381761e-01
-7.022301897061429266e-01
-5.830356391645374892e-02
1.000000000000000000e+00
1.000000000000000000e+00
-6.016256903369980868e-01
9.127476630496829113e-01
1.000000000000000000e+00
4.600788634995836013e-01
-1.000000000000000000e+00
1.000000000000000000e+00
1.000000000000000000e+00
-5.725566684229725922e-01
1.000000000000000000e+00
-1.000000000000000000e+00
1.000000000000000000e+00
-5.581211011131950173e-01
-3.417121873710737834e-01
1.000000000000000000e+00
-4.769077126701124492e-01
-5.742270114210958898e-01
-7.912213919000568030e-01
-1.000000000000000000e+00
-4.600489561648368753e-01
9.720030640095351782e-01
3.997457273409810163e-01
1.000000000000000000e+00
6.033546691648481453e-01
1.718408994158204806e-02
-1.000000000000000000e+00
-1.549604095533840820e-01
-9.629598228825331230e-01
1.575436773990639416e-01
8.752426840523879203e-01
-3.554683665142921445e-01
-2.707525715446295056e-01
-5.102137667825679124e-02
-1.000000000000000000e+00
-1.139779779540114890e-01
-3.253960345878494920e-01
8.304788176004571643e-01
-1.000000000000000000e+00
-1.769255633329054334e-01
5.334332180101900023e-02
1.000000000000000000e+00
-1.635052185358338850e-01
1.000000000000000000e+00
-8.989412110703158820e-01
1.000000000000000000e+00
1.000000000000000000e+00
-7.384046199841225455e-01
5.608041200865536702e-01
-1.000000000000000000e+00
-7.217341145819441417e-01
1.000000000000000000e+00
5.686281188853690161e-01
1.000000000000000000e+00
1.000000000000000000e+00
-2.322003252091440206e-01
2.386862620438066629e-01
1.780795773480106092e-01
-1.000000000000000000e+00
-1.000000000000000000e+00
-8.512357186360084427e-01
-9.404925475433829618e-01
-1.000000000000000000e+00
1.000000000000000000e+00
3.032813259370683578e-01
-1.159178205913318216e-01
5.525781031387966280e-01
1.000000000000000000e+00
-1.000000000000000000e+00
3.254785150861172482e-01
-1.000000000000000000e+00
-1.000000000000000000e+00
1.000000000000000000e+00
9.309249900999210237e-01
-4.608291376262418915e-02
-3.451403425601567432e-01
-7.628288843405702790e-01
-8.467522973184018475e-01
-1.000000000000000000e+00
6.714340469355877250e-01
-2.755391075761699504e-01
3.067480100640948559e-02
2.482337848038850270e-01
2.149440134236058064e-02
2.826777804567435770e-01
7.622354255568113413e-01
-5.267278664685923761e-01
1.000000000000000000e+00
-3.756591390396453178e-01
6.664246581696344762e-01
-9.518504214973577682e-02
7.011977577310457566e-01
5.682772839120643349e-01
-1.000000000000000000e+00
-1.000000000000000000e+00
1.000000000000000000e+00
9.895731152536182407e-01
-1.457066766139376579e-01
-7.746439570953098652e-01
1.000000000000000000e+00
-3.647373267073354963e-01
1.514432337939097262e-01
1.000000000000000000e+00
7.793426641636795882e-01
5.278459745298871297e-01
1.000000000000000000e+00
1.000000000000000000e+00
-2.728781605825247869e-01
9.668378005678737175e-01
1.000000000000000000e+00
4.544201483067702441e-01
-1.000000000000000000e+00
-2.388113117175350020e-02
-3.969757164833749297e-01
-8.500876212524691722e-01
-2.670336315181016662e-01
-1.000000000000000000e+00
6.483134787122253329e-01
-2.803051104942750893e-01
3.240636162345154059e-01
1.698185826605114190e-01
5.880112146988697441e-01
9.934831171361845348e-01
9.883136777354410984e-01
3.279332506885488385e-01
1.000000000000000000e+00
6.729947724633147388e-01
8.580514442728570668e-01
5.551836359263385701e-01
-1.000000000000000000e+00
-1.000000000000000000e+00
5.046053545843007804e-01
-4.707983047713106828e-01
-3.270451450845470731e-01
-6.950321784500825828e-01
-9.849787169718760005e-02
6.848243581859521090e-01
-6.368290918943024792e-01
-7.724624232905290544e-01
5.722944695887277611e-02
-9.095317149545367741e-01
-6.624981227722694932e-01
-4.625072440061157586e-01
1.000000000000000000e+00
1.000000000000000000e+00
3.073009829739032917e-01
-1.000000000000000000e+00
1.000000000000000000e+00
-1.767393324095603013e-01
1.000000000000000000e+00
1.000000000000000000e+00
3.211488926014385292e-01
1.000000000000000000e+00
3.744195647398973481e-01
8.314972300079830347e-01
5.551837632664400335e-01
5.274900784378397933e-01
-1.689455539078521529e-01
-8.734697077686057742e-01
-1.000000000000000000e+00
-7.968232012631049077e-01
2.495336374161709614e-01
-1.000000000000000000e+00
-1.000000000000000000e+00
3.424959895582130320e-01
8.224481927411100290e-01
4.082444931629956586e-01
-9.887365645505541423e-01
-1.000000000000000000e+00
1.000000000000000000e+00
8.537971355599496270e-01
2.593953617113264887e-01
-7.766713408782919270e-01
1.000000000000000000e+00
1.000000000000000000e+00
1.000000000000000000e+00
-1.000000000000000000e+00
-6.136969387410475818e-01
1.000000000000000000e+00
6.391333455195384872e-01
-1.000000000000000000e+00
6.088500484979721961e-01
-6.348369635714781190e-01
-1.124180277616215751e-01
-6.756003618110579811e-01
7.602453980463397265e-02
9.126283808721940005e-01
-1.000000000000000000e+00
1.000000000000000000e+00
-6.781354521222318632e-02
1.000000000000000000e+00
-5.246094519686357316e-01
1.000000000000000000e+00
9.279451277805756959e-01
-9.741204823266699231e-01
-1.000000000000000000e+00
-4.205513367408597603e-02
-6.075872581649990334e-01
-1.000000000000000000e+00
4.054276436860995148e-01
-1.000000000000000000e+00
1.000000000000000000e+00
8.962805509797959758e-01
2.882314297061712161e-01
-1.000000000000000000e+00
-6.898329093117550048e-01
1.000000000000000000e+00
1.000000000000000000e+00
1.575568415509833731e-01
1.000000000000000000e+00
1.000000000000000000e+00
-5.387187470356289420e-01
-1.000000000000000000e+00
6.153663103637592169e-01
-6.116750196525009287e-01
-4.902228840378428654e-01
2.518405737628486296e-01
1.000000000000000000e+00
1.262313863708048878e-01
-5.538484463591097917e-01
3.749778482555009562e-01
-1.534140441073628125e-01
-1.000000000000000000e+00
-4.320180793885637360e-01
4.380078971908425434e-01
4.004731399105332379e-02
7.561096477891363632e-01
-4.063584028560702777e-01
-1.000000000000000000e+00
1.000000000000000000e+00
-5.770954030375192723e-01
6.665889472985127018e-01
1.000000000000000000e+00
7.562347811577518897e-01
1.000000000000000000e+00
-5.002227714450299123e-01
-3.549610455968799094e-01
8.964644194453421644e-01
-4.334126064504727482e-01
1.000000000000000000e+00
1.000000000000000000e+00
6.808191984796098106e-01
1.000000000000000000e+00
