-1.000000000000000000e+00
1.926769379153199235e-01
8.938913414159603832e-01
4.671336491206561359e-01
-9.755353030237174927e-01
-7.787744618195626689e-01
-5.371675578757548752e-01
1.000000000000000000e+00
-3.097752460339655567e-01
-9.616908452060979329e-01
8.650959919108400786e-01
8.637571954421241482e-01
-3.355953569589161800e-01
-9.130185979666873841e-01
-6.704395248093005799e-01
1.000000000000000000e+00
8.570037109975330303e-01
8.268811675750831203e-01
-1.000000000000000000e+00
-5.412416345711343890e-01
8.776204730436056867e-01
-4.425533694544514507e-01
3.741184324738597855e-01
7.849223214439793317e-01
-3.524709455403751690e-01
1.000000000000000000e+00
-3.355330838390655490e-01
-4.847753965059065084e-01
7.278047140529715353e-01
7.047075701420786320e-01
6.324665358423442463e-01
-8.963121116626080465e-01
6.942484821055041611e-01
-2.052685446030337868e-01
-5.321619501057339718e-01
-3.630538533689176006e-02
2.352122536190630608e-01
-2.189488134699457689e-01
8.214744942756180279e-02
5.853792530282979634e-01
-5.654037245105063558e-01
-1.259781425456129034e-01
8.097365427749820821e-01
-8.202424004874802055e-01
-4.201986936968002961e-01
-7.788678184518800229e-01
6.314827568372916033e-01
-7.435725524661935815e-01
5.644306058585624175e-01
-3.888061476633031255e-02
1.000000000000000000e+00
-8.949960243054941866e-01
5.129993315325829251e-01
-5.497404776707011109e-01
-3.160598897892084036e-01
1.605448064007077846e-01
-1.455288300975283722e-01
-9.939439662759119720e-02
-6.936811486129013105e-04
1.412869632310620460e-02
-5.464304409660722950e-01
-2.178076938119106742e-01
5.643356708131777033e-01
-8.177545170186135692e-01
-4.318229699623179485e-01
2.452276442630041409e-02
1.000000000000000000e+00
6.912389131571974321e-01
-3.215793099536052857e-01
1.797107884101081243e-01
-3.281236378341645388e-01
1.000000000000000000e+00
2.038854705837891412e-01
-5.907147526899492185e-01
-3.421700023698854842e-01
4.576143448698619665e-01
-9.732640482960941419e-02
-7.365807090179581351e-01
3.070658992207238036e-01
-7.556498504048458908e-01
5.839219287157326743e-01
9.162481509258291190e-01
1.053463109371619577e-01
-9.647049320798188887e-01
5.819762685266733904e-01
8.088690067387591665e-01
-4.980470190720389656e-01
8.493540803183570187e-01
9.299273399704670595e-01
1.772296812769085239e-01
-3.333910023639037323e-01
-1.638885389472533038e-01
-1.205178735666945222e-02
2.308108041664733712e-01
-2.979291825352319290e-01
-6.936345190195094546e-01
-8.326123719278695212e-01
-9.470186348844324975e-01
-8.553092412560925339e-01
-8.862692042018953664e-01
-3.648831683091131595e-01
-4.151613342772286774e-02
-7.942916675369946500e-01
8.889385816201034185e-01
7.186152622560990633e-01
-6.848573650983014183e-02
1.478223279062751416e-02
6.332103407092017910e-01
1.000000000000000000e+00
3.980281980402589070e-01
-5.960250924061871736e-02
-6.532749679986833424e-01
3.869472097227857343e-01
-7.716569880994450514e-02
-2.791847353190826109e-01
2.386326843459285474e-01
-3.430204723998997451e-02
-4.050512083063910751e-01
-3.345728220069090764e-01
-1.308165100539624426e-01
-2.418207172129021032e-01
-9.021862015117818601e-01
-8.899561804259725761e-02
6.117432112439744607e-01
5.045379523658353182e-01
-2.208315068051354135e-01
2.221637831365579352e-01
1.545533131074456890e-01
7.400881178943055083e-01
-1.783023824727170137e-02
-9.482360821158362096e-01
2.783535248069608503e-01
8.267332127252433605e-01
8.225757766946095728e-02
7.803071912002861321e-01
-1.544298980332584059e-01
6.462219296456712669e-01
8.303933567396879489e-01
1.205573584026753409e-02
3.073712335919713823e-01
8.324509630012180139e-01
-2.245914428984221445e-01
-3.627294725007277343e-01
-7.961045641410411378e-01
-3.824017325782615995e-01
-5.181171840674569928e-02
-3.327362588581532776e-01
7.925642776219683494e-01
4.497826123323016567e-01
-9.885222508545667974e-01
9.407809352973917072e-01
-2.934134679559978753e-01
-7.555307490334750575e-01
-8.400412823892366987e-01
-6.322440304178567061e-01
1.637596597329997739e-01
-3.722851169832162022e-01
-8.248482835424304493e-01
3.630379505832325160e-01
-1.000000000000000000e+00
2.720662905365345274e-01
-2.224800625070391114e-01
7.038941484243201874e-01
1.209699778082384825e-02
-4.519753217003246171e-01
8.817559650732593735e-01
-1.522455052172690948e-01
-7.107849898472123895e-01
-1.000000000000000000e+00
1.990408231751827905e-01
-9.965450259761514662e-01
9.371743806462788928e-01
7.231128779451772015e-01
4.872745371876343601e-01
-7.717298013301288062e-03
5.231454434421669575e-01
4.366642333719792379e-01
6.963338515730524980e-01
3.432805484917382799e-01
6.244065452205105338e-01
-6.332338200251035332e-01
-3.414582600453133776e-01
5.214829546847443709e-02
-9.234740511176586786e-01
-6.098270419605671400e-01
-8.645542993759222083e-01
5.540098010934364492e-01
8.654160835100301874e-01
7.397397040627917697e-03
2.876410843582821730e-01
-2.329782825942920965e-01
1.504246175947184794e-01
3.721944932780685278e-02
9.430744499282717186e-02
-5.862615217070783480e-01
-7.393229063548107938e-01
-1.227250980062677410e-01
6.400111522723728186e-01
7.945341342847835886e-01
5.283555116652136618e-01
8.348091891317677149e-01
-6.558191767577810083e-01
-2.249990617628974121e-01
8.961972698472440158e-01
-8.132637279517977991e-01
5.997725286600663619e-02
-9.697122001984492812e-02
-5.308095700876407363e-01
1.000000000000000000e+00
7.947863571383859682e-01
-9.109531739257605842e-01
9.502589166236650176e-01
-1.560021786533452026e-01
6.567867214040716828e-01
-7.572129085492695921e-01
-2.152901565559273145e-02
4.604839453567402541e-01
8.731517489470532745e-01
-9.516466601982680462e-01
-5.315222614897185949e-01
6.127036057335177865e-01
9.908010474104038678e-01
8.026374867285857029e-02
6.135287703452869668e-01
-4.497754485276983516e-02
4.176610527944735196e-01
-5.800419168011905491e-02
3.984714142649334878e-01
9.650547139727503332e-01
8.565187580839661585e-01
-8.602941516163320479e-02
-5.198551373258015751e-01
7.082158978427566254e-03
-1.836840641894438297e-01
-3.075002588211288579e-01
7.620859249246781930e-01
-7.001252454343924736e-01
-1.000000000000000000e+00
6.232736918808337023e-01
7.872672834602512104e-02
-5.888379106060663837e-01
-1.000000000000000000e+00
8.606018151113126180e-01
5.589832005269921300e-01
-8.672351595563958515e-01
-3.158427599507820371e-01
1.000000000000000000e+00
-9.525349163102982963e-01
9.789260766211846931e-01
3.145593254963734431e-01
2.331533408890447134e-01
-7.297504698696144487e-02
-1.427510366716699952e-01
7.757273145737229036e-01
7.561045838202813396e-01
1.000000000000000000e+00
-1.562594012425044809e-01
2.439679887254044832e-01
-6.349146366143232356e-02
1.749244960273872440e-01
-9.101511045110879383e-01
-7.993881407319727295e-01
2.757823299319728250e-01
6.950880131318162292e-01
-6.775680233531775620e-01
