-2.584432506849976274e-01
4.942817077207826149e-01
-5.826726283828964625e-01
-1.000000000000000000e+00
1.000000000000000000e+00
2.337974557856482560e-01
-3.938940306445872785e-01
-1.000000000000000000e+00
-2.747639023082391052e-01
-4.497993839022462748e-01
-2.277489411054173241e-02
9.178071205449342962e-01
1.717217929010441679e-01
-8.603790837476346098e-01
-1.000000000000000000e+00
-4.747172830060826243e-01
-5.849375988968040785e-01
3.707510953194790848e-01
1.000000000000000000e+00
-9.122782046618352347e-02
1.000000000000000000e+00
2.358929723571637771e-01
6.647934694601056460e-01
2.420662242186492064e-01
-4.552044601806448654e-01
-9.079757183757306560e-01
4.268647112699091029e-01
-1.000000000000000000e+00
-1.963383251563711740e-01
-1.000000000000000000e+00
1.000000000000000000e+00
-8.804229806799730440e-01
-1.839417229598401260e-01
-1.000000000000000000e+00
-5.091254919076759755e-02
-1.000000000000000000e+00
-4.994440011708026206e-01
-9.024173703192246432e-01
-5.438091458426200786e-01
1.000000000000000000e+00
-1.000000000000000000e+00
-8.704810350211593661e-01
6.821992475404443645e-01
1.000000000000000000e+00
-1.000000000000000000e+00
9.303788793602908447e-01
-7.373414913148375049e-01
1.000000000000000000e+00
5.199755106565479013e-01
1.000000000000000000e+00
9.195724688469653074e-02
1.372466442044597557e-01
-6.126406325461011271e-01
-1.000000000000000000e+00
1.000000000000000000e+00
-1.175115335723639909e-01
-2.092588243667822256e-01
-7.827451319466925961e-01
-3.542741323775516760e-01
-6.114482472173132788e-02
-1.998319772408541084e-02
-3.885280854473935896e-01
6.808042863363121533e-02
-1.000000000000000000e+00
-6.668992492774875602e-01
-1.000000000000000000e+00
-1.000000000000000000e+00
-6.932972971471682566e-01
3.339599552813365957e-01
1.000000000000000000e+00
1.000000000000000000e+00
-2.434807808560868203e-01
5.520548769873523387e-01
1.391231129954589862e-01
9.155104803285911697e-01
-1.000000000000000000e+00
-6.958413743062609180e-01
3.617101157326453320e-01
-1.000000000000000000e+00
-1.000000000000000000e+00
-1.000000000000000000e+00
-9.119185649342160804e-01
-1.000000000000000000e+00
-1.000000000000000000e+00
-5.320328081977565571e-01
1.000000000000000000e+00
-1.000000000000000000e+00
-1.000000000000000000e+00
1.000000000000000000e+00
1.000000000000000000e+00
-1.000000000000000000e+00
1.000000000000000000e+00
1.329325626900709212e-01
7.947835604397949227e-01
-3.601290365339997468e-01
-9.480102350837609215e-01
-8.929747860212591259e-01
1.000000000000000000e+00
-1.502582728232852993e-01
-1.000000000000000000e+00
5.334636213826895457e-01
1.000000000000000000e+00
4.733865425363034118e-01
-1.000000000000000000e+00
-7.992066451702459773e-01
1.000000000000000000e+00
-7.431189393906145746e-01
-1.000000000000000000e+00
1.000000000000000000e+00
4.078787649528934356e-01
-1.000000000000000000e+00
1.000000000000000000e+00
1.000000000000000000e+00
9.350070745365649527e-01
-5.787184331134799242e-01
-1.000000000000000000e+00
-3.481320856878957759e-01
-8.794367376377376644e-02
4.116235125362235348e-01
1.000000000000000000e+00
-1.000000000000000000e+00
-7.204678351560755978e-01
1.000000000000000000e+00
-6.117359103501076589e-01
-8.667269471539121861e-01
-1.000000000000000000e+00
-4.776447474891731826e-02
2.507546169724633733e-01
2.426087842153739071e-01
-2.929562457368487527e-01
-1.412140184881185423e-01
9.959607227795705953e-01
9.138257282624928646e-01
-1.000000000000000000e+00
5.485396605368104694e-01
5.434914788061484536e-01
-6.734448765467422604e-02
5.344526668927804813e-01
1.044465750310402674e-01
-2.270235797891796414e-01
-4.365216910277257556e-01
-1.294724329439670418e-01
8.273058295938428008e-01
-4.884715785862167037e-01
1.000000000000000000e+00
1.000000000000000000e+00
5.681137754382113991e-01
8.933970583986796665e-01
9.481099772760527289e-01
3.175829395210674200e-01
-2.384155114684110011e-01
4.490322692714352470e-01
8.832347016889365854e-01
-1.000000000000000000e+00
1.000000000000000000e+00
-1.000000000000000000e+00
-4.707811939942072588e-01
-4.738414803352738458e-01
-7.824145216574196482e-02
1.000000000000000000e+00
1.000000000000000000e+00
1.000000000000000000e+00
9.393010625438413808e-01
1.000000000000000000e+00
9.772319045544055616e-01
1.000000000000000000e+00
1.000000000000000000e+00
9.194305091284677989e-01
-1.000000000000000000e+00
6.528907883768036990e-02
-1.000000000000000000e+00
-1.000000000000000000e+00
-4.982182248778803668e-01
1.238100425186090536e-01
-3.700360283102497316e-01
-6.689127757147006470e-01
-1.000000000000000000e+00
1.000000000000000000e+00
-4.454518632739893347e-01
-1.000000000000000000e+00
1.000000000000000000e+00
1.000000000000000000e+00
-3.284765135469973618e-01
-1.000000000000000000e+00
-1.000000000000000000e+00
-1.000000000000000000e+00
-4.949379414177161873e-01
-1.000000000000000000e+00
1.000000000000000000e+00
-3.510827387330710536e-01
-1.000000000000000000e+00
1.000000000000000000e+00
1.000000000000000000e+00
-1.000000000000000000e+00
2.691360308147752178e-01
5.182917878684363266e-01
-9.112639782270282041e-02
-7.832852489642002647e-01
1.000000000000000000e+00
-8.208833808826071499e-01
1.000000000000000000e+00
2.873952659027811940e-01
-4.203829005770024496e-01
-2.020227266642997677e-01
7.407820653383754284e-01
-1.000000000000000000e+00
5.385095939333852666e-01
1.000000000000000000e+00
-2.661148974276052459e-01
1.000000000000000000e+00
2.790395035169014326e-01
1.000000000000000000e+00
8.888031167906083052e-01
1.000000000000000000e+00
8.757053544248039056e-01
1.000000000000000000e+00
-1.493257674230111798e-01
-1.000000000000000000e+00
-6.660167985018354830e-01
3.745169673629554219e-01
-1.000000000000000000e+00
-1.198363918253586013e-01
-1.000000000000000000e+00
1.000000000000000000e+00
-1.296802106793499831e-01
-3.074377703626458569e-01
5.653714508047714693e-01
1.000000000000000000e+00
-1.000000000000000000e+00
6.394890292960068168e-01
-7.575028604815177147e-01
1.000000000000000000e+00
-1.000000000000000000e+00
-5.938497066774326427e-01
-1.743954160789475960e-01
-1.669116389195313133e-03
-4.440939262958610856e-01
2.163098069056728912e-01
5.063794985340939192e-01
1.000000000000000000e+00
-3.010033668632282611e-01
1.000000000000000000e+00
-9.417327845108136586e-02
1.000000000000000000e+00
-1.000000000000000000e+00
1.000000000000000000e+00
-1.526040993508791799e-01
-7.281840794735330302e-01
-5.960090885349278444e-01
-8.735788677658464785e-01
-9.040038398546321741e-01
-1.000000000000000000e+00
-1.000000000000000000e+00
9.813060362285805915e-01
3.294119308926274359e-02
-1.000000000000000000e+00
-8.851925517929485343e-01
3.109255359234947558e-01
1.687394648305780009e-01
2.128378252572453722e-01
1.000000000000000000e+00
-5.488115597372771326e-01
3.522746636823911870e-01
-4.756287816994375639e-01
8.656824296758190984e-01
