-1.970423228174922325e-01
-3.601649266548767603e-01
-5.293470991317965613e-01
6.705784092920967776e-01
-4.642761609084389285e-02
-5.142837374838975517e-01
-3.778768101941376578e-01
1.306765343852016592e-01
-2.161163294600314533e-01
-9.901270348713588909e-01
-3.637015451673681898e-01
7.304011491194282168e-01
7.649311590446186138e-01
3.793435624146208607e-01
-9.535307892642652661e-02
9.302340304172307395e-01
-1.448217672032063863e-01
9.966975375403244186e-01
8.670406353236823627e-01
-4.309845052858563008e-02
-1.013797027143270579e-01
1.343827803986552549e-01
2.078655858337885576e-03
-7.394558677243434630e-01
-3.613537342947692466e-01
-8.491077994200348922e-01
-3.106186746540071653e-01
8.754321624106300437e-01
-6.601205374284733196e-01
7.964707201421004079e-01
-7.382149147379257759e-01
-9.711418911820910438e-01
-7.222490366891107794e-01
-2.713044152545147636e-01
4.559056801247043378e-01
-1.528102972506450996e-01
3.152181970161791469e-01
5.768610188220835155e-03
1.134383846183717459e-01
-4.687256512509749840e-01
8.150654134140804530e-01
7.715156503420641521e-01
8.885262617419944497e-01
-6.146274314341102496e-01
1.845259528487366296e-01
-1.344834493412099263e-01
4.400536153277962992e-01
3.860287473683197135e-01
1.241573036124083984e-01
9.240677370921877021e-01
2.625756954612663563e-01
4.402717674172251794e-01
-8.739123232217034243e-01
4.489653389557295426e-01
-9.202178346031588685e-01
9.109055219723656283e-01
4.038454930718800018e-01
2.555456282680028668e-01
-8.422769239944687403e-01
1.715028998775616209e-01
6.070392425067798747e-01
7.748811631842600356e-02
-7.172499784663781686e-01
1.572787361580978427e-01
7.110281197217265259e-01
7.881366747489728652e-01
3.568523235640743696e-01
6.226685701437524312e-01
-4.871631823141413520e-01
6.352669431757314022e-01
-7.491991388513510319e-01
4.772711880238431625e-01
3.266927687330944963e-01
-2.800698374976102745e-01
-6.698197255301783226e-01
3.122510765021135892e-01
8.600121777704978765e-01
-9.416287403135679135e-01
-1.563376002090106631e-01
-1.587775002714142403e-02
-1.846959332290412092e-01
7.723648143194610238e-01
2.294472064381964937e-01
-8.883881061454221850e-01
-1.763630046003636931e-01
3.755353135429870814e-01
-5.738431049843206733e-01
7.509037643797902284e-01
8.909678421718285612e-01
-9.244859880296778520e-01
-4.029653090687563832e-01
3.186289203747283416e-02
1.058405856596940087e-01
9.683984555478313272e-01
3.756788086789373260e-01
9.000239671119738549e-01
7.283580685485353534e-01
9.052933579583810619e-01
-3.188330346604288934e-01
-6.849384494446955074e-01
-4.610810996938654593e-01
8.059562880648976080e-01
7.625630568191321679e-01
-5.075431531433554078e-01
-7.763741945587143700e-01
2.584425272446515542e-01
-2.688632153146195414e-01
2.486873471256310086e-01
-2.269459082970262109e-01
-7.720131903670339746e-01
-5.302221787512162443e-01
9.125373376012269055e-02
-5.250335421091929522e-01
-4.227867649281444873e-01
-9.174108395779958514e-01
7.243298616576141491e-01
-2.001538980213688479e-01
7.736705750233323631e-01
8.405251783353089312e-01
2.649511938671356148e-01
-3.485285864578293591e-01
-1.941647734113578494e-01
1.468249417398066470e-01
9.974900235487191846e-01
-3.839698599810454915e-01
5.954933930880990101e-01
5.946642391384446835e-01
-5.802701376132701760e-01
8.872617032751248800e-01
-3.919152176371210050e-01
-4.530757046015900791e-01
-1.139288701136642601e-02
1.610156431429898838e-01
-8.829763038245783680e-01
-1.072026625604609595e-01
-3.675199888943034843e-01
-2.824941433176133554e-01
6.698130999583984391e-02
-6.308702431163593083e-01
8.869858333892581825e-01
6.335197058996153707e-01
-4.492582253008319260e-01
-4.873544333660517758e-02
-3.423205278138825580e-01
9.148385583575193714e-01
5.381932393839266027e-01
-5.389881762778365726e-01
7.913596128166611177e-01
-3.660584135704563202e-01
3.901883034080839696e-01
-7.992458315126860224e-01
-7.929489792453781050e-01
-6.069005086506087387e-01
-2.408674573563680532e-01
9.064168409474953059e-01
-7.347673643320169479e-01
1.392541550292174524e-01
-3.415161259711783082e-01
4.218162686556097274e-01
1.181856959374394389e-01
-7.646157645207813935e-01
3.992367296776910823e-01
-5.573750173238252170e-01
2.402733565315857689e-01
2.742480247087857315e-01
8.686363872936433417e-01
-5.443447011006636860e-01
-7.253756059250071608e-01
-8.620566439906418577e-01
-8.789196395872238554e-01
6.178954601245276734e-01
2.049382553335217239e-01
8.241316550453163803e-01
-1.086957821615874842e-01
-3.460000797211988388e-01
-9.846488361776979392e-01
7.352452757520731019e-01
6.864106568037078304e-01
-1.603887017982625895e-01
3.932270334157328406e-01
2.976514977592750189e-01
-9.026721377647779487e-01
4.149135621554678188e-01
-6.906123619516986167e-01
-9.557170544127939760e-01
-2.973141912994672342e-01
-4.212160330504433059e-01
6.449558245862765382e-01
3.758057031013239957e-02
1.425156689836915014e-02
3.849635608071249049e-01
-2.576491502070763495e-01
5.279209238877677901e-01
-4.885286380373230486e-01
-7.823737084284467791e-01
6.315237716136428148e-01
1.172017982337014708e-02
-7.210829288903441991e-02
-7.623472652043643549e-01
-8.631776346089750085e-01
-6.025218105740062224e-01
-2.831316852033114451e-01
-8.610891714009016873e-01
3.689560130642366431e-01
-1.608620650252212680e-01
9.381278727327702072e-02
2.837588532128818564e-01
2.638841625886316766e-01
2.534830852171630067e-01
-4.363081524220229213e-01
-7.616204011991787315e-01
-7.415940394494422438e-01
4.903488401661730833e-01
9.535762664500242458e-01
-2.321730995644586404e-01
-7.798021354880464440e-01
-9.709532524997817049e-01
8.111113617214722460e-01
1.702637985864794423e-01
-7.748243391942368774e-01
-6.501266059970618461e-01
-5.659960947398043896e-01
9.647983169498171030e-01
9.398068038094857801e-01
2.126794947289400994e-03
5.158017519515483151e-01
6.074773071996379947e-01
-1.255273526819935537e-01
-9.067872704416166663e-01
-2.385418136218837581e-01
-6.439714128045488373e-01
1.750767889649285092e-01
8.530207879348903344e-01
-7.928907498499926376e-02
7.930933338592114357e-01
1.995521817678789223e-01
9.496411362751833174e-02
2.764102272591062448e-01
-4.399131598701930823e-01
7.671917561279180120e-01
4.768742145804292232e-01
-5.886532698161550670e-01
1.903923070474984325e-01
-3.190104485751743546e-01
1.371174271652382259e-01
-8.405715180305650680e-01
-3.956636044472749969e-01
1.447266545289132011e-01
-7.580788236198217067e-01
-7.579382725185606073e-01
-6.715698283555038284e-01
6.773435787211750103e-01
4.440397915089575598e-01
9.516698529704874510e-01
5.890197964779078088e-01
2.530434592290897733e-02
7.188742758594244275e-01
-7.201163965868762062e-01
-9.364979657618950348e-01
-6.451935411012181820e-01
-9.148822574149491071e-01
-7.793582939782850438e-02
-1.660715329864881351e-01
-9.536096377974219163e-01
-5.822051680020197129e-01
