-4.319474191545941144e-01
1.198339401067123611e-01
1.000000000000000000e+00
-6.234976453269642782e-01
6.727273274179345064e-01
4.637537670513647292e-01
7.325408677389826373e-01
-1.000000000000000000e+00
-6.435515226397948707e-01
-1.000000000000000000e+00
4.069827814103457175e-01
1.000000000000000000e+00
-1.691043861244839741e-01
-1.000000000000000000e+00
5.118808897247517642e-01
7.919389976739041881e-01
2.229325443444287735e-01
-2.458365082958541281e-01
-7.384838408243380448e-01
1.210367792785937979e-01
1.589205009118418443e-01
-8.154814100051654968e-01
1.000000000000000000e+00
-1.000000000000000000e+00
-2.036466355787258653e-01
1.000000000000000000e+00
-1.835133215954620201e-01
-1.000000000000000000e+00
2.355505680764318210e-01
-5.314698192940379151e-01
-1.000000000000000000e+00
4.437710127860796661e-01
-4.029374433345798145e-01
-8.025398414429096849e-01
2.395832043947303536e-01
-6.363707278050503846e-02
1.755775806683261830e-01
6.703225354996028562e-02
2.325694103844599958e-01
-6.512363121984224845e-01
-1.000000000000000000e+00
8.951074675684611570e-02
-6.536996036283948541e-01
4.017663653174243787e-01
2.652698336317909078e-01
-7.916352598734283097e-01
2.538521813410454797e-01
1.000000000000000000e+00
-5.886739009535437717e-01
8.575807736707586892e-01
9.438155604670264154e-01
-7.435266849367130337e-01
-4.400121581489229161e-01
1.000000000000000000e+00
5.873283609955823881e-01
-8.159563624161768614e-01
-1.000000000000000000e+00
4.676940350742290198e-01
1.000000000000000000e+00
-5.754634967913785371e-01
2.578164207034885358e-01
-8.552861331984520366e-01
-1.000000000000000000e+00
3.004984901298723976e-02
3.783461451703247214e-01
-1.000000000000000000e+00
-1.000000000000000000e+00
-7.227457728912317636e-02
-1.894543484259205712e-01
-1.874953165094164764e-01
1.000000000000000000e+00
4.261764423691451475e-01
1.000000000000000000e+00
-4.270478681648831598e-01
5.600445592440257414e-01
-4.449837849943125700e-01
4.196580996308065803e-01
-1.000000000000000000e+00
-2.464118175097762542e-01
7.818906750015217622e-01
-1.000000000000000000e+00
2.983953875645305454e-01
1.739265127233616537e-01
7.414116817939042647e-02
-5.760009361108946457e-01
-4.375497764052587168e-01
-1.000000000000000000e+00
-6.500619574513583077e-01
-3.267951178096846210e-01
-2.326976993408318428e-01
-1.000000000000000000e+00
-4.901555739038462312e-01
1.000000000000000000e+00
-8.428614221292087816e-01
5.320977045408763484e-01
-1.000000000000000000e+00
2.144440159008711433e-01
1.000000000000000000e+00
-7.043086762857062588e-01
4.856987983460223646e-01
-3.805829754959628719e-01
6.392710038165174691e-01
-1.000000000000000000e+00
1.000000000000000000e+00
-1.000000000000000000e+00
7.486948488134038682e-01
7.626624415788660905e-01
8.077976168669231960e-03
-7.680200562354423388e-01
-1.000000000000000000e+00
1.000000000000000000e+00
7.255769150444202342e-01
-1.164900058834132945e-01
-9.416243267566430930e-01
3.579304880676743572e-01
-3.028108297157555695e-01
5.631677042052118942e-01
3.043147069977627517e-01
-1.000000000000000000e+00
-4.903170828394116665e-01
-2.948967430372691489e-01
-6.645717248039795244e-01
7.804809066313398436e-01
-6.534913697423105905e-01
1.000000000000000000e+00
2.028158287879197053e-01
1.000000000000000000e+00
-7.646772659149645435e-01
6.595609593782781888e-01
-2.178494414914609600e-01
-3.708696393338957176e-01
-5.980826707881534698e-01
1.000000000000000000e+00
-7.468694093551744850e-02
1.931177474381706727e-01
-5.288551987639085183e-01
5.639624508366741784e-02
-9.216357449597349927e-01
-8.516406576227206759e-01
1.000000000000000000e+00
7.310647162619957617e-01
-5.117657033721556559e-02
-1.000000000000000000e+00
1.000000000000000000e+00
-5.959447549428424917e-01
1.000000000000000000e+00
-8.120498959786537352e-01
-1.000000000000000000e+00
-4.261180859563709067e-01
-5.654523823818187189e-01
1.005247956228557671e-01
1.282369273474293081e-02
-5.196158674626147889e-01
6.704545311039502575e-01
2.474428294722025301e-01
1.000000000000000000e+00
-1.000000000000000000e+00
4.750244618642480710e-01
5.774115829810022582e-01
-1.000000000000000000e+00
-6.400694159307329656e-01
3.642846597965978539e-01
9.232392210378874697e-01
9.965262015763876047e-01
4.862945897558617059e-01
-1.000000000000000000e+00
3.858071395170264983e-01
7.942794375707336041e-01
1.106135315854053225e-01
3.503257964492068055e-02
2.757413373768941023e-02
3.656544955216679549e-01
-1.000000000000000000e+00
9.967227541293732784e-02
-8.769280325922732544e-01
7.018106503053056500e-02
-1.160643985788378518e-01
-1.000000000000000000e+00
-1.000000000000000000e+00
-6.649359813683530795e-01
-6.033958705578678083e-01
7.824855648832156341e-01
-6.708419322009677721e-01
9.373112819387483530e-01
7.110501538530873411e-01
-7.395889961895962816e-01
1.000000000000000000e+00
-1.000000000000000000e+00
9.754492467682733814e-01
7.561393437132664097e-01
1.258183423166141512e-01
-1.000000000000000000e+00
-1.000000000000000000e+00
-9.411795671022504806e-02
-6.214854439305748102e-01
-1.000000000000000000e+00
1.000000000000000000e+00
-1.000000000000000000e+00
-1.000000000000000000e+00
-1.201707259936679595e-01
1.007599083319581923e-01
1.000000000000000000e+00
1.673021174166937630e-01
-2.004746969295999603e-01
7.065341235927893315e-01
-7.558931338861250016e-01
3.732193384919471058e-01
3.575271197270039059e-01
-1.146687937373534749e-01
-1.000000000000000000e+00
5.847994509668454910e-01
-4.217666649876083973e-01
-9.992399000036150669e-01
6.421854664561528203e-01
9.445786045227816397e-01
-1.855817224924150022e-02
-7.076069282929189352e-01
9.532921346003557783e-01
4.607578023865641081e-01
-1.000000000000000000e+00
-1.000000000000000000e+00
-8.439427970895452269e-02
7.588522214548956146e-01
-1.100337644175994889e-01
6.444589695196090151e-02
-8.896541378526542365e-01
-4.840286365194423901e-01
1.000000000000000000e+00
1.000000000000000000e+00
-1.559321535365902900e-01
-5.545902906669648580e-01
-8.417673008315009753e-01
-1.000000000000000000e+00
-9.899071912732668732e-01
-1.827525244152138351e-01
-7.567300647241903544e-01
-1.000000000000000000e+00
1.000000000000000000e+00
8.435258360138206957e-01
8.922408957505458815e-01
-1.000000000000000000e+00
1.000000000000000000e+00
4.058197475047402580e-01
-7.337637451466098026e-01
-3.377748476535560318e-01
-6.929043984714320370e-01
-3.869157261252282876e-01
4.727127796789416525e-01
9.397244668893676156e-01
-8.467782955353113650e-01
1.277048328119676501e-01
-2.776197541062250806e-01
-4.542775721502980701e-01
1.957496344816719303e-01
5.596014357748266832e-01
-5.418769259806479610e-01
-2.379815008481540040e-01
-3.772991401504277031e-01
4.585988528309177803e-01
-4.486549062891284079e-01
-1.894955534201645531e-01
-5.620121630740646523e-01
-1.000000000000000000e+00
-2.926484409574947598e-01
-6.066339189781415620e-01
