1.000000000000000000e+00
1.000000000000000000e+00
-6.938692741693412991e-01
-1.000000000000000000e+00
-1.000000000000000000e+00
5.662842849817707469e-01
1.000000000000000000e+00
-1.000000000000000000e+00
1.000000000000000000e+00
-6.521816173694219287e-01
-1.000000000000000000e+00
3.600435175819270972e-01
-1.000000000000000000e+00
3.099245026511047163e-01
-1.000000000000000000e+00
-9.449027604791981894e-01
-7.474053012136945284e-01
-3.111831705102331425e-01
1.000000000000000000e+00
1.000000000000000000e+00
1.000000000000000000e+00
-1.000000000000000000e+00
1.000000000000000000e+00
1.000000000000000000e+00
1.000000000000000000e+00
1.000000000000000000e+00
-3.414400278447149439e-02
-3.588240869901302421e-01
9.899565435075908804e-01
-4.986545200982889781e-01
1.000000000000000000e+00
1.873489633791457498e-01
-1.000000000000000000e+00
1.000000000000000000e+00
1.000000000000000000e+00
1.000000000000000000e+00
-1.000000000000000000e+00
1.000000000000000000e+00
1.000000000000000000e+00
1.000000000000000000e+00
1.000000000000000000e+00
-1.000000000000000000e+00
5.763219605192055894e-01
-1.000000000000000000e+00
6.358764441539532797e-02
1.000000000000000000e+00
1.000000000000000000e+00
1.000000000000000000e+00
-1.000000000000000000e+00
1.000000000000000000e+00
-1.000000000000000000e+00
1.000000000000000000e+00
-5.605025433850577832e-01
6.649050368559650259e-02
1.000000000000000000e+00
-7.834113317276802935e-01
-2.587846150938417633e-01
-3.281756449157431366e-01
-1.000000000000000000e+00
-1.549422703105907129e-02
-7.929370099067571953e-01
-7.941553021048186611e-01
-1.000000000000000000e+00
-1.000000000000000000e+00
-1.000000000000000000e+00
-8.289464627505340744e-01
-4.092860924892330887e-01
1.000000000000000000e+00
1.000000000000000000e+00
-1.000000000000000000e+00
1.000000000000000000e+00
1.000000000000000000e+00
1.000000000000000000e+00
-6.291042155761605859e-01
1.000000000000000000e+00
-1.000000000000000000e+00
-1.000000000000000000e+00
-1.000000000000000000e+00
-1.000000000000000000e+00
1.000000000000000000e+00
1.000000000000000000e+00
-1.000000000000000000e+00
-5.669086240711521674e-01
1.000000000000000000e+00
-1.076372982463326133e-01
1.000000000000000000e+00
1.000000000000000000e+00
-6.751204028593266182e-01
-4.164503298984577051e-01
-1.000000000000000000e+00
1.000000000000000000e+00
1.000000000000000000e+00
1.000000000000000000e+00
-4.622651175618692765e-01
-1.000000000000000000e+00
1.000000000000000000e+00
5.378450396789080656e-03
1.000000000000000000e+00
2.589209941358223688e-01
1.000000000000000000e+00
-1.000000000000000000e+00
-1.000000000000000000e+00
-1.000000000000000000e+00
-1.000000000000000000e+00
3.170287599971486348e-01
-1.000000000000000000e+00
-5.653507805924689045e-01
1.000000000000000000e+00
2.613265036452406265e-01
-1.000000000000000000e+00
-1.000000000000000000e+00
8.371191972872018550e-01
1.617693011760173438e-01
-1.000000000000000000e+00
-1.000000000000000000e+00
1.000000000000000000e+00
-4.142318162395339787e-01
1.000000000000000000e+00
2.825203070944707351e-01
1.000000000000000000e+00
1.000000000000000000e+00
-1.000000000000000000e+00
2.916244526797602266e-01
1.000000000000000000e+00
1.000000000000000000e+00
-1.000000000000000000e+00
8.209755641654082892e-01
1.000000000000000000e+00
-8.558542060653575589e-01
-2.192540899292753087e-01
-5.586522191969530704e-01
1.000000000000000000e+00
-1.063736070257823574e-01
-1.000000000000000000e+00
-1.000000000000000000e+00
1.000000000000000000e+00
-1.000000000000000000e+00
1.000000000000000000e+00
1.000000000000000000e+00
8.810357138609009597e-01
1.000000000000000000e+00
1.000000000000000000e+00
-1.000000000000000000e+00
-1.000000000000000000e+00
-1.000000000000000000e+00
1.000000000000000000e+00
5.732246322743792533e-01
-8.539533495708752087e-01
4.568912681261873554e-01
-1.659322902617011986e-01
-1.000000000000000000e+00
-1.000000000000000000e+00
-1.000000000000000000e+00
-1.000000000000000000e+00
1.889178696668327995e-01
8.929872161376162243e-01
-1.000000000000000000e+00
-5.995828535497471634e-01
-1.117769042921966660e-01
-1.000000000000000000e+00
1.000000000000000000e+00
-1.023470148154517201e-01
1.000000000000000000e+00
-1.000000000000000000e+00
-1.000000000000000000e+00
-1.000000000000000000e+00
-1.000000000000000000e+00
-4.672757698163856332e-01
1.000000000000000000e+00
8.000961103548129838e-01
1.000000000000000000e+00
-8.911301553789878760e-01
-1.000000000000000000e+00
-1.000000000000000000e+00
-1.000000000000000000e+00
1.000000000000000000e+00
1.000000000000000000e+00
1.000000000000000000e+00
-8.693045740245191055e-01
-1.000000000000000000e+00
1.000000000000000000e+00
-1.000000000000000000e+00
-1.000000000000000000e+00
1.000000000000000000e+00
-1.000000000000000000e+00
2.574354465766109934e-02
4.671116301644988589e-01
-1.000000000000000000e+00
1.960872320682171543e-01
5.619373391831727904e-01
-3.916098664087203640e-01
-1.000000000000000000e+00
1.000000000000000000e+00
5.161738435736136221e-01
1.000000000000000000e+00
1.000000000000000000e+00
1.000000000000000000e+00
-1.000000000000000000e+00
-4.181080930878015023e-01
-1.000000000000000000e+00
-8.509726767402054914e-01
-8.697839143749679369e-01
-1.200431058576914012e-01
-1.000000000000000000e+00
-1.000000000000000000e+00
-1.000000000000000000e+00
1.000000000000000000e+00
1.000000000000000000e+00
1.000000000000000000e+00
1.000000000000000000e+00
-1.000000000000000000e+00
-1.709958701188187824e-01
1.000000000000000000e+00
1.000000000000000000e+00
-1.000000000000000000e+00
-6.290764041074489166e-01
-1.000000000000000000e+00
-1.000000000000000000e+00
1.000000000000000000e+00
-2.064211573753264028e-01
1.000000000000000000e+00
1.000000000000000000e+00
1.000000000000000000e+00
1.000000000000000000e+00
-8.620047310492271464e-01
1.000000000000000000e+00
-1.000000000000000000e+00
1.000000000000000000e+00
1.000000000000000000e+00
-1.000000000000000000e+00
-1.000000000000000000e+00
1.199738127773686824e-01
5.602682017631894773e-01
-1.000000000000000000e+00
-1.000000000000000000e+00
-3.558011044951797652e-01
-3.201365621936785866e-01
1.000000000000000000e+00
-5.233695649070634337e-01
-5.594483517196489064e-01
1.000000000000000000e+00
1.000000000000000000e+00
1.000000000000000000e+00
6.803736703053770984e-01
-1.000000000000000000e+00
1.000000000000000000e+00
5.944807190209511205e-02
1.000000000000000000e+00
6.532835469698397013e-01
-1.000000000000000000e+00
-1.000000000000000000e+00
1.000000000000000000e+00
-5.706188831927335725e-01
2.112253386168141400e-01
1.000000000000000000e+00
-1.000000000000000000e+00
1.000000000000000000e+00
1.608381214254545055e-02
1.000000000000000000e+00
1.000000000000000000e+00
8.546820600800162371e-01
1.000000000000000000e+00
1.000000000000000000e+00
1.000000000000000000e+00
-1.000000000000000000e+00
