6.008464667007265003e-01
-5.060585628975593497e-01
-9.572974158500719977e-01
3.414190883795331644e-01
-6.093738906501784403e-01
-9.549239122075170449e-01
-9.587168026511379004e-01
-9.721887428069013737e-01
6.232858626744002262e-01
1.000000000000000000e+00
6.742833138160517770e-01
-2.899778734590552354e-01
1.000000000000000000e+00
-6.935366768092667833e-01
4.410767768187489057e-01
9.907385146529383846e-01
-4.780422464656730597e-01
2.977004751028395901e-01
-3.853587857122071636e-01
7.433985561387690399e-01
-3.728646691650014944e-01
1.704598907680542896e-01
-2.297921865247253836e-01
-2.390374489030693272e-01
2.921973959259185349e-01
-3.843719612025791044e-01
-7.571870692575177753e-01
-1.669434439160466521e-01
4.229810770864070868e-01
5.124916638749876796e-02
-2.929997384398681515e-01
-2.968826347639808017e-01
-4.070101405514259252e-01
-5.396002888911908268e-01
-5.490552879235339745e-01
3.231992317943348514e-01
-4.666924743084817084e-01
-6.652809527700263015e-01
6.843678936973043303e-01
-7.705358229275975912e-01
-4.734326250846454531e-01
-5.290458444576857655e-01
5.872563873206084750e-01
-2.640956042904010204e-01
-4.085580182015986495e-01
4.724204110988492467e-01
4.020185151520299094e-01
8.902518001600676634e-01
-5.830093443052548619e-01
4.104411017041151855e-01
-8.530091703950750670e-01
-3.528854695260625896e-01
7.989242069287569858e-01
9.432642728785258779e-01
-2.120780703359534947e-01
-6.059096030585793269e-01
-5.031663768442002915e-01
-2.236646289970394275e-01
-4.669316619747121422e-01
3.897487849609269084e-01
-4.998728884549499263e-01
-8.900188833648581266e-01
1.000000000000000000e+00
3.349697991443869594e-01
-8.483393967218214593e-01
-4.110123188737500044e-01
-4.500906432958204917e-01
4.704207181337616284e-02
-1.000000000000000000e+00
-8.582784029180889895e-02
9.310775789732361751e-02
-4.719775356196802552e-01
-7.576448741011112542e-01
-6.042430031331487150e-01
6.301648653436977554e-01
-2.362427359428700413e-01
3.246264107353891148e-01
8.837733016975097833e-01
7.595362301825803186e-01
4.035525196953755334e-01
8.183398703381030703e-01
8.820736477218227289e-01
5.608779812635891204e-01
5.977408840202489415e-01
-4.015613692956401248e-01
-5.768559796277670237e-01
-9.877609882188755908e-01
-7.272391935009636654e-01
-4.409522998687707140e-01
-7.116002156020337921e-01
-6.316870588040668366e-01
-6.695497222667481374e-01
-1.290532091737297549e-01
-4.951980925488181917e-01
-5.497351509494348143e-01
4.403032131601340993e-01
1.056164931190199940e-01
7.148962725134534457e-01
8.479788022144538751e-01
3.520739920359954311e-01
9.032943213805078031e-01
-5.912258485386192586e-01
4.970622503905799405e-01
6.932520590626480850e-01
6.938143023424490075e-01
-5.361130988840232536e-01
5.371013968686837448e-01
9.846265239300713290e-01
-1.000000000000000000e+00
-2.804251606484438053e-01
3.882600555015298660e-01
-4.156547370955988585e-01
5.908966180229466847e-01
-8.144833797972685918e-01
-1.000000000000000000e+00
5.194405432650948118e-01
1.000000000000000000e+00
3.735429908436564972e-01
4.750375706251688257e-01
8.848800424711222856e-01
1.931392785693999414e-01
-2.634307884846842640e-02
1.000000000000000000e+00
1.805199736076010808e-01
-9.867875224786453181e-01
4.336966267743680437e-01
-6.368255945340512980e-01
-3.321722152471304756e-01
9.815160121555295270e-01
9.991486831860059148e-01
-6.676736417101019061e-01
-9.182739930374530513e-01
-6.177387051709046784e-01
5.453641790012744295e-01
2.957872259982064489e-01
-6.843206438332534169e-01
-7.680056656861257158e-01
-3.630412923869767994e-01
1.000000000000000000e+00
-2.699178699714495089e-01
9.010100769075375382e-01
-6.052438247388038928e-01
7.375624467204764390e-01
1.718442726420150723e-01
1.000000000000000000e+00
4.655631122327648086e-01
-1.000000000000000000e+00
-1.685923832523981147e-01
3.634845902582741761e-01
-5.257013977059932230e-01
2.755844447542543652e-01
1.000000000000000000e+00
-4.971020825097041129e-01
-3.900439882843691475e-01
-7.158394000530035051e-01
-7.966859479444976522e-02
-3.967082769377752172e-01
-8.349307328768860170e-01
7.235873480215107012e-01
-8.139451565046547099e-01
-5.069470418526949018e-01
-1.913996479612327661e-01
-3.676889384370567448e-01
-1.627995901481178453e-01
7.208488671777829593e-01
-5.136221036746770885e-01
-5.244220209373724462e-01
-4.694910016974869205e-01
-5.498924886239793253e-01
6.109494981793852642e-01
5.311574451242528916e-02
-3.400440239718753865e-01
-8.949351241704206483e-03
-5.245132486080589240e-01
-7.173323767576178511e-01
-6.336956574208385540e-01
-5.556710924547754171e-01
9.663536507321182079e-01
1.953698370930710415e-01
-5.430087390028064398e-01
3.813973312004921845e-01
-9.497588695921899138e-02
-7.560447766875026954e-01
2.447993518837017213e-01
9.426822079300962720e-01
9.169899580731029065e-01
-5.110144365471740446e-01
4.991472874464655263e-01
2.039301762159668741e-01
-4.724916059777433119e-01
-6.767580654296584397e-01
-9.414863438665099782e-01
1.000000000000000000e+00
8.693611593772594404e-01
8.874511064166101804e-02
-9.747360773654107913e-01
-1.000000000000000000e+00
9.083279876118632856e-01
1.126427234232669772e-01
-8.413325635156909676e-01
1.052143009665431617e-01
6.651475797610810758e-01
1.807462399659955921e-01
1.629786089667224491e-01
4.281628992510289056e-01
-8.423381324389289659e-01
-9.206490219223186777e-01
1.305270063596086771e-02
4.896821906783068723e-01
-9.540866604532820539e-01
4.307122910908378621e-01
-3.591772418423384572e-01
2.796256855264349639e-01
3.008582761688813889e-01
6.385701744010082725e-01
7.399793984951479331e-01
1.000000000000000000e+00
5.552235085879028142e-01
-4.688161450797199148e-01
-2.659809143530278419e-01
4.296832468545841444e-01
4.106155417654213657e-01
4.182217473350058334e-02
-5.801921460365839778e-01
-6.327173604024280973e-01
-6.044138511235519484e-01
-3.708280773299876820e-01
4.393976283194018784e-01
9.217026802110905859e-02
5.579333776108348353e-01
-9.056615896779107722e-01
-4.994754069760669601e-01
4.439961044704114901e-01
5.174947562107521382e-01
-2.968059032848875400e-01
3.781557982977277188e-01
8.801201087698471426e-01
1.421877079336779648e-01
6.900063382912158261e-02
5.619820721858128643e-01
-6.518645137349847740e-01
5.817230448816812505e-01
-8.150214352976166143e-01
-2.211488034914022016e-02
-1.989652030509418967e-01
-6.639161432495677140e-01
9.126311649086396027e-01
9.975943454343860761e-01
2.735621747105345669e-01
4.186592638423836110e-01
1.214595678799716971e-01
1.000000000000000000e+00
-6.579628119310763079e-01
-1.279873110142197845e-01
-9.536754833353606742e-01
-2.920058708662309765e-01
-2.590076207448730461e-01
3.989358649244942878e-01
7.239105054741583611e-01
1.828469328047377385e-01
3.834697902554780047e-01
1.000000000000000000e+00
5.290934334565138286e-01
-1.000000000000000000e+00
-1.000000000000000000e+00
