-9.294030207702883573e-01
-8.860513648446670665e-01
-1.251961294154144699e-01
-2.111348866379310074e-01
-8.429719201945511386e-01
8.303471785220504220e-01
6.086142860489525130e-01
2.578449957056578867e-01
-7.692223892790495121e-01
-6.641437799012384069e-02
-9.184432772610924278e-01
-4.150920711528982565e-02
2.411109235217898661e-01
-9.796134148772901451e-01
-1.781472576936979912e-01
-6.882321438526846080e-01
-7.738655959776403748e-01
-9.833087729618268380e-01
2.640419978484545016e-01
4.582901286316498624e-01
-1.164035804857468381e-01
5.646602318656688269e-01
8.672274921008269466e-01
7.569839830425182381e-01
5.279487711974151232e-01
3.178742473828737314e-01
4.275097059616619344e-01
-4.019608950251838397e-01
5.105640873996433182e-01
-9.958331446725641189e-01
6.069757972588771811e-01
-9.919190848769370294e-01
-9.393914583960087938e-01
9.894162057586064485e-02
-7.492400956416687130e-01
-9.225841609708280711e-01
-1.659601889524928708e-01
3.969529382783514304e-01
-5.228049965726455639e-03
4.754318048712440348e-01
5.286570839850039949e-01
-1.978677475724781587e-01
-5.997316854050325219e-01
-2.244731389440246527e-01
-1.577642747675276347e-01
4.445897231279356543e-01
2.498498724909481439e-02
-3.723368256569845602e-01
-4.794176596019408265e-01
1.495011243180934812e-01
-4.738848470850136607e-01
7.576720033984425395e-01
5.654591257253400727e-01
-9.922796024416127292e-01
-8.350642351753285730e-01
8.609245172897530551e-01
-3.239053905353366236e-01
6.484639029028300694e-01
9.789212975291226027e-01
-4.563424769362978139e-02
3.546638687928402867e-01
-5.031437260611828499e-01
2.756892481502219994e-01
-7.260622643953624777e-01
9.469934989619146481e-01
-5.448413427876421800e-01
3.266948154370750146e-01
-8.559867451721461240e-01
1.632191161572627003e-01
-1.920368864314039303e-01
-4.670083887577991533e-02
2.258866002725079536e-01
-7.247371282052708086e-01
8.039780793047972551e-01
-2.471600956357600243e-01
-2.502750211594622076e-01
4.163764973307826356e-01
2.076525094967054397e-01
-5.350962123018865313e-02
-8.347061540561386828e-01
7.450943511985497203e-01
8.541810001566085830e-01
-4.376108289916784688e-01
4.374946934742984794e-02
8.339519690715342382e-01
2.359476956898085565e-01
-9.096655516514224882e-01
-9.389632425615841438e-01
7.590857880915069522e-01
1.528012439464765393e-03
5.251476184328933705e-01
-1.781947385143745066e-02
-5.878317539578230555e-01
2.538390577750091470e-01
-9.214732040584037165e-01
1.383729125859849418e-01
-1.276712917826827720e-02
5.550295396074693688e-01
6.476788951898717617e-01
3.327365326448954441e-01
-3.604114739044199656e-01
8.047613607094727950e-01
3.278435886330017812e-01
-7.473717491805209612e-01
2.480062430900606962e-01
6.800896806757297242e-01
-4.269362100271802962e-01
6.597109710364121860e-01
3.580505345500617498e-01
-7.591747644922373084e-01
-8.537480482181432073e-01
-4.603404988586055069e-01
2.157860050424056375e-01
-7.730379972637899666e-01
7.030450429672792101e-01
-3.510864284661827650e-01
-1.255505304748594231e-01
-7.996667134437991376e-01
6.579872740045045187e-01
-4.015706457783507766e-01
-5.189927566043286422e-01
1.007834811888119741e-01
5.167441139150181773e-01
8.661819724013446464e-01
9.193981529022050569e-01
4.064276414514875757e-01
8.301906662222120481e-01
-9.975190728009888375e-01
-3.539308324117056426e-01
8.866058541081480726e-01
-5.961360638528545586e-02
3.629268822555364871e-02
5.810151916324115540e-01
4.196110689943119976e-01
9.532207852868839204e-01
-7.717462838224469213e-01
7.376133264682318558e-01
9.045073636282419116e-02
9.403283880295565389e-02
5.109289468930626743e-01
-8.019370927113158576e-01
-6.806121384320538148e-01
-8.992003908700829662e-01
1.502433967168361750e-01
6.537741609681373411e-01
6.291404653370658018e-02
8.205486778154851280e-01
-6.557106614586432070e-01
6.763759655350245481e-01
7.406841454796893043e-01
4.994614430611399314e-02
-3.560598126882101866e-01
3.581618789642160294e-01
7.960508397503274214e-01
-4.261625461460525344e-01
5.411113603312383002e-01
-1.139065272248616090e-01
-2.231097596767281921e-01
-6.162734721323912535e-01
9.429136611101409660e-01
-8.165134593589542522e-01
5.677923961001729580e-02
-3.276086956012935758e-01
6.267521720079682890e-01
-3.704223181891683758e-01
8.878294689876653489e-01
-8.568676279195523993e-01
-5.382791114992528936e-01
-7.435925562580563142e-01
-9.158227132987479813e-01
-7.689035991294885797e-01
-8.629551987931258772e-01
-9.474096410033716609e-03
-2.859121172408116696e-01
2.812674026411590145e-01
4.646601530232563615e-01
8.963599622223328289e-01
6.321219721336130970e-01
-2.296485425509913192e-01
3.025712690974589059e-01
-5.071476482007675202e-03
3.603277793224339831e-01
5.118700779676621515e-02
9.834884316064782528e-01
6.100613940634280752e-01
-8.876777459305063012e-01
4.195582730082492162e-02
7.856479657590471621e-01
6.919679581781756905e-01
2.462270534335968541e-01
9.462235149630182640e-01
-1.108945678044124250e-01
-2.615903893074595921e-01
-3.691983215581471356e-01
4.990483818169795249e-01
-7.519853281618549268e-01
-9.151573153935905758e-01
3.890953770745155804e-01
-6.348113270852040468e-01
4.728581690489397360e-03
4.183290132050720977e-01
9.206951506990219691e-01
2.349394334653249761e-01
-9.917307840490454662e-01
6.775886312655132748e-01
1.847389698126744584e-01
2.893574719233347192e-01
2.112810220659373517e-01
8.042855461167397468e-01
-7.815358843802329147e-01
-7.132028980267854923e-01
-3.605621698258287822e-01
-5.885038556795179066e-01
-3.302662548833363854e-01
-5.169593296092960255e-01
-7.365493866690997482e-01
6.533316337788237504e-01
5.946282450401820796e-01
-2.878065529677145129e-01
-3.066600846823011040e-01
9.775418997754423689e-01
-5.857830349416566218e-01
-4.636263119436596636e-01
1.681766184396493724e-01
2.600474775636878455e-01
8.711687353299770731e-01
1.834835559822609596e-01
2.204574322623595872e-01
6.271292562727248665e-01
-4.509308291415987657e-01
1.393910608852713118e-01
-2.695621524371825117e-01
6.329726399366697454e-01
2.985680032213022805e-01
-2.784272241338947573e-01
4.704287689010322460e-01
1.573638949017521771e-01
-4.968442839974036573e-01
-2.629465954763865465e-01
-3.952156513018778572e-01
-6.099838328419104894e-01
-5.206400607209147324e-01
2.050460515796632688e-01
7.355067315640351211e-02
4.632880123696614394e-01
-4.349868498345734746e-01
-8.686196071788474526e-01
2.912176167240194680e-01
1.096971090175880015e-01
7.994734751519834148e-01
1.028025549942785943e-01
1.051366190826028557e-01
2.642049018568535246e-01
-5.622545336989803744e-01
-3.161311754164319865e-01
-1.756328277370240443e-01
2.036261477614524917e-01
7.317100483546754575e-01
6.596402565255610195e-01
1.589619896778216024e-01
-8.606377086025700507e-01
-8.985848152380990772e-01
-5.460967331572925687e-01
1.917151008621655883e-01
7.080930745502969081e-01
