-1.000000000000000000e+00
9.712803421516917890e-01
1.000000000000000000e+00
-1.185282384212062445e-01
-6.844047409019815564e-01
-1.000000000000000000e+00
-1.000000000000000000e+00
1.000000000000000000e+00
4.997569267505818091e-01
-4.964730555360208353e-01
-1.000000000000000000e+00
-1.000000000000000000e+00
1.000000000000000000e+00
-1.535214219448883810e-01
-1.000000000000000000e+00
-1.000000000000000000e+00
1.000000000000000000e+00
1.000000000000000000e+00
1.000000000000000000e+00
-2.624258405443979925e-02
1.000000000000000000e+00
1.000000000000000000e+00
-1.093043531754777087e-01
1.000000000000000000e+00
1.000000000000000000e+00
1.000000000000000000e+00
-3.506463145724794117e-01
8.015603966191218177e-01
-1.000000000000000000e+00
-1.000000000000000000e+00
5.258170810278117724e-01
1.000000000000000000e+00
-6.159013920508080719e-01
2.062221692442431364e-01
7.067174300509825313e-01
1.000000000000000000e+00
1.000000000000000000e+00
5.291679979435435222e-01
4.363666587924787121e-01
1.000000000000000000e+00
-1.000000000000000000e+00
1.000000000000000000e+00
1.000000000000000000e+00
1.000000000000000000e+00
-4.486629457280876254e-01
9.302302844449188424e-01
-4.606534060433087330e-02
-1.451527866290884816e-01
-5.010544283307322155e-02
1.000000000000000000e+00
-1.000000000000000000e+00
1.000000000000000000e+00
-1.000000000000000000e+00
1.000000000000000000e+00
-1.000000000000000000e+00
1.000000000000000000e+00
-1.000000000000000000e+00
1.000000000000000000e+00
1.000000000000000000e+00
1.000000000000000000e+00
-1.000000000000000000e+00
-1.000000000000000000e+00
1.000000000000000000e+00
2.304574050538425456e-01
1.000000000000000000e+00
8.206262992533929213e-01
3.619417007119682950e-01
4.391246146899727698e-01
1.000000000000000000e+00
-1.000000000000000000e+00
1.000000000000000000e+00
1.000000000000000000e+00
-1.000000000000000000e+00
-3.077879049968483827e-01
-1.000000000000000000e+00
1.000000000000000000e+00
7.154892252826164922e-01
-1.000000000000000000e+00
1.000000000000000000e+00
1.000000000000000000e+00
3.669130979712795226e-02
-1.000000000000000000e+00
1.000000000000000000e+00
-1.000000000000000000e+00
-1.000000000000000000e+00
-1.000000000000000000e+00
6.653097921874404075e-02
2.945782598442963085e-01
-1.000000000000000000e+00
-9.183039519752380642e-01
-6.871961308982426075e-01
4.614377428691432415e-01
1.000000000000000000e+00
1.000000000000000000e+00
1.000000000000000000e+00
-1.000000000000000000e+00
-1.134119712662621793e-01
-1.000000000000000000e+00
1.000000000000000000e+00
-1.000000000000000000e+00
-6.726276920215390476e-01
8.180442812840358346e-01
1.000000000000000000e+00
1.000000000000000000e+00
-1.000000000000000000e+00
1.000000000000000000e+00
-5.390471376482390831e-01
-5.140255677859548733e-01
-1.000000000000000000e+00
-1.000000000000000000e+00
7.299968865542593166e-01
1.988920350388434510e-01
1.000000000000000000e+00
-2.969712762688282437e-01
-5.832846644451318285e-01
1.000000000000000000e+00
-4.763285213641287319e-01
1.000000000000000000e+00
1.000000000000000000e+00
-1.000000000000000000e+00
1.000000000000000000e+00
3.112534802708994963e-01
4.724116387926760030e-01
1.000000000000000000e+00
1.000000000000000000e+00
1.000000000000000000e+00
1.000000000000000000e+00
7.220893410725064410e-01
-5.742208298468067795e-01
-1.000000000000000000e+00
-1.000000000000000000e+00
1.000000000000000000e+00
1.000000000000000000e+00
1.000000000000000000e+00
-1.000000000000000000e+00
1.000000000000000000e+00
1.000000000000000000e+00
-1.000000000000000000e+00
1.000000000000000000e+00
1.000000000000000000e+00
1.000000000000000000e+00
-1.000000000000000000e+00
-1.000000000000000000e+00
-1.000000000000000000e+00
1.000000000000000000e+00
-1.000000000000000000e+00
-1.000000000000000000e+00
9.889628416870738237e-01
1.077618737372563196e-01
1.000000000000000000e+00
7.050643986450240153e-01
-1.000000000000000000e+00
4.485397970986304550e-02
-2.151373787302373053e-01
-2.434741453592631499e-01
-1.000000000000000000e+00
1.995983506714472666e-01
-1.000000000000000000e+00
1.000000000000000000e+00
1.000000000000000000e+00
-1.000000000000000000e+00
1.000000000000000000e+00
-1.000000000000000000e+00
-1.000000000000000000e+00
-1.000000000000000000e+00
-1.000000000000000000e+00
-5.224881389717354052e-01
1.409846763439188688e-01
-6.383674480614288660e-01
1.000000000000000000e+00
1.000000000000000000e+00
6.172992244305605114e-01
1.000000000000000000e+00
1.000000000000000000e+00
5.194768874088903088e-01
3.401252490001202000e-01
-1.000000000000000000e+00
7.835947703414782861e-01
1.000000000000000000e+00
1.000000000000000000e+00
8.236465228292398910e-01
-3.453622445325086332e-01
-1.000000000000000000e+00
-1.000000000000000000e+00
8.485789824511211776e-01
-6.055476306251956764e-01
-1.000000000000000000e+00
-1.000000000000000000e+00
-1.000000000000000000e+00
1.000000000000000000e+00
1.000000000000000000e+00
3.534393704234976008e-01
4.174589089253448737e-01
1.000000000000000000e+00
1.000000000000000000e+00
1.000000000000000000e+00
-1.000000000000000000e+00
-1.000000000000000000e+00
1.000000000000000000e+00
1.000000000000000000e+00
1.000000000000000000e+00
1.000000000000000000e+00
2.253951880640781003e-02
1.000000000000000000e+00
-1.000000000000000000e+00
-1.000000000000000000e+00
1.000000000000000000e+00
-1.000000000000000000e+00
2.359947071655486006e-01
-1.000000000000000000e+00
-1.000000000000000000e+00
1.000000000000000000e+00
1.000000000000000000e+00
1.000000000000000000e+00
1.000000000000000000e+00
-1.000000000000000000e+00
1.000000000000000000e+00
6.837827060198825579e-02
-2.645671196849323503e-01
1.000000000000000000e+00
4.459814797960518495e-01
-3.285182469353251644e-01
-1.000000000000000000e+00
1.000000000000000000e+00
-8.396934938415832050e-01
-2.380614084123913177e-01
-1.000000000000000000e+00
1.160839833626914341e-01
-1.000000000000000000e+00
-9.591743904216397665e-01
-1.000000000000000000e+00
-2.575476073007759714e-01
9.652787132932142411e-01
-1.000000000000000000e+00
-9.668721173267716962e-01
1.000000000000000000e+00
3.352123475338371072e-01
-1.000000000000000000e+00
3.698875438733019716e-01
-1.000000000000000000e+00
-1.000000000000000000e+00
1.000000000000000000e+00
-7.921013533556379160e-01
2.954949171895951965e-01
-1.162457215152523649e-01
-8.855369341958054807e-01
1.000000000000000000e+00
2.354420648092884205e-01
-1.000000000000000000e+00
-1.000000000000000000e+00
-7.033765416203279219e-01
-1.000000000000000000e+00
-6.022701954893341370e-01
-6.729433241966563672e-01
1.000000000000000000e+00
8.429915720460485762e-01
2.934947815288084794e-01
-1.000000000000000000e+00
1.317938530396858265e-01
-1.000000000000000000e+00
-7.532872218633928085e-01
-1.000000000000000000e+00
-1.000000000000000000e+00
1.334781574906687140e-01
1.000000000000000000e+00
