-1.000000000000000000e+00
6.041472150521532969e-01
7.653688107436522614e-01
-1.513814503491591745e-01
-1.000000000000000000e+00
-1.000000000000000000e+00
1.000000000000000000e+00
-1.000000000000000000e+00
1.000000000000000000e+00
5.826375807237418325e-01
2.094346521222608670e-01
1.000000000000000000e+00
-3.871260106527875111e-01
7.006475060883416983e-01
-1.000000000000000000e+00
-6.653245232812454724e-01
1.000000000000000000e+00
1.000000000000000000e+00
3.036148384528323807e-01
-1.000000000000000000e+00
-4.214979825910545319e-01
-9.417562627906278516e-01
1.000000000000000000e+00
1.000000000000000000e+00
-1.000000000000000000e+00
1.000000000000000000e+00
3.716610031569329564e-01
-5.019738123420105502e-01
-5.025289044222825963e-01
-7.573706107060926840e-01
-1.000000000000000000e+00
-1.000000000000000000e+00
-8.175433168907476622e-01
-2.685082463634092531e-01
-8.128196889487319110e-01
-1.000000000000000000e+00
-1.000000000000000000e+00
-1.000000000000000000e+00
-1.000000000000000000e+00
5.018590851550335241e-01
-1.000000000000000000e+00
-1.000000000000000000e+00
-1.000000000000000000e+00
1.000000000000000000e+00
1.000000000000000000e+00
2.427433477817835250e-01
1.000000000000000000e+00
1.000000000000000000e+00
1.000000000000000000e+00
-4.676053288900033911e-01
-1.000000000000000000e+00
2.636615219951358169e-01
-7.034897172330707438e-01
-1.000000000000000000e+00
-1.000000000000000000e+00
1.000000000000000000e+00
-3.113666117525326626e-02
1.000000000000000000e+00
8.848904589324574355e-01
-1.000000000000000000e+00
8.030586062261574343e-01
-1.000000000000000000e+00
1.000000000000000000e+00
1.000000000000000000e+00
1.048706318426055883e-01
-1.000000000000000000e+00
-1.000000000000000000e+00
1.000000000000000000e+00
-1.000000000000000000e+00
-1.243170699984463834e-01
-1.000000000000000000e+00
-1.000000000000000000e+00
-7.209898125178051398e-01
1.000000000000000000e+00
1.000000000000000000e+00
-4.200162616359406353e-01
7.983225011837216112e-01
9.443031016135434719e-01
-6.742935734149457794e-01
-1.000000000000000000e+00
1.000000000000000000e+00
1.000000000000000000e+00
1.000000000000000000e+00
-1.000000000000000000e+00
-5.751588552302469015e-01
-7.751897152579221295e-01
6.191537577609353971e-01
1.000000000000000000e+00
-1.000000000000000000e+00
1.000000000000000000e+00
1.000000000000000000e+00
1.000000000000000000e+00
1.000000000000000000e+00
-1.000000000000000000e+00
-5.725026741944868602e-01
3.189740037601451750e-01
1.000000000000000000e+00
-1.000000000000000000e+00
-1.000000000000000000e+00
-1.000000000000000000e+00
1.000000000000000000e+00
-2.151481005854951611e-01
-1.000000000000000000e+00
-1.000000000000000000e+00
1.000000000000000000e+00
-1.000000000000000000e+00
-2.839723348026683691e-01
1.540706949393457759e-01
7.075672198575332084e-02
1.000000000000000000e+00
1.000000000000000000e+00
1.000000000000000000e+00
-1.000000000000000000e+00
-1.000000000000000000e+00
-2.243345321167955486e-01
-7.208551939799956454e-01
1.000000000000000000e+00
-1.000000000000000000e+00
-1.000000000000000000e+00
-7.767921163576659849e-01
-7.092131633945912839e-01
-1.000000000000000000e+00
6.063559480506034438e-01
1.000000000000000000e+00
9.968635584001184213e-01
1.771123192175991234e-02
1.000000000000000000e+00
-1.568687428302986131e-01
-1.000000000000000000e+00
-1.000000000000000000e+00
-9.332040554749276851e-01
1.000000000000000000e+00
-1.000000000000000000e+00
1.000000000000000000e+00
-1.000000000000000000e+00
7.059570645689993151e-01
-1.000000000000000000e+00
-1.955543937264307974e-01
1.000000000000000000e+00
1.000000000000000000e+00
1.000000000000000000e+00
-2.982506313788444441e-01
-1.367834121107678325e-01
3.051056231020086162e-01
1.000000000000000000e+00
-1.790272780095838456e-01
-3.467259490733980987e-01
-1.000000000000000000e+00
-1.454303064761386377e-01
-1.000000000000000000e+00
-1.000000000000000000e+00
1.000000000000000000e+00
-5.418406893032212679e-01
1.000000000000000000e+00
6.315206427792814381e-01
1.000000000000000000e+00
1.178853287499443681e-01
-3.771906745377930914e-01
1.000000000000000000e+00
1.000000000000000000e+00
1.000000000000000000e+00
-4.888059828930726991e-01
-1.000000000000000000e+00
-1.395070108183382729e-01
-1.000000000000000000e+00
-7.097756110563048226e-01
1.000000000000000000e+00
-1.000000000000000000e+00
4.315796924644151322e-01
1.000000000000000000e+00
1.000000000000000000e+00
-1.000000000000000000e+00
-4.091642987666039843e-01
1.000000000000000000e+00
1.000000000000000000e+00
9.891051847868000957e-01
8.153769050072445790e-02
-1.000000000000000000e+00
6.271756229337102084e-01
1.000000000000000000e+00
-1.000000000000000000e+00
1.000000000000000000e+00
1.000000000000000000e+00
-1.000000000000000000e+00
5.531579537419986092e-01
1.000000000000000000e+00
1.000000000000000000e+00
1.000000000000000000e+00
-1.000000000000000000e+00
1.000000000000000000e+00
1.000000000000000000e+00
-2.773584190454251308e-01
-1.000000000000000000e+00
-1.000000000000000000e+00
-7.290210834879757851e-01
-1.000000000000000000e+00
6.216957214302312185e-01
1.000000000000000000e+00
5.770205054665367150e-01
1.000000000000000000e+00
1.000000000000000000e+00
6.350599464680766193e-01
-1.000000000000000000e+00
-4.136184928759153445e-01
1.000000000000000000e+00
-6.090582015829215656e-02
-1.000000000000000000e+00
-1.000000000000000000e+00
1.000000000000000000e+00
-1.000000000000000000e+00
2.323782483960352696e-01
1.000000000000000000e+00
1.000000000000000000e+00
1.000000000000000000e+00
1.782070884048714277e-02
1.000000000000000000e+00
-9.273636376650551405e-01
1.000000000000000000e+00
-1.000000000000000000e+00
1.000000000000000000e+00
-1.000000000000000000e+00
-1.000000000000000000e+00
-1.000000000000000000e+00
1.000000000000000000e+00
1.000000000000000000e+00
2.929713684100737625e-01
6.789511313731724229e-01
-1.000000000000000000e+00
-1.000000000000000000e+00
1.111360687987742180e-01
-1.000000000000000000e+00
-1.000000000000000000e+00
-1.000000000000000000e+00
1.000000000000000000e+00
-1.000000000000000000e+00
1.000000000000000000e+00
4.233101556291624101e-01
-1.000000000000000000e+00
1.000000000000000000e+00
4.217628303519176947e-01
-1.000000000000000000e+00
-8.333542415181973695e-01
1.000000000000000000e+00
-1.000000000000000000e+00
1.000000000000000000e+00
1.786117367567735537e-01
-6.392474838535522341e-01
-4.171620081980846884e-01
2.325173283540731273e-01
-1.161956080545728381e-01
-1.000000000000000000e+00
3.688454615804960257e-01
-1.000000000000000000e+00
1.345154469422774612e-01
-5.830965938755054978e-01
-1.000000000000000000e+00
1.000000000000000000e+00
5.391610174658520993e-01
3.624376315560218220e-01
-2.042537506010124737e-01
-1.000000000000000000e+00
-1.000000000000000000e+00
1.000000000000000000e+00
-1.000000000000000000e+00
-1.000000000000000000e+00
