-3.407328164867733378e-01
5.654884395698331900e-01
5.900787900692114896e-01
-1.312105063603918875e-01
-8.472897708186144516e-01
-4.845300248130004483e-01
-9.830737650103711367e-01
3.801490193448047172e-01
-6.734847757483617414e-01
-7.720395425177017934e-01
-3.628658218011910908e-01
-7.717173590734287547e-01
8.702518984998535156e-01
-9.615181271312560618e-01
-8.656007729260046801e-01
-8.634899888450151551e-01
-2.740466356619575272e-02
-4.175881315191443122e-02
8.376107330782021076e-01
-3.849384667203532562e-01
-9.224533965744290409e-01
6.228550284594587261e-01
4.255116210656988418e-01
-3.855336841514667157e-01
-9.965703320327705672e-01
-9.651988329676288725e-01
3.147860661561230344e-02
-2.289921551932023736e-01
-1.139314289778714517e-02
-9.743711513358783716e-01
1.917428008033754683e-01
-4.098778496615929079e-02
8.010191941721345188e-01
2.926878703984669983e-01
3.035395914839054132e-01
-3.713569413578066136e-01
-7.472292527027613041e-01
-6.294880372428017790e-01
8.066353660827036975e-01
2.150282875337450328e-01
1.195781755677127745e-01
-9.988596274849677048e-01
2.221467355034616453e-01
-3.546833262835951128e-01
-7.476238462178041999e-01
-4.469154127318282210e-01
8.286538800078451228e-01
3.498773087293567396e-01
1.424812484921449407e-01
-2.700175074475297254e-01
-7.504467324526371552e-01
1.233929542304630367e-01
-3.913280522858042509e-02
2.280481093826451922e-01
1.194300286052880633e-01
5.928574268264941161e-02
-9.231155408586522171e-01
-5.816289491353889840e-01
3.540616526394657626e-01
9.609851272652518706e-01
-2.146160223831885538e-01
5.427078065223018832e-01
5.108542120389880647e-01
-7.602333305030419819e-01
-7.181116901978286116e-01
7.497726671409776777e-01
2.557433431139999325e-01
-4.220623367831723982e-01
-9.047782556463981329e-01
5.917621082610593497e-01
-5.107326044111237806e-02
-5.299865931984282241e-02
-8.723266422549948995e-01
-3.000248369340687837e-01
6.807838865623550006e-01
-1.923754480142394474e-01
9.253442803300451214e-01
-5.785764993567725778e-01
-5.799734674608856277e-01
-4.072579671489267028e-01
4.954327860524994076e-01
-8.794515784891518972e-01
-6.927236594651569046e-01
-8.696961331987080879e-01
-8.943034881269531500e-01
8.058822652134804976e-01
1.544805119794268045e-02
4.306444094294277214e-01
6.943277707530470799e-02
3.492228210390899701e-01
9.268085661746874315e-01
-3.515984563305569743e-01
-8.547748897032423354e-01
-6.354698128005584756e-01
1.341829202549644773e-01
6.225917375537728393e-01
-5.711093754083189644e-01
-6.438459825869289332e-01
7.885213931342163196e-01
8.423093006396009663e-01
8.759395948499812956e-01
8.289970608087582349e-02
1.092531006245667236e-02
-7.238451346531546982e-01
-4.840970187523396806e-01
-7.822208020525562855e-01
5.811912784639077234e-01
4.300959779086799273e-01
-5.203182442461338209e-01
-5.409616693969949708e-01
7.769036750508195865e-01
8.331064900930402750e-01
-8.573811160415669708e-01
-5.103407831743982381e-01
6.396075103438074727e-01
4.208652670392893924e-01
7.508703167072094953e-01
8.564117434264493234e-01
6.841898635193857103e-01
4.630378840779680871e-02
7.980187273800252168e-01
-2.615868577484981028e-01
7.006694803572959263e-01
3.102551936200170779e-01
3.576009116728016135e-01
8.097007702730150136e-01
-7.427847578763286940e-01
3.764298937947199164e-01
-4.664574247551058761e-01
1.912740337806713153e-01
3.839688228588442609e-01
-6.385085414475677457e-01
-6.960512982893025669e-01
1.733223996728079364e-01
7.875203789190390324e-01
-2.930146368155446268e-01
4.110145708776917761e-01
6.652098712682565917e-01
6.052829879226677701e-01
-7.980915204644074556e-01
-1.367793611509853235e-01
-6.555875494485847721e-01
-5.809076336626430859e-01
-6.226950644329998230e-01
3.238128452204913632e-01
-1.035646703050701056e-01
-5.368666819671283896e-01
-4.900438035925318569e-01
3.627878981844634421e-01
-5.281434338001278483e-01
-2.746515454248372734e-01
5.786808658613562528e-01
-7.707908890079728792e-01
3.604955634976110268e-01
2.652657808490630487e-01
-2.387589119090212098e-01
-6.363274670617011797e-01
-7.403211949600745356e-01
3.632972382335797334e-02
-8.211889879585740903e-01
2.823127336052420056e-01
9.285145220293562485e-01
4.541752844074586903e-02
8.784078140530087175e-01
6.610223078298904653e-01
1.520553696186699444e-01
-7.601549522226356270e-01
-1.337160970011752603e-02
4.082797921827034937e-01
3.003287536425764959e-01
9.504628866900484141e-01
8.715579839521501171e-01
9.188097469321645505e-01
6.666771026120719146e-01
7.773785802065162898e-01
2.622667017716138194e-01
4.704087453856031775e-01
-3.583680312725601169e-02
-8.608848677357205936e-01
-6.915568223336272524e-01
2.520732789379338534e-01
7.194528206738086684e-01
-5.793710158637963570e-01
-3.344465258314137657e-01
-8.573827675702865303e-01
-7.113601467963159841e-02
8.279383976829213232e-01
1.888036660703671377e-01
-9.486454943111903848e-01
-6.192192611952962444e-01
-2.207292475533224607e-01
4.599806454575157133e-01
9.100609018055543231e-01
-8.753345683669584432e-01
7.106571891810418151e-01
6.673739565493774784e-01
8.840195053381452173e-01
-2.877505402465161399e-01
2.296511299740005008e-01
-7.556834115396637852e-01
9.469531681290337399e-01
-3.124799405526921259e-01
-7.144829999130299925e-01
-1.604497638628050726e-01
-4.869511633805643225e-01
-3.202710095706358118e-01
-2.524260798388633376e-03
-6.610821461389531084e-01
-9.562950956901703492e-01
3.042767126287320156e-01
-2.935526008748394755e-01
-9.997806214536515412e-01
3.259374750446268898e-01
-3.655539758719550392e-02
-2.330918905491841109e-01
-9.829718140533372228e-02
-9.254352654676838430e-01
-1.704596362450341296e-01
7.778718308424521499e-01
-8.651511136552647585e-02
9.209176232615086111e-01
2.001391245170744959e-01
7.063311893109409656e-01
-2.085040138822431555e-01
-3.618998047362260717e-01
-8.374325532159603291e-01
-8.921228452972764789e-01
4.191689927728832199e-01
-7.806604528792804309e-02
1.051259924878076291e-01
-3.686172571238039986e-01
5.365001468699825971e-02
-2.984261023313512506e-01
4.180411941734856196e-01
7.214160465751602302e-01
9.775222807719607943e-02
-6.923552093125440177e-01
-8.222351410861368226e-01
-4.806326308473198861e-01
8.419000434051782111e-01
8.213772762295534768e-02
-3.474424132142412969e-01
1.693063684401652225e-01
-4.100067923899524125e-01
8.736939349062917692e-01
-8.162637576155316044e-01
1.802060027938330311e-01
-3.657238703666521040e-02
-1.203841149462223648e-01
-7.664804926790247386e-01
-5.813232237465828511e-01
-1.226557666626029164e-01
-2.869347769298542516e-01
1.451092677509853157e-01
1.906054981547160576e-01
-5.188986021867503240e-02
-9.855619200797418600e-01
-4.804917327194049292e-01
9.563370005442364263e-01
5.155747905856422619e-01
6.112770425497187077e-01
-9.925425784095920356e-02
1.993685058432828061e-01
7.616008476156101992e-01
1.318040969408120766e-01
