4.420882478802528048e-01
6.387270158645708129e-01
-3.266866010329232406e-01
2.298730748999215923e-01
1.576154947654639926e-02
6.976333114012385206e-01
6.514798735378171113e-01
-7.003056502211206791e-01
2.745952176585617632e-01
9.788689746603018715e-01
-9.353240635215960275e-01
-2.544006396753841770e-01
2.420703503488954578e-01
8.097479410157750745e-01
5.119531347113863706e-01
-5.350820244766960609e-01
6.359543013784783039e-01
2.775869532889314595e-01
4.920312295117066359e-01
1.452281223193769844e-01
-8.737731637923633610e-01
-4.082088724889691989e-01
-4.241840670440388816e-01
-4.053551844324960740e-01
-7.231596811725655716e-01
-9.076587457912128620e-01
7.901648122547131337e-01
4.451917184831855057e-01
4.015320286726933308e-01
3.888973864124258828e-01
-2.600434338877297691e-01
6.304020745223781752e-01
-7.449968980862535783e-01
7.463718179952067988e-01
2.199324036847769559e-01
-2.783158371168499290e-01
7.264510664573105014e-01
-8.040101743307666027e-01
7.605187958160994910e-01
-6.885360389138699411e-01
-3.280295253485534523e-01
-1.755260177636750463e-01
-9.917792189317067297e-01
4.853326512538003179e-02
-1.730032052436851764e-01
-5.764647355553096375e-01
-2.512854622559637097e-01
-9.782149503307044913e-01
5.240965681106783958e-01
-4.254072365698153835e-01
-3.606640373697835855e-01
7.277618618588264088e-01
-2.483902566303617387e-01
-2.884882619541373483e-01
-2.890152502060343576e-01
5.230433628658184286e-01
1.042404665014784459e-01
7.388153506456367481e-01
2.380302716944708852e-01
-2.534446233609566335e-02
6.633761445934753809e-01
4.184707354111254496e-01
8.013439068221617223e-01
5.430083110122663204e-01
3.689187178822723734e-01
5.396665502270359127e-02
4.244409253790100145e-01
6.542577572052565849e-02
4.067274432505469939e-01
2.640159328519080528e-01
4.391870273022451254e-01
-5.341561789484994272e-01
2.976282674063455147e-01
5.848164094853736117e-01
-7.381333424082356931e-01
-4.301963192938556002e-01
8.272024669191402335e-01
5.815423928541640919e-02
4.491615623981037864e-02
-4.085435341746657123e-02
5.260084142043879307e-01
7.850089743846400125e-01
8.699298751732444934e-01
1.031493002060215325e-01
1.193031853558970123e-01
3.146700948286957900e-01
8.354574726689663056e-01
-3.727141062670218385e-01
8.414781292174811078e-02
7.801730713849397425e-01
-6.894776253804373312e-01
2.096610235460905081e-01
4.440068593100907623e-01
-3.318999627454566337e-02
6.520464788292832381e-01
7.273625827593621640e-01
-1.019986452695604839e-01
4.213844960173749321e-01
7.254515382745085894e-01
7.429890127151184132e-01
9.205044986127155493e-01
7.599906412308121695e-02
-3.583779331949046298e-01
-1.031368341878622363e-01
3.835746032953473161e-01
-8.630663850927440262e-01
-3.900211398847908129e-01
6.922824184373741474e-01
-4.231937420994704713e-01
4.327434388164295154e-01
1.758142255890726702e-01
-7.189969126301070101e-01
-4.000783235144367289e-01
9.455024816889474604e-01
1.293672323797956381e-01
-9.035967632802919258e-01
8.675375131663669581e-01
7.914481199114198340e-01
9.526357839340322542e-01
8.377371016944648030e-01
-6.950248980722588676e-01
2.333370507401335558e-01
-7.154355852986757913e-01
4.782819501012884889e-01
-3.622005570580832945e-02
4.694671193081771943e-01
3.896570905239928884e-01
4.189196813837496869e-01
4.493255583964403943e-01
-7.371516014827381724e-01
4.449531799177663949e-02
-1.358593528700775543e-01
-2.258511212391427492e-01
7.387349779182168508e-01
3.181338768427686148e-01
1.180600589173113057e-01
-4.722749163246091619e-01
9.767253578151051663e-01
-3.314267580065255459e-03
-6.734976979686719822e-01
5.135016260311946468e-01
-1.259307002176910384e-01
3.706350341671917903e-01
-8.956896605913116094e-01
9.413859611210095846e-01
4.395953821951581464e-01
-3.028458531899063111e-01
3.370813876419040955e-01
-2.706805672603456170e-01
7.211126893671959692e-02
2.095959320631430867e-01
6.577431594485794175e-01
-2.850192498109296313e-01
5.102111321073423689e-01
-2.260829432280848650e-01
-6.589142266153455996e-01
-5.678062224544306869e-01
-1.798784901071439624e-01
-2.695480586527703171e-01
-9.853945620687700746e-01
5.240800302692483204e-01
3.571077019042143696e-01
9.169720088253112689e-01
-4.060968869413366100e-01
2.333906256225386500e-01
1.559079822246562941e-01
-8.254049203041846638e-02
-4.141716935217967244e-01
9.870745433402694502e-01
4.547107264155267892e-01
5.496328089794662031e-01
-5.924537837525767348e-01
1.473348919897790044e-01
3.117278682690012293e-01
1.040519458276729647e-01
-8.609207367496500840e-01
6.544082604247976054e-01
2.595537633516653564e-01
-8.050952188158613243e-01
-7.341639042538896653e-01
-3.572308712646186102e-01
5.952397481544673408e-01
7.440194566977269552e-01
-8.655606795549175558e-02
-2.926074337570414574e-01
-9.607474400557944882e-01
-1.754313626609018684e-01
4.508360862493183685e-01
5.242048502493834583e-01
4.948652026023792061e-03
5.862762020062326496e-01
-9.783732039427155414e-01
5.552215995243210411e-01
-7.658702384603868207e-01
-3.771026631714489152e-01
3.993558653975708417e-01
7.302139173808441797e-01
2.233016417848365798e-02
-2.996601457220759990e-01
5.259962207879984586e-01
-5.370807551187071205e-01
1.423947979770352479e-01
8.394226455938400555e-01
2.483995911510223920e-01
-2.135206359167420853e-01
-9.254289388011784911e-01
8.847831634997143091e-01
6.407951443737609498e-01
-2.211584051837771625e-01
-6.240628137459087732e-01
5.612146884089146415e-01
1.638906103964503647e-01
-2.738017976144924148e-01
-2.975711300672649884e-01
3.847988167285785188e-01
-7.993930095627881371e-01
-5.678217659397977179e-01
1.162686551685527814e-01
9.029550982173570883e-01
-9.964621186380464568e-01
9.291610773202225726e-01
-7.079537687330101914e-01
7.118234802483223156e-01
-9.167021327067317316e-01
-9.433355871646840196e-01
-4.319624679009208545e-01
8.710147403597710003e-01
-2.802358015002481828e-02
-5.540288679698046614e-01
-4.209867805838474197e-02
1.339502986751679448e-01
4.795214452186364884e-01
-2.930155095911568530e-01
6.259313296396511461e-01
-6.181280881930415472e-01
-4.926383259709599116e-01
4.087677782467840082e-01
-1.055634264265252753e-01
9.276387412444015990e-01
4.806320059614976881e-01
3.006932142889617854e-01
-4.386748132881712614e-01
2.896696631554536161e-01
2.944841223744267822e-01
4.261948956331200744e-01
-5.856542404820841430e-01
1.556648056063738572e-01
6.654320246450731169e-01
6.456655421057861943e-01
3.671840766661589317e-01
6.284358078106420109e-01
6.642670330080990837e-02
-1.267814125530364322e-02
2.876671411795379552e-01
-8.556055183435473666e-02
-8.670787584063810449e-01
-2.373151936516288973e-01
-4.588687544845160282e-02
-9.266677583661608875e-01
-2.792941988043957657e-01
-5.885329941962467171e-01
-9.306406278580954261e-01
-1.014196266713396355e-01
2.077583863174026213e-02
-4.648984300783471912e-01
