1.000000000000000000e+00
1.000000000000000000e+00
-2.578347544063491759e-01
-7.988776810602338241e-02
3.788496158438351968e-01
-1.000000000000000000e+00
-1.000000000000000000e+00
1.000000000000000000e+00
-1.000000000000000000e+00
-6.018966274338518607e-01
-1.000000000000000000e+00
-6.195273093821793697e-01
-1.000000000000000000e+00
4.045911508702573767e-01
-1.000000000000000000e+00
-9.781392075141315257e-02
-9.931866902293025046e-01
1.000000000000000000e+00
-1.000000000000000000e+00
-7.493536134184221043e-01
8.351783476768468439e-01
7.352927328213643143e-01
1.046764217269117031e-01
-1.023139845779197366e-01
-1.000000000000000000e+00
-2.495940652093563972e-01
-1.000000000000000000e+00
1.000000000000000000e+00
-1.000000000000000000e+00
5.742034999514642468e-01
-1.000000000000000000e+00
-1.000000000000000000e+00
-1.000000000000000000e+00
1.000000000000000000e+00
1.000000000000000000e+00
-1.000000000000000000e+00
-1.000000000000000000e+00
4.490201812443546103e-01
1.876034736361860134e-01
5.267147503912597006e-01
-1.000000000000000000e+00
1.000000000000000000e+00
1.000000000000000000e+00
1.000000000000000000e+00
1.000000000000000000e+00
-6.962684634261773198e-01
-1.000000000000000000e+00
-4.002289448718883147e-01
-1.000000000000000000e+00
1.000000000000000000e+00
1.000000000000000000e+00
8.811699893277855633e-01
1.000000000000000000e+00
1.000000000000000000e+00
-8.882575132721232114e-01
-1.000000000000000000e+00
1.000000000000000000e+00
1.000000000000000000e+00
-7.030752193224546476e-01
4.876433294111189864e-01
1.000000000000000000e+00
1.000000000000000000e+00
-1.000000000000000000e+00
-9.711903213926622591e-01
-2.109403417338492348e-01
1.000000000000000000e+00
-9.299573152282686328e-01
-5.937970552143723157e-02
-8.125045707490980984e-01
-2.545035830373900687e-01
-1.359778563396821793e-01
3.113246528039756988e-01
-7.081324253533598512e-01
1.000000000000000000e+00
1.000000000000000000e+00
1.000000000000000000e+00
8.036256031234330077e-01
-1.000000000000000000e+00
-1.000000000000000000e+00
-1.000000000000000000e+00
-9.718672373033143685e-03
-1.000000000000000000e+00
1.000000000000000000e+00
-3.785408549930175948e-01
6.730696047421047545e-01
4.477536783945139653e-01
1.000000000000000000e+00
1.000000000000000000e+00
1.000000000000000000e+00
-7.745244333499788913e-01
-9.218865279838694970e-01
8.909596169951770062e-01
3.544078787873334302e-01
6.119395607058940589e-01
-1.000000000000000000e+00
1.000000000000000000e+00
-1.000000000000000000e+00
-8.439876586294532412e-01
-4.623752361365424113e-01
4.508309666941999749e-01
1.000000000000000000e+00
1.000000000000000000e+00
-4.269783457228193413e-01
-5.213419493548320238e-01
1.000000000000000000e+00
-8.357165895673351885e-02
1.000000000000000000e+00
1.000000000000000000e+00
-7.865910308464351131e-01
1.000000000000000000e+00
-1.000000000000000000e+00
-1.000000000000000000e+00
-1.000000000000000000e+00
1.985823749794246584e-01
1.000000000000000000e+00
1.000000000000000000e+00
2.642257420293732117e-01
9.311368128008098433e-01
1.000000000000000000e+00
-1.383467261721390562e-01
9.226485418639913672e-01
1.000000000000000000e+00
-1.000000000000000000e+00
8.092855277325128327e-02
-1.000000000000000000e+00
-1.000000000000000000e+00
5.572187522337099796e-01
-1.000000000000000000e+00
-1.000000000000000000e+00
4.390901200424919271e-01
7.836546464989522232e-01
9.043856015949187643e-01
1.000000000000000000e+00
9.885147186876297454e-01
1.274701899665688920e-01
-5.405410548534848036e-01
-1.000000000000000000e+00
1.000000000000000000e+00
-3.886892529955416342e-01
7.392859264509745731e-01
7.488903083824108853e-01
1.757483343176584611e-01
-7.061158956075073156e-01
-2.893018192123752996e-02
1.000000000000000000e+00
1.000000000000000000e+00
-1.000000000000000000e+00
6.277352669842766186e-01
-1.000000000000000000e+00
-1.497438269395520161e-01
1.000000000000000000e+00
5.829190100499432869e-01
-4.023409089073808342e-01
1.000000000000000000e+00
-1.000000000000000000e+00
-3.635453049319830043e-01
-1.973623479464775843e-01
1.000000000000000000e+00
-6.148800338405875365e-01
-1.000000000000000000e+00
1.000000000000000000e+00
-1.000000000000000000e+00
1.000000000000000000e+00
1.000000000000000000e+00
6.248299576737799121e-01
1.000000000000000000e+00
-1.000000000000000000e+00
1.000000000000000000e+00
-1.000000000000000000e+00
-4.771027318192623268e-01
-3.225153323222915147e-01
1.000000000000000000e+00
-3.674601998076613141e-01
1.000000000000000000e+00
1.610509279693114193e-01
1.000000000000000000e+00
1.000000000000000000e+00
4.809651631102427327e-01
2.601072113074007763e-01
-7.220424014725874695e-01
-6.462218915260287133e-02
6.289519784365760202e-01
-1.419791800838952622e-01
8.147888452356477629e-02
-4.067242045619786639e-01
3.061170961273785851e-01
-8.291995817479408393e-01
1.000000000000000000e+00
6.005845277698662610e-02
-1.000000000000000000e+00
-2.360410943474100520e-02
1.000000000000000000e+00
-6.321913534182870276e-01
-7.313972029602122671e-02
9.049328385554005205e-01
-1.000000000000000000e+00
-1.000000000000000000e+00
3.682116338225530083e-01
1.000000000000000000e+00
8.553812295250170505e-01
2.423989619891749880e-01
-6.987593267440005418e-01
-9.175886327262847697e-01
7.059394145099777695e-01
-2.078012971029050693e-01
-1.000000000000000000e+00
1.000000000000000000e+00
-1.000000000000000000e+00
-1.337980802292101368e-01
5.836364566630302120e-01
-9.344988648303022005e-01
-1.000000000000000000e+00
4.423271315296770645e-01
1.000000000000000000e+00
1.000000000000000000e+00
-6.729036827514351948e-01
-9.834687912215844818e-01
1.000000000000000000e+00
5.544435341541360529e-01
-8.099523273087054775e-01
-1.000000000000000000e+00
6.382514299055146445e-01
-1.000000000000000000e+00
1.000000000000000000e+00
-1.000000000000000000e+00
-1.000000000000000000e+00
-1.000000000000000000e+00
1.000000000000000000e+00
-1.000000000000000000e+00
1.000000000000000000e+00
-1.886723418927176432e-01
1.000000000000000000e+00
-3.750633231263637013e-01
1.000000000000000000e+00
1.000000000000000000e+00
-2.722146690776318101e-01
-2.024073696237582709e-01
1.000000000000000000e+00
1.000000000000000000e+00
1.000000000000000000e+00
1.000000000000000000e+00
-7.176422672272747549e-01
4.166199546498757789e-01
-3.336431954034961844e-01
-3.063420877823343907e-02
-7.946126002546723965e-01
4.522347624786046127e-01
3.176856975130253335e-01
-1.206511464669010880e-01
-1.000000000000000000e+00
1.000000000000000000e+00
1.000000000000000000e+00
-6.971709448511174134e-01
-4.671457482813468065e-01
-5.734131908617978723e-01
1.000000000000000000e+00
-5.195502976069079626e-01
-1.000000000000000000e+00
-1.000000000000000000e+00
-1.572101852383184228e-01
9.190721544912210383e-01
-1.000000000000000000e+00
2.640235968949525280e-02
-2.922631659121937009e-01
-1.000000000000000000e+00
