-1.000000000000000000e+00
3.016023019426420926e-01
-9.169214212225803573e-01
-6.058763566969853631e-01
-2.570702717893702527e-02
7.782117138945074952e-01
5.392077954502363379e-01
-1.000000000000000000e+00
-1.587661683780444699e-01
-3.042181232198593044e-01
1.000000000000000000e+00
-9.766859631067181802e-02
-1.000000000000000000e+00
-1.000000000000000000e+00
-8.886630208740973202e-01
1.000000000000000000e+00
-4.804653120766525509e-01
1.000000000000000000e+00
1.000000000000000000e+00
1.000000000000000000e+00
1.000000000000000000e+00
-7.795358528952379684e-01
-8.197843882024333784e-01
7.545719923214183611e-01
8.882901087713457322e-01
-1.000000000000000000e+00
3.655768960294514258e-03
-6.754870149208727081e-01
1.000000000000000000e+00
1.000000000000000000e+00
9.013339069287412686e-02
1.000000000000000000e+00
-1.000000000000000000e+00
-1.000000000000000000e+00
-1.000000000000000000e+00
4.592380302042003981e-01
-1.000000000000000000e+00
1.000000000000000000e+00
9.384821522392877702e-01
-6.362921961979114416e-01
-1.000000000000000000e+00
1.000000000000000000e+00
-7.014581229368370696e-01
-6.982853085644971092e-01
-1.291203037336767778e-01
-6.199108654934103457e-01
1.000000000000000000e+00
7.016282104098864325e-01
-1.000000000000000000e+00
-1.000000000000000000e+00
5.681621507657683701e-01
-1.000000000000000000e+00
-3.091556243154965911e-01
-1.000000000000000000e+00
-1.466544134844616210e-01
-8.197035537104215841e-01
6.392070365811572952e-01
8.461362179726970023e-01
1.000000000000000000e+00
5.281222940021348400e-01
-1.000000000000000000e+00
3.766607345192385381e-01
1.000000000000000000e+00
-7.531653669142290841e-01
1.000000000000000000e+00
-6.515979541510645845e-01
-1.000000000000000000e+00
-8.814858150077939936e-01
-4.703707412032183122e-01
5.991724705882016666e-01
-1.000000000000000000e+00
-1.000000000000000000e+00
4.820449535002246932e-02
-1.000000000000000000e+00
-1.000000000000000000e+00
1.000000000000000000e+00
7.540313069904922560e-01
1.000000000000000000e+00
1.000000000000000000e+00
-1.000000000000000000e+00
-1.000000000000000000e+00
2.507305027513714868e-01
-1.000000000000000000e+00
-7.791747232401308176e-01
1.000000000000000000e+00
-1.000000000000000000e+00
-3.236252348641655008e-01
7.720080552997643508e-01
-8.698091578473544638e-01
6.928095359398367403e-01
9.199996994783179449e-01
-7.816852769766295950e-01
-1.000000000000000000e+00
-1.000000000000000000e+00
-7.483246480801197809e-02
-5.109828096508679529e-01
-4.742004578821845673e-01
1.000000000000000000e+00
-3.817893195233089676e-01
-1.000000000000000000e+00
4.123467026325510210e-01
7.760122401214799570e-01
8.124393504227955809e-01
1.000000000000000000e+00
-1.000000000000000000e+00
8.739324819722137372e-01
1.000000000000000000e+00
1.000000000000000000e+00
-1.000000000000000000e+00
-1.000000000000000000e+00
1.000000000000000000e+00
-3.970549082403900254e-01
-1.000000000000000000e+00
-9.375766349446441605e-01
1.000000000000000000e+00
1.000000000000000000e+00
-6.159836044611620709e-01
-1.000000000000000000e+00
4.363394664751774066e-02
-1.000000000000000000e+00
-1.000000000000000000e+00
-1.000000000000000000e+00
-1.000000000000000000e+00
-5.309499609184487046e-02
-2.143509774068849127e-01
-1.000000000000000000e+00
1.000000000000000000e+00
1.000000000000000000e+00
-8.767564221839146965e-02
-8.497880633788179594e-01
-1.000000000000000000e+00
-5.826188574537038978e-01
6.878135319926852453e-01
-1.000000000000000000e+00
-4.769199450192105338e-01
-1.000000000000000000e+00
-2.786330780410632979e-01
1.000000000000000000e+00
1.000000000000000000e+00
-6.687537306459234721e-02
-1.038833829009624399e-01
-1.000000000000000000e+00
-1.000000000000000000e+00
-1.000000000000000000e+00
7.701947287641839335e-01
-1.621887378317276029e-01
1.000000000000000000e+00
4.314259853567603553e-01
-5.527959748405958385e-02
1.000000000000000000e+00
-1.000000000000000000e+00
7.144764480539134155e-01
-1.000000000000000000e+00
1.000000000000000000e+00
1.000000000000000000e+00
1.446538131460026744e-01
-1.000000000000000000e+00
8.103002429206729307e-01
1.137245304684406794e-01
-8.647214527730735512e-01
1.000000000000000000e+00
5.811035791306697895e-01
-2.329776303286378858e-01
9.979499561017779463e-02
-1.000000000000000000e+00
-1.000000000000000000e+00
1.000000000000000000e+00
-2.623977302309000725e-01
-1.000000000000000000e+00
-1.000000000000000000e+00
-3.502072443099391030e-01
2.405092280200387123e-01
1.000000000000000000e+00
-4.976390881895940144e-01
-5.599613095549969000e-01
6.907198601480892819e-01
-1.000000000000000000e+00
9.644816622006198159e-01
1.000000000000000000e+00
1.000000000000000000e+00
7.935779158926787868e-01
-7.860664416604401517e-01
-1.597517010123357117e-01
7.197722172928618933e-01
-1.000000000000000000e+00
7.420542210372297331e-01
1.000000000000000000e+00
1.000000000000000000e+00
1.000000000000000000e+00
4.440422175520400416e-01
-4.016603844109424282e-01
-2.027531942030003087e-01
9.638965062434070585e-01
4.343598473319961739e-01
1.000000000000000000e+00
-9.613583132893338545e-01
-2.035215792403177737e-01
-1.000000000000000000e+00
-6.091607678391330882e-02
9.687739829436925465e-01
-1.000000000000000000e+00
-1.000000000000000000e+00
1.000000000000000000e+00
-9.355713895860328089e-01
-4.762497732625282643e-01
1.000000000000000000e+00
5.816217876665590314e-01
1.000000000000000000e+00
1.000000000000000000e+00
-1.000000000000000000e+00
1.000000000000000000e+00
3.419826611826590201e-01
2.102070586094106908e-01
4.302961511124379079e-01
9.555938252796980503e-01
-1.000000000000000000e+00
-9.307640995757519020e-01
-1.000000000000000000e+00
-1.000000000000000000e+00
1.000000000000000000e+00
-1.000000000000000000e+00
-6.722188315044071993e-01
8.455744313979973725e-01
7.706185972948609297e-01
-1.000000000000000000e+00
-3.708097565058902090e-01
-1.000000000000000000e+00
1.000000000000000000e+00
-7.838182183820128213e-01
-4.403856170227017364e-01
5.390460524229279127e-01
8.781464142483215163e-01
1.000000000000000000e+00
-1.766963358655749827e-01
1.000000000000000000e+00
-1.000000000000000000e+00
7.343114511207564643e-01
-1.000000000000000000e+00
1.000000000000000000e+00
-1.540773465065072845e-01
7.712853604434777299e-01
-1.000000000000000000e+00
2.954638584448620042e-01
-1.000000000000000000e+00
-9.835105358221098992e-01
-1.000000000000000000e+00
-1.000000000000000000e+00
1.000000000000000000e+00
-1.000000000000000000e+00
-1.000000000000000000e+00
-6.757580455506018158e-01
-6.124393600580189112e-01
1.000000000000000000e+00
3.969842211602121473e-01
-1.786027283550850608e-02
5.343111259660608958e-01
-9.368449315369176134e-03
1.000000000000000000e+00
1.854362945568439613e-01
1.000000000000000000e+00
-1.000000000000000000e+00
-6.025367240390262502e-01
-9.449640842993287659e-01
1.742670760909771355e-01
-1.000000000000000000e+00
