-5.778106071933217791e-01
6.765845535478123285e-01
3.936704400839425855e-01
-1.508289701940133121e-01
6.186483364663408757e-01
4.366535111453431206e-01
8.645826828228040384e-01
1.590259609260813445e-01
-4.227930843612588419e-01
3.811782325733650278e-01
2.332083560536128974e-01
6.649030749969999654e-01
-4.160572761998877489e-01
1.373092207502923934e-02
3.991942135443169448e-01
9.555045114759235236e-01
-4.858043860578531437e-02
5.003656166160339591e-01
-7.627642179449223292e-02
1.224326400307373941e-01
6.088129103891493088e-02
-5.810646788067088675e-01
-4.988749655359512314e-01
-2.433145363211934864e-01
7.264866212430154402e-01
5.546143270894332566e-02
-5.655039869720470680e-01
-3.749190418979195805e-01
-8.581802552773276638e-02
-3.324498174937227102e-01
2.507685673800019721e-02
5.557491524405238081e-01
-5.172594684163644985e-03
5.204594457104645411e-01
-2.882321174458519764e-01
-1.646710197124992003e-01
7.717054739497530846e-02
-5.205781155975726104e-01
-6.853494525390226855e-01
6.600647008271354199e-01
-5.509229115084892658e-01
-8.984103118065212001e-02
-8.256278622734349870e-01
-5.378444223810874281e-01
-9.248163051141709001e-01
-4.968954773676204084e-01
-1.026761543849725733e-01
9.406005678994373564e-01
3.084464673322278028e-01
1.412310756818133672e-01
-9.762689368543433499e-01
9.589821031135341567e-01
-2.480188142509904825e-01
-1.367007487328986137e-02
9.148410838376375143e-01
8.469999262976950494e-01
-2.390472214306262888e-01
2.613525159718421698e-01
-7.981016393870410397e-01
-6.076076123269342766e-01
3.669475207239762948e-01
-9.280504638045579124e-01
1.968213672924559177e-01
-2.538851142731926025e-01
6.154825345451533369e-01
5.931094859731662616e-01
-9.794662913866716281e-01
3.116065547836592842e-01
-8.628404824964304165e-01
-9.570325242960477929e-01
3.588898107080487065e-01
-3.226236872191308169e-01
2.477684272231577278e-01
-7.447496419171593107e-01
8.574655566662525707e-01
-1.862799917889081946e-01
-2.103314507572753289e-01
-7.182388260954695181e-01
2.107705394233569951e-01
8.332148322054113709e-01
6.410490639397568025e-01
-4.946406838360115632e-01
-6.277503846196581527e-01
-1.726490177791240033e-01
3.080100004313355289e-01
-4.546159821725328509e-01
1.904492841417648741e-02
-4.307980058025455694e-01
9.011576934801843741e-01
8.582520105094737506e-01
-4.481189942425631845e-01
-4.337411678795011216e-01
-2.611791639195080172e-01
7.292687628104355113e-01
1.738207119911272525e-01
4.688006387732710500e-01
-3.742464532250477927e-01
-5.466985931577890145e-01
2.242474883553271514e-01
-7.117937471024324836e-01
-3.187480125618864513e-01
3.615915462453143103e-01
-9.615516825130392409e-01
1.614704573895944240e-01
-4.636551657160865592e-01
-1.340135069372603294e-01
-6.988989619483998439e-01
1.696295233099798239e-02
-8.742891136031947230e-01
6.984288449297899604e-01
4.584271977378424623e-01
2.971529710846569916e-01
-8.362621513336572221e-01
-3.770716806761720274e-01
-2.391034691129361178e-01
-2.403616722103834036e-01
9.678738193923370758e-01
8.828526957543587628e-01
1.861907220400427221e-01
2.330897128251985251e-02
5.831188075742677057e-03
5.968612880804831100e-01
-4.210621470113196096e-02
-2.200514809654661175e-01
-8.106188019589690708e-01
-5.884970797121744646e-01
1.038074338983410172e-01
4.582715872479208308e-01
-9.880273940408581534e-01
-3.797187026710813207e-01
-9.141008128570982105e-01
-6.857348906192939353e-01
-3.890857179109152852e-02
2.775598467008315584e-01
-3.733515175052786184e-01
2.151347816287214609e-01
-7.399503509991418593e-01
9.351879960348867815e-01
-7.264839111201666366e-01
-4.444358074394143543e-01
6.282858672919733323e-02
-4.506050728278165884e-01
-8.718772604780853364e-01
-1.118139327957521356e-01
2.774811208370480120e-01
-9.579322493435853403e-01
-7.382830952108669909e-01
-2.337142300866823508e-01
-9.873087369955222403e-01
5.939475260286748437e-01
-6.546088574565251950e-01
-4.473914893435670947e-01
-3.123434654811172440e-01
3.187651951243390958e-01
7.669525795636102927e-01
-3.863360307279473105e-01
-5.315270816150263755e-02
-4.755781119099407039e-01
-9.797064011751670520e-01
-4.122044416662979938e-01
9.705888586258348827e-01
1.175803287256860230e-01
8.906706955180290208e-01
3.836449302897140257e-01
6.670828748829877863e-01
-2.968847842677588833e-01
6.643464877977183214e-01
-1.759368306662747461e-01
2.671708011463591603e-02
-6.647598757552155568e-01
4.812964190678674647e-01
5.400155443692749024e-01
6.637653403929948404e-01
9.314159737447980092e-04
-8.187976802912111385e-01
2.328128667092199677e-02
5.054618125772374349e-01
-4.960260391905557675e-02
2.639108005510659716e-02
-6.068275400623088789e-01
3.141177792027387561e-01
-8.161781792935762780e-01
9.085469600144449043e-01
8.813642902017215786e-01
-9.850433080344394021e-01
-3.287221274940812510e-01
6.411111301036245269e-01
-8.089271978736787272e-01
-8.015720214388211140e-02
5.062855262328680439e-02
4.713214106722438679e-01
5.252478438817604900e-01
-4.833281827037103628e-01
1.010699205805030143e-01
8.165798592190931515e-02
-7.438658401284146127e-01
8.631854489104662242e-01
7.263510616663622077e-01
9.144425494833636758e-01
-9.869110024731448938e-01
-7.986028882577207444e-01
3.238103856035012829e-01
-9.757038541996274628e-01
-6.649678468778803531e-01
5.294156504380902462e-01
7.098567225283793913e-01
1.904287013128551642e-01
4.161999342872664265e-01
-2.476983728487400782e-01
-1.366744979709368923e-01
7.742199107713856332e-01
2.756551095635975113e-01
1.583371803462896299e-01
2.936948644173207335e-01
-5.187550145963550907e-01
-5.275701571627831044e-01
-6.010741464585545035e-01
5.347777182081403513e-01
-5.446923603571773853e-01
8.159411928449573637e-01
-7.614360317570556536e-01
5.601480591143779275e-01
-5.895982264044348220e-01
9.087784202166715453e-01
-3.520552710339430735e-01
5.816123468879292879e-01
3.384272983652767408e-01
-2.676921465855623961e-01
-9.376110693021071363e-01
5.697926900923613314e-01
3.427981785607234766e-01
-4.956927259089198845e-01
-5.032182154121167539e-01
9.299152176123828273e-01
-3.203200777176486991e-01
-7.506890661682283916e-01
-8.929762951902888712e-01
9.531982792340565336e-01
4.590899549241551636e-01
3.818246099232085466e-01
2.474163072868589275e-01
8.918157489442548602e-01
6.473097401945180351e-01
6.763666898229985236e-01
-7.697209831290541260e-01
-5.679273879011084158e-01
-4.351221292610147895e-01
5.200604285600347598e-01
6.423116920065190527e-01
-1.683883925757516664e-01
-5.820131625879121362e-01
-3.515809575445816293e-02
-9.609937488482180878e-01
6.872077295198164570e-01
-9.544542471768280301e-02
-8.836561682144299379e-01
1.427875412162962210e-01
6.653985718868158372e-01
-3.693866402320673537e-01
-4.032368307555256326e-01
4.417630923601096882e-01
6.931980014142651303e-01
-6.953638365253984599e-01
-5.075942321831063975e-01
-3.033191765856455557e-01
