1.000000000000000000e+00
1.000000000000000000e+00
-2.037946120590019006e-01
2.870069586331172040e-01
-6.957355584904301171e-02
1.000000000000000000e+00
1.000000000000000000e+00
3.572291494119610444e-01
7.354569575011891125e-01
7.535012881724751921e-01
-1.000000000000000000e+00
-1.000000000000000000e+00
7.018364152371181497e-02
6.508395816216785423e-01
-1.000000000000000000e+00
1.182825972946179860e-01
-1.000000000000000000e+00
-9.936625866472881263e-01
-1.000000000000000000e+00
-1.000000000000000000e+00
-1.000000000000000000e+00
1.000000000000000000e+00
-6.464916007488072935e-01
1.000000000000000000e+00
-6.384275363568336914e-02
-9.609998605502794167e-01
-1.000000000000000000e+00
-1.000000000000000000e+00
4.966491889706247109e-01
-9.399401355440148986e-01
1.000000000000000000e+00
7.567518421751755486e-01
-7.343776606987225675e-01
4.463663840532361426e-02
-1.000000000000000000e+00
8.546678669787541316e-02
1.000000000000000000e+00
8.388110292794359601e-02
-1.000000000000000000e+00
-1.000000000000000000e+00
-5.995131839466838475e-01
-4.092955037732171064e-01
-9.582603012937006559e-01
6.305267643677614497e-01
1.000000000000000000e+00
9.988333570412056828e-01
-1.000000000000000000e+00
1.000000000000000000e+00
-1.731938572858848779e-02
-1.043859830013049717e-01
-3.508042103959392866e-01
-1.000000000000000000e+00
2.742483897132610982e-01
-9.891438053435255284e-01
7.269141480288430213e-01
-4.115654893637317180e-01
3.745519376417609236e-01
-5.297520973427223279e-01
4.859043916448524403e-01
1.000000000000000000e+00
-8.750799254074685951e-01
1.000000000000000000e+00
-1.000000000000000000e+00
-7.320282985156010280e-01
1.937467182304488666e-01
-6.719465291267578966e-01
-6.164751445548775077e-01
1.000000000000000000e+00
-1.000000000000000000e+00
-9.459781320295633789e-01
-1.000000000000000000e+00
-1.667087910986273513e-01
-4.135284568877689582e-01
1.183550689454304639e-01
9.513202531512294780e-01
-3.023969875579682887e-01
1.000000000000000000e+00
-1.000000000000000000e+00
-1.000000000000000000e+00
-1.614278936501208073e-01
-1.000000000000000000e+00
1.000000000000000000e+00
-1.000000000000000000e+00
-1.000000000000000000e+00
1.109186459282744952e-01
-7.289475639526215023e-01
7.090125512652789563e-02
-1.000000000000000000e+00
3.490980286245326525e-01
1.000000000000000000e+00
3.483239873892260974e-01
-4.089271519174220160e-02
1.000000000000000000e+00
-9.485172452041887858e-01
-1.000000000000000000e+00
-1.023052692434438526e-01
1.000000000000000000e+00
-1.000000000000000000e+00
8.433759669158273908e-01
1.000000000000000000e+00
5.455548716919708108e-01
-1.000000000000000000e+00
-1.000000000000000000e+00
-1.000000000000000000e+00
5.193368968074811853e-01
1.000000000000000000e+00
-7.576850041775620159e-01
-1.386021757380890840e-01
-1.000000000000000000e+00
-3.891952470525501528e-01
1.000000000000000000e+00
1.000000000000000000e+00
-1.000000000000000000e+00
-1.000000000000000000e+00
5.885472228340948853e-01
1.000000000000000000e+00
6.555199381421503713e-01
1.000000000000000000e+00
-7.555310482658352811e-01
-9.365107120640716598e-01
-2.659925786452941310e-01
8.986421967531215138e-01
-1.000000000000000000e+00
-1.000000000000000000e+00
-6.721814997510708878e-01
-4.752468140833557286e-01
-1.000000000000000000e+00
1.731323861381917073e-01
2.527459407356271726e-01
-6.182802392291179006e-01
-1.000000000000000000e+00
8.728305852532678433e-01
1.000000000000000000e+00
1.000000000000000000e+00
-8.251891145631444768e-01
-1.000000000000000000e+00
1.000000000000000000e+00
-1.000000000000000000e+00
1.000000000000000000e+00
4.511129438356749066e-01
1.000000000000000000e+00
7.786473202814022665e-01
1.000000000000000000e+00
1.000000000000000000e+00
-7.026166543002767551e-01
5.548967503947621616e-03
-1.000000000000000000e+00
1.000000000000000000e+00
-3.229438050328339860e-01
4.995413999442974706e-01
4.247333245446106575e-01
-1.000000000000000000e+00
-1.000000000000000000e+00
-3.045997817287338094e-02
-1.000000000000000000e+00
9.682757074373928852e-01
1.000000000000000000e+00
5.402321436468922045e-01
2.246846992747459915e-01
-1.000000000000000000e+00
-1.000000000000000000e+00
-1.000000000000000000e+00
1.072669175514258111e-01
6.871644711952813456e-01
-9.337852815613761903e-01
8.028302025366045314e-01
-7.649801317700970493e-01
5.158924027031900339e-01
-5.724649770030745266e-01
-3.067198955450241571e-01
1.000000000000000000e+00
-9.810473053802450938e-01
1.000000000000000000e+00
-7.884029299062716989e-02
7.514432366076555514e-01
-3.672963043934551752e-02
9.413456445394607908e-01
9.014953812668882738e-02
-7.265603132364232275e-01
6.410107171926091585e-01
-1.000000000000000000e+00
-1.000000000000000000e+00
-1.000000000000000000e+00
1.000000000000000000e+00
-4.399723292421251486e-01
-1.000000000000000000e+00
1.000000000000000000e+00
-1.503009478428265489e-01
-2.600478904484727211e-02
1.341618973160955131e-01
1.000000000000000000e+00
-7.081832570772635949e-01
1.000000000000000000e+00
-1.231859628739275792e-01
6.582022508900031710e-02
-1.000000000000000000e+00
-6.009819541422716238e-01
4.898865396387718230e-01
-1.000000000000000000e+00
-4.324885728181473987e-01
-7.504610149702783950e-01
1.000000000000000000e+00
1.000000000000000000e+00
-1.000000000000000000e+00
-1.386455321684656461e-01
2.458868635358103516e-01
-7.888030994568184795e-02
1.000000000000000000e+00
4.948741644654661709e-01
1.000000000000000000e+00
-1.000000000000000000e+00
5.938962316022156074e-01
1.000000000000000000e+00
-6.835262533098169779e-01
1.000000000000000000e+00
-9.902623146324296410e-02
-1.000000000000000000e+00
1.000000000000000000e+00
1.000000000000000000e+00
1.000000000000000000e+00
4.752788009224944710e-01
1.000000000000000000e+00
7.744893357646800425e-01
1.000000000000000000e+00
-6.304819026899837198e-01
-7.375817771256835131e-01
-1.000000000000000000e+00
-1.000000000000000000e+00
1.000000000000000000e+00
4.714961209871537662e-02
-1.000000000000000000e+00
-6.154999422446559842e-01
2.047525767687407017e-01
1.000000000000000000e+00
-8.689886185217462478e-01
1.000000000000000000e+00
3.633953315876197188e-01
1.000000000000000000e+00
-1.369716242478975499e-01
-1.441622856828734811e-01
-8.037736920351228331e-01
-1.000000000000000000e+00
1.000000000000000000e+00
1.000000000000000000e+00
4.147958228303982864e-02
1.000000000000000000e+00
4.199304761889175452e-01
-8.256515366335009931e-01
4.018444319806945275e-01
-3.591673398280322282e-01
-1.000000000000000000e+00
-5.616876953138235651e-01
1.000000000000000000e+00
8.109629484031180002e-01
1.000000000000000000e+00
1.000000000000000000e+00
-7.378417089259972084e-01
7.224747632103916128e-01
6.434920385892453076e-01
6.628216705372658168e-01
-1.000000000000000000e+00
-1.000000000000000000e+00
6.952646262814600187e-01
1.000000000000000000e+00
-6.323281985005326788e-01
