-6.217889587440812438e-01
1.000000000000000000e+00
1.000000000000000000e+00
-1.000000000000000000e+00
3.741318879980098933e-02
9.204227468759123010e-01
1.000000000000000000e+00
-1.000000000000000000e+00
-1.000000000000000000e+00
1.000000000000000000e+00
2.633571304519737311e-01
-7.986152211794894651e-01
1.000000000000000000e+00
1.000000000000000000e+00
-1.000000000000000000e+00
-1.000000000000000000e+00
1.000000000000000000e+00
-1.000000000000000000e+00
1.000000000000000000e+00
7.295071280179085127e-01
-1.000000000000000000e+00
8.488871939911366571e-01
2.690402091778603122e-01
-1.000000000000000000e+00
1.000000000000000000e+00
1.000000000000000000e+00
1.000000000000000000e+00
3.869221555112118960e-01
-1.000000000000000000e+00
-1.000000000000000000e+00
-1.000000000000000000e+00
-1.000000000000000000e+00
-1.000000000000000000e+00
-1.000000000000000000e+00
-1.000000000000000000e+00
1.000000000000000000e+00
-1.000000000000000000e+00
1.000000000000000000e+00
6.040887176415576931e-02
1.000000000000000000e+00
-1.657640476717444078e-01
8.947930452872550067e-01
-1.000000000000000000e+00
-1.000000000000000000e+00
-6.991551235602559977e-01
1.000000000000000000e+00
1.000000000000000000e+00
8.523500809514775733e-01
1.000000000000000000e+00
1.000000000000000000e+00
-6.106688231995642813e-01
2.262588185858136480e-01
-1.000000000000000000e+00
1.000000000000000000e+00
1.000000000000000000e+00
-1.000000000000000000e+00
6.398193270165489777e-01
1.000000000000000000e+00
-2.437667022340728185e-01
1.000000000000000000e+00
9.422455839842837078e-01
-1.000000000000000000e+00
-1.000000000000000000e+00
1.000000000000000000e+00
2.973945406001030078e-02
-1.000000000000000000e+00
1.000000000000000000e+00
9.976315974651533969e-01
1.000000000000000000e+00
1.000000000000000000e+00
-1.000000000000000000e+00
-1.000000000000000000e+00
-1.000000000000000000e+00
-1.000000000000000000e+00
1.827110667428134549e-01
-1.000000000000000000e+00
-1.000000000000000000e+00
-8.425573666049035459e-01
-1.000000000000000000e+00
-1.000000000000000000e+00
1.000000000000000000e+00
-1.000000000000000000e+00
8.322579077186912366e-01
2.651712563033120640e-01
-5.366010200514716999e-01
3.027354857425711976e-01
8.314514046189749319e-01
-1.000000000000000000e+00
1.000000000000000000e+00
-9.318137881392765109e-01
3.836812347959156488e-02
1.000000000000000000e+00
1.000000000000000000e+00
-1.000000000000000000e+00
-1.000000000000000000e+00
9.848826138400990082e-03
-1.000000000000000000e+00
-1.000000000000000000e+00
-1.000000000000000000e+00
-1.000000000000000000e+00
1.000000000000000000e+00
1.000000000000000000e+00
-1.000000000000000000e+00
1.000000000000000000e+00
1.112273554502419270e-01
1.000000000000000000e+00
-4.241859613299134857e-01
1.000000000000000000e+00
2.633844865795531565e-01
-1.000000000000000000e+00
-1.000000000000000000e+00
-7.015979876564443218e-01
-1.000000000000000000e+00
1.000000000000000000e+00
1.009018616240244803e-01
-7.266467736642985287e-01
-9.677578074983271827e-01
-1.000000000000000000e+00
1.326213200055605390e-01
-1.000000000000000000e+00
-1.000000000000000000e+00
1.000000000000000000e+00
1.000000000000000000e+00
1.000000000000000000e+00
9.983680268611742070e-01
5.413166166724123762e-01
-1.000000000000000000e+00
-1.000000000000000000e+00
-1.000000000000000000e+00
1.000000000000000000e+00
1.000000000000000000e+00
2.889046773017034386e-01
1.000000000000000000e+00
-1.000000000000000000e+00
1.888356204075207767e-01
-9.444116855257589371e-01
1.000000000000000000e+00
-1.000000000000000000e+00
1.000000000000000000e+00
-1.000000000000000000e+00
1.000000000000000000e+00
-1.000000000000000000e+00
1.000000000000000000e+00
-1.000000000000000000e+00
1.000000000000000000e+00
-1.000000000000000000e+00
6.922543709364591402e-01
-1.000000000000000000e+00
-1.000000000000000000e+00
-1.000000000000000000e+00
1.000000000000000000e+00
7.283933463873539793e-01
-5.165470666653666498e-01
1.000000000000000000e+00
-8.020814667560839384e-01
-1.000000000000000000e+00
1.000000000000000000e+00
-1.000000000000000000e+00
1.000000000000000000e+00
-1.000000000000000000e+00
1.000000000000000000e+00
1.000000000000000000e+00
1.000000000000000000e+00
-1.000000000000000000e+00
1.000000000000000000e+00
1.000000000000000000e+00
-1.000000000000000000e+00
-5.081696680294998103e-01
1.000000000000000000e+00
-1.000000000000000000e+00
-1.000000000000000000e+00
-1.000000000000000000e+00
1.000000000000000000e+00
1.000000000000000000e+00
-3.042661800092383295e-01
-1.000000000000000000e+00
1.000000000000000000e+00
-1.000000000000000000e+00
4.684723044334275777e-01
1.000000000000000000e+00
-1.000000000000000000e+00
-3.233313869162257603e-01
1.525972738865118972e-01
-1.000000000000000000e+00
-1.000000000000000000e+00
1.000000000000000000e+00
-1.000000000000000000e+00
-1.000000000000000000e+00
-1.000000000000000000e+00
-1.000000000000000000e+00
1.869760817290850863e-01
4.421421356057062546e-01
-1.000000000000000000e+00
-1.000000000000000000e+00
-1.000000000000000000e+00
4.669396060983852514e-01
1.000000000000000000e+00
-9.997871474387614033e-01
-1.000000000000000000e+00
-7.217041034752991191e-01
1.000000000000000000e+00
-1.000000000000000000e+00
7.263914421021921974e-02
-9.931132750733180359e-01
-1.000000000000000000e+00
-1.000000000000000000e+00
-1.000000000000000000e+00
-1.409718141367475308e-01
-1.000000000000000000e+00
1.000000000000000000e+00
1.000000000000000000e+00
-1.000000000000000000e+00
1.000000000000000000e+00
3.006836232799074415e-01
-1.000000000000000000e+00
-1.000000000000000000e+00
1.000000000000000000e+00
8.728619632854366372e-01
8.987243001023715872e-01
-5.539052594236595350e-01
-7.660285379710710107e-03
1.000000000000000000e+00
-1.654180598906866972e-01
7.129219946679471454e-01
-6.369344451958880438e-01
-1.000000000000000000e+00
-1.000000000000000000e+00
1.000000000000000000e+00
-7.843615214099675104e-01
2.643788806110392020e-01
1.000000000000000000e+00
-1.000000000000000000e+00
-1.000000000000000000e+00
1.000000000000000000e+00
-8.982174947777391560e-01
-1.000000000000000000e+00
-1.000000000000000000e+00
1.000000000000000000e+00
1.000000000000000000e+00
-2.877293579183520800e-02
-5.272687292827069605e-01
-1.000000000000000000e+00
4.133373154812760575e-01
9.583424203962302990e-01
-3.964265427669727559e-01
-1.000000000000000000e+00
5.989825182785524227e-01
1.000000000000000000e+00
-1.000000000000000000e+00
2.618430364848072234e-01
-1.000000000000000000e+00
-1.000000000000000000e+00
-1.000000000000000000e+00
1.000000000000000000e+00
-1.000000000000000000e+00
1.000000000000000000e+00
1.000000000000000000e+00
-1.000000000000000000e+00
-1.000000000000000000e+00
1.000000000000000000e+00
1.000000000000000000e+00
1.000000000000000000e+00
-1.000000000000000000e+00
-2.958958403675417959e-01
-1.000000000000000000e+00
