1.000000000000000000e+00
1.000000000000000000e+00
-1.000000000000000000e+00
1.000000000000000000e+00
1.000000000000000000e+00
-8.765344625949814672e-01
-1.000000000000000000e+00
1.000000000000000000e+00
1.000000000000000000e+00
-6.854278652213505740e-01
1.974822897150286249e-01
-1.734713741890625549e-01
-1.000000000000000000e+00
2.418446882290565814e-01
-1.000000000000000000e+00
1.155061022027694118e-01
1.000000000000000000e+00
9.406997143992557042e-01
1.000000000000000000e+00
9.886625454429451287e-02
2.697514839830750244e-01
1.000000000000000000e+00
1.000000000000000000e+00
7.498166965640644666e-01
-1.000000000000000000e+00
-1.000000000000000000e+00
1.000000000000000000e+00
3.123677182859055934e-01
8.361863506838185245e-01
1.000000000000000000e+00
3.896782801776987881e-02
-1.461636705500518607e-01
-1.000000000000000000e+00
1.000000000000000000e+00
1.000000000000000000e+00
-1.088638560509953557e-01
-1.731729318287614783e-01
8.786617226204773701e-03
9.513167443808241419e-01
1.000000000000000000e+00
9.504284417519023309e-01
-1.000000000000000000e+00
-1.000000000000000000e+00
1.000000000000000000e+00
1.000000000000000000e+00
1.583571801134352197e-02
-1.000000000000000000e+00
1.000000000000000000e+00
-7.650734359046615918e-01
-2.274063449179918872e-01
-1.000000000000000000e+00
1.000000000000000000e+00
-4.251327180336897937e-01
-6.267253341930906219e-01
-1.000000000000000000e+00
-1.581718722009393119e-01
1.000000000000000000e+00
-9.284940432495703000e-02
-4.076494138949591228e-01
1.000000000000000000e+00
1.000000000000000000e+00
1.000000000000000000e+00
-8.447668703927547762e-01
-5.696895460229592922e-01
3.157624542149388702e-01
1.000000000000000000e+00
6.910986416608424499e-01
-1.000000000000000000e+00
4.352647946008650348e-01
1.000000000000000000e+00
4.332152091993987097e-01
3.304886868289508284e-01
-1.000000000000000000e+00
-1.000000000000000000e+00
1.000000000000000000e+00
1.000000000000000000e+00
-1.237623141677424987e-01
1.052580524539248608e-01
-5.354837559672666059e-01
-1.395846967433456154e-02
1.000000000000000000e+00
-1.000000000000000000e+00
1.000000000000000000e+00
1.000000000000000000e+00
-1.000000000000000000e+00
-7.893098284041091262e-01
1.000000000000000000e+00
-7.140282002160462937e-01
-1.000000000000000000e+00
8.209721748509029027e-01
1.000000000000000000e+00
1.771427681987275404e-01
5.566376194817381773e-01
-1.000000000000000000e+00
-1.000000000000000000e+00
6.897731213023150509e-01
-4.596556506507781803e-01
1.000000000000000000e+00
-2.000711335205156427e-01
1.085209061974274081e-01
-9.773174945483038556e-01
1.000000000000000000e+00
2.203742668899451029e-01
2.210260126101898093e-01
1.000000000000000000e+00
-5.430245257548572679e-01
-1.000000000000000000e+00
6.798744150720046342e-01
-1.000000000000000000e+00
1.000000000000000000e+00
-2.533642889994218717e-01
-7.028407305237459601e-01
-1.000000000000000000e+00
-1.000000000000000000e+00
-1.000000000000000000e+00
1.000000000000000000e+00
1.000000000000000000e+00
-1.000000000000000000e+00
1.000000000000000000e+00
1.000000000000000000e+00
-1.000000000000000000e+00
-3.520035730479533775e-01
-1.106063318965906372e-01
9.012121585579799254e-02
7.108385180320382357e-01
-8.172448766076304549e-01
-6.234496181530535530e-01
-2.210621929044888356e-02
1.000000000000000000e+00
6.300772001885973639e-01
4.545586380882504773e-01
7.508746182819902026e-01
4.962645550883740264e-01
1.000000000000000000e+00
-9.570105870240427359e-01
1.000000000000000000e+00
7.782411464787389876e-01
5.406225197103263769e-01
8.478647084674801881e-01
-7.367256915647893978e-01
-1.000000000000000000e+00
-2.463608347750589900e-01
1.000000000000000000e+00
1.000000000000000000e+00
5.945955454029305809e-01
-1.000000000000000000e+00
-1.836807464676543100e-01
-9.548612088761589956e-01
1.000000000000000000e+00
-1.000000000000000000e+00
-4.593806058869737141e-01
6.811286021373237354e-01
5.483458369319259562e-01
1.000000000000000000e+00
1.000000000000000000e+00
1.000000000000000000e+00
9.447881183782134151e-01
1.000000000000000000e+00
-1.000000000000000000e+00
8.102386019090696001e-01
7.813183197093164223e-01
-1.000000000000000000e+00
1.000000000000000000e+00
-1.000000000000000000e+00
1.000000000000000000e+00
-4.135681593711145743e-01
-5.129287152335262334e-01
2.198658243322997308e-01
-3.750250407923957363e-01
1.000000000000000000e+00
-1.000000000000000000e+00
-4.694449877450172504e-01
-1.000000000000000000e+00
3.050081851973884817e-02
1.000000000000000000e+00
-3.364416920946000644e-02
1.000000000000000000e+00
-8.295466425681671252e-01
1.000000000000000000e+00
6.285643461288087375e-01
1.000000000000000000e+00
2.308609443741005407e-03
-1.000000000000000000e+00
-1.000000000000000000e+00
1.716886770427704101e-01
-7.769096272762729960e-01
1.000000000000000000e+00
-3.143339070165014904e-01
-1.000000000000000000e+00
-2.124500191566674467e-01
-1.000000000000000000e+00
6.807010651804703549e-01
1.000000000000000000e+00
-9.422569008523118406e-02
-9.943842820877754063e-01
1.000000000000000000e+00
1.000000000000000000e+00
-1.000000000000000000e+00
1.000000000000000000e+00
9.002996169068622212e-01
-7.834405418927490317e-01
1.000000000000000000e+00
1.000000000000000000e+00
-5.405983713953430581e-01
-4.545935069916401394e-01
-1.000000000000000000e+00
-1.000000000000000000e+00
-7.084697034233466972e-01
-1.000000000000000000e+00
8.252969462651718047e-01
1.000000000000000000e+00
1.000000000000000000e+00
1.000000000000000000e+00
6.823411294487704559e-01
3.211493296180862878e-01
-1.000000000000000000e+00
-8.651787386420319859e-01
-1.000000000000000000e+00
-6.791829995793265962e-01
-1.000000000000000000e+00
8.285648584483951140e-01
-1.027271366519231233e-01
1.000000000000000000e+00
-1.000000000000000000e+00
-7.695937014606737403e-01
-1.000000000000000000e+00
-9.498004028424089640e-01
-1.000000000000000000e+00
1.000000000000000000e+00
3.330419705241187689e-01
5.806204695473380362e-01
-1.000000000000000000e+00
7.614622668202564171e-01
-2.906002723065634896e-01
5.235940262031535397e-01
-1.000000000000000000e+00
1.000000000000000000e+00
-4.657226630832337344e-01
9.597256031499856732e-01
1.000000000000000000e+00
1.000000000000000000e+00
-1.000000000000000000e+00
-7.111239547603581679e-01
-5.652747718495195750e-01
1.000000000000000000e+00
-4.881381645057539242e-01
1.000000000000000000e+00
-3.920011024243712505e-01
1.000000000000000000e+00
-1.317139040328869637e-01
1.000000000000000000e+00
6.162598997386903310e-01
-1.000000000000000000e+00
2.461064234802209927e-01
9.804339350929489605e-01
-1.000000000000000000e+00
5.883576500796925401e-01
1.000000000000000000e+00
-1.000000000000000000e+00
1.000000000000000000e+00
-5.923609595223089386e-01
1.000000000000000000e+00
8.732459351611067122e-01
7.876465128378017377e-01
1.000000000000000000e+00
