-1.000000000000000000e+00
1.000000000000000000e+00
1.000000000000000000e+00
-1.000000000000000000e+00
-1.000000000000000000e+00
1.000000000000000000e+00
6.527107266442015998e-01
1.000000000000000000e+00
-1.000000000000000000e+00
1.000000000000000000e+00
-6.527250506159952836e-01
-1.000000000000000000e+00
1.000000000000000000e+00
1.000000000000000000e+00
-1.000000000000000000e+00
-1.000000000000000000e+00
6.963282144613756053e-01
-1.000000000000000000e+00
4.378931188783335982e-01
-8.818176763599103740e-01
7.447921268214445778e-01
-1.000000000000000000e+00
1.000000000000000000e+00
1.000000000000000000e+00
3.362033167763920360e-01
-6.332038512175569567e-02
8.415433142426838042e-01
-4.503599383922832211e-01
1.000000000000000000e+00
6.103614084917015070e-01
1.000000000000000000e+00
1.000000000000000000e+00
1.000000000000000000e+00
1.237896419324109598e-01
-1.000000000000000000e+00
1.000000000000000000e+00
-1.000000000000000000e+00
1.000000000000000000e+00
5.575972901251264879e-01
-1.000000000000000000e+00
-1.000000000000000000e+00
1.000000000000000000e+00
-9.845279514278041377e-01
-6.182807899923378203e-01
-1.000000000000000000e+00
-1.518696796189307197e-01
-1.000000000000000000e+00
3.069796604112697280e-01
1.000000000000000000e+00
-1.000000000000000000e+00
-1.000000000000000000e+00
-2.512959539550212451e-01
-1.000000000000000000e+00
1.000000000000000000e+00
2.354374896194444955e-01
-1.000000000000000000e+00
1.000000000000000000e+00
-1.000000000000000000e+00
-1.000000000000000000e+00
1.000000000000000000e+00
1.000000000000000000e+00
-1.000000000000000000e+00
-1.000000000000000000e+00
-5.417578348242855224e-01
-1.000000000000000000e+00
-1.000000000000000000e+00
1.000000000000000000e+00
2.302640824605362013e-01
-1.000000000000000000e+00
-3.304479847240887613e-01
-9.547861947232217927e-01
-1.000000000000000000e+00
1.000000000000000000e+00
1.000000000000000000e+00
-2.111258314527142410e-01
1.000000000000000000e+00
-1.000000000000000000e+00
7.965562762322722090e-01
-1.000000000000000000e+00
1.000000000000000000e+00
-1.000000000000000000e+00
-1.000000000000000000e+00
-1.000000000000000000e+00
-3.682078176655547708e-01
-1.000000000000000000e+00
-1.000000000000000000e+00
1.000000000000000000e+00
1.000000000000000000e+00
-1.000000000000000000e+00
1.460298088903860814e-01
1.000000000000000000e+00
1.000000000000000000e+00
1.000000000000000000e+00
1.000000000000000000e+00
1.000000000000000000e+00
-1.000000000000000000e+00
1.000000000000000000e+00
1.000000000000000000e+00
-1.000000000000000000e+00
1.000000000000000000e+00
-1.000000000000000000e+00
1.000000000000000000e+00
7.437623290766899320e-01
-1.000000000000000000e+00
-8.290691414599615783e-02
-1.233940200763128658e-01
-7.085382166943859916e-01
-1.000000000000000000e+00
1.000000000000000000e+00
8.249711050943204782e-01
-1.000000000000000000e+00
-9.048181557390677643e-02
-1.000000000000000000e+00
-1.000000000000000000e+00
8.076667779793110791e-01
-1.000000000000000000e+00
1.000000000000000000e+00
-5.140882493222187488e-01
1.000000000000000000e+00
1.000000000000000000e+00
1.000000000000000000e+00
-7.609292302236291272e-01
-1.000000000000000000e+00
8.881541853036689638e-03
-1.000000000000000000e+00
1.000000000000000000e+00
1.000000000000000000e+00
-1.000000000000000000e+00
-1.000000000000000000e+00
1.000000000000000000e+00
-1.000000000000000000e+00
1.000000000000000000e+00
1.000000000000000000e+00
1.000000000000000000e+00
-1.000000000000000000e+00
-1.000000000000000000e+00
1.000000000000000000e+00
-2.582090393466563993e-01
-1.000000000000000000e+00
-1.000000000000000000e+00
-9.060116920898105830e-01
1.000000000000000000e+00
1.000000000000000000e+00
-1.000000000000000000e+00
1.000000000000000000e+00
-1.000000000000000000e+00
-1.000000000000000000e+00
1.000000000000000000e+00
4.920328829622070410e-01
-1.000000000000000000e+00
-1.000000000000000000e+00
-1.000000000000000000e+00
-1.000000000000000000e+00
-7.519815456424127076e-01
-1.000000000000000000e+00
1.000000000000000000e+00
1.000000000000000000e+00
1.000000000000000000e+00
1.000000000000000000e+00
-1.000000000000000000e+00
-1.000000000000000000e+00
-2.675135968375144113e-01
-1.000000000000000000e+00
-1.000000000000000000e+00
-1.000000000000000000e+00
-1.000000000000000000e+00
-1.000000000000000000e+00
-1.000000000000000000e+00
1.000000000000000000e+00
1.000000000000000000e+00
1.000000000000000000e+00
-1.000000000000000000e+00
1.201258595464160805e-02
1.000000000000000000e+00
1.000000000000000000e+00
-3.963459056848754325e-01
1.000000000000000000e+00
-1.608428469937532579e-01
-1.000000000000000000e+00
1.000000000000000000e+00
-1.904967151554485816e-01
1.000000000000000000e+00
-1.000000000000000000e+00
-1.000000000000000000e+00
1.000000000000000000e+00
-1.000000000000000000e+00
-1.896109385320988716e-01
1.000000000000000000e+00
1.000000000000000000e+00
-1.000000000000000000e+00
6.898675923552344269e-01
-1.000000000000000000e+00
-1.000000000000000000e+00
9.938822572751339068e-01
7.741350532559869713e-01
3.648997555481205968e-01
-1.000000000000000000e+00
-1.000000000000000000e+00
1.000000000000000000e+00
-1.000000000000000000e+00
6.311535956491418631e-01
-1.000000000000000000e+00
-9.025000792724928722e-01
-1.000000000000000000e+00
9.282786135842083786e-01
1.000000000000000000e+00
-1.000000000000000000e+00
-1.000000000000000000e+00
1.000000000000000000e+00
1.000000000000000000e+00
-1.000000000000000000e+00
-1.000000000000000000e+00
-1.000000000000000000e+00
-1.000000000000000000e+00
1.000000000000000000e+00
-1.000000000000000000e+00
-4.664900381195620782e-01
-1.000000000000000000e+00
1.000000000000000000e+00
-1.000000000000000000e+00
4.454593999027582907e-01
4.406038152655950002e-01
1.790741803635611529e-01
1.000000000000000000e+00
-1.000000000000000000e+00
5.192261895228358348e-01
1.217231107517171007e-01
1.481812369844191513e-01
-1.000000000000000000e+00
-1.000000000000000000e+00
-1.000000000000000000e+00
1.000000000000000000e+00
-1.000000000000000000e+00
-1.000000000000000000e+00
1.000000000000000000e+00
1.000000000000000000e+00
-1.000000000000000000e+00
1.000000000000000000e+00
-1.000000000000000000e+00
-1.000000000000000000e+00
-1.000000000000000000e+00
1.000000000000000000e+00
-3.839347515482952611e-01
1.000000000000000000e+00
7.343832966230490200e-02
1.000000000000000000e+00
1.000000000000000000e+00
-1.000000000000000000e+00
1.000000000000000000e+00
-1.000000000000000000e+00
1.000000000000000000e+00
-1.000000000000000000e+00
1.000000000000000000e+00
5.077155215429565160e-01
-1.000000000000000000e+00
-8.523752954524785874e-01
-1.000000000000000000e+00
6.052967579551327137e-02
-2.100526805843658251e-02
-9.414254657852025865e-01
-1.000000000000000000e+00
1.000000000000000000e+00
1.000000000000000000e+00
6.368201339858483578e-01
1.000000000000000000e+00
