-6.325923085724394213e-01
-1.000000000000000000e+00
-9.562710898189550335e-01
1.000000000000000000e+00
2.256326348584491992e-01
5.967300318167934048e-01
-8.507533804878208983e-01
-1.000000000000000000e+00
-5.331582790796429716e-01
-7.132732672578493416e-01
6.005766098928067009e-02
1.000000000000000000e+00
2.493638409438019010e-01
-9.203066700363106145e-01
-7.809629702424788489e-01
-5.607098628598057299e-01
1.000000000000000000e+00
6.871731527745273960e-01
-7.891258139752084233e-01
1.000000000000000000e+00
-1.000000000000000000e+00
-2.942039140847041434e-01
1.000000000000000000e+00
1.427904692676915666e-01
4.484768724910677129e-01
1.000000000000000000e+00
-3.296641760150776923e-01
3.053970816855736681e-01
-6.075639419752141279e-01
1.000000000000000000e+00
4.233206501484067519e-01
1.000000000000000000e+00
1.000000000000000000e+00
-6.156692353402712925e-01
-1.000000000000000000e+00
1.000000000000000000e+00
-8.233959803677868283e-01
-4.592228701052586404e-01
1.000000000000000000e+00
-1.131514068647831994e-01
1.000000000000000000e+00
-1.000000000000000000e+00
-1.000000000000000000e+00
-1.350736093327808973e-01
1.000000000000000000e+00
-6.118070679613680785e-01
-3.356383137848836240e-01
8.379628479718519429e-01
3.175740015058514665e-01
-5.492686821725347723e-01
-9.253964300916455166e-01
1.306476360270885095e-01
1.000000000000000000e+00
1.000000000000000000e+00
1.000000000000000000e+00
1.000000000000000000e+00
8.952170768928763289e-01
2.588285625175869020e-01
-1.000000000000000000e+00
-1.000000000000000000e+00
8.472419358152467606e-01
1.000000000000000000e+00
1.000000000000000000e+00
5.293531344752011591e-02
-1.000000000000000000e+00
-8.292179069933158786e-02
-3.947377622985224210e-01
1.000000000000000000e+00
1.000000000000000000e+00
5.503130832713071241e-01
1.000000000000000000e+00
-3.584712685701973989e-01
1.000000000000000000e+00
3.028646527159929436e-01
-6.538446048867316840e-01
-9.443124112101468626e-01
1.644496403923597083e-01
1.000000000000000000e+00
8.855189384120195628e-01
1.000000000000000000e+00
-1.000000000000000000e+00
-4.527202884287720441e-02
-1.000000000000000000e+00
1.000000000000000000e+00
-1.000000000000000000e+00
-1.000000000000000000e+00
-1.000000000000000000e+00
1.000000000000000000e+00
5.466661138195960667e-01
1.000000000000000000e+00
8.676900874138735453e-01
1.000000000000000000e+00
-1.000000000000000000e+00
-1.000000000000000000e+00
-4.222872422855356023e-02
-2.092156126644011405e-01
1.991871214335786400e-01
-1.096459155877546054e-01
1.000000000000000000e+00
2.408761816202987793e-01
1.000000000000000000e+00
5.642349973888516335e-02
-3.234594271773805207e-01
1.000000000000000000e+00
1.000000000000000000e+00
4.308173811363333883e-01
1.000000000000000000e+00
1.000000000000000000e+00
-1.000000000000000000e+00
-6.958950054416446207e-02
5.530798108701844296e-01
9.776032218828829556e-01
-1.000000000000000000e+00
1.000000000000000000e+00
-1.000000000000000000e+00
1.000000000000000000e+00
4.025704732325023905e-01
-1.059500938099702250e-01
-1.000000000000000000e+00
1.000000000000000000e+00
-3.386274941159985730e-01
1.000000000000000000e+00
-1.000000000000000000e+00
-8.765944470098598895e-01
-6.304643233597719831e-01
1.000000000000000000e+00
1.000000000000000000e+00
-9.625923388694740401e-02
4.761523383736783188e-01
1.738466249871060132e-01
-1.000000000000000000e+00
-1.000000000000000000e+00
1.000000000000000000e+00
-3.712382792149255817e-01
3.906778917876532198e-01
-1.735032793340562929e-02
-2.439299070949958459e-01
1.569816813192250748e-01
-4.380803285556329474e-01
7.223618756051524148e-01
1.000000000000000000e+00
1.000000000000000000e+00
7.049968446954665291e-01
-5.397615680287227713e-01
-9.706755022744106842e-02
1.000000000000000000e+00
-1.000000000000000000e+00
1.000000000000000000e+00
-4.319442652546396921e-01
4.059330378479741874e-02
1.000000000000000000e+00
-6.155284995562617656e-01
9.298217212268040655e-01
5.966015664550081699e-01
9.343066593861767410e-01
-1.000000000000000000e+00
-1.000000000000000000e+00
-1.000000000000000000e+00
-1.000000000000000000e+00
-7.132785294956858202e-01
4.717500803477402971e-01
-9.675593937411619549e-01
-4.723957131953814281e-01
1.000000000000000000e+00
5.923068986229262922e-01
1.000000000000000000e+00
1.000000000000000000e+00
6.559478512699177255e-01
-2.843570795604495327e-01
-1.017325277638115588e-01
1.000000000000000000e+00
-1.288869267174260758e-01
3.155790469026905631e-01
-1.030757597065596887e-01
7.060947433402291473e-01
-2.815563354640185922e-01
-2.598769449716153979e-01
5.308792452403036100e-01
-2.953602702211883813e-01
-1.000000000000000000e+00
5.599725727253952456e-01
3.069067824694693414e-01
1.000000000000000000e+00
1.000000000000000000e+00
1.000000000000000000e+00
-1.857283496493944419e-01
1.000000000000000000e+00
-1.000000000000000000e+00
5.132968987535213579e-01
-1.595101666538448204e-01
-8.003897181770741609e-01
1.000000000000000000e+00
-6.501860293695731485e-01
-1.000000000000000000e+00
1.000000000000000000e+00
9.578805269152157464e-01
1.000000000000000000e+00
-1.000000000000000000e+00
-9.669209894218931955e-01
5.838910406931394625e-01
1.000000000000000000e+00
1.000000000000000000e+00
-2.208910615000364286e-01
-7.247919529902051572e-01
-1.000000000000000000e+00
-2.323575984956269547e-01
1.000000000000000000e+00
-1.000000000000000000e+00
-1.000000000000000000e+00
1.000000000000000000e+00
-6.186328961114702096e-01
-7.786059309297912456e-01
7.713490968827054761e-01
1.000000000000000000e+00
5.819369879340543505e-01
-7.668581060739759758e-01
-1.000000000000000000e+00
1.000000000000000000e+00
1.453375737466690576e-01
-1.000000000000000000e+00
1.000000000000000000e+00
-2.225863399455536157e-02
-1.000000000000000000e+00
-1.000000000000000000e+00
-4.887841449676926242e-01
1.874747037646715686e-01
8.770720889251799601e-01
-5.820345305262263347e-01
-3.254504868015513641e-01
1.196394079429647928e-01
-5.221638385258245973e-01
3.751855147416808256e-01
2.295666822263637830e-01
1.000000000000000000e+00
-1.000000000000000000e+00
-9.810657564660683061e-01
-7.107613507701064925e-01
-2.958493886381030613e-01
6.911946871029844841e-01
1.000000000000000000e+00
-7.905184060085467257e-01
-6.697040831008678197e-01
-1.227844180826742626e-01
7.872785459072343395e-01
-8.935444216322837585e-01
-2.114979434058159580e-01
2.301714515181553788e-01
-4.760959043102013788e-01
-7.477281680371590245e-01
1.663069586620965490e-01
-4.322404098259720051e-01
-1.000000000000000000e+00
1.365280700575322026e-01
1.000000000000000000e+00
1.000000000000000000e+00
-1.012264057210872092e-01
-9.926997793650151891e-01
1.000000000000000000e+00
-1.000000000000000000e+00
-2.052241459515141697e-02
1.902298995627318412e-01
1.000000000000000000e+00
-2.612828801508814136e-01
-4.083435236308463612e-01
1.000000000000000000e+00
