1.000000000000000000e+00
1.000000000000000000e+00
-1.000000000000000000e+00
9.552887212709207931e-01
-1.000000000000000000e+00
7.947957940822039102e-01
1.000000000000000000e+00
-1.000000000000000000e+00
9.442989433789179543e-01
1.000000000000000000e+00
-3.496041308975713635e-01
-8.089054598728139256e-01
5.716698975659628701e-02
-9.162641230987761398e-01
1.027441052642074637e-01
1.000000000000000000e+00
-1.000000000000000000e+00
9.297691114486374975e-01
-1.000000000000000000e+00
3.843052542066406341e-01
-1.000000000000000000e+00
1.000000000000000000e+00
1.000000000000000000e+00
-1.000000000000000000e+00
-1.000000000000000000e+00
-1.000000000000000000e+00
-1.119681982252593300e-01
-1.000000000000000000e+00
5.329978329327051956e-01
-1.000000000000000000e+00
4.401743455663286730e-01
-8.023952945779058155e-01
1.000000000000000000e+00
-5.866497680733961939e-02
-1.000000000000000000e+00
1.000000000000000000e+00
-1.000000000000000000e+00
1.000000000000000000e+00
-1.000000000000000000e+00
1.000000000000000000e+00
-1.000000000000000000e+00
1.000000000000000000e+00
1.000000000000000000e+00
-1.000000000000000000e+00
1.000000000000000000e+00
-1.000000000000000000e+00
-1.000000000000000000e+00
-1.000000000000000000e+00
1.000000000000000000e+00
-1.000000000000000000e+00
-1.000000000000000000e+00
-3.705775044065444668e-01
-1.000000000000000000e+00
1.000000000000000000e+00
2.803303546810401725e-01
1.000000000000000000e+00
-1.000000000000000000e+00
-1.000000000000000000e+00
-1.000000000000000000e+00
-1.000000000000000000e+00
-1.000000000000000000e+00
1.000000000000000000e+00
5.102047642849574238e-01
-1.000000000000000000e+00
1.000000000000000000e+00
1.000000000000000000e+00
-2.664063943658836475e-01
1.000000000000000000e+00
1.000000000000000000e+00
-4.868196589258643181e-01
-1.000000000000000000e+00
-1.000000000000000000e+00
-4.508897629943700025e-01
-1.000000000000000000e+00
-1.000000000000000000e+00
1.000000000000000000e+00
-8.572276223725763256e-01
-1.000000000000000000e+00
-1.000000000000000000e+00
-5.845576954105066170e-01
2.529526708262948009e-01
-1.000000000000000000e+00
-6.118807734598323833e-01
-6.666109171759466712e-01
-1.000000000000000000e+00
-1.000000000000000000e+00
-5.298977845691423827e-01
3.020413942585944422e-01
-6.431010497709861440e-01
1.000000000000000000e+00
5.600259233418558580e-03
1.000000000000000000e+00
1.000000000000000000e+00
1.000000000000000000e+00
-8.982887068388502039e-01
-4.378481724106631501e-01
-1.000000000000000000e+00
1.000000000000000000e+00
-4.750430080583174508e-01
-6.575351125224399018e-02
-1.000000000000000000e+00
-1.218242223112194766e-01
-1.000000000000000000e+00
1.000000000000000000e+00
-9.182987280695527055e-01
-1.000000000000000000e+00
-1.000000000000000000e+00
-1.353327311712058112e-01
1.000000000000000000e+00
1.000000000000000000e+00
1.000000000000000000e+00
-1.000000000000000000e+00
-1.000000000000000000e+00
1.000000000000000000e+00
9.291553451253630191e-01
-1.000000000000000000e+00
-1.000000000000000000e+00
-1.000000000000000000e+00
-5.308710199664825602e-01
9.510683640761172786e-01
-1.000000000000000000e+00
1.000000000000000000e+00
1.000000000000000000e+00
1.000000000000000000e+00
-1.000000000000000000e+00
2.651621013123256487e-02
-4.233720811014468621e-01
1.000000000000000000e+00
1.000000000000000000e+00
6.357999353177291590e-01
-1.000000000000000000e+00
-2.744704392935768400e-01
4.390025812570267916e-01
-1.000000000000000000e+00
1.000000000000000000e+00
-5.763483408671394859e-01
-1.000000000000000000e+00
1.000000000000000000e+00
1.000000000000000000e+00
1.000000000000000000e+00
5.128130515180061577e-01
3.454970944133114452e-01
-1.000000000000000000e+00
1.763351496090154180e-02
-5.248005345461358440e-01
-1.000000000000000000e+00
-1.000000000000000000e+00
1.000000000000000000e+00
-6.644515478043047096e-01
-2.453729247470664010e-01
1.000000000000000000e+00
-1.000000000000000000e+00
-7.659299873804923386e-01
4.088767928743222146e-01
6.818645098624288581e-01
-1.000000000000000000e+00
1.000000000000000000e+00
-1.000000000000000000e+00
-9.742686417796626586e-01
1.000000000000000000e+00
-1.000000000000000000e+00
-1.000000000000000000e+00
-2.533277136735484492e-01
-1.000000000000000000e+00
8.950348393878845288e-01
-9.735669634286145957e-01
1.000000000000000000e+00
1.000000000000000000e+00
-1.000000000000000000e+00
1.000000000000000000e+00
-3.419917370487317587e-01
-1.000000000000000000e+00
1.000000000000000000e+00
1.000000000000000000e+00
-7.064504925739026886e-01
-1.000000000000000000e+00
2.715877217051723136e-01
1.000000000000000000e+00
-1.000000000000000000e+00
1.000000000000000000e+00
1.000000000000000000e+00
5.095994329227817587e-01
9.313834258401625377e-01
1.000000000000000000e+00
-2.797665208848399976e-01
1.761901699402717014e-01
1.000000000000000000e+00
1.000000000000000000e+00
-8.009818552123741942e-01
-4.838228811931610251e-01
4.827064106897720475e-01
7.569372990843512561e-01
-1.000000000000000000e+00
1.000000000000000000e+00
1.000000000000000000e+00
1.000000000000000000e+00
-1.000000000000000000e+00
-1.000000000000000000e+00
-1.000000000000000000e+00
-1.000000000000000000e+00
7.484298940589020344e-01
-1.000000000000000000e+00
-1.000000000000000000e+00
4.639599111183598801e-01
7.343021436784888945e-01
1.000000000000000000e+00
-1.000000000000000000e+00
-2.830511078438853190e-01
1.000000000000000000e+00
1.266290268130143559e-01
-1.000000000000000000e+00
-5.226394636984932340e-03
1.000000000000000000e+00
9.377442443678289941e-01
1.000000000000000000e+00
1.000000000000000000e+00
1.000000000000000000e+00
1.000000000000000000e+00
3.234366886952958486e-01
-1.096628066101819066e-01
5.746313374612180280e-02
-1.000000000000000000e+00
-1.000000000000000000e+00
1.000000000000000000e+00
5.402669095079821737e-01
-1.423615828749844603e-01
-1.000000000000000000e+00
1.000000000000000000e+00
-1.000000000000000000e+00
1.000000000000000000e+00
-1.000000000000000000e+00
7.271095542760832586e-01
-1.000000000000000000e+00
1.990086107966406725e-01
9.034673147976335361e-01
1.000000000000000000e+00
-1.000000000000000000e+00
-1.000000000000000000e+00
-1.000000000000000000e+00
1.000000000000000000e+00
5.892680926243927253e-01
-1.000000000000000000e+00
-1.000000000000000000e+00
-1.000000000000000000e+00
-1.000000000000000000e+00
-1.000000000000000000e+00
-8.200062765018456545e-01
1.000000000000000000e+00
-1.000000000000000000e+00
1.000000000000000000e+00
5.598858181790358213e-01
1.000000000000000000e+00
-7.303473622812853838e-01
-1.000000000000000000e+00
-1.000000000000000000e+00
-8.291001174286780628e-01
-1.000000000000000000e+00
1.000000000000000000e+00
1.000000000000000000e+00
-9.396166648329522531e-01
-1.000000000000000000e+00
-5.287064014462823369e-01
1.000000000000000000e+00
1.000000000000000000e+00
-1.000000000000000000e+00
