-1.000000000000000000e+00
-3.492560560136134251e-01
-7.622999606445287624e-01
-9.669357430519951446e-01
1.853358420048346611e-01
-1.000000000000000000e+00
1.000000000000000000e+00
7.509456539064907066e-01
-9.806376962106554407e-01
1.000000000000000000e+00
-7.139637615943739135e-02
-1.000000000000000000e+00
1.000000000000000000e+00
-1.000000000000000000e+00
1.021751206797636424e-01
-6.574800929515545178e-01
1.000000000000000000e+00
-1.000000000000000000e+00
-8.646798565055922037e-01
-5.774330158365869048e-01
1.000000000000000000e+00
7.301599480293463618e-02
1.000000000000000000e+00
-1.000000000000000000e+00
9.774091644620819253e-01
7.107530261616755718e-01
-1.000000000000000000e+00
-7.881201456439765884e-01
-1.000000000000000000e+00
-1.000000000000000000e+00
1.000000000000000000e+00
6.519128772638652647e-01
-2.916343631326978603e-01
4.386239008736257938e-01
1.000000000000000000e+00
1.000000000000000000e+00
-6.233588167363035559e-02
1.000000000000000000e+00
3.967845457253320607e-01
5.590925697457083121e-01
-8.726159362652086138e-02
8.112812728734872803e-01
4.860323653114129172e-02
-1.000000000000000000e+00
-1.000000000000000000e+00
-8.985341016503793909e-01
5.383214925670027906e-01
1.315156843841410739e-01
-1.000000000000000000e+00
-1.000000000000000000e+00
-1.000000000000000000e+00
1.678078277682808483e-01
1.000000000000000000e+00
3.597702156591270350e-01
1.000000000000000000e+00
-1.000000000000000000e+00
-1.246559029429433751e-02
1.000000000000000000e+00
-1.000000000000000000e+00
1.000000000000000000e+00
-1.000000000000000000e+00
-7.594267297009472673e-01
-1.000000000000000000e+00
-1.000000000000000000e+00
9.165496843792114712e-01
-1.000000000000000000e+00
-2.132333313472991598e-01
1.000000000000000000e+00
1.000000000000000000e+00
-1.000000000000000000e+00
1.000000000000000000e+00
-9.593168813038022158e-01
1.000000000000000000e+00
-8.253856960222839545e-01
-1.000000000000000000e+00
-6.548053624836080999e-02
-1.000000000000000000e+00
-1.000000000000000000e+00
7.509084302176953774e-01
-6.923202913647189538e-01
1.000000000000000000e+00
1.000000000000000000e+00
-6.241904124155104316e-01
-9.786394284900316043e-01
2.275553652167749963e-03
1.000000000000000000e+00
4.566724337678158552e-01
-6.277381006224127535e-01
9.937989761281981194e-01
-1.000000000000000000e+00
-7.650434001816285301e-01
-1.000000000000000000e+00
-4.909483406437545883e-01
1.000000000000000000e+00
-3.306445468870571891e-01
1.000000000000000000e+00
6.254642944851629416e-01
9.615926909760046382e-01
-1.000000000000000000e+00
3.917130374404119708e-01
1.000000000000000000e+00
-6.905514464555045917e-01
-8.233151813890520199e-01
-8.167007885147858914e-01
2.961369085527775225e-01
-5.566438953972305814e-01
1.000000000000000000e+00
-1.640089928291932342e-02
1.000000000000000000e+00
-6.980428873537287693e-01
-1.000000000000000000e+00
1.348833844446108987e-01
1.000000000000000000e+00
-6.001605252808613900e-01
5.908490552279566099e-01
-9.995423814643916716e-01
9.793438775445976185e-01
1.000000000000000000e+00
4.116362365927553890e-01
-9.468825234990001505e-01
-4.974891910384238725e-01
-1.000000000000000000e+00
-7.010866205158481357e-01
1.000000000000000000e+00
1.903775204735833615e-01
-1.000000000000000000e+00
-1.000000000000000000e+00
-9.827207850412911228e-03
9.900587668893443549e-01
1.000000000000000000e+00
-1.578097268690553667e-01
-1.225562707985561328e-01
-1.000000000000000000e+00
4.655522475030126062e-01
1.000000000000000000e+00
-1.000000000000000000e+00
-1.209367975274526774e-01
-1.000000000000000000e+00
-1.000000000000000000e+00
1.000000000000000000e+00
-1.000000000000000000e+00
1.000000000000000000e+00
1.000000000000000000e+00
-1.000000000000000000e+00
1.000000000000000000e+00
8.128139753934531253e-01
-1.000000000000000000e+00
1.000000000000000000e+00
-4.823172588226395385e-01
3.398262174709397732e-01
-1.000000000000000000e+00
-6.532810559972554998e-01
1.000000000000000000e+00
8.700112743697498985e-01
1.000000000000000000e+00
-7.138310070686503250e-01
-4.435089730010879361e-01
2.197372720251201117e-01
1.000000000000000000e+00
9.181677910534514764e-01
2.677264921514067586e-01
-3.840442905164072052e-01
1.000000000000000000e+00
1.000000000000000000e+00
1.000000000000000000e+00
-4.727231574233909939e-01
-1.000000000000000000e+00
-1.000000000000000000e+00
-1.000000000000000000e+00
-1.000000000000000000e+00
-8.904064355464765823e-01
-2.148608056377971920e-01
1.000000000000000000e+00
7.832518908777574840e-01
-5.372522430901582879e-01
1.000000000000000000e+00
-8.042540494172154553e-01
1.772927709348318670e-01
-1.000000000000000000e+00
-3.948961493853239135e-01
-6.650238619037954768e-01
-1.000000000000000000e+00
1.000000000000000000e+00
-1.000000000000000000e+00
-9.908407503181103637e-01
-1.000000000000000000e+00
-5.021517320371372550e-01
1.000000000000000000e+00
3.999833432268209421e-01
1.000000000000000000e+00
-1.000000000000000000e+00
4.768684067739803467e-02
-1.000000000000000000e+00
-5.793388145762778940e-02
9.125590207218454708e-01
1.000000000000000000e+00
-4.916149614246599908e-01
-7.945428304721947610e-01
-1.000000000000000000e+00
1.000000000000000000e+00
9.051251003203261147e-01
4.231891939644514267e-01
4.659825822692987840e-01
1.000000000000000000e+00
7.401775956844039994e-01
2.261750372381434726e-01
1.000000000000000000e+00
-2.382792141990568435e-01
-8.412211807713086964e-01
-1.000000000000000000e+00
-1.000000000000000000e+00
1.000000000000000000e+00
-1.000000000000000000e+00
-1.000000000000000000e+00
1.000000000000000000e+00
4.470490353897895175e-01
-7.084742214473132016e-01
-1.000000000000000000e+00
1.000000000000000000e+00
-1.000000000000000000e+00
-3.747977432686409038e-01
-1.000000000000000000e+00
-1.000000000000000000e+00
-7.094662396888562483e-01
1.175808018118784659e-01
-1.000000000000000000e+00
-3.623699594011612346e-01
7.101312208259368264e-01
1.000000000000000000e+00
-1.000000000000000000e+00
-2.426766911843613039e-01
5.927831512348801235e-01
-8.639724323704058850e-01
-7.547373661235189379e-01
1.000000000000000000e+00
-2.650847018878388361e-01
-1.000000000000000000e+00
-2.747995385462986828e-01
1.000000000000000000e+00
1.000000000000000000e+00
-1.000000000000000000e+00
6.321482664689048736e-01
1.000000000000000000e+00
-8.111368003998856713e-01
1.000000000000000000e+00
-1.000000000000000000e+00
-1.000000000000000000e+00
1.000000000000000000e+00
4.703391720620123673e-01
-1.000000000000000000e+00
-1.000000000000000000e+00
-4.744324620816064986e-01
9.434250071549132866e-01
2.416044931508783966e-01
7.519913762773530186e-01
-1.000000000000000000e+00
1.939067470838798934e-01
-1.000000000000000000e+00
1.000000000000000000e+00
-1.000000000000000000e+00
2.907578377524631108e-01
3.924106267922531366e-01
-4.817721676891114635e-01
1.000000000000000000e+00
-1.000000000000000000e+00
