-1.000000000000000000e+00
7.833294058547917160e-01
-7.150127431649798693e-01
-1.000000000000000000e+00
1.557674649502217568e-01
-6.301488306161258102e-01
-1.000000000000000000e+00
-1.000000000000000000e+00
1.000000000000000000e+00
-7.877573149049673651e-01
1.000000000000000000e+00
-2.053277157706590028e-03
-1.000000000000000000e+00
5.555001744629058935e-01
7.833849081880961407e-01
-4.421670141112090668e-01
8.525005817871071923e-01
-1.000000000000000000e+00
-1.639866801573962585e-01
-2.537768450311278512e-02
-5.417662218111726213e-01
1.000000000000000000e+00
-5.701273141110999587e-01
3.047644654618786308e-02
-6.887270258593561900e-01
-3.805241349405114049e-01
5.012998033262310305e-01
1.000000000000000000e+00
6.468091682417294042e-01
1.000000000000000000e+00
9.742925906765388389e-01
-1.632129565181281716e-01
-5.184329122081898777e-01
-1.000000000000000000e+00
-7.720663081108467551e-01
-3.445825248357015091e-02
-6.128240818978571980e-01
-1.000000000000000000e+00
-2.034958976995755453e-01
-6.125118752396201405e-01
-1.000000000000000000e+00
-9.240056829117910819e-01
-9.667222854778856345e-01
6.064933386112669744e-02
-5.257573599447866730e-01
-1.000000000000000000e+00
-1.000000000000000000e+00
-6.230851766865467267e-01
-7.855588562564876920e-01
-5.988065178127210952e-02
-7.829895502966033316e-01
-8.671180264608259192e-01
3.871542167308905658e-02
-3.849710478534773550e-01
1.000000000000000000e+00
-1.000000000000000000e+00
7.650944275793625238e-02
1.043758656376330141e-01
9.631960183202967762e-01
-1.000000000000000000e+00
1.000000000000000000e+00
-2.224725820976158897e-02
-5.762608154496876578e-01
-4.420241012481594955e-01
9.555465599215900996e-01
-3.072810367463008063e-02
3.894381271062357097e-01
-5.788531318873607612e-01
-1.285289007310572718e-01
-8.986620898817127001e-01
-1.000000000000000000e+00
-7.857575781133995241e-01
1.000000000000000000e+00
1.758029047637766351e-01
1.000000000000000000e+00
1.000000000000000000e+00
-3.098726393922492939e-01
-1.000000000000000000e+00
-2.277141090488396247e-01
3.416658233689817692e-01
-3.609149654947469421e-01
1.000000000000000000e+00
3.211877392065709547e-01
-5.544258980178873308e-01
-1.000000000000000000e+00
1.000000000000000000e+00
-1.000000000000000000e+00
6.266711074733988251e-02
6.987171720349983906e-01
1.000000000000000000e+00
-8.733264095836933416e-01
-4.398404448244908060e-01
3.227173402005945047e-02
1.000000000000000000e+00
3.018520241808289040e-01
7.988167241157855258e-01
-4.569145302731139058e-01
7.722676378554438337e-01
-2.723605662833945562e-01
-1.000000000000000000e+00
-1.000000000000000000e+00
2.510514706887041481e-01
3.026274578666117154e-01
-3.182506530120539079e-01
-3.047003111961528177e-01
-4.606144147699978153e-01
2.481014402146848319e-01
-9.916012040039332565e-01
1.000000000000000000e+00
5.903678607147658797e-01
-1.000000000000000000e+00
1.000000000000000000e+00
-1.000000000000000000e+00
2.479569302738782177e-02
-9.887371840441727677e-02
-3.539334009337327114e-01
-8.804307000121477378e-01
-5.453377885596195629e-01
1.000000000000000000e+00
-1.000000000000000000e+00
-4.189784960074116604e-01
1.000000000000000000e+00
-1.098615986743863571e-01
8.342029688886982708e-01
-9.099976925662294214e-01
1.000000000000000000e+00
-7.803593953121863436e-01
7.098106273379127806e-01
-7.358580260734559619e-01
1.035544779991128816e-01
4.643219749539451158e-02
9.493468822459193435e-01
9.954910626500963478e-01
-3.966068669538073688e-01
-2.186996850613631693e-02
1.000000000000000000e+00
1.259168293788970328e-01
5.781828232836165871e-01
-1.385905697153682059e-01
8.635253730010830076e-01
3.127854811985568417e-02
1.000000000000000000e+00
1.000000000000000000e+00
4.583963619812009282e-01
7.257981458095819072e-02
2.906107824719208477e-01
1.000000000000000000e+00
-4.492572371237334994e-01
5.052729570619919341e-01
2.262672404005585669e-01
1.000000000000000000e+00
6.066653270695846478e-01
6.348702807806109183e-01
1.000000000000000000e+00
-1.000000000000000000e+00
1.000000000000000000e+00
-8.814784112999998200e-01
1.328210709741936002e-01
-6.730709180916265577e-01
5.378155673836932937e-01
7.722255340930794798e-01
-8.646741355861724543e-01
7.390520083709135601e-01
1.718732244358562866e-01
7.965390275141837062e-02
-1.528428021209662369e-01
-7.539549624846431097e-01
1.000000000000000000e+00
3.849314667513306087e-01
-3.511374069993844493e-01
9.918443026871076595e-02
-4.384086299173239887e-02
9.559010285573623644e-01
1.000000000000000000e+00
1.000000000000000000e+00
8.469256944724103953e-01
-4.265157318227947858e-01
1.000000000000000000e+00
-1.518137425361509862e-01
-1.000000000000000000e+00
3.708622144911941088e-01
-1.000000000000000000e+00
2.459499501089600915e-01
1.000000000000000000e+00
9.353686768454337885e-01
3.397800482140499456e-01
-3.800673604539506201e-02
1.000000000000000000e+00
-3.233332910326036647e-02
5.685722145096276936e-01
3.651960002558791718e-01
-3.615683891839889252e-01
1.728024232655913095e-01
-1.000000000000000000e+00
-1.000000000000000000e+00
-1.000000000000000000e+00
8.214909163897852196e-01
1.000000000000000000e+00
7.713608864335388393e-01
-3.192907056061577431e-01
2.313380720559894410e-01
-9.548500965843040866e-01
1.604613166288400006e-01
1.000000000000000000e+00
1.000000000000000000e+00
-8.204298332086094048e-01
1.000000000000000000e+00
-3.069478305761144110e-01
-1.000000000000000000e+00
1.000000000000000000e+00
4.743487542872764084e-01
9.165016821043074913e-01
2.234608572901946033e-01
5.825807081566556356e-01
1.000000000000000000e+00
-1.000000000000000000e+00
7.341989802698783985e-01
-1.000000000000000000e+00
8.283357795091279563e-01
8.418508105090027893e-01
-5.829518080208169195e-01
-5.592996685280419156e-01
1.000000000000000000e+00
-1.000000000000000000e+00
7.867543439608484235e-01
-1.000000000000000000e+00
-6.927144492742940418e-01
2.308547067592063851e-01
3.343399150732753178e-01
1.705401740606400374e-01
-1.000000000000000000e+00
-3.870402004123452144e-01
9.573113459635133049e-01
9.884913797474658148e-01
1.000000000000000000e+00
1.000000000000000000e+00
1.000000000000000000e+00
-2.696459788709082428e-01
-1.000000000000000000e+00
1.000000000000000000e+00
-1.000000000000000000e+00
1.000000000000000000e+00
6.904752938754524783e-01
-6.813678875108148958e-01
4.473934569828716956e-01
1.000000000000000000e+00
1.000000000000000000e+00
1.000000000000000000e+00
-1.000000000000000000e+00
1.000000000000000000e+00
1.000000000000000000e+00
1.000000000000000000e+00
-2.792942379004672016e-01
-3.232629923368871006e-01
-9.539165857195679443e-01
-4.787633652590539413e-02
1.000000000000000000e+00
-1.000000000000000000e+00
1.000000000000000000e+00
-8.782724568743678351e-01
7.245424071076382866e-01
7.963979624206645180e-01
9.359397672598729345e-01
4.045811940045417887e-01
-8.995119919639651407e-01
