4.495124603299549548e-02
-3.730507724195275543e-01
-1.000000000000000000e+00
-8.793761291592843143e-01
-3.427698106640179043e-01
-1.000000000000000000e+00
1.000000000000000000e+00
1.000000000000000000e+00
6.391317210811398031e-01
1.000000000000000000e+00
6.186640432704775261e-01
1.000000000000000000e+00
1.000000000000000000e+00
1.000000000000000000e+00
1.752228282480021715e-01
-1.000000000000000000e+00
-6.153996461045351252e-01
1.000000000000000000e+00
-7.420680199916716013e-01
-4.433069264438448398e-01
-1.000000000000000000e+00
2.205731719068240171e-01
9.097627677958620707e-01
-1.000000000000000000e+00
-1.000000000000000000e+00
-1.000000000000000000e+00
1.000000000000000000e+00
6.939476298522950781e-02
4.049359050583065667e-01
1.768993068027646387e-01
1.000000000000000000e+00
8.634984185393863587e-01
1.000000000000000000e+00
4.468873188428079679e-01
1.000000000000000000e+00
1.000000000000000000e+00
4.284600744885361800e-01
-9.153898645834519510e-01
9.400736583071134245e-01
-8.802700333787392140e-01
-1.000000000000000000e+00
1.000000000000000000e+00
6.487731956289153334e-01
-1.000000000000000000e+00
-1.000000000000000000e+00
-1.000000000000000000e+00
-1.000000000000000000e+00
7.431054290896232928e-02
-1.000000000000000000e+00
-1.000000000000000000e+00
1.000000000000000000e+00
1.000000000000000000e+00
-1.000000000000000000e+00
1.000000000000000000e+00
-4.496457568901985891e-01
-1.000000000000000000e+00
-1.000000000000000000e+00
-1.000000000000000000e+00
1.000000000000000000e+00
1.000000000000000000e+00
6.001600446410642054e-01
-1.000000000000000000e+00
1.855231782457447409e-01
1.000000000000000000e+00
-1.000000000000000000e+00
-6.645281918039247504e-01
-1.000000000000000000e+00
-1.000000000000000000e+00
-7.248689129558015809e-01
-5.701452705454154168e-01
1.000000000000000000e+00
7.725472480101140960e-01
2.607873617901078633e-01
-1.000000000000000000e+00
-1.000000000000000000e+00
1.000000000000000000e+00
1.000000000000000000e+00
-1.000000000000000000e+00
7.213506204881159345e-02
3.152297823766094798e-01
-1.000000000000000000e+00
1.000000000000000000e+00
1.000000000000000000e+00
1.000000000000000000e+00
-1.000000000000000000e+00
2.779783649245159971e-01
-5.332551538880558883e-02
-7.923518611292542646e-01
-1.000000000000000000e+00
8.510474911612810889e-01
-9.055975830473946830e-01
3.798207638586338364e-01
1.391552419454114009e-01
1.000000000000000000e+00
-1.000000000000000000e+00
1.000000000000000000e+00
-1.000000000000000000e+00
1.000000000000000000e+00
8.523228914488032437e-01
-1.000000000000000000e+00
1.000000000000000000e+00
1.000000000000000000e+00
4.934835797870652518e-01
-1.000000000000000000e+00
-5.583653646440782659e-01
-1.000000000000000000e+00
9.426678946901472234e-01
-1.000000000000000000e+00
-1.255962325338707553e-01
1.000000000000000000e+00
-1.000000000000000000e+00
1.000000000000000000e+00
1.525152972835181475e-01
1.000000000000000000e+00
1.000000000000000000e+00
-7.341138389973727030e-01
-2.673308134094831701e-01
-1.000000000000000000e+00
-1.774412567547369868e-01
-1.000000000000000000e+00
1.000000000000000000e+00
-1.000000000000000000e+00
6.534075668181273944e-01
-1.000000000000000000e+00
-8.600210257758960086e-01
-1.000000000000000000e+00
-1.000000000000000000e+00
1.351002205568776482e-01
-3.705851814385511256e-01
-3.958186478116869633e-01
1.000000000000000000e+00
-9.996901449294279818e-01
1.000000000000000000e+00
1.000000000000000000e+00
-1.000000000000000000e+00
-8.861716778127979310e-01
-3.144265872415370477e-01
-5.634338644295029397e-01
1.000000000000000000e+00
4.190453316657601901e-01
1.000000000000000000e+00
1.000000000000000000e+00
3.692467477861481884e-01
1.000000000000000000e+00
1.579576822525605717e-01
1.000000000000000000e+00
1.000000000000000000e+00
1.000000000000000000e+00
8.823321981983056617e-02
1.000000000000000000e+00
-1.887055384474063402e-01
3.669695209398096680e-01
-8.118858287294721254e-01
1.000000000000000000e+00
1.000000000000000000e+00
8.939139111504096347e-01
1.000000000000000000e+00
5.512658909263071783e-01
9.312145789686622210e-01
1.683586359562534995e-01
3.382846121716518439e-01
-7.260807960183004450e-01
1.000000000000000000e+00
1.000000000000000000e+00
-1.000000000000000000e+00
-1.000000000000000000e+00
-3.723252262480377661e-01
-1.000000000000000000e+00
-1.836887308539152386e-01
-2.771897929896781632e-01
-1.000000000000000000e+00
7.591809414687533675e-01
1.000000000000000000e+00
-2.843994139311428193e-01
-1.000000000000000000e+00
3.606618466017857960e-02
1.000000000000000000e+00
1.000000000000000000e+00
1.000000000000000000e+00
-1.000000000000000000e+00
1.543296275071861512e-01
9.323308117477077106e-01
-7.282664009829755702e-01
1.000000000000000000e+00
2.407623074162628107e-01
1.000000000000000000e+00
-6.290738831650228846e-01
4.262620961628209582e-01
-1.128213007093081810e-01
-9.495956802853736667e-01
1.000000000000000000e+00
2.036875523273773414e-02
-1.000000000000000000e+00
1.000000000000000000e+00
-5.608118038929868487e-02
-1.000000000000000000e+00
1.000000000000000000e+00
1.000000000000000000e+00
-8.352916678555305507e-01
6.663265082507719983e-01
-6.002222080941710391e-02
1.000000000000000000e+00
1.000000000000000000e+00
-7.833455105988074152e-02
-1.000000000000000000e+00
-1.000000000000000000e+00
-1.829704154086693180e-01
-1.432806701600779498e-01
-1.000000000000000000e+00
9.393304995316746897e-01
-6.793368063607765350e-01
-1.000000000000000000e+00
1.000000000000000000e+00
-8.651335524258629839e-02
-4.827144176272550880e-01
-1.000000000000000000e+00
-1.000000000000000000e+00
-4.609201304140860822e-01
1.000000000000000000e+00
-1.830079173140787552e-01
-1.000000000000000000e+00
-1.000000000000000000e+00
-3.199199296271855175e-01
-1.000000000000000000e+00
8.448196454786117693e-01
5.812596032784070887e-01
-1.039104789449405430e-01
-3.146095906718858748e-01
-1.000000000000000000e+00
-4.613945494759467136e-01
-1.000000000000000000e+00
-8.618860609744350976e-01
5.784733003186306455e-01
1.000000000000000000e+00
-1.000000000000000000e+00
-1.000000000000000000e+00
-1.000000000000000000e+00
1.000000000000000000e+00
1.000000000000000000e+00
1.000000000000000000e+00
-1.856521726682555107e-01
1.000000000000000000e+00
-7.723273506565941915e-01
1.000000000000000000e+00
-6.792948943054484268e-01
6.583220311253690227e-02
-1.000000000000000000e+00
-1.000000000000000000e+00
1.000000000000000000e+00
-1.000000000000000000e+00
-1.000000000000000000e+00
1.000000000000000000e+00
9.355804137874956794e-04
1.000000000000000000e+00
-6.103607962670895004e-01
1.000000000000000000e+00
-1.000000000000000000e+00
-1.000000000000000000e+00
-3.249849301574941896e-01
-1.000000000000000000e+00
-6.272641798184007689e-01
-2.663080602485597970e-01
1.000000000000000000e+00
9.250499941335499354e-01
-1.000000000000000000e+00
