-7.486906139154838602e-01
1.000000000000000000e+00
-5.092267838614997766e-01
-3.022348737934036356e-01
-8.854843364141906648e-02
1.265169252814681844e-01
9.140933655658589618e-01
8.299879117164590259e-01
-6.323985317012759122e-01
-9.886629868286798128e-01
9.198734676317750214e-01
1.000000000000000000e+00
-1.000000000000000000e+00
2.053596059165353482e-01
9.679658776146355947e-01
-1.536065791641370026e-01
7.248723223299878837e-01
-7.552806897691183297e-01
9.013932813529339505e-01
1.000000000000000000e+00
-7.556561655841722569e-01
-1.190842633281536944e-01
-9.687982042506508851e-01
-5.484416555736306709e-01
3.136971024032146893e-01
2.020512228714224090e-01
1.635398934524325831e-01
8.394222071789649853e-01
-6.051457743570404224e-01
6.242046354203989456e-02
-3.018147552163148450e-01
9.859183487865391671e-01
4.168595502500578309e-01
6.927725315769591719e-01
9.818230822485567444e-01
-6.289105224588253940e-01
-2.050587660283614833e-02
-3.157549409675781682e-01
3.454543389710245105e-01
-6.501489731114484805e-02
-9.213110097405938781e-01
-1.000000000000000000e+00
7.836986417020757045e-01
-4.017111682564358244e-01
-7.711748186497446866e-02
-3.146112026348708568e-01
5.165762579257864306e-01
-5.485669543192940312e-01
2.582905421327851836e-01
-1.000000000000000000e+00
-1.000000000000000000e+00
-1.000000000000000000e+00
-9.763655351107503044e-02
1.000000000000000000e+00
-1.000000000000000000e+00
8.084191591037714897e-01
1.000000000000000000e+00
-4.038667077359463509e-01
-2.454175822763402515e-01
-2.124768043867659717e-01
7.555036304632756217e-01
-8.510310217665562060e-01
1.303231174982331098e-01
4.095145661679477911e-01
1.000000000000000000e+00
7.144880928811156995e-01
1.000000000000000000e+00
1.476052895651136510e-01
-7.071912954390857653e-01
8.181553827110323862e-01
5.497583755738155720e-01
-7.927183701928373072e-01
-8.679249255235876870e-01
9.287105562800282987e-01
-2.141839795054463202e-01
-5.021821939043229488e-01
-5.456890656623043512e-01
2.469431418156210478e-01
-1.000000000000000000e+00
4.409413920057969616e-01
-1.000000000000000000e+00
-5.974097348802878127e-01
-6.929558934871036247e-01
-8.067975936112131707e-01
-7.326569861618947854e-03
1.000000000000000000e+00
-6.554039850457415994e-02
7.602783351344719609e-01
-5.130891647604829409e-02
-9.432949033860305033e-01
1.000000000000000000e+00
-1.000000000000000000e+00
2.350445738033646315e-01
1.235079386169870008e-01
1.000000000000000000e+00
-9.907952745244064108e-01
-7.343830184578019615e-01
5.526594350639570941e-01
-9.138395301475943366e-01
1.000000000000000000e+00
-9.926403350782542212e-01
-4.928120574668641285e-01
1.000000000000000000e+00
1.000000000000000000e+00
7.986461924329810724e-01
9.290782001928632461e-01
-7.735394507808284192e-01
2.999143255148128961e-01
-3.243495043690018953e-01
2.983276909969361235e-01
-1.000000000000000000e+00
-3.981501051508077871e-01
9.504531754966372148e-02
7.126467655354720154e-01
-1.000000000000000000e+00
2.967726198461131393e-01
1.000000000000000000e+00
-3.908668372530197388e-01
1.000000000000000000e+00
-1.824144202206187115e-01
-8.476578313884268745e-01
-4.683495044312784295e-01
8.688031305150132333e-01
7.618365849144023150e-01
-8.525242879421014441e-01
-5.305862072582967492e-01
-5.988486895162048462e-01
4.711098303895573380e-01
-9.469583826640126656e-01
-3.966630503049639600e-02
-1.421719553054476837e-01
8.957206635533498940e-02
9.011716516414163269e-01
-8.782493673884116392e-01
-1.000000000000000000e+00
-3.420139980043535033e-02
-6.352408340618269644e-01
-9.217993100341190793e-01
5.383511462391127322e-02
8.794464942873143620e-01
1.000000000000000000e+00
-5.802672894952236593e-01
1.000000000000000000e+00
7.824702303904735867e-01
-3.217468113492319981e-01
-4.187237378539891974e-01
1.117025669818390021e-01
-7.064241381308894452e-02
4.472522127462180697e-01
5.566124682152162606e-02
-9.030244869391916840e-01
1.000000000000000000e+00
-5.901918291754604251e-01
-8.388672306310922533e-01
1.000000000000000000e+00
-7.833197404281964094e-01
-1.000000000000000000e+00
-7.281279433468812456e-01
4.744526426634070315e-01
-7.068733210702986547e-01
-9.616025319151855211e-01
-7.376423217262280119e-01
-3.758145246786313010e-01
-3.306021513083818864e-01
1.337017066719257130e-01
4.996682330969681729e-01
-4.214333640365000022e-01
-8.027890491493786529e-01
-1.000000000000000000e+00
-3.481786549672565290e-01
-1.062652656987044253e-01
6.738628806528750015e-02
7.573184553458138790e-01
1.000000000000000000e+00
-3.968117362839289619e-01
-8.011435263386321726e-01
1.000000000000000000e+00
2.489413225765562121e-01
1.022480224037546070e-01
7.897691510259103875e-01
-5.647989374727189205e-01
-7.939631780640927783e-01
-1.000000000000000000e+00
7.145133081158379085e-01
-4.003077822335381342e-01
9.705604379795729209e-02
8.736236281223368483e-01
-4.581603742029000115e-02
4.258867834714847311e-01
2.846618844197856824e-01
-3.344565988163099579e-01
-1.000000000000000000e+00
-6.545251159519098749e-01
3.070944698951106888e-01
8.159035168083812462e-01
-7.335910552131209572e-01
7.436223650231252869e-01
1.000000000000000000e+00
-5.240392908029534169e-02
9.274564250385508579e-02
-2.754831894356235544e-01
2.769536813754425175e-01
6.459290940060529174e-01
-3.469396147768786243e-01
1.000000000000000000e+00
-5.603187507038622783e-01
-5.496746496601659926e-01
1.000000000000000000e+00
-7.531322709858176978e-01
-1.000000000000000000e+00
-7.568428709580057312e-01
2.920485924730022997e-01
1.000000000000000000e+00
-3.173179551606915005e-01
1.000000000000000000e+00
-9.652277487257152622e-01
5.116351065275261956e-01
-4.832692451033153702e-01
3.741447359946325490e-01
-1.000000000000000000e+00
1.000000000000000000e+00
-3.505213041771589322e-01
-8.914799947489560061e-02
8.281934063126561441e-02
-8.960342423490913477e-01
-5.236953935564174767e-01
-1.000000000000000000e+00
8.017189328554816807e-01
1.000000000000000000e+00
-1.572716078168912013e-01
8.204135584316709640e-01
9.451302490643586074e-01
-9.297282542060127941e-01
7.800438836227536754e-01
-6.367266181980660855e-01
-6.825194449059914792e-01
-1.000000000000000000e+00
7.547992999687376248e-01
4.377105921763946306e-01
-1.000000000000000000e+00
1.000000000000000000e+00
7.717243623851481882e-01
-6.031837691753392239e-01
1.000000000000000000e+00
-2.204264589532178853e-01
2.936727443398619020e-01
8.352941337433263946e-01
1.000000000000000000e+00
8.057302902644769560e-02
1.000000000000000000e+00
-4.016363881147455572e-03
-3.393102164392780562e-01
7.834685965925343165e-01
-6.732702120715550187e-01
-5.099374041602269259e-01
-1.000000000000000000e+00
-8.844699198452898870e-01
-9.643497467329691375e-01
3.544152920586336464e-01
1.000000000000000000e+00
2.464221209672817769e-01
8.890304816706562363e-01
2.168372559773688035e-01
-1.507180358506842732e-01
1.000000000000000000e+00
