-1.000000000000000000e+00
-3.467782157427654610e-01
-1.000000000000000000e+00
9.987742664124266145e-01
-1.000000000000000000e+00
-1.000000000000000000e+00
2.237336433660201962e-01
-5.650091374800791932e-02
-1.127447660901018667e-01
-1.000000000000000000e+00
3.312093472057633381e-01
1.000000000000000000e+00
-1.000000000000000000e+00
-1.000000000000000000e+00
1.000000000000000000e+00
-1.000000000000000000e+00
1.000000000000000000e+00
7.909944030803812698e-01
-1.000000000000000000e+00
1.000000000000000000e+00
-1.000000000000000000e+00
1.235005563105436854e-01
-1.000000000000000000e+00
-1.000000000000000000e+00
7.211203893321360692e-01
-1.000000000000000000e+00
-1.000000000000000000e+00
-3.599950635101941687e-01
1.000000000000000000e+00
1.000000000000000000e+00
-1.000000000000000000e+00
-2.496571644125664680e-01
1.000000000000000000e+00
1.000000000000000000e+00
1.000000000000000000e+00
2.196417142233159647e-01
8.832919766310611820e-01
-1.000000000000000000e+00
-8.846284614453444606e-01
-6.055956554849373230e-02
1.000000000000000000e+00
1.000000000000000000e+00
-3.489185919985704487e-02
-1.000000000000000000e+00
-7.052485125351003470e-01
-1.000000000000000000e+00
-1.000000000000000000e+00
2.763483832154925435e-01
6.551346786208207540e-01
-1.000000000000000000e+00
-1.000000000000000000e+00
7.162669650766615437e-01
1.000000000000000000e+00
1.000000000000000000e+00
1.000000000000000000e+00
2.349175198952442312e-01
-1.000000000000000000e+00
-2.244322725096958848e-02
-1.000000000000000000e+00
1.000000000000000000e+00
1.000000000000000000e+00
3.542286932390483756e-01
1.000000000000000000e+00
-1.012797375838807579e-01
-1.000000000000000000e+00
5.094553407179103210e-02
1.000000000000000000e+00
1.000000000000000000e+00
1.000000000000000000e+00
-1.000000000000000000e+00
1.000000000000000000e+00
-1.000000000000000000e+00
1.000000000000000000e+00
3.405997413731953749e-01
1.000000000000000000e+00
-1.000000000000000000e+00
-1.000000000000000000e+00
-1.000000000000000000e+00
1.831755623980389491e-01
1.000000000000000000e+00
-1.000000000000000000e+00
-1.000000000000000000e+00
-3.902730818589077444e-01
-1.000000000000000000e+00
1.000000000000000000e+00
1.000000000000000000e+00
-7.797662622707997038e-01
7.692460567850273323e-01
-1.000000000000000000e+00
-8.684316384246537623e-02
-1.000000000000000000e+00
1.000000000000000000e+00
1.000000000000000000e+00
1.000000000000000000e+00
1.000000000000000000e+00
1.000000000000000000e+00
1.000000000000000000e+00
-1.000000000000000000e+00
3.870742223708854013e-01
-5.245467613092066328e-01
-6.389494324739120046e-01
-7.143807425877404249e-01
-1.000000000000000000e+00
1.907587801185406384e-01
2.694093070063444673e-01
-1.000000000000000000e+00
-8.031932639979368904e-01
7.224591880779867026e-01
6.181612597499822614e-01
-8.356235319450044940e-02
-1.000000000000000000e+00
1.000000000000000000e+00
-1.000000000000000000e+00
-1.000000000000000000e+00
1.000000000000000000e+00
-1.000000000000000000e+00
5.827370664764508490e-01
2.724359707328416480e-01
6.427676771703022540e-01
-1.000000000000000000e+00
-5.862084384956196548e-01
1.000000000000000000e+00
-3.401306042380820016e-01
1.278408601679135725e-01
4.477146474679983834e-01
-5.596365403699672392e-01
1.000000000000000000e+00
1.000000000000000000e+00
-1.000000000000000000e+00
-1.000000000000000000e+00
2.625158105910014861e-01
-1.000000000000000000e+00
-1.335376496550433334e-01
9.775376601083025641e-01
-1.000000000000000000e+00
3.911806199916850191e-01
9.449102039056759272e-01
-1.000000000000000000e+00
1.000000000000000000e+00
1.000000000000000000e+00
4.815428367841842472e-01
-1.000000000000000000e+00
6.034026451221019549e-01
1.000000000000000000e+00
-1.000000000000000000e+00
-5.534298961949732920e-01
-1.000000000000000000e+00
7.813273162025849983e-01
-3.867668132449209040e-02
1.000000000000000000e+00
1.000000000000000000e+00
7.016246458150359189e-01
-1.000000000000000000e+00
-1.000000000000000000e+00
1.000000000000000000e+00
-9.388349755861491452e-01
2.843227490011940861e-01
1.000000000000000000e+00
1.000000000000000000e+00
-1.000000000000000000e+00
-1.000000000000000000e+00
-2.687519074879320957e-01
1.000000000000000000e+00
8.389311392471343609e-03
1.000000000000000000e+00
-1.000000000000000000e+00
2.390100258447769299e-01
-1.000000000000000000e+00
-1.000000000000000000e+00
-1.000000000000000000e+00
7.919540439351735461e-01
-8.828032794615926493e-01
1.000000000000000000e+00
-1.000000000000000000e+00
1.000000000000000000e+00
-3.794043825775679224e-01
1.000000000000000000e+00
1.000000000000000000e+00
-1.000000000000000000e+00
7.086886722760461499e-01
4.980146129800601673e-01
-1.000000000000000000e+00
1.000000000000000000e+00
-1.000000000000000000e+00
1.000000000000000000e+00
-1.000000000000000000e+00
1.000000000000000000e+00
3.253841903147045578e-01
1.000000000000000000e+00
6.861822658201713887e-01
1.000000000000000000e+00
-5.815953226122995423e-02
-6.408304877869324123e-01
1.000000000000000000e+00
-1.081306208205786712e-01
-1.000000000000000000e+00
8.134708628701449173e-01
-1.000000000000000000e+00
1.000000000000000000e+00
-7.675555788382163458e-01
1.000000000000000000e+00
-5.827718523169862497e-01
1.000000000000000000e+00
1.000000000000000000e+00
-2.623221598027536405e-02
1.000000000000000000e+00
-1.000000000000000000e+00
1.000000000000000000e+00
-1.000000000000000000e+00
-1.000000000000000000e+00
-1.000000000000000000e+00
1.000000000000000000e+00
-3.888827380808823619e-02
4.611766419288397811e-01
1.000000000000000000e+00
-5.407427227902302791e-01
-1.000000000000000000e+00
-1.000000000000000000e+00
1.000000000000000000e+00
1.000000000000000000e+00
-1.000000000000000000e+00
-3.494848810743517165e-01
1.000000000000000000e+00
1.000000000000000000e+00
1.000000000000000000e+00
6.732997116858028264e-01
-1.000000000000000000e+00
-3.501282691310829698e-01
8.571565417732757153e-01
-9.770607765605019424e-01
-1.000000000000000000e+00
-1.000000000000000000e+00
-7.539122996973985913e-01
6.759242005250027940e-01
-5.228492250902491145e-01
-6.069264491865112854e-01
1.000000000000000000e+00
5.260092319520133231e-01
5.920953510034804301e-01
1.000000000000000000e+00
1.000000000000000000e+00
5.374388625540862385e-01
1.000000000000000000e+00
-1.000000000000000000e+00
-7.344159325699442520e-02
-1.000000000000000000e+00
-1.000000000000000000e+00
2.615727415650384025e-01
-6.253624317326345050e-02
1.000000000000000000e+00
-8.014118991766319144e-01
-7.872668755704816945e-01
1.000000000000000000e+00
-1.000000000000000000e+00
8.865620958359038406e-01
1.000000000000000000e+00
1.000000000000000000e+00
-9.137576292047608906e-01
-1.000000000000000000e+00
1.000000000000000000e+00
-1.000000000000000000e+00
8.391854263129100433e-01
-1.000000000000000000e+00
9.114364588493908403e-01
3.443228826705957424e-01
