7.192429339305603797e-01
-7.516450861746770684e-02
-1.933219472202418743e-02
-7.077636704468328599e-01
-1.379631280420490214e-02
-5.924781838304542525e-01
9.341764428550316524e-01
-9.520538619716201190e-01
3.002221413299483999e-01
3.020991320191455110e-01
9.839765716969921527e-01
-9.875425482386530618e-01
9.132039068900028589e-01
4.158359653323615568e-01
-3.433732560090250185e-01
-9.215355754611582739e-01
-1.540165236103674395e-02
-9.079280871705723843e-01
-2.192502777058338292e-01
6.527332964040393204e-01
-7.073288367223393713e-01
6.210032413205250901e-01
8.120838646885688572e-01
-2.465300490107353859e-01
-6.405475042873698399e-01
2.744772835247171194e-01
2.046152530992269014e-01
9.703268594045955098e-01
-8.153902709047817776e-01
5.514630519918297669e-01
2.894998939100374979e-01
4.749269867028713676e-01
9.010060702318054560e-01
-8.826464750282538851e-01
-3.405369558294364385e-01
-2.753610511967585772e-02
2.960800389949203026e-01
3.872962604677074872e-01
-6.027408563208096481e-01
-2.301323772261447687e-01
-8.407968010048962881e-01
-2.074587221440900020e-01
-3.232049662276414992e-03
9.564938663368556249e-01
-8.768387651230014068e-01
-5.203065359895655551e-01
7.999548210761342482e-01
8.475253867983330025e-01
-4.377976265463123795e-02
2.471315072589563844e-01
5.208746933645154176e-01
3.266858523593008101e-01
-3.608943086157825331e-01
1.598316064683216187e-01
-5.272216122959421103e-01
2.105837716290634987e-01
2.167495440798232753e-01
-2.908526648234903700e-01
-8.976797936582958659e-01
-3.216725917601814810e-01
-6.545512727787956564e-01
9.701833649185309660e-02
6.272829929854151221e-01
6.688293513546765823e-01
-4.406475882493696705e-01
3.656324696383788098e-01
-4.151171894804608353e-01
-4.923709926182460173e-01
-4.933140533772450986e-01
-3.457348113688523128e-01
1.847250130601498785e-01
-7.592419429184942281e-01
1.025664637653409539e-01
-8.149337109128151901e-02
-7.080137327445188422e-01
8.009682601079144426e-01
4.889996463869581422e-01
-6.028818437018388376e-01
1.406589514109168881e-01
6.926736621120617166e-01
-7.064821675715591276e-01
2.845815738819137408e-01
-9.224690637900174739e-01
-2.371607780354298978e-01
5.431269265464033769e-01
-1.818757806223927354e-01
-7.099939995546675764e-01
-4.678110948410274528e-01
2.551793258868804148e-01
-8.581196615576278663e-01
3.693004779128052917e-01
5.931330827934988559e-01
1.987303173366763431e-01
-9.508884741993133272e-01
1.171831697355671942e-01
-6.900539825127471882e-01
-5.020814993557609629e-01
-4.339511472434276484e-02
-6.004725552703111813e-01
-9.841803517850358229e-01
-5.675210445132330417e-01
4.846190330946325009e-01
-3.850032779795107274e-01
-3.158320473178943821e-01
-9.659977879275123414e-01
-7.639049100908690271e-01
2.186693352164210680e-01
-8.453235049809004753e-01
-7.749597330839461673e-01
6.985507075957555490e-01
-8.090490144266178074e-01
-3.182138003577539287e-02
1.159632676630897308e-01
6.550043417851472149e-01
3.739296304339134736e-02
-5.200985778302587015e-01
8.894639283877070479e-01
9.784873258430217824e-01
-1.447409352047530628e-01
4.870494796960809225e-01
9.079469804461610671e-01
5.381855008950768848e-01
-2.210148391224087128e-01
3.328943806799689042e-01
-7.781572880819749294e-01
1.180319958804951774e-01
2.873241210293240311e-01
-9.570177192771285313e-01
-2.948078513826279945e-01
1.348545062528869742e-01
-4.617563368795796208e-02
8.483422589379248091e-01
-2.920746112768350944e-01
8.646595818776914300e-01
3.538116117575498265e-01
-2.868982964168613758e-01
9.088112766606031290e-01
-1.468684518411365048e-01
-7.624814687867380592e-01
-7.435859327970182342e-01
-3.539661403209803936e-02
1.958391156742458339e-01
5.426755930056408328e-01
-3.725952757325237119e-01
1.021262703017462581e-01
8.366103831849647232e-01
6.610391877268115834e-01
-8.272702698650036268e-01
5.259764632483934221e-01
-6.097688992430239097e-02
-3.517215381732521351e-01
1.708610187551962145e-01
2.277576472918574346e-01
6.783120331499858935e-02
4.884395937554755207e-01
-5.385551935065779894e-01
8.298848497212338859e-01
7.911139587780979809e-02
1.089379166601520676e-01
-8.019315352919584861e-01
-3.836528866163875229e-01
-4.218201114913733285e-01
1.508876749423639918e-01
-6.325638090003424807e-01
8.426061731719001191e-01
3.273485287513526742e-01
-1.563042284822957484e-02
-2.617887302830381735e-01
8.105916664307473152e-01
4.323462019642316800e-01
6.416825919958668578e-01
8.576412006036360225e-02
-3.669833823830808139e-01
-6.945050043668508089e-01
-8.900677069181095469e-01
4.123156517496129325e-01
-9.681714743020137792e-01
-2.752587395654297886e-01
-7.709008192614597021e-01
-6.382360571836009910e-02
-8.969059679938109486e-01
6.113388007867130991e-01
8.200387171583034540e-01
7.078435978024542052e-01
5.980519934581516317e-01
-7.014976129119563364e-01
-3.956661725844545785e-02
6.039878920027699216e-01
-3.086571587610664746e-01
-4.709322340528045991e-01
-7.041075470397373248e-01
-9.691372783369622823e-02
-1.400797208674373628e-01
1.203715457362499741e-01
-9.591549326598582947e-01
8.927423083165260120e-01
7.163852111752073704e-01
9.264282062524202832e-01
-9.546026463619574631e-01
-8.076783596836565327e-01
7.551499932057854636e-01
-1.943903360363230526e-02
-9.515798131685198058e-01
4.343662899363740504e-01
6.934759853669978380e-01
2.019418710352658408e-01
3.113862166509235863e-01
2.505283395546973324e-01
-8.674908403418264413e-01
8.222312393111068651e-01
1.146014494040248355e-01
-4.699648147025181633e-01
6.712156821561368059e-01
7.330081000459587326e-01
4.517076308706309273e-01
-6.661586906834111588e-01
-4.123405988388821886e-01
-8.301571236033733481e-01
7.129943348064646802e-01
-7.558313418918818360e-01
-6.996520047726462188e-01
-3.717067477939544062e-01
7.767524709304671759e-01
2.181175695297479233e-01
-7.901020400325764470e-02
6.089604080931465546e-02
1.287364194988638300e-01
-5.516967143474236224e-01
8.200586099737721124e-01
8.921922967751070299e-01
-5.118298720102123500e-01
-3.110118900462304214e-01
1.250046609158823596e-01
-9.346573479182151978e-01
5.121292795361458428e-01
-2.939066378221348863e-01
-1.048354159032540700e-01
4.940512268116588057e-01
6.334530603256143255e-01
-9.746285678016590737e-01
-6.606194167961589869e-01
7.912814274581405627e-01
6.124371712307845605e-01
-7.021970221947582136e-01
2.558986347311764664e-01
-3.593734669280790328e-01
7.768491195226985280e-01
7.803480881219959642e-02
-2.615571880054903264e-01
8.136925565980097641e-01
5.862460889248088947e-02
1.344568530351393232e-01
-3.296290203731220281e-01
-5.958011584713083231e-01
3.219468999015786537e-01
7.280689290359501076e-01
8.839683379673979324e-01
2.354465843862851848e-01
1.317904933774565190e-01
-8.143704102596283079e-01
-9.171614699090024914e-01
-8.739089983293260033e-01
-4.978910733956416479e-01
2.833742877753386846e-01
5.082329254413926467e-01
