-1.000000000000000000e+00
-1.000000000000000000e+00
1.000000000000000000e+00
9.715573411765315859e-01
5.084973045941618697e-01
1.000000000000000000e+00
1.000000000000000000e+00
1.000000000000000000e+00
-1.000000000000000000e+00
7.196582908444182358e-01
3.289189263611103087e-01
-3.320903806980312623e-01
1.000000000000000000e+00
-1.000000000000000000e+00
-1.000000000000000000e+00
-1.000000000000000000e+00
-1.903882774079457274e-01
-3.633956229378552671e-01
-1.000000000000000000e+00
-1.000000000000000000e+00
-1.000000000000000000e+00
6.739920948309380266e-01
6.927933206608249961e-01
-7.093174618273134779e-01
1.000000000000000000e+00
2.010463922326146680e-01
9.537640074854254468e-01
1.000000000000000000e+00
1.000000000000000000e+00
1.000000000000000000e+00
-1.000000000000000000e+00
-1.000000000000000000e+00
1.000000000000000000e+00
3.271904770337552004e-01
1.000000000000000000e+00
1.000000000000000000e+00
-1.000000000000000000e+00
-1.000000000000000000e+00
-1.000000000000000000e+00
-1.000000000000000000e+00
-1.000000000000000000e+00
-3.242796380266819711e-01
-3.202445996809610840e-01
-1.000000000000000000e+00
1.000000000000000000e+00
6.993580155496601503e-01
-1.000000000000000000e+00
-1.000000000000000000e+00
2.412428216288004523e-01
1.000000000000000000e+00
1.000000000000000000e+00
1.575480469074320711e-01
1.530420858171062937e-01
1.000000000000000000e+00
3.943218843014220099e-01
1.000000000000000000e+00
-1.000000000000000000e+00
-1.000000000000000000e+00
1.000000000000000000e+00
-6.654550160716600216e-01
-4.714961943814087730e-01
-1.000000000000000000e+00
6.047470922202305976e-01
2.567511312484146435e-01
-1.000000000000000000e+00
-1.000000000000000000e+00
1.000000000000000000e+00
9.718242510810086721e-01
1.000000000000000000e+00
-8.404698299984441068e-01
-1.000000000000000000e+00
1.000000000000000000e+00
1.000000000000000000e+00
4.928451903947456136e-01
-1.000000000000000000e+00
-1.000000000000000000e+00
1.000000000000000000e+00
8.396051912133053463e-01
-1.000000000000000000e+00
-1.000000000000000000e+00
-7.860875458016181039e-01
-1.000000000000000000e+00
-1.000000000000000000e+00
-1.000000000000000000e+00
1.000000000000000000e+00
5.021308998350586528e-01
1.000000000000000000e+00
-1.000000000000000000e+00
-1.000000000000000000e+00
1.000000000000000000e+00
-9.765496780568839741e-01
-1.000000000000000000e+00
6.914487420690560437e-01
-1.000000000000000000e+00
1.000000000000000000e+00
-1.000000000000000000e+00
1.000000000000000000e+00
-6.596363588409872580e-01
3.130265941350081071e-01
1.285968643723507387e-01
1.000000000000000000e+00
3.891560601285619647e-01
-1.000000000000000000e+00
-1.000000000000000000e+00
-1.000000000000000000e+00
-1.000000000000000000e+00
-6.556655943899634131e-01
6.269198706889511641e-02
1.000000000000000000e+00
-1.000000000000000000e+00
-1.000000000000000000e+00
-1.000000000000000000e+00
2.751328407509197049e-01
-8.238137311454820644e-01
7.177299847874337724e-01
-1.000000000000000000e+00
-1.000000000000000000e+00
4.636655974513657075e-01
-1.000000000000000000e+00
1.000000000000000000e+00
1.000000000000000000e+00
1.140574741850222118e-01
-1.000000000000000000e+00
1.000000000000000000e+00
-8.106232994758633126e-01
8.768695802910104753e-01
1.000000000000000000e+00
1.000000000000000000e+00
-1.000000000000000000e+00
1.000000000000000000e+00
1.000000000000000000e+00
1.000000000000000000e+00
2.440484386251531301e-01
1.000000000000000000e+00
1.000000000000000000e+00
-1.000000000000000000e+00
-1.000000000000000000e+00
5.488278582411947326e-01
-1.000000000000000000e+00
-1.000000000000000000e+00
3.435104620436081335e-01
1.000000000000000000e+00
-1.000000000000000000e+00
-1.000000000000000000e+00
1.208583223237847393e-01
7.025383024977469582e-01
1.000000000000000000e+00
-1.000000000000000000e+00
6.879076700529981325e-01
1.000000000000000000e+00
1.054567232105658170e-01
-1.000000000000000000e+00
-5.178916595574658555e-01
8.092353751664167483e-01
1.000000000000000000e+00
-1.000000000000000000e+00
-1.000000000000000000e+00
-1.000000000000000000e+00
-1.000000000000000000e+00
-1.382963852846391672e-01
1.412113430518097124e-01
2.957033000185101401e-01
-3.693060281906599407e-01
-5.251709360003433691e-01
-1.000000000000000000e+00
-1.000000000000000000e+00
-1.000000000000000000e+00
-1.000000000000000000e+00
1.000000000000000000e+00
2.681585278588562993e-01
-1.000000000000000000e+00
-1.000000000000000000e+00
1.000000000000000000e+00
-7.159439325816465693e-01
-1.000000000000000000e+00
-6.767902743841884838e-01
3.000546844629874421e-01
1.630748325405167731e-01
-7.908302915117670917e-01
-7.195281630424154029e-01
-1.000000000000000000e+00
-2.432033433024616831e-01
1.000000000000000000e+00
1.000000000000000000e+00
-1.000000000000000000e+00
-1.592553391283576536e-01
-1.000000000000000000e+00
-1.000000000000000000e+00
4.206308575511601422e-01
-1.000000000000000000e+00
-1.000000000000000000e+00
-1.000000000000000000e+00
-1.000000000000000000e+00
-1.000000000000000000e+00
1.463092360055173735e-02
-1.000000000000000000e+00
1.000000000000000000e+00
-1.000000000000000000e+00
5.920816414823124596e-01
-1.000000000000000000e+00
2.524744634883642203e-01
1.000000000000000000e+00
9.085237165934603176e-01
-1.000000000000000000e+00
-1.000000000000000000e+00
-1.000000000000000000e+00
-1.000000000000000000e+00
7.907735777421448509e-01
1.000000000000000000e+00
-1.933887356422008263e-01
-1.000000000000000000e+00
-1.000000000000000000e+00
-1.368201757286493514e-01
1.000000000000000000e+00
-1.000000000000000000e+00
-1.000000000000000000e+00
-5.154030157708644477e-01
1.000000000000000000e+00
1.000000000000000000e+00
9.161468357382173133e-01
8.609112446947080333e-01
3.172030277695493394e-01
-7.800123837501549140e-01
1.000000000000000000e+00
6.757594375655374686e-01
-1.000000000000000000e+00
-7.551430904183314974e-01
1.000000000000000000e+00
-1.000000000000000000e+00
1.000000000000000000e+00
-1.000000000000000000e+00
1.000000000000000000e+00
1.000000000000000000e+00
-1.000000000000000000e+00
1.000000000000000000e+00
-1.000000000000000000e+00
-1.000000000000000000e+00
1.000000000000000000e+00
1.000000000000000000e+00
-1.938921816247718422e-01
5.954659211852855183e-01
-1.000000000000000000e+00
-1.000000000000000000e+00
8.780588491500070925e-01
-1.000000000000000000e+00
1.000000000000000000e+00
4.333659581747166811e-01
-1.000000000000000000e+00
-1.000000000000000000e+00
-1.000000000000000000e+00
-5.056386580002234510e-01
-3.959084916693276779e-01
1.660375094439200394e-01
1.000000000000000000e+00
8.699049949594073183e-02
-1.000000000000000000e+00
-4.725847559691858102e-01
-1.000000000000000000e+00
8.565228459895958268e-01
1.000000000000000000e+00
1.000000000000000000e+00
1.410263254856118920e-01
1.000000000000000000e+00
-1.000000000000000000e+00
2.061050175324076195e-01
