-8.055040338481461726e-01
8.582130559520848578e-01
-9.531294120820565929e-02
1.000000000000000000e+00
9.492203896218580628e-01
4.408581878899990314e-01
-1.000000000000000000e+00
-2.311107256244818720e-01
8.613797963643159417e-01
5.746430786275439351e-01
-7.668729098724056392e-01
-2.114729299744046997e-01
-9.540619825366400963e-01
-6.143025318024798453e-01
-1.756791484511786017e-01
-2.438200831515231481e-01
2.590154913922618762e-01
5.720144121748087507e-01
5.485260278106078857e-01
-1.000000000000000000e+00
1.000000000000000000e+00
-5.024868392533029526e-01
-3.523547226055906423e-01
5.288312263126255797e-01
-3.773881849718637715e-01
-1.000000000000000000e+00
-1.000000000000000000e+00
-9.287313293990686613e-01
-1.000000000000000000e+00
-9.102709794633758733e-01
2.066554166685811156e-01
6.990198720741243044e-01
6.559462527378061569e-01
-8.092481180053723300e-01
-1.000000000000000000e+00
1.000000000000000000e+00
1.000000000000000000e+00
-1.000000000000000000e+00
1.000000000000000000e+00
7.110586041128232893e-01
1.000000000000000000e+00
-1.000000000000000000e+00
1.407517025582222525e-01
5.846357308756431337e-01
-6.347258699763509426e-01
-4.950154515644324960e-01
7.660433775024966252e-02
5.718885768979350415e-01
-3.044608548330433040e-01
-1.000000000000000000e+00
1.000000000000000000e+00
-9.567131336132108643e-01
-2.540250129497972909e-01
6.571754195662335984e-01
-1.000000000000000000e+00
-2.750301942281448420e-01
7.879445067032677663e-01
3.155389744873104974e-02
-3.023400442730528326e-01
5.135141444929456345e-01
-4.474051637778075907e-02
-1.931650009367557042e-01
1.000000000000000000e+00
1.000000000000000000e+00
-1.637155936822010105e-02
1.000000000000000000e+00
7.121314563237031159e-01
-4.850248216742905072e-01
1.000000000000000000e+00
-2.288509392444931789e-01
8.363348773711442030e-01
-1.268838194967571997e-01
4.010232928126078455e-02
-1.000000000000000000e+00
1.762018333712122575e-01
4.661767790838489134e-01
1.000000000000000000e+00
4.266820502506946111e-01
6.120883581499358961e-01
-5.766224009472280532e-01
-5.826237626552683846e-01
-1.000000000000000000e+00
1.000000000000000000e+00
4.669992289104600847e-01
-6.761483193570181349e-01
-6.177725331059529257e-01
-4.333164454851712311e-02
1.000000000000000000e+00
-1.697076437138878013e-02
1.000000000000000000e+00
1.000000000000000000e+00
-5.290984530994978785e-01
-4.103034052113939123e-01
-4.140628634223633142e-01
-3.113546088570878778e-01
-1.000000000000000000e+00
-1.000000000000000000e+00
3.482991886464905651e-01
-1.000000000000000000e+00
1.000000000000000000e+00
6.159118820682336626e-01
1.030884319888201173e-01
1.000000000000000000e+00
-9.276688515531683610e-02
-1.000000000000000000e+00
-1.000000000000000000e+00
1.000000000000000000e+00
2.689243257440006030e-01
-9.504094333222283808e-01
2.247500484375571650e-01
-1.000000000000000000e+00
1.000000000000000000e+00
-1.000000000000000000e+00
-6.124140085765802377e-01
6.747091271309435534e-01
1.000000000000000000e+00
-1.380914586449867310e-01
3.536178577297086623e-01
-3.806923639804894455e-01
4.407697244478223642e-01
-1.000000000000000000e+00
-1.556931322013921370e-02
1.000000000000000000e+00
-9.963333575560859856e-01
1.000000000000000000e+00
-3.326393422829118096e-01
-1.000000000000000000e+00
1.356342830608718852e-01
-3.988178955190182506e-01
-4.251478315473382619e-01
-8.791639519426662774e-01
4.645025114112108500e-01
-1.000000000000000000e+00
5.681486541865274909e-01
-6.562591447499970254e-01
1.000000000000000000e+00
9.229811872003490514e-01
4.405978644534635502e-01
2.411813987825001115e-01
1.000000000000000000e+00
3.358735587380303200e-01
-1.000000000000000000e+00
7.981715478147399789e-01
1.000000000000000000e+00
-4.577220646123253411e-01
3.236575051274490633e-01
4.975482959634167091e-01
1.000000000000000000e+00
4.970387723848115336e-01
3.065416802733857415e-01
-6.175937202616310628e-01
1.000000000000000000e+00
-9.516406169454667552e-01
6.347730578369586985e-01
6.220943650747037257e-01
4.899735258807691451e-01
-8.392639561222418054e-01
-1.000000000000000000e+00
9.705582627375149984e-01
-2.736729156747763625e-01
1.000000000000000000e+00
-6.596886754401944941e-01
5.043458583083363367e-01
8.533229017467971467e-01
9.358528310867586519e-02
-6.155223338741798722e-01
4.307943612877511708e-01
-8.419828210631913334e-01
-4.693536697348785758e-01
-5.694535161922500421e-01
-6.569296490495813989e-01
-1.000000000000000000e+00
-7.071809039423631038e-01
-6.648978325864030037e-01
-7.679262209373540760e-01
1.000000000000000000e+00
1.130683339697317602e-01
1.000000000000000000e+00
-8.051443136235282294e-01
1.000000000000000000e+00
-1.000000000000000000e+00
-1.000000000000000000e+00
-3.383763449709122906e-01
-1.000000000000000000e+00
2.990767283157003686e-01
4.725597365254353144e-01
-1.000000000000000000e+00
-1.250899720518954261e-01
-4.694529051359717653e-01
-5.962138056309290723e-02
-1.000000000000000000e+00
5.874069801644088429e-02
-1.000000000000000000e+00
-1.000000000000000000e+00
8.963625963009804742e-01
9.943103750390058782e-01
-1.000000000000000000e+00
-3.907797704620580292e-01
-2.453053960799269628e-01
8.286744593498501787e-02
1.000000000000000000e+00
1.000000000000000000e+00
5.080116376000778367e-01
1.000000000000000000e+00
-5.192656959046597631e-01
-6.245952923065715146e-01
-1.000000000000000000e+00
7.440691847174285556e-02
-1.067794333788123495e-01
2.215059328368831904e-01
1.625454496097056278e-02
-1.000000000000000000e+00
2.859416752759565972e-01
7.013111879357575296e-01
-8.644723523875785798e-01
-7.166508257948522864e-01
1.000000000000000000e+00
2.830961789937032069e-01
1.000000000000000000e+00
-1.000000000000000000e+00
1.000000000000000000e+00
-8.950214360795418767e-01
-5.077482458866484638e-01
-1.000000000000000000e+00
1.000000000000000000e+00
6.826337685093667451e-01
7.483322466747472923e-01
1.000000000000000000e+00
-4.724655319174222434e-01
1.877700877493582166e-01
-1.000000000000000000e+00
8.930167090787233253e-01
2.193827936542695201e-01
-1.000000000000000000e+00
1.899467136706486370e-01
-1.000000000000000000e+00
-1.000000000000000000e+00
5.575259545102073666e-03
9.770550989837736289e-01
-1.000000000000000000e+00
-5.971106840136046756e-01
-2.763011095672279760e-01
6.526916770867523532e-01
3.605168115369499215e-01
1.160245104058315047e-01
-7.754252177480274177e-01
-2.639730935782539367e-01
6.725063490254371557e-01
-2.263388752039843244e-01
-5.375675303118776505e-02
-2.684260535493601108e-01
2.853168781958315137e-02
-1.000000000000000000e+00
-1.983581938160301483e-01
1.000000000000000000e+00
-4.339862867461363183e-01
-3.444342386843178283e-01
-1.000000000000000000e+00
-9.964038870488509669e-01
-1.723075349725555760e-01
-7.460197752515829173e-02
-2.650833073101470649e-01
-1.000000000000000000e+00
5.951181832341865263e-01
4.486154066457821443e-01
