1.000000000000000000e+00
1.000000000000000000e+00
-1.000000000000000000e+00
-1.000000000000000000e+00
-1.000000000000000000e+00
1.000000000000000000e+00
-1.654306469303772342e-01
1.000000000000000000e+00
-5.512036901826040669e-01
1.000000000000000000e+00
-1.000000000000000000e+00
-1.000000000000000000e+00
-1.000000000000000000e+00
-1.000000000000000000e+00
9.038243117723292475e-01
-8.578946320783080726e-01
1.000000000000000000e+00
-1.000000000000000000e+00
-1.000000000000000000e+00
1.000000000000000000e+00
1.000000000000000000e+00
5.648564547797280122e-02
2.531667400375126054e-01
9.008389681230759560e-01
-1.000000000000000000e+00
9.039437071899529830e-01
-1.000000000000000000e+00
-5.815872985611401091e-01
1.000000000000000000e+00
1.000000000000000000e+00
8.499050745549074914e-02
7.326489543356133893e-01
1.000000000000000000e+00
-1.000000000000000000e+00
1.000000000000000000e+00
-1.000000000000000000e+00
1.000000000000000000e+00
-5.493014390468243802e-01
-6.888313023887744357e-01
4.418232387872971234e-01
1.000000000000000000e+00
4.791761559692741534e-01
1.823697163802335819e-01
-1.853694023856015116e-01
-1.266466558874329573e-01
-1.000000000000000000e+00
2.450077217580245437e-01
1.000000000000000000e+00
-1.000000000000000000e+00
-1.000000000000000000e+00
-1.000000000000000000e+00
-1.128700803531583752e-01
1.000000000000000000e+00
1.000000000000000000e+00
1.000000000000000000e+00
1.000000000000000000e+00
1.000000000000000000e+00
1.000000000000000000e+00
7.841314370108178888e-01
-1.000000000000000000e+00
3.092144244329064762e-02
1.000000000000000000e+00
-1.000000000000000000e+00
-1.000000000000000000e+00
1.000000000000000000e+00
1.000000000000000000e+00
-1.000000000000000000e+00
1.000000000000000000e+00
1.000000000000000000e+00
1.000000000000000000e+00
-3.137327653611363676e-01
1.000000000000000000e+00
1.000000000000000000e+00
1.000000000000000000e+00
1.000000000000000000e+00
-4.258861629049140451e-02
1.000000000000000000e+00
-1.992197207528657588e-01
-1.000000000000000000e+00
-1.000000000000000000e+00
4.965299758972422373e-01
-1.000000000000000000e+00
-1.000000000000000000e+00
-1.000000000000000000e+00
-2.853583187289936984e-01
7.767530373481148498e-01
-1.000000000000000000e+00
-1.000000000000000000e+00
1.000000000000000000e+00
-6.136595116247030024e-01
9.728679440996079730e-01
2.441710944597725863e-01
1.000000000000000000e+00
-1.000000000000000000e+00
-1.000000000000000000e+00
1.000000000000000000e+00
1.000000000000000000e+00
-1.000000000000000000e+00
-1.068712520009907629e-01
-1.000000000000000000e+00
2.587284765003233233e-01
-1.000000000000000000e+00
1.000000000000000000e+00
1.000000000000000000e+00
8.684146499550374765e-01
1.000000000000000000e+00
-1.000000000000000000e+00
1.000000000000000000e+00
-1.000000000000000000e+00
-1.000000000000000000e+00
-1.000000000000000000e+00
-1.000000000000000000e+00
-8.319348535007886625e-01
-1.000000000000000000e+00
-8.685105937318871039e-01
-1.000000000000000000e+00
1.601793500024049077e-01
-1.000000000000000000e+00
-7.823148700841175973e-01
-1.000000000000000000e+00
-1.000000000000000000e+00
-1.000000000000000000e+00
1.000000000000000000e+00
1.000000000000000000e+00
-1.000000000000000000e+00
-1.000000000000000000e+00
-1.000000000000000000e+00
1.000000000000000000e+00
-6.381934088508917080e-01
-5.125473797835528034e-01
3.277449318801559097e-01
-1.000000000000000000e+00
1.000000000000000000e+00
-1.000000000000000000e+00
-1.000000000000000000e+00
1.000000000000000000e+00
-1.000000000000000000e+00
9.320206272204090148e-02
-1.000000000000000000e+00
-2.341342686551936558e-02
1.000000000000000000e+00
2.675218536579586082e-01
1.000000000000000000e+00
7.837587790999260839e-01
1.000000000000000000e+00
-2.933620973745307836e-01
3.401689778075408510e-01
-5.461644208650295873e-01
1.000000000000000000e+00
-1.000000000000000000e+00
1.000000000000000000e+00
-1.000000000000000000e+00
5.951617084320905970e-01
-1.000000000000000000e+00
1.000000000000000000e+00
1.000000000000000000e+00
-1.000000000000000000e+00
6.293595622092468256e-01
-2.920733923136242804e-02
8.035000019835668583e-01
1.000000000000000000e+00
1.000000000000000000e+00
-1.000000000000000000e+00
-1.000000000000000000e+00
-1.000000000000000000e+00
-7.208641658730060575e-01
-1.000000000000000000e+00
-7.752718230052425552e-01
-1.000000000000000000e+00
1.000000000000000000e+00
-1.000000000000000000e+00
1.000000000000000000e+00
-1.000000000000000000e+00
1.000000000000000000e+00
1.000000000000000000e+00
1.000000000000000000e+00
-1.000000000000000000e+00
-1.000000000000000000e+00
1.045111663190824991e-01
-1.000000000000000000e+00
-1.000000000000000000e+00
1.000000000000000000e+00
1.000000000000000000e+00
1.000000000000000000e+00
3.446890791946757293e-01
-1.000000000000000000e+00
1.000000000000000000e+00
1.000000000000000000e+00
1.000000000000000000e+00
-8.982526116957731954e-01
-1.000000000000000000e+00
7.000276884626116525e-01
-1.000000000000000000e+00
-9.252953342814052018e-01
1.000000000000000000e+00
-1.000000000000000000e+00
1.000000000000000000e+00
-6.550465557040998643e-01
1.000000000000000000e+00
1.000000000000000000e+00
1.000000000000000000e+00
-1.000000000000000000e+00
1.000000000000000000e+00
-1.000000000000000000e+00
3.710485651112909178e-01
-1.000000000000000000e+00
1.000000000000000000e+00
1.000000000000000000e+00
-1.000000000000000000e+00
-1.000000000000000000e+00
-1.000000000000000000e+00
-1.000000000000000000e+00
1.000000000000000000e+00
1.000000000000000000e+00
1.000000000000000000e+00
1.000000000000000000e+00
1.000000000000000000e+00
1.000000000000000000e+00
1.000000000000000000e+00
1.000000000000000000e+00
-1.000000000000000000e+00
-1.000000000000000000e+00
-1.000000000000000000e+00
1.000000000000000000e+00
-6.008636316171662717e-01
1.000000000000000000e+00
3.593747802566992222e-01
9.925808355498763613e-02
1.000000000000000000e+00
-1.000000000000000000e+00
1.744252945405349031e-01
-5.369011839721884449e-01
-1.000000000000000000e+00
-1.457029174632552548e-01
-2.824971775208020563e-01
-3.330622011190540466e-01
4.335722211578041385e-01
8.379206163319494749e-01
7.313540454808860058e-01
-1.000000000000000000e+00
-1.000000000000000000e+00
-5.209345435582547479e-01
1.000000000000000000e+00
8.588036296575350947e-01
1.000000000000000000e+00
1.000000000000000000e+00
1.000000000000000000e+00
-1.000000000000000000e+00
1.000000000000000000e+00
-6.723607714495483112e-01
-1.000000000000000000e+00
-1.000000000000000000e+00
-1.000000000000000000e+00
1.000000000000000000e+00
-1.000000000000000000e+00
1.000000000000000000e+00
1.000000000000000000e+00
1.000000000000000000e+00
4.577088385394323389e-01
-1.885399990358168631e-01
1.000000000000000000e+00
1.000000000000000000e+00
-1.000000000000000000e+00
1.000000000000000000e+00
1.000000000000000000e+00
