-1.804169463157063724e-01
8.404523310619893550e-01
5.921101245218265419e-01
8.842236385578392532e-01
7.790323069726716732e-01
-4.687724424559889247e-01
3.533443309636730145e-01
4.560360196025439183e-01
4.852433229703745354e-02
-2.407667824952313129e-01
-9.321522504472370407e-01
-1.580168220536539714e-01
7.500811574901631307e-01
-7.745735198145178302e-01
1.643693608633383096e-01
-9.162231039203629912e-01
-2.279305316099546896e-01
-7.299173627681510013e-03
3.814639129214723035e-01
-7.011122298390326524e-01
-4.415073201865777897e-01
5.517271548663182923e-01
-6.436396158849708726e-01
6.829724475455720700e-01
5.678053166685546049e-01
-6.894916041599472578e-01
-9.693320486979248862e-01
-7.805643872020018303e-01
-9.315676116556739217e-01
-5.590729480065901313e-01
-2.174480540888119595e-01
7.560088131113480436e-01
4.455828523134699459e-01
8.176225645373886852e-01
-8.141854959906038580e-01
1.105083804738697939e-01
-6.174279680359344713e-01
-9.899393720800735430e-01
-7.273348751706314452e-01
1.564405579384784417e-01
-8.546902506560976054e-01
4.455996352497222368e-01
-3.028742983238073005e-01
-8.162860635175894775e-01
-1.214594852859829377e-01
-8.979434983588259200e-01
2.772640493292470865e-01
2.019521098221748190e-01
3.780411881186636069e-01
-6.746825776692608745e-01
-8.178460749929579165e-01
8.872158325294743353e-01
-4.570251205822111196e-01
-3.491281640162537947e-01
-2.001678076003465812e-02
5.311412368718211319e-01
-6.327324301652090810e-01
-6.144532503306869842e-01
-5.954577204790834077e-01
2.426932740679488276e-02
-2.984032417044928387e-01
-7.669482944375503042e-01
9.997742573462355953e-01
6.409349459493314249e-01
-5.769227686999873761e-01
5.170743484842390547e-01
4.428023549204036513e-01
-6.155786136787466667e-01
3.914102076750116677e-01
5.063934260629014972e-01
2.139434789320553421e-01
2.375263721621512225e-01
-6.304096543865094215e-01
7.335938797096615005e-01
-5.054002906590486788e-01
-3.229981884947676907e-01
1.863040540927187738e-01
9.515002728613852767e-02
-2.533615780940123852e-01
2.788122449824979032e-01
-8.377414949130279620e-01
-4.047132021527493073e-01
-2.528352853249160592e-01
-6.809793281846991952e-01
7.862108164810861499e-01
8.290207237518099070e-02
-5.094229944624451001e-02
3.302766443339812952e-01
-2.290041468562307170e-01
-4.016074656566326340e-01
-8.197935597140986186e-01
-9.113746403216798075e-01
4.889197209936280153e-02
-4.915369531186342122e-02
6.219911624242571158e-01
6.899468152750363181e-01
7.425489352648095842e-01
1.071235751067287634e-01
5.610721376396379245e-01
5.968094136508215186e-01
-2.863310409356270014e-01
-5.172513306159376434e-02
9.862571981330356952e-01
-9.507138075959018497e-01
5.231404818228702069e-03
4.483358540695201455e-01
-6.719585398480316663e-01
-9.988485521365677577e-01
-5.515238595458906712e-01
-3.770414644923512082e-01
-6.181399958214524037e-01
-1.674207988256333213e-01
-5.689298626230747669e-01
4.456898516434208979e-01
-7.748754664355523847e-01
2.950020517637885753e-02
1.704978833234944702e-01
-4.724681308862419549e-01
7.821863075155628398e-01
-4.438599271835916849e-01
4.978734564169173815e-01
4.458196020589710873e-01
6.459414941629897378e-01
-8.801836639763538361e-01
-5.135535383074585347e-02
-5.193196515563816007e-01
6.582551281991977365e-01
-4.661691547541870762e-01
3.161839899011396060e-01
6.526787046992832408e-01
-7.469119623120430429e-01
2.853649876676489505e-02
6.515848751810691120e-01
8.894576504989530896e-01
3.061559527203989717e-01
5.729383532055738470e-01
2.930062206645498435e-01
3.333352405843676980e-01
-9.325240880031999691e-01
-2.489715978465776303e-01
-6.666103310287807560e-02
-5.912199959444153219e-01
2.479529421131667632e-01
7.539184200249438028e-02
9.044096426258652066e-01
8.053784965549406483e-01
9.238202122926697513e-01
1.740352769209509987e-01
2.503127208539706050e-01
4.195934927987365892e-01
8.022608618563065175e-01
-2.372267430028496271e-02
-6.339270543165105298e-01
-7.772665848254796117e-01
-7.544943618066972668e-01
-2.690310585181954206e-01
-1.585480608174714146e-01
-3.830148923086289514e-01
7.858598010909032539e-01
7.734660182558996677e-01
-3.472422000163200018e-01
-8.686517849575725592e-02
-1.286291537945334351e-01
-3.548902993716340770e-01
7.804738520448382122e-01
-6.338179969311998896e-01
-8.569681667559501115e-01
-3.789345601674600772e-01
5.163819224362722338e-01
-4.559618996321059825e-01
6.974079219753690495e-01
-1.550529537378244616e-01
-9.595871611029249681e-01
-5.173772022726694786e-01
9.874460907156779044e-01
-3.062255088076433207e-01
-7.476383107841906295e-01
-8.081199500277413961e-03
-9.347424504386518951e-01
-8.979579262173484899e-01
-4.233704428784770268e-01
3.050978441716798439e-01
4.772973416951624692e-01
8.011961781935423854e-01
3.103460368143309278e-01
-2.959709758038666649e-01
9.861300847537024516e-02
-9.866393042133290159e-01
-5.152440588151987466e-01
-8.587444894756872671e-01
-9.829856695475707173e-01
2.331105934251920253e-01
-2.722716284321424762e-01
4.085105318850530409e-01
7.243057933644947433e-02
-1.587669195398988542e-02
-2.097279702525314260e-01
4.803548447791963216e-01
-7.702786088871145243e-01
7.034171023342417062e-01
-6.823549002835747057e-01
4.707231904066970785e-01
1.851919603043354901e-01
-7.388478012895995928e-01
-4.690795662383593356e-01
-5.705981574845591098e-01
-4.139974869982816497e-01
-2.530221935673997447e-01
-6.829869153832239803e-01
8.457771775543538872e-01
8.562636148686739723e-01
-5.783235877559012028e-01
-8.930733561954866673e-01
8.356944401730537209e-01
-4.267745723530023128e-01
8.355725360584034256e-01
9.426683407014480043e-01
6.651635856376685307e-01
7.212199113764237168e-01
-9.785529090040414602e-01
-4.902945173362174280e-01
-3.156097423259074386e-01
7.062305878442161067e-01
-5.922507725547143664e-01
-1.754942468497555641e-01
-5.518639790371844267e-01
5.371004715553202580e-01
-5.223153707857324246e-01
8.075582932951470561e-01
9.568402291568831597e-01
-1.828264503592273993e-01
-3.485687595006916606e-01
-3.258087198920225358e-01
-2.774699750384248542e-01
-5.956810115381669934e-01
-7.708696439060864769e-01
7.911282796300573850e-01
7.766849389503389656e-01
1.062307590840054772e-01
4.232893444853862430e-01
5.502947707233718511e-01
-7.250376393850563872e-01
-4.715600092235736618e-01
-6.321236653058879273e-01
-5.706832126335270594e-01
-5.367951933180017399e-01
-4.007997884815095446e-02
8.180893858025499732e-01
1.049118476782096021e-01
-7.957772580651225613e-01
1.879778841753558805e-01
6.910276259500209850e-01
3.224587828808229695e-01
-5.209546185584141842e-01
4.032426806726712165e-01
6.426956472603293502e-01
-4.913706095706831256e-01
9.747444570717362922e-01
-5.410901092694357928e-01
-7.191235820537400514e-02
-8.034086526153048080e-01
-1.284715000583815936e-01
4.341404618690793971e-01
-3.162092080345275669e-01
8.983888839751246191e-01
