-6.052122567265832975e-01
1.000000000000000000e+00
-1.000000000000000000e+00
-1.000000000000000000e+00
-5.650934041583585143e-01
5.333911938995639090e-02
1.000000000000000000e+00
-1.000000000000000000e+00
-1.000000000000000000e+00
-1.000000000000000000e+00
2.431154007445839316e-01
-1.143997099400879680e-01
-1.000000000000000000e+00
1.000000000000000000e+00
-1.000000000000000000e+00
1.000000000000000000e+00
-1.000000000000000000e+00
-1.000000000000000000e+00
1.000000000000000000e+00
1.000000000000000000e+00
-1.000000000000000000e+00
1.000000000000000000e+00
-7.882255581329769001e-01
1.000000000000000000e+00
-1.000000000000000000e+00
8.186727375369922122e-01
1.000000000000000000e+00
-1.000000000000000000e+00
1.000000000000000000e+00
-1.000000000000000000e+00
-1.000000000000000000e+00
-8.754563792117225907e-03
-1.000000000000000000e+00
1.000000000000000000e+00
1.000000000000000000e+00
-1.000000000000000000e+00
1.000000000000000000e+00
8.320928572465104978e-01
-1.000000000000000000e+00
-2.903390154039942606e-01
-1.000000000000000000e+00
-1.000000000000000000e+00
-1.000000000000000000e+00
1.000000000000000000e+00
-1.000000000000000000e+00
-1.000000000000000000e+00
5.983557674089563516e-01
-1.000000000000000000e+00
4.351160704873304197e-01
9.660057987546002423e-01
-1.000000000000000000e+00
-1.000000000000000000e+00
1.172455411977898626e-01
-1.000000000000000000e+00
9.834233721136058648e-01
2.200771178276484663e-01
3.529508906449367878e-01
1.000000000000000000e+00
1.000000000000000000e+00
-1.000000000000000000e+00
-1.000000000000000000e+00
3.018141883676193626e-01
1.000000000000000000e+00
-1.000000000000000000e+00
1.065725663102897736e-01
-1.000000000000000000e+00
8.496542447501415074e-01
5.038635359934300340e-01
-1.000000000000000000e+00
8.491275486905456304e-01
7.359707275347502353e-01
-5.210740034655394481e-01
1.000000000000000000e+00
-1.000000000000000000e+00
-1.000000000000000000e+00
1.000000000000000000e+00
-1.000000000000000000e+00
-6.841656160597517355e-02
1.000000000000000000e+00
-9.474674462599973479e-01
2.326315146751115615e-01
-7.086155483668852284e-01
-1.000000000000000000e+00
1.000000000000000000e+00
1.000000000000000000e+00
-1.000000000000000000e+00
1.000000000000000000e+00
1.000000000000000000e+00
-1.000000000000000000e+00
1.000000000000000000e+00
-1.000000000000000000e+00
1.000000000000000000e+00
5.331291743105071035e-01
-1.000000000000000000e+00
2.390005309869254191e-01
1.000000000000000000e+00
1.000000000000000000e+00
-1.000000000000000000e+00
1.068301632875308660e-01
-1.000000000000000000e+00
-1.000000000000000000e+00
-1.000000000000000000e+00
1.000000000000000000e+00
1.000000000000000000e+00
6.710876772402623036e-01
-1.000000000000000000e+00
-1.000000000000000000e+00
-1.000000000000000000e+00
-5.648007344441708932e-01
-1.000000000000000000e+00
-1.000000000000000000e+00
9.543722475639417890e-01
-1.000000000000000000e+00
1.000000000000000000e+00
-7.701009707548966965e-02
-1.000000000000000000e+00
-1.000000000000000000e+00
6.430946878533535527e-01
5.373492381837170484e-01
1.000000000000000000e+00
-1.000000000000000000e+00
1.000000000000000000e+00
1.000000000000000000e+00
1.000000000000000000e+00
1.000000000000000000e+00
-1.000000000000000000e+00
1.000000000000000000e+00
1.000000000000000000e+00
-3.599727725354379126e-01
-1.000000000000000000e+00
1.000000000000000000e+00
1.000000000000000000e+00
-4.820466868734842869e-01
1.000000000000000000e+00
-7.081495105623949460e-01
-1.000000000000000000e+00
-2.475696544837902024e-02
1.000000000000000000e+00
1.000000000000000000e+00
1.000000000000000000e+00
1.000000000000000000e+00
-1.000000000000000000e+00
1.000000000000000000e+00
-3.990647628758674514e-01
2.582031903873094336e-01
-1.000000000000000000e+00
6.510284860902827431e-01
5.815652323209461461e-01
1.000000000000000000e+00
1.000000000000000000e+00
2.402230397318922961e-01
9.904336417538431858e-01
1.000000000000000000e+00
-1.000000000000000000e+00
1.000000000000000000e+00
1.000000000000000000e+00
1.163453711267661839e-02
-1.000000000000000000e+00
3.479938919245080253e-01
-1.000000000000000000e+00
-9.212890944850538055e-01
-1.000000000000000000e+00
1.000000000000000000e+00
-1.000000000000000000e+00
-8.567207112977919259e-01
-1.000000000000000000e+00
6.751773036585686505e-01
-1.000000000000000000e+00
1.000000000000000000e+00
1.000000000000000000e+00
-1.000000000000000000e+00
2.998681246867317407e-01
1.000000000000000000e+00
-1.000000000000000000e+00
-2.087360295095380680e-01
-5.251424437559308878e-01
-1.000000000000000000e+00
-1.000000000000000000e+00
1.000000000000000000e+00
-1.000000000000000000e+00
1.000000000000000000e+00
1.000000000000000000e+00
1.431181312786227178e-01
-1.000000000000000000e+00
1.000000000000000000e+00
1.000000000000000000e+00
4.983802623238814400e-01
1.000000000000000000e+00
-1.000000000000000000e+00
-1.000000000000000000e+00
-6.860345070177321647e-01
1.000000000000000000e+00
2.978875014127838616e-01
1.000000000000000000e+00
1.000000000000000000e+00
1.000000000000000000e+00
1.000000000000000000e+00
1.000000000000000000e+00
1.000000000000000000e+00
-1.000000000000000000e+00
-1.000000000000000000e+00
-1.000000000000000000e+00
1.000000000000000000e+00
1.000000000000000000e+00
1.000000000000000000e+00
8.389769228626922093e-01
-1.000000000000000000e+00
1.000000000000000000e+00
1.000000000000000000e+00
3.491593671266821630e-01
-6.727504916070820018e-01
-1.000000000000000000e+00
1.000000000000000000e+00
1.000000000000000000e+00
-1.000000000000000000e+00
1.000000000000000000e+00
1.000000000000000000e+00
1.000000000000000000e+00
-1.000000000000000000e+00
1.000000000000000000e+00
1.000000000000000000e+00
-1.000000000000000000e+00
-3.620379054422672160e-01
1.000000000000000000e+00
-1.000000000000000000e+00
-1.000000000000000000e+00
1.000000000000000000e+00
1.000000000000000000e+00
-1.000000000000000000e+00
3.839305245135778977e-01
1.000000000000000000e+00
-5.852943427651098318e-01
-1.000000000000000000e+00
1.000000000000000000e+00
-1.000000000000000000e+00
2.623953451509764001e-01
1.000000000000000000e+00
-1.000000000000000000e+00
1.000000000000000000e+00
-5.490028030415190496e-01
-1.000000000000000000e+00
2.158826019979460109e-01
-1.000000000000000000e+00
-1.000000000000000000e+00
-1.000000000000000000e+00
-1.000000000000000000e+00
1.000000000000000000e+00
1.000000000000000000e+00
-1.000000000000000000e+00
-8.768127345604308509e-01
-5.475608443830189964e-01
-7.511188743484510377e-01
1.000000000000000000e+00
-7.929504169899090904e-01
-1.000000000000000000e+00
1.000000000000000000e+00
-1.000000000000000000e+00
-1.000000000000000000e+00
1.400117327304392090e-01
-1.000000000000000000e+00
6.130998083250909225e-01
-1.000000000000000000e+00
5.620989540658460903e-02
-1.000000000000000000e+00
1.000000000000000000e+00
