-1.000000000000000000e+00
-2.565552567696973707e-01
1.000000000000000000e+00
-1.000000000000000000e+00
1.000000000000000000e+00
4.464724836945793696e-01
-1.000000000000000000e+00
-7.588699965322094343e-01
2.601570228256118167e-01
1.000000000000000000e+00
-1.000000000000000000e+00
-1.000000000000000000e+00
-1.000000000000000000e+00
1.000000000000000000e+00
-5.779969248456359177e-01
1.000000000000000000e+00
-7.178673972512455981e-01
1.374395854654500426e-02
1.000000000000000000e+00
-1.000000000000000000e+00
-1.462426851871269085e-01
-1.624232298979535472e-01
-1.000000000000000000e+00
-5.116299124192833503e-01
-1.000000000000000000e+00
1.000000000000000000e+00
-1.000000000000000000e+00
1.000000000000000000e+00
1.000000000000000000e+00
-7.513256033724025063e-02
6.402145845289699544e-01
1.000000000000000000e+00
1.000000000000000000e+00
1.000000000000000000e+00
-1.000000000000000000e+00
-8.572804630652525182e-01
-1.000000000000000000e+00
5.009391136887831886e-01
-1.000000000000000000e+00
-1.000000000000000000e+00
4.972654379421138637e-01
-2.537487184315697086e-01
2.294988330523850539e-01
6.945293712793904062e-01
-1.868308879395482736e-01
-1.000000000000000000e+00
-1.000000000000000000e+00
-7.239608033067438386e-01
-8.946026912601783287e-01
7.096297117542389454e-01
-1.000000000000000000e+00
1.703386340603691984e-01
-1.000000000000000000e+00
3.479160611100424738e-01
-9.516481340418869728e-01
1.000000000000000000e+00
5.578422217899241531e-01
1.000000000000000000e+00
-1.000000000000000000e+00
1.000000000000000000e+00
1.000000000000000000e+00
3.816442789165351290e-01
-9.376924488438244110e-01
-1.000000000000000000e+00
-1.000000000000000000e+00
-1.000000000000000000e+00
-1.000000000000000000e+00
-1.000000000000000000e+00
-1.597128741476450120e-01
-2.509340839739493401e-01
1.000000000000000000e+00
9.226969604491330745e-01
-3.237449371724478997e-01
-1.000000000000000000e+00
2.786540629941092195e-01
1.000000000000000000e+00
3.799635115181458911e-01
1.000000000000000000e+00
1.000000000000000000e+00
-1.000000000000000000e+00
7.833747223364966317e-01
3.414206023034273563e-01
1.000000000000000000e+00
-1.000000000000000000e+00
-1.000000000000000000e+00
9.741582804311328392e-01
-1.000000000000000000e+00
1.000000000000000000e+00
1.000000000000000000e+00
9.763932679292641748e-02
-1.000000000000000000e+00
-1.000000000000000000e+00
-1.000000000000000000e+00
1.000000000000000000e+00
4.251480688883003678e-01
-1.000000000000000000e+00
1.000000000000000000e+00
5.511111283645988568e-01
2.482522043379488397e-01
-1.000000000000000000e+00
8.027460875068233026e-01
-1.000000000000000000e+00
3.443648164316215343e-02
-1.000000000000000000e+00
-1.000000000000000000e+00
1.000000000000000000e+00
-1.000000000000000000e+00
-1.486897524824688510e-01
3.566261824947933867e-01
-1.000000000000000000e+00
1.000000000000000000e+00
-1.000000000000000000e+00
-1.000000000000000000e+00
-1.000000000000000000e+00
9.923713186466223135e-01
-5.056892687510238238e-01
1.000000000000000000e+00
-1.312023924984247747e-01
-1.000000000000000000e+00
-1.000000000000000000e+00
3.388088790922640925e-01
9.379792012150525160e-01
1.000000000000000000e+00
-1.000000000000000000e+00
-5.222470121202098525e-01
-1.000000000000000000e+00
-1.000000000000000000e+00
-1.000000000000000000e+00
-1.000000000000000000e+00
4.923864608123462716e-02
4.075882303414283259e-01
-3.051890890578627391e-01
1.000000000000000000e+00
-8.937189208414614283e-01
-8.488951400877970954e-01
-1.000000000000000000e+00
1.660473231442068376e-01
8.474124575475673327e-01
1.000000000000000000e+00
1.000000000000000000e+00
-1.973810782326994584e-01
-1.000000000000000000e+00
5.710801264063312122e-01
-1.000000000000000000e+00
-6.438116642395186329e-01
5.112004188132568405e-01
1.000000000000000000e+00
1.000000000000000000e+00
3.264650099805059824e-01
7.409099360542417134e-01
-7.828561121708582649e-01
-6.007281647253991386e-01
1.000000000000000000e+00
-5.571028551711814103e-01
1.000000000000000000e+00
-1.000000000000000000e+00
1.000000000000000000e+00
6.728613265694205481e-02
-4.697966248825919400e-01
4.588161127006790130e-01
1.000000000000000000e+00
-9.059440901800188684e-01
-4.037049297036703066e-02
-1.000000000000000000e+00
-8.134032694571475819e-01
-1.000000000000000000e+00
-3.737843670098278115e-01
-1.000000000000000000e+00
1.000000000000000000e+00
-6.809189996655325983e-01
1.000000000000000000e+00
-4.471442542577933610e-01
-4.252413019253761806e-01
-1.000000000000000000e+00
1.446103343775826389e-01
1.000000000000000000e+00
-2.553191676933015408e-01
-1.000000000000000000e+00
6.703104931429177960e-01
7.020217877378485127e-01
-1.000000000000000000e+00
-7.322504648322354370e-01
-7.458108691218614528e-01
5.315452535885030194e-01
1.000000000000000000e+00
-1.000000000000000000e+00
1.000000000000000000e+00
-1.000000000000000000e+00
1.000000000000000000e+00
-3.042371496875628800e-02
3.385602391621791440e-01
-1.000000000000000000e+00
3.011420594073999091e-01
1.000000000000000000e+00
4.782160342780932272e-01
-1.000000000000000000e+00
7.527924623292709949e-01
-1.000000000000000000e+00
-3.790662806026543485e-01
-1.000000000000000000e+00
1.000000000000000000e+00
1.000000000000000000e+00
-9.797125708771943220e-01
-1.000000000000000000e+00
-1.000000000000000000e+00
-1.714625563199778657e-02
3.570980530381938634e-01
4.887819174106156073e-01
3.351693983070936911e-01
1.839547356311823645e-01
-9.047759688411605161e-01
1.000000000000000000e+00
-1.000000000000000000e+00
1.000000000000000000e+00
-1.000000000000000000e+00
-1.000000000000000000e+00
1.000000000000000000e+00
1.000000000000000000e+00
1.000000000000000000e+00
1.000000000000000000e+00
-1.000000000000000000e+00
-1.000000000000000000e+00
-9.640985794963183864e-01
1.000000000000000000e+00
-6.326096611710472217e-01
4.206805751689448591e-01
-1.000000000000000000e+00
3.874239902974316863e-01
1.000000000000000000e+00
-6.790167372265554224e-01
4.337573032794277417e-01
-7.262344779295593078e-02
-1.000000000000000000e+00
-6.215161291940820565e-01
-1.357169834897603011e-01
3.421065274607080209e-01
1.931867051874536223e-02
-2.612318846088489410e-01
-1.000000000000000000e+00
-5.444072235050132491e-01
1.000000000000000000e+00
-1.000000000000000000e+00
-1.000000000000000000e+00
1.197537265515612459e-01
1.000000000000000000e+00
1.000000000000000000e+00
4.489438655437655301e-01
1.000000000000000000e+00
1.000000000000000000e+00
-2.435889179024897100e-02
-1.000000000000000000e+00
3.375504621799492178e-01
-1.000000000000000000e+00
1.000000000000000000e+00
1.000000000000000000e+00
8.205180162171300529e-01
-4.810621584850493515e-01
-1.000000000000000000e+00
-5.083702302244602622e-02
1.000000000000000000e+00
6.279653908093119075e-01
4.528154731374073316e-01
-1.000000000000000000e+00
4.505267823256671189e-01
1.900647117589804314e-03
