1.000000000000000000e+00
1.000000000000000000e+00
1.000000000000000000e+00
1.000000000000000000e+00
1.000000000000000000e+00
-1.000000000000000000e+00
-1.000000000000000000e+00
-1.000000000000000000e+00
1.000000000000000000e+00
-4.380131587601261423e-01
1.000000000000000000e+00
1.000000000000000000e+00
1.000000000000000000e+00
-1.000000000000000000e+00
-4.732567817775015784e-01
-1.000000000000000000e+00
1.000000000000000000e+00
-1.000000000000000000e+00
1.000000000000000000e+00
1.000000000000000000e+00
1.000000000000000000e+00
1.000000000000000000e+00
1.000000000000000000e+00
-1.000000000000000000e+00
-8.630902658189640864e-01
1.000000000000000000e+00
1.000000000000000000e+00
1.000000000000000000e+00
-1.000000000000000000e+00
-6.838426735783798005e-01
1.000000000000000000e+00
1.000000000000000000e+00
-1.000000000000000000e+00
1.000000000000000000e+00
1.000000000000000000e+00
-1.000000000000000000e+00
-1.000000000000000000e+00
-1.000000000000000000e+00
1.000000000000000000e+00
-2.314443834829874036e-02
1.000000000000000000e+00
-7.517287536713810336e-01
1.000000000000000000e+00
1.000000000000000000e+00
1.197084114450931436e-01
-1.000000000000000000e+00
-1.000000000000000000e+00
1.000000000000000000e+00
-1.000000000000000000e+00
-1.000000000000000000e+00
-4.677944390227994909e-01
1.000000000000000000e+00
1.000000000000000000e+00
-5.598287425395482853e-01
2.955397595736304339e-01
-1.000000000000000000e+00
8.499827614141506338e-01
1.000000000000000000e+00
8.587851402157757885e-01
-9.813442405578540750e-01
-1.043997465583695883e-01
-1.344154413493369171e-01
1.000000000000000000e+00
-1.000000000000000000e+00
-1.000000000000000000e+00
-5.803075234711857489e-01
1.238027107378436575e-01
-8.047623360943993998e-01
1.000000000000000000e+00
1.000000000000000000e+00
1.000000000000000000e+00
-1.000000000000000000e+00
-1.000000000000000000e+00
-1.246139889857253991e-01
1.000000000000000000e+00
1.000000000000000000e+00
-8.826202232763473710e-01
-1.000000000000000000e+00
1.000000000000000000e+00
-1.000000000000000000e+00
-1.000000000000000000e+00
2.852854628646113166e-01
-1.000000000000000000e+00
-1.000000000000000000e+00
-1.000000000000000000e+00
1.000000000000000000e+00
3.120810682376812251e-02
-3.797951856446180052e-02
8.657304566887630282e-01
-1.000000000000000000e+00
-1.000000000000000000e+00
1.000000000000000000e+00
1.000000000000000000e+00
-1.000000000000000000e+00
1.000000000000000000e+00
1.000000000000000000e+00
1.000000000000000000e+00
-1.000000000000000000e+00
1.000000000000000000e+00
-1.000000000000000000e+00
-1.000000000000000000e+00
1.000000000000000000e+00
4.007966115435952492e-01
8.177669826940616726e-01
-1.000000000000000000e+00
9.433785003985898365e-01
-9.928021707890508640e-01
1.000000000000000000e+00
-8.635434968995738814e-01
-1.000000000000000000e+00
2.332618399839109236e-01
-9.303479799215310653e-01
2.764075475412858252e-01
1.000000000000000000e+00
4.680320434553866815e-01
1.000000000000000000e+00
-1.000000000000000000e+00
-1.000000000000000000e+00
-9.695828361764712300e-01
1.000000000000000000e+00
-2.632083996509511081e-01
-1.000000000000000000e+00
1.000000000000000000e+00
1.000000000000000000e+00
6.860024446888318694e-01
-1.000000000000000000e+00
-8.308327795161104534e-01
-1.000000000000000000e+00
1.000000000000000000e+00
1.000000000000000000e+00
1.000000000000000000e+00
-1.000000000000000000e+00
-1.000000000000000000e+00
-1.000000000000000000e+00
1.000000000000000000e+00
1.000000000000000000e+00
-4.726404010300695457e-01
-1.000000000000000000e+00
1.000000000000000000e+00
-1.000000000000000000e+00
-1.000000000000000000e+00
-1.000000000000000000e+00
1.000000000000000000e+00
1.000000000000000000e+00
-2.248332323925217313e-01
-6.463492531861966262e-01
1.000000000000000000e+00
-2.438579080420124612e-01
-1.445194078925455816e-01
1.000000000000000000e+00
-1.000000000000000000e+00
-1.000000000000000000e+00
1.000000000000000000e+00
1.000000000000000000e+00
-1.000000000000000000e+00
-1.000000000000000000e+00
-1.000000000000000000e+00
-1.000000000000000000e+00
1.000000000000000000e+00
1.688397567800961063e-01
1.000000000000000000e+00
1.000000000000000000e+00
-1.000000000000000000e+00
3.484229425732106034e-01
-1.000000000000000000e+00
-1.000000000000000000e+00
-6.754394263389839059e-01
-1.000000000000000000e+00
-1.000000000000000000e+00
3.108669476584320357e-01
-4.590127979374303280e-01
1.000000000000000000e+00
-1.000000000000000000e+00
1.000000000000000000e+00
-8.305340370546796525e-01
5.181579719431516073e-01
-6.207342634002177562e-01
1.000000000000000000e+00
-2.908650893952272609e-01
-1.000000000000000000e+00
1.000000000000000000e+00
-1.000000000000000000e+00
-1.634775783557403939e-01
-7.175303198986471287e-02
1.000000000000000000e+00
-5.882425240269648636e-01
1.000000000000000000e+00
7.009544131705300885e-01
-1.000000000000000000e+00
-1.000000000000000000e+00
1.000000000000000000e+00
1.000000000000000000e+00
1.000000000000000000e+00
1.221974490634984561e-01
7.880459238467145688e-01
-1.000000000000000000e+00
-1.000000000000000000e+00
-1.000000000000000000e+00
-4.918300976642212552e-01
1.000000000000000000e+00
1.000000000000000000e+00
1.000000000000000000e+00
1.000000000000000000e+00
8.073087915483864174e-01
-1.000000000000000000e+00
-2.697034987997025679e-01
6.155096705138445312e-01
1.000000000000000000e+00
-1.000000000000000000e+00
2.329368163687490223e-01
-1.000000000000000000e+00
1.000000000000000000e+00
-6.334012963726194378e-01
-1.000000000000000000e+00
-1.000000000000000000e+00
-3.499877014854427815e-01
-6.857617342601394217e-01
-5.379528260209189838e-01
1.000000000000000000e+00
1.000000000000000000e+00
-1.940909409266629027e-01
-3.716608767464091301e-02
-1.000000000000000000e+00
1.000000000000000000e+00
1.000000000000000000e+00
5.330409796539681277e-01
1.000000000000000000e+00
-1.000000000000000000e+00
1.000000000000000000e+00
-1.000000000000000000e+00
1.000000000000000000e+00
-1.000000000000000000e+00
-1.000000000000000000e+00
-1.000000000000000000e+00
-1.000000000000000000e+00
-1.000000000000000000e+00
-1.000000000000000000e+00
-1.000000000000000000e+00
1.000000000000000000e+00
2.633195538484944809e-02
5.708763369282987554e-02
-1.000000000000000000e+00
1.000000000000000000e+00
9.035770286167266185e-02
1.000000000000000000e+00
-1.000000000000000000e+00
-1.000000000000000000e+00
1.000000000000000000e+00
-2.985150054529783770e-01
9.371495823771121003e-01
-1.000000000000000000e+00
-1.000000000000000000e+00
1.000000000000000000e+00
1.000000000000000000e+00
5.470034355013310146e-01
-1.000000000000000000e+00
1.000000000000000000e+00
-1.000000000000000000e+00
1.000000000000000000e+00
-1.000000000000000000e+00
-1.000000000000000000e+00
-1.000000000000000000e+00
-1.000000000000000000e+00
1.000000000000000000e+00
-1.000000000000000000e+00
