1.000000000000000000e+00
-4.119049203898612621e-01
-3.438262224325638883e-03
-1.000000000000000000e+00
1.000000000000000000e+00
-1.294639653578307792e-01
-9.756558488619371250e-02
5.044633470850491408e-01
-1.000000000000000000e+00
4.833381492992178119e-01
1.103066476403313789e-02
-7.760578182122183089e-01
-4.495252475099580369e-01
7.941587300251318204e-01
-1.000000000000000000e+00
-9.702334003661237105e-01
-4.541150835099105332e-01
-4.617089879956959297e-02
8.042646177138199626e-01
2.222262467904554950e-01
9.581350946464324281e-01
-6.019430419749931538e-01
-1.000000000000000000e+00
5.839873777012483114e-01
6.317551835489960688e-01
1.000000000000000000e+00
-1.760747458016576061e-01
1.000000000000000000e+00
1.000000000000000000e+00
-1.000000000000000000e+00
1.327809489869244963e-01
-1.000000000000000000e+00
1.000000000000000000e+00
1.000000000000000000e+00
1.225591014106470755e-01
-5.939993450481739767e-02
1.000000000000000000e+00
2.298239491711214777e-01
9.691815513899290635e-02
-2.648747377288430682e-01
-6.011794148970358576e-01
-5.097554137673571129e-01
-1.000000000000000000e+00
3.226480224702872324e-01
1.000000000000000000e+00
-6.285405283209597460e-01
-2.881913836920751981e-01
1.000000000000000000e+00
-5.282603299021362275e-01
7.789065187469923490e-01
-2.691169797084534410e-01
1.000000000000000000e+00
-8.875678201432957160e-02
7.650126491089221936e-01
4.139289644854266537e-01
-1.000000000000000000e+00
-3.322384273502201890e-01
-1.000000000000000000e+00
8.829924764143131100e-01
-1.000000000000000000e+00
-2.119762850855966274e-01
-1.000000000000000000e+00
-1.138771912608799175e-01
4.202637122630814570e-01
-1.000000000000000000e+00
-1.000000000000000000e+00
1.000000000000000000e+00
-1.000000000000000000e+00
-4.311319411378957689e-01
-1.926132948987993032e-01
1.000000000000000000e+00
-1.000000000000000000e+00
7.060010928690395593e-01
1.000000000000000000e+00
-1.682626500561364979e-01
-1.000000000000000000e+00
-1.000000000000000000e+00
4.996493307259377570e-01
1.000000000000000000e+00
4.282054973665799236e-01
2.246146900894407938e-02
-1.000000000000000000e+00
5.126780266209387538e-01
1.000000000000000000e+00
6.022420039823350724e-01
1.000000000000000000e+00
-1.000000000000000000e+00
-1.000000000000000000e+00
7.908331765708912497e-01
3.733405090310334407e-01
5.007106424339362594e-01
1.000000000000000000e+00
1.000000000000000000e+00
-1.000000000000000000e+00
-8.958932479208869815e-01
-1.000000000000000000e+00
1.000000000000000000e+00
-7.497837731561682872e-01
8.733386723384994887e-01
-1.000000000000000000e+00
1.000000000000000000e+00
-1.000000000000000000e+00
-3.334578324852904285e-01
-1.000000000000000000e+00
1.000000000000000000e+00
-9.152750567149867678e-01
-1.000000000000000000e+00
-1.695100041127490798e-01
6.384137338199797895e-01
-9.699223670072052439e-01
-1.000000000000000000e+00
6.110266424379611205e-01
-1.000000000000000000e+00
1.000000000000000000e+00
5.502127013756148433e-01
-1.000000000000000000e+00
7.717456469235206562e-01
-1.000000000000000000e+00
1.054397999801738317e-01
6.575288204212228482e-01
-5.705844615332322789e-01
3.302370525263819689e-01
1.000000000000000000e+00
1.000000000000000000e+00
-5.861492635536915685e-01
3.903712250328134070e-01
2.305319141429102991e-01
-1.000000000000000000e+00
2.226401058315795600e-01
-3.482137590423610707e-01
1.000000000000000000e+00
1.218854687652796975e-01
-1.000000000000000000e+00
-1.000000000000000000e+00
7.102657539186106872e-01
8.302898270140437464e-01
1.000000000000000000e+00
6.230115490668667322e-01
1.000000000000000000e+00
-1.000000000000000000e+00
-1.000000000000000000e+00
-1.000000000000000000e+00
-4.507539909143396528e-01
-1.000000000000000000e+00
-1.000000000000000000e+00
-1.000000000000000000e+00
1.537747031408180642e-02
6.229475218825275551e-01
-8.314968835706371131e-01
1.000000000000000000e+00
-5.270363293729396492e-02
-5.651462158108306877e-01
1.000000000000000000e+00
7.943334713290839399e-01
-1.000000000000000000e+00
-6.842545915533747580e-01
2.689570783200252446e-01
8.586473763852334740e-01
-3.690699344666585890e-01
-1.000000000000000000e+00
1.000000000000000000e+00
1.000000000000000000e+00
1.425245467918558884e-01
-1.000000000000000000e+00
1.000000000000000000e+00
5.922374049974240551e-01
-1.000000000000000000e+00
-5.864619740678446158e-01
-1.000000000000000000e+00
1.000000000000000000e+00
-1.000000000000000000e+00
1.064337480237340650e-01
1.000000000000000000e+00
-2.489616293042606898e-02
-1.000000000000000000e+00
-8.006323104157661019e-01
-1.582018069730768417e-01
-1.774939177832117743e-01
-1.000000000000000000e+00
-1.000000000000000000e+00
1.000000000000000000e+00
-1.000000000000000000e+00
1.060377924238538050e-01
-1.000000000000000000e+00
3.013889742115132275e-01
-1.000000000000000000e+00
3.893522448518196288e-01
1.000000000000000000e+00
9.605294564122768275e-01
8.442106091610299679e-01
-2.519801625531301603e-01
-1.000000000000000000e+00
1.000000000000000000e+00
1.456783980651929211e-01
2.669949747793954817e-02
5.765380031589524279e-01
-1.985349012341021679e-01
-1.000000000000000000e+00
-1.000000000000000000e+00
-1.000000000000000000e+00
-1.864335632975098189e-01
2.101213457322357869e-01
-1.000000000000000000e+00
-1.000000000000000000e+00
-3.930478405697138689e-01
-2.944993555053343481e-03
-1.000000000000000000e+00
2.489809639002028563e-01
-3.331034466952494943e-01
-2.613121348149884393e-01
-1.000000000000000000e+00
-5.830092564402020727e-01
6.289796978072692557e-02
1.000000000000000000e+00
-7.356737840880409607e-01
5.042637161257439438e-01
-4.873728201580644903e-01
-7.319857558078767257e-01
-5.412105687629453765e-01
1.000000000000000000e+00
1.061691971220519171e-01
-7.440524370975029056e-01
1.000000000000000000e+00
-3.383207122632828079e-01
-1.000000000000000000e+00
-1.000000000000000000e+00
-5.043209772113236289e-01
-2.919447870216201890e-01
1.000000000000000000e+00
-9.782551865775589439e-01
1.886932161757152171e-01
1.000000000000000000e+00
7.237735360036779975e-01
3.517853366942802484e-02
-1.000000000000000000e+00
-1.000000000000000000e+00
-1.000000000000000000e+00
1.000000000000000000e+00
-3.296012156591892062e-01
1.000000000000000000e+00
9.434396955447044153e-01
-4.687141288743414957e-01
-1.000000000000000000e+00
3.054472723654698685e-01
-3.250434273369291471e-01
-1.000000000000000000e+00
1.000000000000000000e+00
1.000000000000000000e+00
-3.416795299086977655e-01
1.000000000000000000e+00
7.276821896505085707e-01
-7.424537179028267708e-02
-1.450440967288405547e-01
-1.000000000000000000e+00
1.293993205474872621e-01
5.088198782358830385e-01
-3.035424440267365798e-01
8.991448580673711000e-02
6.912828818915417450e-01
-4.418385512363978140e-01
1.000000000000000000e+00
-1.000000000000000000e+00
-2.136897145191291592e-01
3.945237334040307964e-01
-6.146684796420026631e-01
