1.000000000000000000e+00
7.454841878419651291e-01
-3.467187758939291875e-01
2.432990860244705900e-01
1.000000000000000000e+00
-1.000000000000000000e+00
1.000000000000000000e+00
1.000000000000000000e+00
-8.468393209253395337e-01
-9.884997992136421718e-01
8.353800457671685109e-01
6.649596882469975823e-01
-5.705303525427163347e-01
-5.032115709506852497e-01
-2.084633707849601891e-01
-9.137209521105547072e-01
-2.374089830983066030e-01
1.000000000000000000e+00
-1.271625563342607679e-01
1.745831600107115023e-01
8.532283224134604716e-01
-3.588715734514624778e-01
-9.221286657756230243e-01
-4.788752442592745240e-01
9.950103515805760468e-01
5.964836852985964111e-01
3.766690953220360183e-01
-1.121273288237460974e-01
6.448250685807864757e-01
3.501340165696145146e-01
-1.124010369034695728e-01
-1.000000000000000000e+00
-3.162165666793179675e-01
-8.857335972307887051e-01
1.000000000000000000e+00
-7.822768341667545311e-01
-7.589552098957678128e-01
-1.000000000000000000e+00
1.000000000000000000e+00
-1.000000000000000000e+00
-1.000000000000000000e+00
4.792695201416758977e-01
-4.756622933234654349e-01
1.000000000000000000e+00
1.922593600447817241e-01
6.075159704745849432e-01
-1.000000000000000000e+00
1.000000000000000000e+00
-1.000000000000000000e+00
6.712755653858359928e-01
-9.219655512900418182e-02
1.000000000000000000e+00
7.492539343812198993e-02
4.760212489205488673e-01
-4.279980598822386018e-01
1.000000000000000000e+00
9.651182131593479818e-01
3.679016445499113663e-01
-1.000000000000000000e+00
-6.142962176768752558e-01
-8.550283345875711039e-01
-1.000000000000000000e+00
-6.541779488497144746e-01
-3.725792270286347740e-01
9.075678810394998131e-01
-1.670625775002299029e-02
-1.000000000000000000e+00
-7.658484259798474802e-01
4.282372543331014469e-02
9.574174137485036429e-01
7.750037613492526400e-01
-1.000000000000000000e+00
1.000000000000000000e+00
-7.004847096193336231e-01
1.000000000000000000e+00
-3.566839976892880459e-01
9.969640346360100214e-01
-4.459549497687622654e-01
1.000000000000000000e+00
8.251980792821265176e-01
-4.014137941547711308e-01
4.426000321839612672e-01
-8.062367411494371083e-01
-1.000000000000000000e+00
7.744112927548840730e-02
6.233455510081014062e-01
-5.285624634325886140e-01
3.764369278844496014e-01
6.006061317111415221e-01
-1.000000000000000000e+00
1.000000000000000000e+00
1.000000000000000000e+00
-1.000000000000000000e+00
4.626563590252052993e-01
-4.732876035381396451e-01
-2.697061200470869391e-01
4.755992071964489365e-01
-8.277880261273895535e-01
-3.711383212177088442e-01
1.000000000000000000e+00
2.724108506219540260e-01
-1.000000000000000000e+00
1.000000000000000000e+00
6.311385260638902039e-03
2.671536166689285063e-01
1.000000000000000000e+00
1.000000000000000000e+00
6.882069031483164512e-01
8.424662197180944334e-01
9.154868909982629699e-01
3.463420781902837309e-01
6.381125975947865570e-02
-3.130917154396037905e-01
-9.925989117500053638e-01
6.790740542799222901e-02
-8.983184352837302322e-01
7.327076352719714691e-01
-1.000000000000000000e+00
-1.000000000000000000e+00
1.000000000000000000e+00
4.892750987155647380e-02
-1.000000000000000000e+00
1.000000000000000000e+00
-2.647905479944366314e-01
1.000000000000000000e+00
-3.920865054525568549e-01
-4.069030659978840614e-01
-6.656462564189693509e-01
-6.803986697470367773e-01
1.000000000000000000e+00
-1.000000000000000000e+00
2.415607722803108093e-01
2.058821185758960282e-01
1.000000000000000000e+00
-8.172538643095752509e-01
-5.385746922532086423e-01
-1.000000000000000000e+00
-5.114417524838105189e-02
-1.618616698257553388e-01
-1.000000000000000000e+00
-6.979258584817182864e-03
-8.578717811883185274e-02
-5.414720587718824252e-01
1.000000000000000000e+00
-1.693560125539295136e-01
-1.000000000000000000e+00
8.785605115139771826e-01
-6.721787956355885774e-01
-8.133771259841313661e-01
-1.831233169627619617e-01
9.506697979203024840e-01
3.690975166407541863e-01
1.831408134069754112e-01
2.689365326389574484e-01
-1.000000000000000000e+00
1.000000000000000000e+00
-1.000000000000000000e+00
-4.750842931632859312e-02
1.000000000000000000e+00
1.538928124672589437e-01
-1.208699416717973207e-03
-2.139979687624549154e-02
-1.000000000000000000e+00
1.000000000000000000e+00
-1.000000000000000000e+00
-1.000000000000000000e+00
-1.000000000000000000e+00
-8.453012240507114250e-02
6.121370683167634552e-02
-9.735375717221842473e-01
-1.000000000000000000e+00
-1.000000000000000000e+00
-8.503043853354408377e-01
2.060116928443849194e-01
-3.169302390526937963e-01
7.160108671884253262e-01
-4.605369540720407606e-01
1.000000000000000000e+00
9.666005366402883325e-01
-6.909444987525550363e-01
5.532186605060815943e-01
-1.000000000000000000e+00
-3.065047094380192183e-01
-1.000000000000000000e+00
1.650678556372768835e-01
-1.000000000000000000e+00
8.251606881744013577e-01
-3.159098173336611914e-01
-9.829515734569832519e-02
-8.873687016837876751e-01
-7.101790133813025152e-01
-1.000000000000000000e+00
8.768727976120404000e-01
-1.128656430241857245e-01
7.579764558044381761e-01
6.370332435555525752e-01
-5.330835974488676854e-01
7.054091338678676326e-01
2.589209869195709390e-01
-7.745528143538824573e-01
1.000000000000000000e+00
7.340096604732539998e-01
-6.294597942623836317e-02
8.450735425493480779e-01
-7.205009617535687028e-01
-1.000000000000000000e+00
1.000000000000000000e+00
1.919135577384976088e-01
-1.971551690439297955e-01
5.762291203663485462e-01
5.780309027290522206e-01
-6.644650803599920774e-01
1.000000000000000000e+00
-5.002717387463722076e-01
2.130736381440914429e-01
-5.480680652936548158e-01
-1.000000000000000000e+00
1.629043058733592453e-02
-2.999888804307415668e-02
-2.832271977220705006e-01
1.000000000000000000e+00
-1.874640036939239085e-01
-8.142565634027654209e-01
1.000000000000000000e+00
-1.000000000000000000e+00
-1.000000000000000000e+00
-2.366465558611723363e-01
-9.987503415527165807e-01
1.000000000000000000e+00
8.001528945526652503e-01
1.000000000000000000e+00
1.000000000000000000e+00
-1.079476811769644051e-01
-2.572267090413608015e-01
-1.000000000000000000e+00
-1.000000000000000000e+00
6.770917983979944932e-01
-1.000000000000000000e+00
1.000000000000000000e+00
8.217721893754146301e-01
-5.614818832323631437e-01
7.939395971420709630e-01
4.204309223536983886e-02
1.000000000000000000e+00
9.221354569457786976e-01
-4.717037573430510888e-01
1.000000000000000000e+00
-1.000000000000000000e+00
1.000000000000000000e+00
-2.983711809586542252e-01
-3.762152123472443654e-01
-1.000000000000000000e+00
1.000000000000000000e+00
-1.882085944174705372e-01
-1.000000000000000000e+00
4.301422515072035324e-01
7.738249429570889237e-01
-1.000000000000000000e+00
1.000000000000000000e+00
-1.000000000000000000e+00
-1.000000000000000000e+00
-6.897176495990087197e-01
-1.000000000000000000e+00
-1.000000000000000000e+00
-1.000000000000000000e+00
