1.000000000000000000e+00
1.000000000000000000e+00
-1.000000000000000000e+00
1.000000000000000000e+00
-1.726647549602816634e-01
7.704432988435462315e-01
-5.261165292292752094e-01
-1.000000000000000000e+00
-1.000000000000000000e+00
6.201292341467203872e-01
-1.000000000000000000e+00
1.000000000000000000e+00
6.598649462187639037e-01
-1.000000000000000000e+00
-1.000000000000000000e+00
1.000000000000000000e+00
-5.913747709996166613e-01
-1.000000000000000000e+00
-7.139082032325814176e-01
-1.000000000000000000e+00
-1.000000000000000000e+00
-1.000000000000000000e+00
1.000000000000000000e+00
-1.000000000000000000e+00
-8.986803626959405378e-01
1.000000000000000000e+00
-1.112128140499530904e-01
7.878493023994718181e-01
1.000000000000000000e+00
1.000000000000000000e+00
-1.000000000000000000e+00
-3.128270257936752174e-02
1.000000000000000000e+00
1.000000000000000000e+00
1.000000000000000000e+00
1.000000000000000000e+00
1.000000000000000000e+00
1.000000000000000000e+00
3.114761216127677756e-01
3.014046120285621688e-01
1.219419582929652801e-01
1.000000000000000000e+00
1.000000000000000000e+00
7.382742620740496697e-01
1.000000000000000000e+00
1.000000000000000000e+00
6.851286086462449187e-01
-1.000000000000000000e+00
1.000000000000000000e+00
1.000000000000000000e+00
8.930750432723051357e-01
-1.000000000000000000e+00
1.000000000000000000e+00
7.541618497798263654e-01
1.000000000000000000e+00
6.564487494188424588e-01
-2.806365946891886676e-02
-1.000000000000000000e+00
-6.408608853763892999e-01
1.000000000000000000e+00
-4.695990899605178015e-01
1.000000000000000000e+00
1.000000000000000000e+00
-1.000000000000000000e+00
1.000000000000000000e+00
1.000000000000000000e+00
1.000000000000000000e+00
-1.173375794432993668e-01
-1.000000000000000000e+00
-1.000000000000000000e+00
1.000000000000000000e+00
-5.992019906552650266e-01
1.000000000000000000e+00
-9.707112961423183251e-01
6.566134091158909447e-01
3.895348425902404044e-01
8.671439757152984429e-01
1.000000000000000000e+00
1.000000000000000000e+00
-1.000000000000000000e+00
-1.000000000000000000e+00
-1.090948104824565057e-01
-8.367324958142969837e-01
-6.152157384475276380e-01
9.567649632232977375e-01
7.908127917745835234e-01
5.444449422235129177e-01
-1.000000000000000000e+00
1.000000000000000000e+00
1.000000000000000000e+00
5.041542865086390268e-01
1.870824730717834949e-02
-2.391052388495529257e-02
1.000000000000000000e+00
1.000000000000000000e+00
-1.000000000000000000e+00
1.000000000000000000e+00
-1.000000000000000000e+00
6.937890336860782492e-01
-1.000000000000000000e+00
1.000000000000000000e+00
1.000000000000000000e+00
1.000000000000000000e+00
-2.362211660129297508e-01
-1.000000000000000000e+00
-8.810217260185460031e-02
1.000000000000000000e+00
6.705766861285906710e-01
1.000000000000000000e+00
-1.000000000000000000e+00
3.689508696009093924e-01
-1.000000000000000000e+00
1.000000000000000000e+00
-1.000000000000000000e+00
1.000000000000000000e+00
8.941754052652277629e-01
1.000000000000000000e+00
-1.000000000000000000e+00
1.000000000000000000e+00
3.843418447160118490e-01
-1.000000000000000000e+00
1.000000000000000000e+00
-1.000000000000000000e+00
-1.000000000000000000e+00
5.891877210834262080e-01
-3.675354729801134646e-01
-1.000000000000000000e+00
5.250671474128203453e-01
-1.000000000000000000e+00
4.182233861434138111e-01
-1.000000000000000000e+00
1.000000000000000000e+00
-6.382102730388943268e-01
-1.000000000000000000e+00
1.000000000000000000e+00
-1.000000000000000000e+00
-5.730798395441087933e-01
-1.181400002859828158e-01
-9.051223546817325216e-01
-1.000000000000000000e+00
1.000000000000000000e+00
-1.000000000000000000e+00
-1.000000000000000000e+00
1.000000000000000000e+00
1.000000000000000000e+00
-1.000000000000000000e+00
-1.000000000000000000e+00
1.000000000000000000e+00
-1.000000000000000000e+00
-2.281100932976197759e-01
1.000000000000000000e+00
-6.163094748948088064e-01
1.000000000000000000e+00
1.000000000000000000e+00
-1.000000000000000000e+00
-2.168776588595322519e-01
-1.000000000000000000e+00
1.000000000000000000e+00
1.000000000000000000e+00
-1.965400067571126952e-02
-1.000000000000000000e+00
-1.000000000000000000e+00
1.000000000000000000e+00
8.510951306928182802e-01
1.000000000000000000e+00
-1.000000000000000000e+00
-1.000000000000000000e+00
4.141599109176152815e-01
2.710363780801625655e-01
6.609006703205411171e-01
-5.102688958584604695e-01
-1.000000000000000000e+00
1.000000000000000000e+00
1.000000000000000000e+00
1.000000000000000000e+00
8.174143897539152270e-01
6.290481044490805473e-01
2.207440344354556494e-01
1.742554211072073755e-01
-8.945350297687071350e-01
-1.000000000000000000e+00
-4.890558680652812296e-01
1.000000000000000000e+00
3.212722417501079342e-02
-1.000000000000000000e+00
-1.000000000000000000e+00
-1.000000000000000000e+00
4.561228414086770933e-01
1.750059547130798088e-01
-1.586743138010147103e-01
-1.000000000000000000e+00
1.000000000000000000e+00
-8.165613068148569464e-02
1.000000000000000000e+00
-5.945127845306658054e-01
1.000000000000000000e+00
-1.000000000000000000e+00
-1.000000000000000000e+00
-1.000000000000000000e+00
8.295918644213997606e-01
1.500216931399222520e-01
1.000000000000000000e+00
3.442981675847134326e-02
-3.879722655209136839e-01
-1.000000000000000000e+00
-5.112175831077728771e-01
-1.000000000000000000e+00
3.150405276185292980e-01
-1.000000000000000000e+00
-1.000000000000000000e+00
-6.231303607866984784e-01
9.042657355081940018e-02
1.000000000000000000e+00
1.000000000000000000e+00
-1.582703431307397324e-01
2.148590266792024250e-01
-1.000000000000000000e+00
-1.000000000000000000e+00
8.131252686753380754e-01
5.718826054013179672e-01
1.672330723995125723e-01
-2.385346862181717542e-01
1.000000000000000000e+00
5.992878452530152611e-01
1.000000000000000000e+00
-1.000000000000000000e+00
-1.000000000000000000e+00
1.000000000000000000e+00
4.614598316033755587e-01
7.878270758862738754e-01
1.000000000000000000e+00
1.000000000000000000e+00
1.000000000000000000e+00
-7.460247784356139888e-01
4.582184823779125726e-01
-1.613293969680141826e-01
1.486476075061659574e-01
6.584855911429331465e-01
1.000000000000000000e+00
6.779897079085708267e-01
1.871783945031113561e-01
1.000000000000000000e+00
2.328269508678000588e-01
1.000000000000000000e+00
-7.457550349717667615e-01
-1.000000000000000000e+00
-1.000000000000000000e+00
-9.832760473010138114e-01
1.000000000000000000e+00
1.260363287622466855e-01
1.000000000000000000e+00
1.000000000000000000e+00
1.000000000000000000e+00
-3.146730429063666623e-01
-1.000000000000000000e+00
-5.977334450590359172e-01
-1.000000000000000000e+00
-1.000000000000000000e+00
1.000000000000000000e+00
-8.515570487696709767e-01
3.987693873977902759e-01
-1.000000000000000000e+00
-2.683507702361125902e-01
6.687358523812347855e-02
-1.000000000000000000e+00
