-1.000000000000000000e+00
1.000000000000000000e+00
-1.000000000000000000e+00
-1.000000000000000000e+00
-1.000000000000000000e+00
1.000000000000000000e+00
-1.000000000000000000e+00
-1.000000000000000000e+00
1.000000000000000000e+00
5.901673536919507246e-01
1.017965888680120168e-01
-1.000000000000000000e+00
3.016521604953972813e-01
1.000000000000000000e+00
-1.000000000000000000e+00
9.567966775965138782e-01
1.000000000000000000e+00
5.934332306268101931e-01
1.554884774993715579e-01
-1.000000000000000000e+00
1.000000000000000000e+00
-2.283487575668393665e-01
-1.000000000000000000e+00
6.991578518126050357e-01
1.000000000000000000e+00
-1.000000000000000000e+00
-1.000000000000000000e+00
1.000000000000000000e+00
1.000000000000000000e+00
1.000000000000000000e+00
1.000000000000000000e+00
-9.690234439785871956e-02
-1.000000000000000000e+00
-8.478916527470357067e-01
-1.000000000000000000e+00
-1.000000000000000000e+00
-1.000000000000000000e+00
9.634273390348035981e-02
1.000000000000000000e+00
1.000000000000000000e+00
-1.000000000000000000e+00
1.000000000000000000e+00
-1.000000000000000000e+00
-1.000000000000000000e+00
9.754032670408145922e-01
-1.000000000000000000e+00
1.000000000000000000e+00
-1.000000000000000000e+00
-3.576015456376729906e-03
3.516015789733397678e-01
1.000000000000000000e+00
1.000000000000000000e+00
-3.796626416714335428e-01
-1.000000000000000000e+00
1.000000000000000000e+00
-1.000000000000000000e+00
7.135908389548624164e-01
5.868877901159043065e-01
1.000000000000000000e+00
-1.000000000000000000e+00
1.000000000000000000e+00
-1.000000000000000000e+00
1.000000000000000000e+00
-1.000000000000000000e+00
-1.000000000000000000e+00
1.000000000000000000e+00
2.776108251041455866e-01
6.045177823878070678e-01
1.000000000000000000e+00
-1.000000000000000000e+00
5.044351069577990287e-01
-1.000000000000000000e+00
-4.333259461999189321e-02
-1.435390111036803640e-01
-1.000000000000000000e+00
-1.000000000000000000e+00
-2.850070282185756532e-01
1.000000000000000000e+00
5.693168299599054016e-01
-1.000000000000000000e+00
1.159229431907820018e-01
1.000000000000000000e+00
-1.000000000000000000e+00
-1.000000000000000000e+00
2.116371198898407968e-01
-4.460510472137169113e-02
1.000000000000000000e+00
-1.000000000000000000e+00
-1.000000000000000000e+00
7.367847767460389274e-01
6.103402786303513405e-01
-1.000000000000000000e+00
-1.000000000000000000e+00
-5.548017927038770836e-01
-1.000000000000000000e+00
-2.687112075529625166e-01
1.000000000000000000e+00
-8.440866489900924474e-01
-1.000000000000000000e+00
-1.000000000000000000e+00
1.000000000000000000e+00
1.000000000000000000e+00
-1.000000000000000000e+00
-1.000000000000000000e+00
1.456822768343155883e-01
5.250112045988551968e-01
-1.000000000000000000e+00
-1.000000000000000000e+00
-1.000000000000000000e+00
-6.321663274032834900e-01
1.000000000000000000e+00
-8.931597868973727428e-01
1.000000000000000000e+00
-1.000000000000000000e+00
9.345031231728160304e-01
1.000000000000000000e+00
-1.388608761491765264e-01
-1.000000000000000000e+00
-1.000000000000000000e+00
-1.000000000000000000e+00
-3.101133555091472038e-01
-1.000000000000000000e+00
5.195174262996827830e-01
1.000000000000000000e+00
1.000000000000000000e+00
1.000000000000000000e+00
-1.000000000000000000e+00
-1.000000000000000000e+00
-1.000000000000000000e+00
-1.000000000000000000e+00
-1.000000000000000000e+00
1.000000000000000000e+00
-4.953648647190329601e-01
1.000000000000000000e+00
1.000000000000000000e+00
6.185917584749609510e-01
1.000000000000000000e+00
1.913264367591574477e-02
-1.000000000000000000e+00
1.000000000000000000e+00
9.980454825869867763e-01
1.000000000000000000e+00
1.000000000000000000e+00
1.000000000000000000e+00
1.000000000000000000e+00
-7.162898417063650047e-01
2.035369876112644860e-01
1.000000000000000000e+00
2.772795200036872743e-01
1.000000000000000000e+00
5.738467215439109204e-01
-1.000000000000000000e+00
1.000000000000000000e+00
-1.000000000000000000e+00
-3.263678678272361466e-01
8.795959048057688801e-02
1.000000000000000000e+00
1.000000000000000000e+00
1.000000000000000000e+00
1.000000000000000000e+00
-1.000000000000000000e+00
-1.000000000000000000e+00
-1.000000000000000000e+00
-6.619447967214883155e-01
1.000000000000000000e+00
4.017852769963925486e-02
1.000000000000000000e+00
-1.000000000000000000e+00
1.000000000000000000e+00
-1.000000000000000000e+00
-8.281339476694167256e-01
1.000000000000000000e+00
-1.000000000000000000e+00
-1.000000000000000000e+00
1.212186380686602616e-01
-5.990430967265611972e-01
1.383903184544428289e-01
4.363865010108131104e-01
-1.494689451508125488e-01
4.086539357841578735e-01
1.000000000000000000e+00
-7.656943400359139673e-02
-6.709013715726355187e-01
4.838401972269883444e-01
-1.000000000000000000e+00
-5.754157200971341535e-01
-2.286663483364589355e-01
-5.694796890542822565e-01
5.404982578866204257e-01
-2.888978099134196786e-01
-1.000000000000000000e+00
-4.727185129418137732e-01
-1.000000000000000000e+00
-1.000000000000000000e+00
-1.000000000000000000e+00
1.000000000000000000e+00
-1.000000000000000000e+00
9.223274463193378292e-01
1.000000000000000000e+00
1.000000000000000000e+00
1.000000000000000000e+00
1.000000000000000000e+00
-1.000000000000000000e+00
1.000000000000000000e+00
-1.000000000000000000e+00
-2.380125160011423713e-01
-1.000000000000000000e+00
-3.358453684514851600e-01
1.000000000000000000e+00
1.000000000000000000e+00
-1.000000000000000000e+00
-1.000000000000000000e+00
-1.000000000000000000e+00
1.000000000000000000e+00
-1.000000000000000000e+00
-3.744439273294238868e-01
8.053230003348741395e-01
-6.593414915489278494e-01
-1.000000000000000000e+00
-1.000000000000000000e+00
-1.000000000000000000e+00
-1.000000000000000000e+00
-1.000000000000000000e+00
1.000000000000000000e+00
1.000000000000000000e+00
-1.717109275330226392e-01
-1.000000000000000000e+00
1.000000000000000000e+00
1.000000000000000000e+00
-1.000000000000000000e+00
-6.034927135814038834e-01
-1.000000000000000000e+00
-1.000000000000000000e+00
-1.000000000000000000e+00
1.000000000000000000e+00
1.000000000000000000e+00
-2.793614943476037116e-01
1.000000000000000000e+00
8.496948271730273561e-01
4.904384820871861006e-01
1.000000000000000000e+00
-1.000000000000000000e+00
1.000000000000000000e+00
6.640459841968666677e-01
-1.000000000000000000e+00
1.000000000000000000e+00
-1.000000000000000000e+00
7.709240561192818308e-01
1.000000000000000000e+00
-6.261864980159892458e-01
-5.857594484585176842e-02
1.000000000000000000e+00
-1.000000000000000000e+00
1.000000000000000000e+00
-1.000000000000000000e+00
-1.000000000000000000e+00
-4.641461942018509923e-01
5.569639188003485675e-01
-1.000000000000000000e+00
-1.000000000000000000e+00
3.450919976982028681e-01
-1.000000000000000000e+00
1.000000000000000000e+00
1.000000000000000000e+00
7.768922233757893370e-01
