8.049883274068705408e-01
-5.275023196148279636e-01
-5.586877636725511298e-01
6.528652509257650838e-01
-6.887861761345828171e-01
-6.772563083755517299e-01
4.995901925285146650e-01
-1.000000000000000000e+00
1.000000000000000000e+00
6.978212711236330135e-01
-7.892612699418521949e-01
3.642657450811963571e-01
-1.000000000000000000e+00
3.458822311563940488e-01
5.828407843468053073e-01
1.000000000000000000e+00
1.000000000000000000e+00
-1.000000000000000000e+00
-9.296176028076650333e-01
-4.986233213388935326e-01
-1.000000000000000000e+00
1.000000000000000000e+00
2.279069946584968420e-01
2.990922518014544895e-01
3.548459757687165705e-01
-1.000000000000000000e+00
-1.549430512115469449e-01
-1.000000000000000000e+00
-1.419708427993171540e-02
3.495603035594685437e-01
-2.493416333191453838e-01
4.974075107035347276e-02
-4.784368080030039216e-01
1.000000000000000000e+00
-1.372438732729160948e-01
-9.599133222909319585e-01
7.631687816764971544e-01
2.450628950260651528e-01
-4.817520083701030131e-01
-1.000000000000000000e+00
-1.000000000000000000e+00
-1.946910219872084458e-01
1.000000000000000000e+00
-1.000000000000000000e+00
-3.110529888050601599e-01
4.551039575721604891e-01
6.721901895139912320e-01
-1.652298180867782795e-01
8.118915824761299138e-01
1.000000000000000000e+00
-7.304367214791158691e-01
-5.867360586991234861e-01
-3.171888700247371684e-02
7.234653515098177223e-01
-1.902306675187773743e-01
-6.334219989590528233e-02
-1.000000000000000000e+00
4.743499791178940050e-02
-7.639067869420081980e-01
4.889695571807483043e-01
2.293163668546328582e-01
3.099136687997343653e-01
-5.811174076257363819e-02
-1.000000000000000000e+00
1.000000000000000000e+00
5.231828463220287162e-01
-1.000000000000000000e+00
-4.827109181097645196e-01
9.352121137435231990e-02
-6.280386444071144325e-01
-9.972505590208342596e-01
6.019581646848841672e-01
5.938872294097297111e-02
-8.822925597391266805e-01
-1.000000000000000000e+00
7.594269678206569396e-02
5.616757630604809481e-01
-3.703845976208531288e-01
-1.000000000000000000e+00
5.055965907513930713e-01
-1.700579079640589797e-01
-2.114722057195344562e-01
-1.000000000000000000e+00
-2.828579803928099601e-02
1.000000000000000000e+00
1.000000000000000000e+00
1.077758817045452178e-01
1.257680807408311230e-01
-1.000000000000000000e+00
7.443608744478218409e-01
7.420242484962396023e-01
-8.139295253657419238e-01
-6.471396823663111419e-01
-9.049496961723396682e-02
3.207032504110480797e-01
6.453037331408154054e-02
1.000000000000000000e+00
9.441972743953470637e-01
-9.429138455329720836e-01
2.053450119224797810e-02
1.000000000000000000e+00
1.000000000000000000e+00
2.718446233696192316e-01
-2.159416663220349863e-01
-5.380452941271716139e-01
-3.142995502387955220e-01
-4.912391724245530611e-01
-7.853962424377267659e-01
-3.383670734263150015e-01
-5.782942819859071548e-01
1.000000000000000000e+00
-6.928367059627558167e-01
-4.491654240941020948e-01
9.333262894438303370e-01
6.277086063062999877e-01
1.000000000000000000e+00
1.000000000000000000e+00
-1.679019714190616019e-01
-8.697597820657438916e-01
1.000000000000000000e+00
-6.853806036864238393e-01
-1.000000000000000000e+00
7.613280014439127719e-01
-7.226141581790219703e-01
-1.000000000000000000e+00
9.682439490825278661e-01
7.540581215216308753e-01
-1.000000000000000000e+00
6.819430739215769366e-01
1.981437313744269790e-01
4.678141460775516181e-01
7.307548885179881992e-02
8.633268612108291329e-01
-1.000000000000000000e+00
-9.422300922234565501e-01
-8.561211703237963100e-01
-6.470888341979258440e-02
1.555021320380072236e-01
8.710870562891954716e-01
-6.801880253539687171e-01
-5.958419368404821448e-02
1.000000000000000000e+00
-2.334530481059072238e-01
-3.238919556327422011e-01
-9.701585322624106666e-02
3.496845628588260424e-01
-4.297812144161627934e-01
1.000000000000000000e+00
-7.762016435027225825e-01
-9.437964288264122370e-01
6.499700026169079603e-01
1.000000000000000000e+00
-9.194613991793472163e-01
8.146672143757052176e-01
5.053189534739852551e-01
8.081358251654302549e-02
-1.000000000000000000e+00
4.959302589296044061e-02
-1.108560608816122617e-01
1.000000000000000000e+00
2.689815516229889791e-01
-2.891022406485421747e-01
-1.000000000000000000e+00
-7.787809121858909611e-01
4.352722372602319534e-01
1.000000000000000000e+00
-1.000000000000000000e+00
-4.516184730592691654e-01
-9.282316984775134117e-01
1.823368623207599626e-02
9.675483762717025371e-01
6.061276058216973350e-01
-4.038092589540130950e-01
1.000000000000000000e+00
-4.796546917520285724e-01
1.920534217494386242e-01
1.000000000000000000e+00
-6.569448896004654870e-01
7.655125392041626231e-01
3.140515783315462883e-01
-5.356828857781738007e-01
-1.262496360379502525e-01
5.810588407916705833e-01
8.981036265537898355e-01
-6.852257342915464289e-01
1.000000000000000000e+00
5.692475218522499159e-01
6.166450889025918425e-01
2.484616729155759707e-01
8.920071197308945266e-01
-8.158573882286512813e-01
-6.983168764143702356e-01
4.258102458558993830e-01
-1.697926858461874522e-01
4.800039806057059266e-01
2.506499035635130213e-01
8.095515639754600201e-01
-7.099569505642350231e-01
-8.978521227755511536e-01
-4.531138876711927055e-01
-1.000000000000000000e+00
3.588545313178422846e-01
4.844467883599742897e-01
-3.042005172597193052e-01
-6.272303016151303812e-01
1.013737705977029724e-01
8.561641597334341824e-01
6.668634616940116722e-01
-6.818426316432042444e-01
3.008560121560380773e-01
-2.058254830442258765e-01
9.572456279706549331e-01
8.658577417348682914e-01
-5.323021085821320053e-01
9.968511608771966070e-01
9.504177012781100942e-01
5.951997037183383021e-01
1.000000000000000000e+00
-3.694345797963264344e-01
-1.000000000000000000e+00
-8.478662514837365105e-01
1.000000000000000000e+00
4.624023289124303271e-01
-1.491961577130385130e-02
-4.490433181104638294e-01
7.114033583033342323e-01
-4.796408482233989190e-01
-9.307375942482163378e-01
8.905452971756440128e-01
4.493298194831152337e-02
1.000000000000000000e+00
-1.481072068990086921e-01
-7.879303715526195795e-01
5.736163775950406940e-01
-1.262895582717479988e-02
2.262691439630698520e-01
1.000000000000000000e+00
9.338977201419407237e-03
1.000000000000000000e+00
-1.239001141770796899e-01
-1.000000000000000000e+00
1.000000000000000000e+00
-2.427233186519357488e-01
-7.126518799892282985e-01
6.453450765070669615e-01
-9.317552200885104163e-01
-9.912313138453530126e-01
8.754849242018046818e-01
1.000000000000000000e+00
1.000000000000000000e+00
7.218077663236890373e-01
7.842175034931770927e-01
2.501450434227294739e-01
1.000000000000000000e+00
1.685275351946757816e-01
5.685056147813480898e-01
4.954560547496682510e-01
-7.775655086281452189e-01
4.508586827152190057e-01
4.832718603594939877e-01
5.498643506765779065e-01
6.697280044913084263e-01
1.000000000000000000e+00
9.371545982106654904e-01
-7.287314862558167405e-01
