1.000000000000000000e+00
8.504767355140919749e-01
1.000000000000000000e+00
5.274375430900635209e-01
-1.000000000000000000e+00
-4.889932491451975949e-01
-4.270999978403389186e-02
-1.000000000000000000e+00
-1.000000000000000000e+00
-3.155752482817106852e-01
7.295887624080933387e-01
5.804096527782491854e-01
-9.166053564251035457e-01
-1.000000000000000000e+00
-1.000000000000000000e+00
1.000000000000000000e+00
1.000000000000000000e+00
-3.112205402991015113e-01
1.000000000000000000e+00
-4.669421876309014507e-01
-1.000000000000000000e+00
1.000000000000000000e+00
9.954903616421892920e-01
-1.874899193571943345e-01
-4.391629352678917408e-01
1.000000000000000000e+00
1.000000000000000000e+00
-4.717029536256192035e-01
2.229921392283033543e-01
-1.000000000000000000e+00
8.843637688553127596e-01
-1.000000000000000000e+00
9.696847891724957869e-02
-1.000000000000000000e+00
-1.900708030487217037e-01
-1.000000000000000000e+00
6.277212964645262350e-02
4.331379501594172510e-01
-5.776790401284597198e-01
-9.198101389689801177e-01
9.422694539985215778e-01
1.000000000000000000e+00
1.000000000000000000e+00
1.000000000000000000e+00
1.000000000000000000e+00
1.000000000000000000e+00
-8.451307589042713619e-01
-1.000000000000000000e+00
6.453139632132758319e-01
1.000000000000000000e+00
5.522468846220860428e-01
-1.801129914061518900e-01
2.966094933751813323e-01
-1.000000000000000000e+00
-1.000000000000000000e+00
1.000000000000000000e+00
7.972193344759626044e-01
1.000000000000000000e+00
-3.158459483390694267e-01
-1.771211771508123256e-01
-8.205999241800621125e-01
1.000000000000000000e+00
5.077158436122576612e-02
1.254311014477580422e-01
1.000000000000000000e+00
-3.007280212111300699e-01
-1.000000000000000000e+00
1.000000000000000000e+00
-1.000000000000000000e+00
-4.531881818437029086e-01
1.000000000000000000e+00
-3.394166603336319921e-01
-1.000000000000000000e+00
-5.209812108249143314e-01
-1.000000000000000000e+00
-1.000000000000000000e+00
1.000000000000000000e+00
-9.099160840886282298e-01
1.000000000000000000e+00
-2.193840860006203153e-01
1.000000000000000000e+00
-3.110195107910324053e-01
-1.000000000000000000e+00
-1.000000000000000000e+00
-1.000000000000000000e+00
-3.690637817896876283e-01
1.000000000000000000e+00
1.000000000000000000e+00
-1.000000000000000000e+00
1.000000000000000000e+00
-1.000000000000000000e+00
1.000000000000000000e+00
1.000000000000000000e+00
1.000000000000000000e+00
-1.000000000000000000e+00
1.000000000000000000e+00
6.461708410791060508e-01
-1.000000000000000000e+00
3.281196534512518803e-01
1.000000000000000000e+00
-1.000000000000000000e+00
1.000000000000000000e+00
1.000000000000000000e+00
7.384788850224024426e-01
1.000000000000000000e+00
-4.785571564360031616e-01
-1.000000000000000000e+00
-1.000000000000000000e+00
2.907365719497061463e-01
1.000000000000000000e+00
-1.990506995060055129e-01
-1.000000000000000000e+00
1.000000000000000000e+00
-4.096929323336543360e-01
4.791539979926953130e-01
-1.000000000000000000e+00
-2.606980962543768987e-01
-9.910439319649171352e-01
-4.295685272292482093e-01
-1.000000000000000000e+00
1.000000000000000000e+00
1.000000000000000000e+00
-1.000000000000000000e+00
-1.000000000000000000e+00
-1.000000000000000000e+00
-1.000000000000000000e+00
-1.000000000000000000e+00
-1.000000000000000000e+00
1.000000000000000000e+00
1.000000000000000000e+00
8.621232754383234553e-01
1.000000000000000000e+00
1.000000000000000000e+00
-1.000000000000000000e+00
-1.000000000000000000e+00
2.857621191657183646e-02
1.000000000000000000e+00
2.866422223043681439e-01
1.000000000000000000e+00
1.000000000000000000e+00
-1.000000000000000000e+00
-1.000000000000000000e+00
-1.000000000000000000e+00
-1.000000000000000000e+00
-1.000000000000000000e+00
1.000000000000000000e+00
1.000000000000000000e+00
-2.787897071745746302e-01
2.921265373479107197e-01
1.000000000000000000e+00
-1.000000000000000000e+00
8.341407348350876605e-01
-1.000000000000000000e+00
8.834159227419986493e-01
-8.916705443931552955e-01
-9.645598272549806840e-01
1.827123737677412429e-01
6.854508455246681731e-01
-3.623593921866147261e-01
2.168786363859205868e-01
1.000000000000000000e+00
-1.000000000000000000e+00
-3.655700583320364849e-01
-5.120273492234443946e-01
1.826552535785486153e-02
-6.925906689173573216e-01
1.000000000000000000e+00
-1.000000000000000000e+00
2.359277731055449689e-01
1.323453168930592838e-01
1.000000000000000000e+00
-1.000000000000000000e+00
-1.000000000000000000e+00
1.000000000000000000e+00
1.000000000000000000e+00
1.000000000000000000e+00
3.036680208136213754e-02
6.632510187631224241e-02
1.532479762619789465e-01
-1.000000000000000000e+00
-1.000000000000000000e+00
1.000000000000000000e+00
2.513173346886483639e-01
-1.000000000000000000e+00
-6.110882011277879444e-01
-1.000000000000000000e+00
-1.000000000000000000e+00
-6.308016426591658288e-01
-2.357708543202798879e-01
1.000000000000000000e+00
1.000000000000000000e+00
-7.169023694387547385e-01
1.000000000000000000e+00
1.000000000000000000e+00
-1.000000000000000000e+00
-1.000000000000000000e+00
1.000000000000000000e+00
-1.000000000000000000e+00
5.141303063948532426e-01
1.000000000000000000e+00
2.400620661868881900e-01
1.000000000000000000e+00
1.000000000000000000e+00
-3.441936162859035031e-01
-1.000000000000000000e+00
-5.358575045333617837e-01
1.000000000000000000e+00
9.555463517458542277e-01
-5.399947927358711430e-02
-1.000000000000000000e+00
1.000000000000000000e+00
3.856223144420505289e-01
8.514271478894882561e-01
1.000000000000000000e+00
1.000000000000000000e+00
-1.000000000000000000e+00
1.000000000000000000e+00
9.462788202118068703e-01
1.000000000000000000e+00
-1.000000000000000000e+00
1.000000000000000000e+00
8.476720282152760966e-02
6.389312928825433557e-01
-1.277477069928276698e-01
1.000000000000000000e+00
-8.217479871789186152e-01
-1.000000000000000000e+00
1.000000000000000000e+00
-1.000000000000000000e+00
-1.000000000000000000e+00
1.000000000000000000e+00
1.000000000000000000e+00
-1.000000000000000000e+00
6.315206305707911083e-01
1.000000000000000000e+00
-5.907454515155485808e-02
1.000000000000000000e+00
3.306232593519625729e-01
-1.000000000000000000e+00
-1.000000000000000000e+00
-1.000000000000000000e+00
1.000000000000000000e+00
-1.000000000000000000e+00
-1.000000000000000000e+00
-1.000000000000000000e+00
-1.000000000000000000e+00
1.938602411289915006e-01
-1.000000000000000000e+00
-1.000000000000000000e+00
-1.000000000000000000e+00
-1.000000000000000000e+00
1.000000000000000000e+00
9.224433129354010497e-01
9.721886751479812405e-01
1.000000000000000000e+00
-7.773661793559293320e-01
-1.000000000000000000e+00
1.000000000000000000e+00
1.000000000000000000e+00
-2.819209234409154607e-01
-1.000000000000000000e+00
-1.000000000000000000e+00
1.000000000000000000e+00
1.000000000000000000e+00
1.000000000000000000e+00
