1.000000000000000000e+00
-7.661296987671519787e-01
-4.741281680439921598e-01
7.570799886552702640e-01
9.160130987848662532e-01
1.563366012399615146e-01
1.000000000000000000e+00
-6.029757380778353326e-01
6.871408485823704559e-02
1.000000000000000000e+00
1.000000000000000000e+00
1.000000000000000000e+00
-8.853581454477634782e-01
6.434417906902309969e-01
-8.939267231495711119e-01
-7.431324148973292854e-01
-1.000000000000000000e+00
-1.000000000000000000e+00
-9.212201013329865962e-01
2.876580104795949389e-01
-1.263891270300054881e-02
3.574913297030802850e-01
-8.819038879836886835e-01
3.412967970393865347e-01
2.716667350603643172e-01
-1.449945469151869837e-01
-1.000000000000000000e+00
-4.968275157310020340e-02
-6.413731453350948186e-01
2.755271351141246328e-01
4.393612335017540449e-01
-7.928680381247046327e-01
-5.987302974736048444e-01
-3.992536259538146948e-01
-9.084214155938019619e-01
1.000000000000000000e+00
-1.000000000000000000e+00
1.000000000000000000e+00
-9.814955066986730259e-01
1.844600901361973799e-01
-2.093161855087895262e-01
-2.779412038621609238e-02
-1.000000000000000000e+00
-1.000000000000000000e+00
1.000000000000000000e+00
-9.333644477510349979e-01
-2.490285532203145857e-02
6.098627682214313728e-01
1.000000000000000000e+00
-1.000000000000000000e+00
4.432814217082522990e-01
7.149221766284870050e-01
5.685942009426410149e-01
-7.797897823126168637e-01
1.000000000000000000e+00
6.928667442332470117e-01
4.129480074468550033e-01
5.682081863441059699e-01
3.009544403757479225e-01
7.032772156244644357e-01
-1.780110368258349673e-01
-3.555334798692673104e-01
5.433304938443717091e-01
-8.193666748244443632e-01
-2.926959121943184527e-01
6.642756633326702964e-01
1.361494164098790982e-01
1.000000000000000000e+00
-7.388869139232074890e-01
-6.616082233413362879e-01
5.515686163352027105e-01
1.000000000000000000e+00
-2.725523943731256171e-01
-1.000000000000000000e+00
6.179245677431997041e-01
-3.205074389262847490e-01
5.359011230077486143e-01
-1.297857673955813418e-01
3.348789356945542917e-01
-1.000000000000000000e+00
-1.067331616162836561e-01
9.718059715650090302e-01
-6.583585985494355697e-01
-1.619148301037844906e-01
-5.651819170124540159e-01
1.563042580960536942e-01
-1.000000000000000000e+00
1.503747979789047395e-01
5.474653603872540186e-01
-8.317096897851463666e-01
-1.000000000000000000e+00
3.407973760074531899e-01
5.610142434685347901e-01
7.323846922097538847e-01
-4.476158582120061125e-01
-2.897860126604776543e-01
8.126526694779010462e-01
2.553378661590738341e-01
-4.367962276323508752e-01
8.065559339248703496e-01
1.000000000000000000e+00
-2.306027879511140521e-01
8.942432521992422778e-01
-3.543448151487429421e-01
-8.606457861374354756e-01
-1.000000000000000000e+00
1.000000000000000000e+00
-1.295775558563774243e-01
-5.410287328888281344e-01
1.000000000000000000e+00
-7.644332747677988760e-01
1.000000000000000000e+00
3.153354592894397346e-01
6.988665523749468811e-01
5.130302019451130624e-01
-6.570527223770742387e-01
-1.000000000000000000e+00
4.624959962878794073e-01
5.305036173577599712e-01
-1.000000000000000000e+00
1.000000000000000000e+00
-1.000000000000000000e+00
1.000000000000000000e+00
-4.378461359645076101e-01
8.454222437946591340e-01
-2.287723610489499348e-01
-2.858565461404477537e-01
-8.480858992468411905e-01
-1.736172308934351705e-01
6.100915401865331100e-02
-1.000000000000000000e+00
4.171228114728497971e-02
-1.000000000000000000e+00
1.000000000000000000e+00
-1.000000000000000000e+00
-4.673624962588225351e-01
4.039094938231506671e-01
1.000000000000000000e+00
8.997692825814449513e-01
1.000000000000000000e+00
-6.536671920676409009e-01
5.684430312365026383e-01
-3.207244147133864742e-01
7.616981871581027241e-02
1.000000000000000000e+00
-1.061833121166029237e-01
1.678764053869495898e-01
1.000000000000000000e+00
4.476314878921293094e-01
1.924352571656684496e-02
-9.335825685703100785e-01
-6.726039741414497897e-01
-7.695828167522400509e-01
1.721638320740999095e-01
3.988204812006952427e-01
-8.959127842035330413e-01
-1.000000000000000000e+00
1.000000000000000000e+00
1.000000000000000000e+00
-1.000000000000000000e+00
-6.289671351248597997e-01
-1.000000000000000000e+00
1.000000000000000000e+00
-1.000000000000000000e+00
5.577302180246559438e-01
-8.534632252908689320e-01
1.000000000000000000e+00
-9.346630251386240928e-01
2.029028642924599335e-01
9.155688378439263975e-01
3.609468246558669158e-01
-7.799165841690713918e-03
2.574966423794857739e-01
-1.000000000000000000e+00
-9.681609462660747401e-01
3.310677232208543708e-01
-2.248465536527061159e-02
-8.700145639269702968e-01
5.375673055029552838e-01
-7.862589135504918225e-01
1.113831963324970475e-01
-1.000000000000000000e+00
-3.291619389401158058e-01
-9.249174545538642045e-01
5.636174491829211153e-01
-1.000000000000000000e+00
-1.000000000000000000e+00
3.988658063002938348e-01
9.062831186253217375e-02
5.245376662450735861e-01
-9.177565826884661604e-01
1.000000000000000000e+00
4.286308062375203676e-01
8.780917361921198871e-01
1.108806362663661282e-02
1.000000000000000000e+00
-1.000000000000000000e+00
-1.598076835703969856e-01
1.000000000000000000e+00
5.975192933925326244e-01
-9.428500094079272920e-01
1.472902224762802081e-01
4.466859437828993862e-01
5.114540649919163684e-01
1.000000000000000000e+00
7.532370956831384579e-01
-5.778059552125425213e-01
-1.000000000000000000e+00
-2.072633581487247634e-01
-2.369143926795073130e-01
-1.000000000000000000e+00
3.717488530384237544e-01
-4.778212222791983210e-01
9.711129322710934098e-01
7.092152183373972019e-01
-8.152778404969303061e-01
7.951097004786156219e-01
-5.883059528765255397e-01
1.000000000000000000e+00
-2.732303161205091868e-01
-8.686156912519578110e-01
-1.000000000000000000e+00
8.671797049756650999e-01
8.565179161746021563e-01
-4.258031349524491471e-01
1.000000000000000000e+00
1.000000000000000000e+00
6.881885579423674404e-01
6.957646040659939413e-01
-1.000000000000000000e+00
-6.371699385044935493e-01
-2.548233252202414256e-01
8.730454367035065388e-01
5.157393759564570246e-01
1.117212854842843939e-01
-1.000000000000000000e+00
1.455726847207163832e-01
-1.349051384476228632e-01
9.624205142324512297e-01
1.893182801179738028e-01
-3.458077295482472335e-01
-7.650483727375251286e-02
1.000000000000000000e+00
1.000000000000000000e+00
-8.577951567873647321e-01
1.113040173888570905e-01
5.693679859595358606e-01
4.038801056494670805e-01
1.000000000000000000e+00
2.062886935797523247e-01
-8.137043019588490189e-01
-3.081206739650905746e-01
5.920096548673150494e-01
4.617235554443173684e-01
1.000000000000000000e+00
9.648070954345054906e-01
-2.771324210053365267e-01
-9.665244890322384208e-01
7.165730746024023823e-02
2.838741675657049379e-01
-1.000000000000000000e+00
-4.102879561256930208e-01
1.000000000000000000e+00
8.616787175911904129e-01
-1.000000000000000000e+00
