1.337488539003066634e-01
9.746644320484694202e-01
-6.497360325858572150e-01
-9.674268037382234287e-01
2.890438403823678559e-01
-7.582012014943639855e-01
-5.265556406237922316e-01
-4.561363611046893585e-01
-9.364095866122570389e-01
-8.942814293973868622e-01
8.324853686725688373e-01
-3.882902087449333628e-01
8.686443307999902608e-01
7.791630075877586936e-01
-6.381804899074516868e-02
4.657939249003067994e-01
7.087191218297614892e-01
-1.994855206913972445e-01
9.847521681090032342e-01
9.480694581446444946e-01
-8.678346805999905822e-01
-2.769229636716246667e-01
-9.500472395688652760e-02
6.620044471351045345e-01
9.044552535371399582e-01
7.037157478198756699e-01
-6.575540076424366553e-01
1.000000000000000000e+00
8.786059660541949423e-01
-7.002974294624486618e-02
9.281130004299520397e-01
8.388313321458866767e-01
2.080286252952441295e-01
-4.776990060900503376e-01
-5.523337864849593437e-01
-3.453285777597485673e-01
9.359750928109333845e-01
4.100635564885346529e-01
4.713442810692419216e-01
9.927232596770645401e-01
3.924040979563045983e-01
1.000000000000000000e+00
-2.233031759487873469e-01
-7.512390572695515356e-01
5.079560982420643356e-01
-3.179239862074578760e-02
-4.824462089317320679e-01
-9.982348812886929768e-01
7.843326827702045145e-01
-5.542898599531613790e-01
-6.596219798406399715e-01
3.820075825927078395e-01
-2.774111589334322669e-01
8.224168349224265651e-01
5.928307288691834209e-01
-2.677236627885895004e-01
-2.557737072954910929e-01
3.274664495375256834e-02
-7.820237192604222454e-01
5.628649399485765592e-01
-4.537169358620078974e-01
-9.255580037606485622e-01
-6.502151266781728278e-01
-5.642616215315285899e-01
1.902711037019951812e-01
-9.575433068861163299e-01
9.809698630338810066e-01
1.821133685645737188e-02
-5.345438129485478029e-01
-2.966809950609681223e-01
7.838150123925318180e-01
7.677937371068113137e-01
3.048142299273026712e-01
6.007370446437674261e-01
8.020535908790882296e-02
9.564499478539643107e-01
-1.247380607891401816e-01
2.815092885904169062e-01
3.064473185400686805e-01
-1.000000000000000000e+00
-6.869350167419256969e-01
2.098042032172786620e-02
3.740742104649943389e-01
-9.951160779578680504e-01
1.000000000000000000e+00
-3.065845894693297602e-01
3.241625906162106663e-01
7.698468849666459946e-01
1.535937811820635712e-01
-3.535270513432498540e-01
-6.675391581337331015e-01
1.312137009462761572e-01
1.000000000000000000e+00
1.000000000000000000e+00
-2.799677079730442664e-01
-5.593909489140374003e-01
-9.032709129594009845e-01
7.411431969664332708e-01
2.915420650650222267e-01
1.000000000000000000e+00
-7.135449736582555325e-01
-1.000000000000000000e+00
-5.760374896173712234e-01
6.323376998638134960e-01
-9.626384044695077691e-01
-1.000000000000000000e+00
-1.000000000000000000e+00
-7.951198997248096756e-01
-6.912960960482743555e-01
1.373836099937040534e-01
6.746185131484736530e-01
-6.425351187435679456e-02
-5.024535286488887031e-01
2.142428257307860129e-02
3.170005961980926212e-01
1.470536631316594622e-01
2.893598098956662312e-01
-2.271469337593245985e-01
-6.648276357209443876e-01
2.224667089511658258e-01
-6.149335190257674277e-01
1.000000000000000000e+00
-7.105247763764264146e-01
-1.875690240209402226e-01
8.962315938539400229e-01
-9.532462536997488023e-02
-9.646385498448282192e-01
4.533255462774901101e-01
1.000000000000000000e+00
-3.777032751769908714e-01
-8.104107167199781081e-02
-6.907923754094174029e-01
-1.000000000000000000e+00
-1.000000000000000000e+00
-1.000000000000000000e+00
-8.033246322041116549e-01
6.497093328125038703e-01
-4.877044987581331537e-01
-1.248346884088163689e-01
-2.803115860391209857e-01
-1.000000000000000000e+00
4.021408687330598752e-01
-1.092987655313173434e-01
8.981554281511816562e-02
-4.038970337918934561e-01
1.857842286638340390e-01
-1.840623417151698860e-02
7.125312516623547587e-01
7.857004682676744789e-01
3.408083703006420384e-01
4.525158900720493982e-02
4.645905404012267148e-01
-3.060069094525703637e-01
5.868941166442400714e-01
4.050643498402393128e-01
6.928312109789644957e-01
-4.727903436873786003e-01
3.375818999845543456e-01
5.873120024584839172e-01
5.952568327564606854e-01
-1.000000000000000000e+00
8.117393132743511153e-03
1.554757247665379261e-01
-4.841256367678957728e-01
-8.703553177745284586e-01
5.256855395673565301e-01
2.812698970015659050e-01
-8.451838648289486944e-01
-9.021752126152988716e-01
-3.949641835391703992e-03
-4.684550377059955029e-01
5.733607015852759670e-01
-3.541249238932877574e-01
-7.318897400226676009e-01
-8.235319994286069978e-01
1.740754220916276296e-01
-5.080329342361480371e-01
-8.043883804364715395e-01
6.999005800408628630e-01
-6.203652505706169773e-01
2.841240626054442053e-02
3.539168370391116980e-01
3.849864406706693387e-02
-5.227666091681015814e-01
-2.675629640371637308e-01
5.650019868954445634e-01
-6.692720219385150937e-01
2.471765476908884818e-01
-9.368594147611870593e-01
6.048264770314741856e-01
8.359125143177403849e-02
9.694167083225219139e-01
1.000000000000000000e+00
-2.042030702089079330e-01
7.571158555219525965e-01
3.602681999631804910e-01
-9.128437514692957500e-01
-3.162514222802175201e-01
1.000000000000000000e+00
-2.728656841369097030e-01
-5.989095570068661001e-01
4.949440875791892847e-01
5.506582392623009525e-01
-5.793538867701641948e-02
7.890966743344940415e-01
3.028319132529080360e-01
3.677924834941979082e-01
-3.183591130149907578e-01
-4.596386229887339248e-02
7.859726595737928090e-01
1.000000000000000000e+00
5.344772428728483682e-02
5.323711171260867570e-01
9.153530335919206617e-01
6.877243263761978476e-02
-6.140279268970660898e-01
-3.138786173101779653e-01
-5.313997788847197867e-01
-7.866963701199398695e-01
-5.495491830888070695e-01
-3.003719440157534559e-01
-6.462665094459556503e-01
4.716745646837008366e-01
3.905258065456025385e-01
-3.912204536988816983e-01
-9.888140196405987847e-01
-9.929093219786087055e-01
-8.594282191228841405e-02
-9.219964291829185754e-01
5.417949253887219818e-01
-1.000000000000000000e+00
-8.360592521127658827e-01
-1.993697236507556703e-01
-3.848160410845240520e-01
-1.000000000000000000e+00
-9.474871515421972035e-01
-8.951873838230524072e-01
-2.290445159437934919e-01
-7.485399908074306108e-01
7.562940623518312755e-01
-3.304411876053467978e-01
4.147826059719965652e-01
-1.000000000000000000e+00
-7.475969892487488444e-02
2.493740770856902600e-01
-1.080223164225242449e-01
4.960852276141269890e-02
3.057159919846230700e-01
-8.100824848249261745e-01
-5.174197065243204552e-01
4.754543959476498216e-01
7.768020588427990702e-01
1.940999462147317001e-01
-6.386093758522968233e-01
-1.000000000000000000e+00
-6.310580518610784395e-01
1.000000000000000000e+00
-8.158743885336767754e-01
-2.033600849682148937e-02
-4.073091303697722321e-01
-5.529243488796753425e-01
3.604977272384342624e-01
2.877434547973642953e-01
5.574218638267924852e-01
7.363550200318507155e-01
