-3.022570362519815257e-01
6.169290450719504548e-01
1.000000000000000000e+00
-1.000000000000000000e+00
1.000000000000000000e+00
1.000000000000000000e+00
-1.000000000000000000e+00
1.499565458018643493e-01
-1.000000000000000000e+00
-4.490051275585763557e-01
1.000000000000000000e+00
1.000000000000000000e+00
1.000000000000000000e+00
1.000000000000000000e+00
-1.000000000000000000e+00
-5.980787783632872667e-01
7.851525808968038422e-01
-1.000000000000000000e+00
1.876865297551950640e-01
1.000000000000000000e+00
5.770599035295034263e-01
-1.000000000000000000e+00
1.000000000000000000e+00
-1.000000000000000000e+00
3.637863722343701589e-01
-1.000000000000000000e+00
3.643445162876448595e-01
1.000000000000000000e+00
-1.000000000000000000e+00
1.000000000000000000e+00
-3.634784974518323608e-01
1.000000000000000000e+00
-1.000000000000000000e+00
3.159049798210969984e-01
1.000000000000000000e+00
1.000000000000000000e+00
1.000000000000000000e+00
2.727662082420292400e-01
-1.000000000000000000e+00
-1.000000000000000000e+00
1.000000000000000000e+00
1.000000000000000000e+00
1.000000000000000000e+00
-9.049190466149173440e-02
1.000000000000000000e+00
-1.000000000000000000e+00
-1.000000000000000000e+00
-1.000000000000000000e+00
1.000000000000000000e+00
-8.075536451053827447e-01
8.772111991939510744e-01
1.000000000000000000e+00
1.000000000000000000e+00
-1.000000000000000000e+00
-7.917972180037204932e-01
1.000000000000000000e+00
-8.353307871294011200e-01
1.000000000000000000e+00
-6.649527839294719911e-01
1.000000000000000000e+00
7.298172999278940143e-01
4.756647562784299677e-01
-1.000000000000000000e+00
-8.145936773240014528e-01
5.660167840177638965e-01
-9.615422231306702816e-01
4.076516429779648565e-01
1.000000000000000000e+00
-1.000000000000000000e+00
1.000000000000000000e+00
1.000000000000000000e+00
6.037926270124100991e-01
1.000000000000000000e+00
1.000000000000000000e+00
-1.000000000000000000e+00
-8.559989549751784166e-01
1.000000000000000000e+00
1.000000000000000000e+00
4.991735627681119780e-01
-1.000000000000000000e+00
-6.286660508604399178e-01
6.830540190852867344e-01
-1.000000000000000000e+00
1.000000000000000000e+00
1.000000000000000000e+00
-1.000000000000000000e+00
1.000000000000000000e+00
-1.000000000000000000e+00
1.000000000000000000e+00
-1.000000000000000000e+00
1.000000000000000000e+00
3.685425718564883102e-02
1.000000000000000000e+00
1.000000000000000000e+00
3.904530819078277926e-01
-2.502570149793013066e-01
2.701268681415192052e-02
2.144552301965321206e-01
9.031221028563920505e-01
-1.000000000000000000e+00
-1.000000000000000000e+00
-1.000000000000000000e+00
1.000000000000000000e+00
5.356064514624190309e-01
-3.278424055106374801e-01
-5.361307377598375501e-01
-9.979280655467854810e-01
-1.000000000000000000e+00
1.000000000000000000e+00
1.000000000000000000e+00
-8.949273548095619812e-01
1.000000000000000000e+00
3.485027669785397686e-01
-9.022744389783532437e-01
7.425521379836785840e-02
1.000000000000000000e+00
-3.287322122140383662e-01
1.000000000000000000e+00
-1.399873363146371119e-01
1.000000000000000000e+00
4.671505814604804963e-01
-3.141832043750635850e-01
1.000000000000000000e+00
9.635954570142192255e-01
-1.000000000000000000e+00
-1.000000000000000000e+00
1.000000000000000000e+00
1.000000000000000000e+00
1.000000000000000000e+00
-1.000000000000000000e+00
-1.000000000000000000e+00
-1.000000000000000000e+00
1.000000000000000000e+00
-7.089911356798763720e-01
1.000000000000000000e+00
-1.000000000000000000e+00
1.000000000000000000e+00
-9.149608173279002443e-01
1.000000000000000000e+00
1.000000000000000000e+00
-1.000000000000000000e+00
-1.000000000000000000e+00
-1.000000000000000000e+00
9.504064937186407214e-01
-1.000000000000000000e+00
1.000000000000000000e+00
-1.000000000000000000e+00
-1.000000000000000000e+00
1.000000000000000000e+00
-1.000000000000000000e+00
-1.000000000000000000e+00
1.000000000000000000e+00
1.000000000000000000e+00
1.000000000000000000e+00
1.000000000000000000e+00
1.000000000000000000e+00
-1.000000000000000000e+00
2.802347627968214128e-01
1.000000000000000000e+00
2.853571344851195679e-01
-1.000000000000000000e+00
1.000000000000000000e+00
-2.590386369675268252e-01
1.000000000000000000e+00
1.000000000000000000e+00
-1.000000000000000000e+00
1.000000000000000000e+00
-2.682967443929282769e-01
-1.000000000000000000e+00
-1.000000000000000000e+00
-8.287073940718209242e-01
1.000000000000000000e+00
1.000000000000000000e+00
1.000000000000000000e+00
3.727616716119988016e-01
-1.000000000000000000e+00
-3.450847320831689213e-01
4.906097716726821600e-01
1.000000000000000000e+00
-5.498609794315938437e-01
-1.000000000000000000e+00
1.000000000000000000e+00
-2.218232250747498580e-01
-1.000000000000000000e+00
-1.000000000000000000e+00
-2.828916351658010142e-01
1.000000000000000000e+00
1.000000000000000000e+00
1.667126711773623815e-01
4.024702886994925843e-01
1.000000000000000000e+00
-8.889118041743276910e-01
1.000000000000000000e+00
-1.000000000000000000e+00
-1.000000000000000000e+00
-3.367967335472188406e-01
1.000000000000000000e+00
1.000000000000000000e+00
-8.243733425677299831e-01
-1.000000000000000000e+00
3.825866646601590593e-01
1.000000000000000000e+00
-4.650874143821975837e-01
2.033052032282499644e-01
-1.000000000000000000e+00
1.000000000000000000e+00
4.190707069133020046e-01
1.000000000000000000e+00
-3.449721799793742383e-01
3.882912811437408962e-01
-3.478875859458245845e-01
1.000000000000000000e+00
-1.061786062002364334e-01
-5.758081144244872052e-01
-1.000000000000000000e+00
1.000000000000000000e+00
-7.335288222592117879e-01
1.000000000000000000e+00
-1.000000000000000000e+00
3.856717837735059162e-01
-1.000000000000000000e+00
-9.528546258310810479e-02
-1.000000000000000000e+00
1.000000000000000000e+00
1.000000000000000000e+00
-1.000000000000000000e+00
-1.000000000000000000e+00
1.915911917140408205e-01
1.000000000000000000e+00
5.135206716718501152e-01
-1.000000000000000000e+00
7.572714314636742605e-01
1.000000000000000000e+00
-1.000000000000000000e+00
-1.000000000000000000e+00
-1.000000000000000000e+00
-1.000000000000000000e+00
1.000000000000000000e+00
1.000000000000000000e+00
-2.796664637338006631e-01
-1.000000000000000000e+00
1.000000000000000000e+00
1.000000000000000000e+00
-1.000000000000000000e+00
1.000000000000000000e+00
-7.112197254605713281e-01
1.000000000000000000e+00
-8.724149204079456599e-01
-1.000000000000000000e+00
1.000000000000000000e+00
-4.745585793158965116e-01
-1.000000000000000000e+00
2.348168153785000212e-01
8.334766233674514857e-02
-7.952087122959667909e-01
-2.777309287447123909e-01
-4.673694546711166797e-01
-4.111634882556303716e-01
1.000000000000000000e+00
1.000000000000000000e+00
-1.000000000000000000e+00
1.000000000000000000e+00
1.000000000000000000e+00
1.000000000000000000e+00
1.000000000000000000e+00
