-6.758000183245251868e-01
9.779067292413960999e-01
5.936509384738299921e-01
1.000000000000000000e+00
-5.089585262948566058e-01
-1.000000000000000000e+00
-9.674673073997124284e-01
-1.000000000000000000e+00
-7.990245771757109594e-01
-9.523515093114065522e-02
-1.000000000000000000e+00
-9.233189184116474824e-01
2.286429908890807994e-01
-8.406227159616592726e-01
8.137095012791981663e-01
4.357806917851054784e-01
9.981779472630103456e-01
-5.473908759204060281e-02
2.112635236323183729e-01
-4.939808766708482235e-01
9.924239793242330965e-01
2.645350877177341520e-01
1.250826253596013515e-01
6.926891426379779837e-01
-1.799651100183830010e-01
-5.797202934325829116e-01
-6.752092183618956245e-01
8.513566463902662029e-01
1.261232514400705274e-01
-3.751075523530904565e-01
1.260430221771178250e-01
8.382481403156263333e-01
-8.473171485487049903e-01
5.434440530447495199e-01
-1.184169924741609314e-01
5.815640367097909547e-01
6.036187294271699866e-01
-2.433312716062252523e-01
-2.944037386166038495e-01
-8.636914388516965246e-01
-4.696524554035503840e-01
-7.735453068676045874e-02
-2.155595441989834882e-01
-3.318065476044120832e-01
1.000000000000000000e+00
-7.548663340675978439e-01
6.984562874510364949e-01
9.144609990236636232e-01
3.173066136569997475e-01
-6.844719007290911428e-02
-1.747628959719584874e-01
4.188702850554979484e-01
-1.408222476616227681e-02
-1.000000000000000000e+00
2.737006296806617778e-01
3.411364779617573895e-01
-9.467180520823341716e-01
3.404608075388853017e-01
8.481314389422225375e-01
3.781232603409561133e-01
-5.050698912541526919e-01
1.973325651336008679e-01
-3.471789111485259482e-01
-6.165063639191312728e-01
6.101920294497131803e-01
-9.683714987945117869e-01
-4.800481959704967494e-01
1.843835410292078425e-01
8.914490551328217993e-01
-2.264917280357452434e-01
-1.000000000000000000e+00
6.869957212607757935e-01
7.566080994080093269e-01
6.077614274743735612e-01
5.182746098188579786e-01
9.716125186091486565e-01
-9.638560684070498485e-01
-9.467446111725079660e-01
-2.538198036827451487e-01
-2.819650636964143864e-02
5.609664299872214599e-01
6.216859885273529063e-01
-4.384350429507803959e-01
1.619733961409293155e-01
-1.743782855195007420e-01
4.228873815308402673e-01
-8.675417499955480061e-01
1.000000000000000000e+00
-2.907622470628317135e-01
-8.068888782555063699e-01
6.702485014683099429e-01
3.291111220243052582e-01
-9.758968795312881195e-01
8.954092940253060018e-01
9.182502310485436414e-01
-1.803544042885520948e-01
-2.395650854689685971e-01
-7.158713978448540960e-01
7.335744287929018004e-01
1.256670605994452128e-01
5.766620135028193150e-01
1.000000000000000000e+00
9.327700545769961327e-01
-5.063719865051348190e-01
9.606609325942649935e-01
8.925418644899061338e-01
-5.801445484541103426e-01
-6.291737697796855322e-01
-6.262075204200112655e-01
1.259571314162781785e-01
9.225442184890997321e-01
-7.993030766091862027e-01
-6.588523928941638630e-01
-3.545324193850861727e-01
4.359048453505038889e-01
1.000000000000000000e+00
1.000000000000000000e+00
-8.897932561009385122e-01
5.182353599504244679e-01
-8.313963171664204843e-01
-6.676376827257837210e-01
-1.000000000000000000e+00
9.845950889853611887e-01
3.072347275781357467e-01
8.834461201473030600e-01
-1.000000000000000000e+00
3.375936435712147965e-01
9.082376301675194608e-01
7.500655909778752850e-02
-5.166369830907018290e-01
1.501830199408438205e-02
-1.285553710559286245e-01
-4.994041293726931841e-01
4.730253689045991194e-01
-3.329466110314009963e-01
-2.401013443254782498e-01
2.696916953965338148e-01
-1.590200022906143040e-01
-2.036477003441066191e-01
-2.195133100120050251e-01
9.867061256935822922e-01
6.220899366417056431e-01
6.748400438682131686e-01
7.461255196976006587e-01
8.528205960248702588e-02
4.878380373584330076e-01
8.575480507863426638e-01
3.897025015072426157e-01
-6.443316305456778803e-01
5.303793974186516991e-01
8.577296231613960042e-01
2.035665131248565185e-01
8.029975919272385187e-01
-8.827635179435628920e-01
1.158271040783864780e-01
9.568969092187959991e-01
1.000000000000000000e+00
1.522526478760860003e-01
-9.032016364094253014e-01
8.438187282906806086e-01
-5.865136959660988136e-01
-8.638143434511778018e-01
5.318026966666777877e-01
-1.798779076600096616e-01
-9.138231895388935211e-01
-5.638815199846383130e-01
-3.181841524068861893e-01
3.167734585173036521e-01
3.105512002935402194e-01
-1.025245002217158863e-01
-1.000000000000000000e+00
7.458349129055608095e-02
9.901812713787372378e-01
4.294843508235904328e-01
2.595206773944254142e-01
2.913337621154419299e-01
-1.615648193904246632e-01
-1.488443772591581116e-01
4.326852623857069258e-01
9.821430933420340903e-01
1.000000000000000000e+00
1.642773676086584089e-02
2.953387191664900158e-01
-7.446195779691078265e-02
5.527100084675735658e-01
5.076435481708947428e-01
9.217814149254692779e-01
-4.721051287883047398e-01
1.000000000000000000e+00
7.241982410184262253e-01
5.698054090081388079e-01
3.990223832761148337e-01
1.000000000000000000e+00
-4.025234723876509602e-01
-5.664998097624618367e-02
-6.962133975349287240e-01
5.154957269691573529e-01
6.927778448828170177e-02
-5.732941781238738432e-01
8.981001216037702850e-01
2.117506349766834217e-01
5.493036521280107998e-01
8.626266613050339593e-01
6.231053467688285608e-01
1.392576931671520857e-01
9.057856108463546718e-03
1.318071470582349303e-01
4.942891984145056927e-01
2.848592877610978125e-01
-2.126567958426865967e-01
-9.704591535527582469e-01
-5.759868111798081003e-01
-2.018469267549298785e-01
8.722352568741651435e-01
-1.000000000000000000e+00
-1.993048688577900851e-01
1.000000000000000000e+00
-9.106668611886403752e-02
-6.341421329602703327e-01
5.202887557057525036e-01
8.101421898208083228e-01
6.560465370402932539e-01
-3.460177057060174199e-01
7.631418778846410511e-01
9.901890581494954269e-02
4.497435599402788142e-02
2.624275755758196382e-01
-6.991747482002782510e-01
9.513400188872331853e-01
7.016263202972816693e-01
-5.200836706303830770e-01
5.397363065140226013e-01
2.322783850882512713e-01
1.000000000000000000e+00
6.158053428062000290e-01
-9.688131270130255768e-01
-5.430122159730557119e-01
6.463920066323998181e-01
3.629485991002689982e-01
8.135956517008584576e-01
-5.689452245305877121e-01
-7.096065690397783676e-01
8.560680216143654597e-01
-9.231578161756055501e-01
-6.212758464560010907e-01
2.460648042308624106e-01
-5.357637010750695428e-01
3.358221468813088473e-01
-8.415446158733259630e-01
-7.874731524012199557e-01
-5.675033243283706952e-01
-1.045910025115162068e-01
9.639945864266727948e-01
-7.463541604063259616e-01
2.200185682535098497e-01
-8.422920498121677646e-01
-9.887967188862067935e-01
8.091830009958256298e-02
-3.775544915906077215e-01
-1.000000000000000000e+00
6.425763237927692995e-01
-8.451843770483458140e-01
-2.100033944382406759e-03
1.000000000000000000e+00
-5.218013301891639699e-01
