-1.000000000000000000e+00
-1.000000000000000000e+00
-6.056084958904496274e-01
-1.000000000000000000e+00
1.000000000000000000e+00
-1.000000000000000000e+00
-7.918177734180502636e-01
1.000000000000000000e+00
1.000000000000000000e+00
1.000000000000000000e+00
1.000000000000000000e+00
1.000000000000000000e+00
1.000000000000000000e+00
1.576030902332885009e-01
6.609280762231500850e-01
-7.962400378476629514e-01
-7.207662979339946041e-01
-6.745599784069646887e-01
7.311769457814347728e-01
-1.000000000000000000e+00
1.000000000000000000e+00
2.327039325261876235e-01
-7.961115888418968112e-01
2.791165106164251730e-01
1.000000000000000000e+00
-1.000000000000000000e+00
-6.019825485465999382e-01
1.000000000000000000e+00
3.510209015961517354e-01
-7.927216538263548440e-02
-4.409426157259096479e-01
-2.067128132954297315e-01
8.829464423528869954e-01
-3.532843086648735365e-01
-5.709619068868427849e-01
-7.108860054738666001e-01
9.313567731219403178e-01
-3.882491105787936325e-01
1.000000000000000000e+00
3.311400532249941797e-02
-1.000000000000000000e+00
-3.637001506969966824e-01
-1.184620028311901274e-01
1.091120326884209568e-02
-1.000000000000000000e+00
1.000000000000000000e+00
9.330923888418666268e-01
-1.000000000000000000e+00
1.118737487862608848e-02
-1.000000000000000000e+00
-2.451657818239267872e-01
7.980924481673195015e-01
3.259135082410765660e-01
1.000000000000000000e+00
-1.000000000000000000e+00
2.046867145358506335e-01
3.902899236318824183e-02
1.000000000000000000e+00
2.711580052569479982e-01
-1.000000000000000000e+00
6.800435202242904875e-01
1.000000000000000000e+00
-1.000000000000000000e+00
-6.870110061083374298e-01
1.000000000000000000e+00
1.000000000000000000e+00
1.000000000000000000e+00
-1.394897602351976573e-01
3.761727659995935946e-01
-9.595718937833186413e-02
-8.261622140062186981e-01
1.000000000000000000e+00
2.027788497687848523e-01
-8.418406342336889336e-01
-1.000000000000000000e+00
-6.839694114536954972e-01
-1.003665504494618554e-01
4.048066847185646799e-01
-1.000000000000000000e+00
1.000000000000000000e+00
-1.000000000000000000e+00
-1.000000000000000000e+00
8.160490018900604658e-01
-1.000000000000000000e+00
-4.799428788272825930e-01
4.100095863945269481e-01
7.671053423770868296e-02
-2.815390929334511405e-01
-2.852940247713903754e-01
-6.993587774071206020e-01
-1.000000000000000000e+00
-1.000000000000000000e+00
-1.000000000000000000e+00
4.391464675559925146e-01
1.000000000000000000e+00
-1.000000000000000000e+00
-3.894749981355746238e-01
1.000000000000000000e+00
-8.269994690847141117e-01
-1.000000000000000000e+00
-4.904729789765482906e-01
1.000000000000000000e+00
1.000000000000000000e+00
2.255483777173463711e-01
2.687053639267971694e-01
8.886011674807936522e-02
8.230571028755059304e-01
-1.000000000000000000e+00
-1.016870880699207724e-01
-1.145769934547276048e-01
-3.416766024051383077e-01
-7.025497070613669903e-01
-4.718532845982855717e-01
4.885157536674198386e-01
4.722485616315363899e-01
3.696808167218273433e-01
-2.967026200770007671e-01
-1.000000000000000000e+00
4.242489362766302952e-01
-4.207546195435309944e-01
-6.080912005796264008e-01
-5.530081376554296657e-02
-7.795864637944649456e-02
-4.275830821303135965e-01
-1.877683677909240956e-01
2.470406842328369823e-01
6.105645495623552854e-01
1.000000000000000000e+00
3.461212286411854411e-01
2.360002229126723639e-01
-1.930234963328669728e-03
1.000000000000000000e+00
-3.565791706034138198e-01
-6.190253141697135142e-01
-8.458223520640528736e-02
-1.000000000000000000e+00
2.122595403998355224e-01
-7.246838608222523348e-01
-1.000000000000000000e+00
-6.951696377986843478e-02
9.064767765087314855e-01
9.894730486799144797e-01
1.467110255923060880e-01
6.293205541258257707e-01
-5.678562975953249659e-01
-1.000000000000000000e+00
2.666249992913589661e-01
-1.000000000000000000e+00
-1.000000000000000000e+00
1.000000000000000000e+00
1.966514071130849306e-01
-5.595611052906559468e-01
-3.954571616661950451e-01
-2.624741520151079310e-01
-1.902495586539214578e-01
-1.000000000000000000e+00
1.000000000000000000e+00
7.997072860025642438e-01
2.752968451889645785e-01
-2.762315416462680639e-01
1.000000000000000000e+00
-4.497283773909863114e-01
5.089335085724938645e-02
-9.090944551000224028e-01
-1.000000000000000000e+00
-9.876074517731417979e-01
-2.339141075736236031e-01
-1.000000000000000000e+00
1.000000000000000000e+00
1.700451911752965950e-01
3.682857026796900746e-01
3.843553087645814603e-01
5.478193847604837519e-01
-6.856194385890526100e-01
-1.000000000000000000e+00
1.000000000000000000e+00
7.095124079537895589e-02
-9.355068852909551591e-01
-1.000000000000000000e+00
-5.853572474158450500e-01
-2.746124211556952854e-01
-1.000000000000000000e+00
-1.000000000000000000e+00
1.000000000000000000e+00
7.740695776536609118e-01
1.000000000000000000e+00
-5.874392090439920500e-01
-1.347739088302464250e-01
-1.000000000000000000e+00
5.149549700599220792e-03
-1.704227616574539583e-01
5.991118935509044396e-01
-1.000000000000000000e+00
1.000000000000000000e+00
1.355680534850132180e-01
-1.000000000000000000e+00
-2.302294191994017081e-01
1.000000000000000000e+00
-1.000000000000000000e+00
6.063826310567210776e-01
1.000000000000000000e+00
-5.470613953637296634e-01
-1.000000000000000000e+00
-2.486777057641715860e-01
2.562077363572543565e-01
1.000000000000000000e+00
8.404509027532194865e-02
-5.643030120527390281e-01
9.766987700806990524e-01
-9.404587004397352290e-01
-6.036336733177531944e-01
3.644895681303611523e-01
5.573288753413120633e-02
6.267874419932711882e-02
7.671986233158334390e-01
-1.000000000000000000e+00
-4.985634204557037874e-02
-2.125620972899612271e-01
-1.000000000000000000e+00
5.419145412342956103e-01
2.179710243082148002e-01
-1.000000000000000000e+00
-8.656302489951617218e-02
2.371972918477606163e-01
-9.249999348478541439e-01
-1.000000000000000000e+00
7.143838781435709606e-01
1.000000000000000000e+00
4.046892990674977320e-01
5.383040002887595765e-01
-1.000000000000000000e+00
-1.000000000000000000e+00
7.633506366248826724e-01
-6.166614616763634871e-01
1.000000000000000000e+00
-1.000000000000000000e+00
4.495273941091397774e-01
-1.000000000000000000e+00
1.000000000000000000e+00
1.000000000000000000e+00
-6.150920099888366188e-01
5.470241750343753928e-01
1.000000000000000000e+00
-2.132676261696991871e-02
4.019908847864054890e-01
-7.296980079267617603e-01
-1.000000000000000000e+00
3.281653140944978397e-01
1.000000000000000000e+00
-7.558142000505676528e-01
-1.000000000000000000e+00
-9.852774918540847526e-01
6.385602768472036228e-01
6.028893886782397127e-01
-1.545417663407374631e-01
-1.000000000000000000e+00
1.000000000000000000e+00
1.990340695954774253e-01
-1.000000000000000000e+00
-1.000000000000000000e+00
1.000000000000000000e+00
1.000000000000000000e+00
6.560703007173109835e-01
-2.264432000804895706e-01
1.860290075585222525e-01
