1.000000000000000000e+00
-1.000000000000000000e+00
1.000000000000000000e+00
-1.000000000000000000e+00
-5.533522368986694140e-01
-3.744556335205959652e-01
8.102872822848754542e-01
1.000000000000000000e+00
1.000000000000000000e+00
1.000000000000000000e+00
-1.000000000000000000e+00
-1.000000000000000000e+00
-7.766509337592140128e-01
1.000000000000000000e+00
-3.542195530048088958e-01
1.000000000000000000e+00
-1.000000000000000000e+00
-7.497273771925150321e-01
1.000000000000000000e+00
1.317543870445481158e-01
1.000000000000000000e+00
-1.000000000000000000e+00
-1.000000000000000000e+00
6.073784159118521542e-01
1.000000000000000000e+00
1.000000000000000000e+00
1.000000000000000000e+00
4.408309038117321776e-01
-1.000000000000000000e+00
2.843062753811999022e-01
1.000000000000000000e+00
-1.000000000000000000e+00
-4.278293462964524729e-01
-1.000000000000000000e+00
-1.000000000000000000e+00
-1.000000000000000000e+00
-1.000000000000000000e+00
1.000000000000000000e+00
-1.000000000000000000e+00
1.000000000000000000e+00
-1.000000000000000000e+00
-1.000000000000000000e+00
-7.416948095884829950e-01
1.000000000000000000e+00
1.000000000000000000e+00
-3.678398836427571039e-01
1.000000000000000000e+00
-9.875520474344933186e-01
1.000000000000000000e+00
8.687997704558523271e-01
-1.829802535563781474e-01
-1.000000000000000000e+00
1.000000000000000000e+00
-1.000000000000000000e+00
-6.271507228307845461e-01
-1.000000000000000000e+00
-1.000000000000000000e+00
-1.000000000000000000e+00
1.000000000000000000e+00
-1.000000000000000000e+00
-4.500092257213452740e-01
-1.000000000000000000e+00
1.000000000000000000e+00
-1.000000000000000000e+00
1.000000000000000000e+00
-1.000000000000000000e+00
-1.000000000000000000e+00
-1.000000000000000000e+00
4.616006352349008024e-01
-3.274976887997763653e-01
-1.000000000000000000e+00
1.000000000000000000e+00
-1.000000000000000000e+00
1.000000000000000000e+00
1.000000000000000000e+00
1.000000000000000000e+00
-1.000000000000000000e+00
1.000000000000000000e+00
-1.000000000000000000e+00
1.000000000000000000e+00
-5.819941942815982650e-01
1.000000000000000000e+00
-1.000000000000000000e+00
-5.723657926765053638e-02
1.000000000000000000e+00
-1.000000000000000000e+00
-1.000000000000000000e+00
-1.000000000000000000e+00
-1.000000000000000000e+00
6.612473114566026489e-01
-9.246822939859705714e-01
-1.000000000000000000e+00
1.000000000000000000e+00
-1.000000000000000000e+00
1.000000000000000000e+00
1.000000000000000000e+00
1.000000000000000000e+00
1.000000000000000000e+00
-7.973306851823628305e-01
1.000000000000000000e+00
-5.323596402387014148e-01
-1.000000000000000000e+00
-1.000000000000000000e+00
1.000000000000000000e+00
-1.000000000000000000e+00
-1.000000000000000000e+00
-1.000000000000000000e+00
3.268185369982292698e-01
8.482739078705403557e-02
-1.000000000000000000e+00
-1.000000000000000000e+00
9.244136249717541665e-01
-5.368225587411534772e-01
-1.000000000000000000e+00
-1.633782968980343198e-01
1.000000000000000000e+00
-1.000000000000000000e+00
-1.000000000000000000e+00
1.000000000000000000e+00
3.608664912973040817e-01
-1.000000000000000000e+00
8.368041058039082936e-01
-2.987450705106542426e-01
1.000000000000000000e+00
7.655510602384139052e-01
1.000000000000000000e+00
8.273369876592038263e-01
-1.000000000000000000e+00
-1.000000000000000000e+00
-1.000000000000000000e+00
1.000000000000000000e+00
-1.000000000000000000e+00
1.000000000000000000e+00
-8.026742989267654504e-01
-3.392395903684937153e-01
-7.926827973380332626e-01
1.000000000000000000e+00
1.000000000000000000e+00
1.000000000000000000e+00
-1.670521694513881772e-01
-1.000000000000000000e+00
2.601567015288157037e-01
1.000000000000000000e+00
-1.000000000000000000e+00
-1.000000000000000000e+00
1.000000000000000000e+00
3.757112633369509291e-01
-1.000000000000000000e+00
-1.000000000000000000e+00
-7.459156134641371505e-01
1.000000000000000000e+00
1.000000000000000000e+00
-1.000000000000000000e+00
1.000000000000000000e+00
3.502215737527623052e-01
-1.000000000000000000e+00
-1.000000000000000000e+00
1.000000000000000000e+00
-1.066385389050834576e-01
-1.000000000000000000e+00
1.000000000000000000e+00
-1.000000000000000000e+00
1.000000000000000000e+00
1.000000000000000000e+00
1.000000000000000000e+00
1.000000000000000000e+00
1.000000000000000000e+00
1.000000000000000000e+00
-1.000000000000000000e+00
8.733476865757906493e-01
-1.000000000000000000e+00
-1.000000000000000000e+00
1.000000000000000000e+00
1.000000000000000000e+00
-1.000000000000000000e+00
-1.000000000000000000e+00
-1.000000000000000000e+00
-1.000000000000000000e+00
-1.000000000000000000e+00
1.000000000000000000e+00
-1.000000000000000000e+00
-3.409519661158281201e-01
-1.000000000000000000e+00
-9.027522767707243379e-01
1.000000000000000000e+00
-1.000000000000000000e+00
7.556789505756883463e-01
1.794775527911117718e-01
-1.000000000000000000e+00
-9.569113347225841615e-01
1.000000000000000000e+00
1.000000000000000000e+00
2.384841567124640349e-02
-1.000000000000000000e+00
1.000000000000000000e+00
-4.295495034995854278e-01
-1.000000000000000000e+00
-1.000000000000000000e+00
-1.000000000000000000e+00
-1.000000000000000000e+00
-1.000000000000000000e+00
2.012276941843122446e-01
1.000000000000000000e+00
-1.000000000000000000e+00
1.000000000000000000e+00
7.332644037845633678e-01
8.373229564025819194e-02
-1.000000000000000000e+00
1.000000000000000000e+00
1.000000000000000000e+00
1.000000000000000000e+00
1.000000000000000000e+00
1.492565569197328301e-01
5.282207538638806765e-01
-1.000000000000000000e+00
1.000000000000000000e+00
-1.000000000000000000e+00
3.350509457777335331e-01
1.000000000000000000e+00
1.000000000000000000e+00
-1.000000000000000000e+00
-1.000000000000000000e+00
1.000000000000000000e+00
-1.000000000000000000e+00
-1.000000000000000000e+00
1.000000000000000000e+00
1.000000000000000000e+00
-1.000000000000000000e+00
1.000000000000000000e+00
1.000000000000000000e+00
-1.000000000000000000e+00
1.000000000000000000e+00
1.000000000000000000e+00
-5.086489983977554585e-02
1.000000000000000000e+00
-1.000000000000000000e+00
2.173050854029030532e-01
1.000000000000000000e+00
-3.396189114699517120e-01
1.000000000000000000e+00
1.000000000000000000e+00
-1.000000000000000000e+00
-1.000000000000000000e+00
1.000000000000000000e+00
-1.000000000000000000e+00
-1.000000000000000000e+00
1.000000000000000000e+00
1.000000000000000000e+00
1.000000000000000000e+00
-1.000000000000000000e+00
1.000000000000000000e+00
-1.000000000000000000e+00
1.000000000000000000e+00
-1.000000000000000000e+00
-1.000000000000000000e+00
-1.000000000000000000e+00
-1.000000000000000000e+00
1.000000000000000000e+00
3.154730596708124057e-01
-1.060955649424038250e-01
-1.000000000000000000e+00
1.000000000000000000e+00
1.000000000000000000e+00
-5.182242449538354556e-01
1.000000000000000000e+00
