-2.057570010321662091e-01
-9.954415896346833215e-01
-3.000375271601742888e-01
2.425682718243016289e-02
-1.000000000000000000e+00
-8.691977328308253536e-01
-9.098606629316192684e-01
-2.407030406681433532e-01
-7.433277031875964447e-01
1.000000000000000000e+00
1.000000000000000000e+00
-2.623714247195971794e-01
-5.105519915273560860e-01
-9.915504073465075674e-01
-1.099499645002691151e-02
6.898004118889436986e-01
3.032843477552360500e-01
6.604196783430975604e-01
-1.000000000000000000e+00
4.171684927030452350e-01
-2.621759625596011833e-01
-3.420841594670476216e-01
1.000000000000000000e+00
-1.000000000000000000e+00
1.514477365632449501e-01
-1.000000000000000000e+00
-2.916030072966289133e-01
-1.533281633326029070e-01
5.335802756217091769e-01
8.271858554887947523e-01
-4.712807499161018598e-01
2.468792946875688621e-01
-4.802008083115666959e-01
-1.000000000000000000e+00
-1.000000000000000000e+00
-6.606773139997015321e-01
9.899628081270177571e-01
5.947936126861569361e-01
1.065019600536397104e-01
5.873572749905391355e-01
9.856609989930567028e-01
3.489955649870428722e-01
-3.231144388454832983e-01
7.694783562607735439e-01
6.964885809922736204e-01
-6.725560158905399266e-01
-6.871777837795554067e-01
-6.812245348757087759e-01
1.000000000000000000e+00
-4.661510277311435857e-01
1.000000000000000000e+00
1.000000000000000000e+00
-1.000000000000000000e+00
-2.837997426989397054e-02
3.071011646431189845e-01
-1.020551016111668208e-01
-1.476466131119160696e-01
-8.986208611266011115e-01
-1.000000000000000000e+00
-7.882776741288248790e-01
-3.543136072561277050e-01
-6.558906477340984420e-01
6.315467583552081265e-01
-3.012194716397402772e-01
1.000000000000000000e+00
1.000000000000000000e+00
-9.890373706060320291e-01
-6.476185979016126915e-01
-1.913674999064385318e-01
2.644085950324077672e-01
-1.000000000000000000e+00
7.929124276148007411e-01
3.265658981680051309e-01
7.482508337197596449e-01
1.682500073464856527e-01
-1.653941211102302467e-01
4.955401910248935504e-01
1.000000000000000000e+00
-1.062906160064309713e-01
1.840873214175331452e-01
2.251346217861698307e-01
-8.636636410905618177e-02
6.360324571189893694e-01
-8.376309221208748657e-01
1.000000000000000000e+00
3.551868547374887886e-01
-1.000000000000000000e+00
-7.267061449527327799e-01
-8.610294495125966896e-02
1.000000000000000000e+00
8.915339311362748820e-01
8.486696426087296796e-01
-7.403671752954961160e-01
-1.710417653151763417e-02
8.533430153220773473e-01
-5.335161795223313241e-01
-2.281778326830355419e-01
-7.836678755325943158e-01
7.827061870984530767e-02
-1.000000000000000000e+00
9.647685002932082643e-01
-3.143111179681393752e-01
-1.000000000000000000e+00
5.888538670285331511e-01
-5.823515010915504275e-01
-2.879882037035761400e-01
-1.000000000000000000e+00
-7.522919247163091239e-01
-4.634082360567524095e-01
-9.972443641885457843e-01
-3.975404252426475438e-01
1.000000000000000000e+00
-1.974803091751768935e-01
4.329882439728223176e-01
-6.867247236104763175e-01
1.403656149554562971e-01
-5.265866158384386875e-01
5.079437908721406991e-01
6.274018522176663115e-01
-8.940146571092185690e-01
3.464666981135086088e-01
-2.427281840430506321e-02
-2.944515239893186198e-01
-4.986073801909712278e-01
-2.895685006004741213e-01
1.000000000000000000e+00
1.259839858910586363e-01
-2.064646519136574820e-01
6.923540994917752878e-01
1.990749709702512860e-01
7.486268778915174948e-01
-1.000000000000000000e+00
1.000000000000000000e+00
-1.000000000000000000e+00
-7.221691200267266186e-01
8.440881054601248046e-01
1.000000000000000000e+00
5.434031628994657748e-01
2.739661511476969569e-01
1.000000000000000000e+00
1.054822095263655835e-01
-4.061901233516997944e-01
-1.448463002976904113e-01
-8.060095187805877970e-01
-5.462912709344549533e-01
1.000000000000000000e+00
-2.133358922368009392e-01
6.689742698989074032e-01
-9.756106945152103194e-01
-8.413257194762517877e-01
-3.464772550912849081e-01
-2.281384338828325309e-01
1.000000000000000000e+00
-6.130257279739999010e-01
3.884322888297175869e-02
1.000000000000000000e+00
1.318459634131263769e-01
-7.124793810599897581e-01
-2.534176842321437251e-01
7.033176047392624142e-01
-1.000000000000000000e+00
-1.000000000000000000e+00
5.694742242986499114e-01
1.458011777483725346e-03
-3.653414114070596685e-01
-7.314347672882687279e-02
1.037343993331664160e-01
2.457612465648459921e-01
6.827285962827096544e-01
2.242924103569559069e-01
-1.000000000000000000e+00
-7.570315893222521186e-01
1.000000000000000000e+00
-9.558151791748183967e-01
-4.276155543485256061e-01
1.000000000000000000e+00
-3.848965783050756206e-01
9.878764522100795809e-01
1.000000000000000000e+00
-1.000000000000000000e+00
1.177081894896014891e-01
-7.654512448356398657e-02
4.597851648360721799e-01
-2.579900153792328843e-01
-1.000000000000000000e+00
6.182102848548265417e-01
-5.305663098395678734e-01
3.867629160080625628e-01
-6.951973737605390280e-01
-9.136930232974793675e-01
7.960489190004311766e-01
1.000000000000000000e+00
1.883655298657647137e-01
1.000000000000000000e+00
-1.000000000000000000e+00
7.797897925393970642e-02
-7.456940591569651833e-01
8.854069047777493040e-01
2.065297250127408057e-01
4.664930478733151364e-01
9.146523925516312215e-01
1.000000000000000000e+00
-1.296002384499033155e-01
-6.001420690704690752e-01
1.000000000000000000e+00
-6.738097087735464008e-01
9.978821543970012309e-01
-8.095770879676081888e-01
-3.813515084759784290e-01
4.972765006749868544e-01
1.000000000000000000e+00
-8.130842848954920044e-01
-9.379140690729698138e-02
7.853571683317221996e-01
-3.881670458617669239e-01
1.000000000000000000e+00
1.287222629618745007e-01
1.000000000000000000e+00
7.572297073992657612e-01
-2.302286822712545922e-01
3.263596179296526234e-01
7.398933945065158113e-01
-4.979589338356762429e-01
3.207223202836404496e-01
1.000000000000000000e+00
-8.182134271052732277e-01
-2.057430895622092137e-01
5.271583552933079009e-01
-1.751333895040338984e-01
1.317119443165629677e-01
-1.838705017586965973e-01
1.688017272236239652e-01
5.647870892470761017e-01
9.011622638424414689e-01
9.068296548233869547e-01
3.330048388728878983e-02
-7.420708576264224421e-01
4.877914973675208099e-01
2.195502181100623118e-01
-6.022688912828866314e-03
-4.935647057260725834e-01
1.000000000000000000e+00
-1.000000000000000000e+00
4.186771927550898553e-01
-3.682484279876574451e-02
-1.000000000000000000e+00
-9.983059208722488975e-01
-6.223885035586080861e-01
-3.121974476816240518e-01
-1.000000000000000000e+00
-1.000000000000000000e+00
-1.000000000000000000e+00
9.142801618817717468e-01
1.000000000000000000e+00
-9.494851223061175904e-01
-6.565956847042145883e-01
1.000000000000000000e+00
9.803549334408654392e-01
4.383121076659723947e-01
1.000000000000000000e+00
-9.059360965259191101e-01
1.907393167112629850e-01
-1.000000000000000000e+00
7.058619606461782325e-01
9.056362611755242042e-03
