-4.838837887354962009e-01
-3.390242843238824855e-01
-1.000000000000000000e+00
2.027090375378584053e-01
-5.758022125003402492e-01
9.078650939843651013e-01
-3.212105451261155764e-01
1.499067391105031177e-01
6.026919928288837491e-02
-7.968682916300758867e-01
-1.553443193059844685e-01
9.450303496659560043e-01
-6.972441504708151161e-01
5.345308051041550712e-01
6.939996368577081576e-01
1.000000000000000000e+00
2.825513885896561717e-01
1.000000000000000000e+00
5.015404445616611362e-02
-1.000000000000000000e+00
-1.000000000000000000e+00
-2.869217527137277735e-01
-3.263222063026909314e-01
5.847025244297878732e-01
-1.000000000000000000e+00
-1.000000000000000000e+00
-1.000000000000000000e+00
6.164219326947170119e-01
1.000000000000000000e+00
-1.000000000000000000e+00
-2.537019846137633650e-02
-1.000000000000000000e+00
9.817084764062286029e-01
1.866860408220261114e-01
-1.000000000000000000e+00
-9.676759471639224675e-01
-6.700269024412082164e-01
-7.800680742684248381e-01
3.923815418849647685e-01
5.800273773373765263e-01
9.413742860957403646e-01
1.000000000000000000e+00
1.000000000000000000e+00
-1.000000000000000000e+00
-1.995845332709617059e-01
-2.808366061966773852e-01
-4.261389160898346740e-01
-1.000000000000000000e+00
-1.000000000000000000e+00
-6.921447777867338891e-01
-1.000000000000000000e+00
1.000000000000000000e+00
-1.000000000000000000e+00
5.363766108297515212e-01
2.271044329486504587e-01
-6.485668918738285438e-01
-1.000000000000000000e+00
5.634639892132879968e-01
-1.000000000000000000e+00
9.033963974587926327e-01
-9.272785525280538010e-01
-1.000000000000000000e+00
-1.000000000000000000e+00
9.124876493849187753e-03
1.000000000000000000e+00
-1.033609916631018089e-01
5.252368211176383639e-01
6.862758025461336286e-01
-9.354622283853044618e-01
-9.859866406927507709e-01
-8.116389695792982639e-01
1.188970911201788494e-01
-1.059488034378589516e-01
-8.043071102736065736e-02
1.000000000000000000e+00
4.008062627721442617e-01
-1.000000000000000000e+00
-8.323708465123076383e-01
1.000000000000000000e+00
-1.000000000000000000e+00
-1.986458619143789406e-01
-1.000000000000000000e+00
-1.000000000000000000e+00
1.000000000000000000e+00
6.118254487126084662e-02
9.690683922456806432e-01
6.263694231690353220e-01
8.680237058434395747e-01
7.487834027128138503e-01
-6.136474454850637805e-02
-4.965289104053018931e-01
3.842781989190784397e-01
-1.000000000000000000e+00
-6.531091690088007828e-01
4.577502624521354591e-01
7.130626904402124211e-01
-8.549822902293637839e-01
9.653335576808104168e-01
-5.186594938038115998e-01
-1.000000000000000000e+00
3.897090340268749564e-01
-1.160510589334040610e-01
-1.000000000000000000e+00
1.000000000000000000e+00
-1.000000000000000000e+00
-1.000000000000000000e+00
-1.000000000000000000e+00
-4.240150981684135401e-01
5.246992217425070493e-01
-7.580698770654443752e-01
2.568237246883169900e-01
6.469859340686612281e-01
6.716206924064533901e-01
1.000000000000000000e+00
-1.000000000000000000e+00
7.914716231868346163e-02
-4.876186421097589152e-01
-6.664011147738222451e-01
-1.531382144486124197e-01
-1.720148584170251849e-01
1.000000000000000000e+00
-1.000000000000000000e+00
-3.522703173398065157e-01
-1.000000000000000000e+00
-1.000000000000000000e+00
-8.150296698625891789e-02
1.000000000000000000e+00
-1.000000000000000000e+00
-1.000000000000000000e+00
8.432050668343047395e-01
-7.373608132056641562e-02
1.000000000000000000e+00
6.431654704514728760e-01
1.000000000000000000e+00
5.145905195758571082e-02
3.990813123832718246e-01
3.170419822594701120e-01
-4.109728776650252158e-01
-1.000000000000000000e+00
-1.000000000000000000e+00
1.000000000000000000e+00
-1.000000000000000000e+00
4.883411365125432946e-01
1.000000000000000000e+00
1.000000000000000000e+00
-3.247168471637085219e-02
3.596294852290957689e-01
-5.061840165207649456e-01
-1.000000000000000000e+00
9.588436385560847874e-01
-6.942952724351092453e-01
7.398463268096051593e-01
-1.000000000000000000e+00
-1.000000000000000000e+00
-1.000000000000000000e+00
-5.682047575253054150e-01
-1.000000000000000000e+00
-1.000000000000000000e+00
1.000000000000000000e+00
-1.000000000000000000e+00
-9.941567519844729528e-01
1.000000000000000000e+00
-1.000000000000000000e+00
-7.860466624624273813e-02
1.000000000000000000e+00
1.000000000000000000e+00
1.000000000000000000e+00
-6.733551181961949794e-02
1.000000000000000000e+00
1.000000000000000000e+00
-1.000000000000000000e+00
-2.031256507736753369e-01
1.000000000000000000e+00
-1.000000000000000000e+00
-2.574066435460975466e-01
3.081885074447482387e-01
-2.620208595001942697e-01
-4.546703120166279977e-01
-4.892494901076878122e-01
4.540098325078391062e-01
-1.000000000000000000e+00
-7.880724813500401549e-01
-1.000000000000000000e+00
-1.000000000000000000e+00
1.000000000000000000e+00
1.000000000000000000e+00
1.000000000000000000e+00
-1.000000000000000000e+00
1.259557276403666659e-02
-8.946181086040856378e-01
-1.000000000000000000e+00
-6.951629359094626537e-01
1.000000000000000000e+00
3.662041541737570682e-02
1.000000000000000000e+00
-1.000000000000000000e+00
-4.904305988123436322e-01
1.000000000000000000e+00
1.787799519457267117e-01
-5.572739761955504134e-01
7.095837354749101600e-01
-1.000000000000000000e+00
5.511371423007461745e-01
-2.812488134686841335e-02
-6.435234230389816901e-01
1.000000000000000000e+00
1.000000000000000000e+00
-1.000000000000000000e+00
9.440864745133996649e-01
-1.000000000000000000e+00
-1.000000000000000000e+00
-6.353159837926125597e-01
1.000000000000000000e+00
7.672362443732239079e-01
1.004972401978962981e-01
-1.000000000000000000e+00
8.926709208098996262e-01
6.067492020654783325e-01
8.838032348746647227e-01
1.535389185807444212e-01
-1.000000000000000000e+00
-1.000000000000000000e+00
7.483573839951224160e-01
2.526361670446206631e-01
-5.995285821276991056e-01
-1.000000000000000000e+00
4.299367817236726674e-01
1.000000000000000000e+00
-5.157371012811076683e-02
-5.377602890229893351e-01
-3.683624178933545545e-01
-1.000000000000000000e+00
-8.912733466862898801e-01
-8.046559373234218882e-02
1.000000000000000000e+00
-1.407227496951621304e-01
3.942439276920639557e-01
2.015312313031867308e-01
1.000000000000000000e+00
-1.000000000000000000e+00
-3.803288045538311124e-02
4.456325656227199672e-01
1.000000000000000000e+00
1.000000000000000000e+00
-2.537178624005023697e-02
1.000000000000000000e+00
-1.000000000000000000e+00
7.361887600663814535e-01
-3.826802824686640347e-01
1.260508859263942405e-02
-1.000000000000000000e+00
1.167587062010508880e-01
1.000000000000000000e+00
-1.000000000000000000e+00
1.000000000000000000e+00
-1.000000000000000000e+00
-8.853791052996009547e-01
6.194768335747300458e-01
2.839535657020081927e-01
-8.742566031320225806e-01
1.000000000000000000e+00
-1.000000000000000000e+00
-7.795578175037554125e-01
4.171782852614265291e-01
-9.350693895480524098e-01
