5.263667847030677471e-01
-6.462954317334663745e-01
-1.000000000000000000e+00
4.790957712135310853e-01
2.444806470666571752e-01
-9.630284329587043279e-01
-1.000000000000000000e+00
5.862767863711172422e-01
-1.577439903190380743e-01
1.000000000000000000e+00
-1.000000000000000000e+00
1.037457296210165802e-01
-1.000000000000000000e+00
2.532478308068695227e-01
-1.000000000000000000e+00
8.815327370458553302e-01
-6.030857766928789943e-01
-4.900003428645686165e-01
1.000000000000000000e+00
6.602513996646974803e-01
1.000000000000000000e+00
-1.138010757802279671e-01
-5.349512100483734267e-01
-1.000000000000000000e+00
-1.000000000000000000e+00
1.366672893009213685e-01
-3.213438153807381958e-01
3.390187728041409443e-01
-8.839704332177789059e-01
-8.284283786067356825e-01
-6.414447482688667712e-01
2.088117424461913840e-01
-1.000000000000000000e+00
6.049900570859803040e-01
-1.000000000000000000e+00
1.000000000000000000e+00
2.237762279263780796e-01
1.000000000000000000e+00
1.000000000000000000e+00
1.349742433064823333e-01
9.512147850629816270e-01
-6.896198947582641292e-01
1.000000000000000000e+00
7.606687671723235677e-01
-6.253386045299961227e-01
-8.727219112599409190e-01
-1.000000000000000000e+00
1.000000000000000000e+00
-6.322186865896944896e-03
1.000000000000000000e+00
1.000000000000000000e+00
1.989071622865881128e-01
-2.647696374863557356e-01
1.000000000000000000e+00
5.640019391833925866e-01
-9.811315796346520290e-02
-8.448320986916373343e-01
1.279369644515766513e-01
1.000000000000000000e+00
-1.000000000000000000e+00
2.937057037353529854e-02
1.000000000000000000e+00
8.341550331260988438e-01
4.623422386554562058e-01
-3.717429580245514842e-01
-1.736608545860442998e-01
1.000000000000000000e+00
-9.639316100688304356e-01
5.732638494885903269e-01
-4.460433191969215283e-02
-1.000000000000000000e+00
-5.053299526310240930e-01
-1.000000000000000000e+00
1.535708148682513041e-02
-1.000000000000000000e+00
5.217189381761651035e-01
-1.000000000000000000e+00
-2.486097189889188153e-01
-1.000000000000000000e+00
-7.814341756081297774e-01
-7.852999119901573621e-01
6.306174032588223177e-01
-7.158414556028103171e-02
1.000000000000000000e+00
2.368729053450551181e-01
1.000000000000000000e+00
-1.000000000000000000e+00
4.724748196940882217e-01
-2.941683439517210341e-01
5.937325134016997463e-01
1.000000000000000000e+00
4.412197651162688694e-01
-1.000000000000000000e+00
8.858483321445984604e-01
1.000000000000000000e+00
-2.815926522978602353e-01
-1.000000000000000000e+00
-1.000000000000000000e+00
-4.118087331233986070e-01
1.000000000000000000e+00
7.866344283264028459e-01
-3.422280987871662017e-01
8.003444689606244999e-01
-4.899966068827579790e-01
7.524770043982886847e-01
-1.000000000000000000e+00
8.101772388964876281e-01
7.843011287244938678e-02
8.987147832892298238e-01
-1.000000000000000000e+00
1.000000000000000000e+00
-9.845835888673457603e-01
1.000000000000000000e+00
-5.583438121207806581e-01
1.000000000000000000e+00
1.000000000000000000e+00
2.693604611896170398e-01
-1.000000000000000000e+00
-9.168669898451216049e-01
3.438121254268914351e-01
9.466841977882233250e-01
3.772496068720607720e-01
-7.242447790736612490e-01
2.351218202602428642e-01
1.000000000000000000e+00
1.000000000000000000e+00
-1.513262300283927386e-01
3.677932486726130934e-01
1.938025978023372731e-01
5.247972935876308309e-01
2.713493308041627916e-01
2.990491642004039496e-01
-1.000000000000000000e+00
-1.757787865940745320e-01
-4.718786845920578399e-01
1.000000000000000000e+00
-1.000000000000000000e+00
6.651285472896749651e-01
3.720704125494206926e-01
1.000000000000000000e+00
-1.000000000000000000e+00
-2.152834982941970177e-02
-2.974354825965712656e-01
1.277618515018748013e-01
9.039132302916106365e-01
1.000000000000000000e+00
7.984627560980438465e-01
5.731473741428394497e-01
6.948932970482998295e-01
-4.096872250274989913e-01
6.053071656490898178e-01
1.846085879388482676e-01
2.612225506602238179e-01
-9.740565292314702361e-01
1.000000000000000000e+00
-1.548278093016698387e-01
1.000000000000000000e+00
1.701376812790145188e-02
3.337870770301074597e-01
-6.211908891069989336e-01
-8.748133278431113879e-02
8.858060846213933193e-03
1.000000000000000000e+00
-2.527643282019265136e-03
-9.480008154274639498e-01
-1.000000000000000000e+00
-3.264210667590080606e-01
-4.753015120646766345e-01
-1.000000000000000000e+00
-4.345070006458812140e-01
-5.540638336735932423e-01
-1.901920470474766367e-01
-1.000000000000000000e+00
-5.254307067281163146e-01
-9.411604222381897422e-01
-1.000000000000000000e+00
1.917182854769630129e-01
6.839944869841245723e-01
1.000000000000000000e+00
-1.000000000000000000e+00
2.253579617177505212e-01
-1.000000000000000000e+00
-1.000000000000000000e+00
-1.645724371820567189e-02
-4.914638315715494921e-01
2.141343510257420757e-01
-6.878593959377123923e-01
-1.000000000000000000e+00
-3.971694935041869545e-01
-1.721801249583341242e-01
1.000000000000000000e+00
-5.018576539294782313e-01
1.000000000000000000e+00
-8.084845547762660178e-01
4.965218031507889762e-02
1.000000000000000000e+00
-7.119383498344589167e-01
1.000000000000000000e+00
-5.866244057819924862e-02
1.000000000000000000e+00
2.398030004631070966e-01
5.856292199625406925e-02
1.000000000000000000e+00
4.755454787300790187e-01
6.351956281299386831e-01
4.632827799937236368e-01
-1.000000000000000000e+00
-9.096519309777335582e-01
4.829267393977990652e-01
-2.067511256502331807e-01
-1.000000000000000000e+00
1.724714139705600391e-01
6.522917554120348793e-01
1.000000000000000000e+00
-7.166321023389197187e-01
1.000000000000000000e+00
2.077752078624055532e-01
-7.359191824636026613e-01
1.000000000000000000e+00
1.000000000000000000e+00
4.519096128509818566e-01
-4.484188991689990189e-01
-1.000000000000000000e+00
-1.000000000000000000e+00
1.000000000000000000e+00
-2.244887444468569027e-01
-2.804729331361278666e-01
1.000000000000000000e+00
5.133442284763767294e-02
-9.238755438667223263e-01
3.214418221281891697e-01
5.519239379878384533e-01
-7.586929063399419082e-01
2.096634781869721742e-01
-1.000000000000000000e+00
5.864871566313928364e-01
-1.000000000000000000e+00
8.836850886941731709e-01
-5.579160866212891090e-01
1.000000000000000000e+00
-4.913198266135496151e-01
9.110972202511087303e-01
1.000000000000000000e+00
1.000000000000000000e+00
9.242872524528469302e-01
1.000000000000000000e+00
1.000000000000000000e+00
1.312272195683095166e-02
-4.981354838036688992e-01
-2.237246870965647894e-01
-1.000000000000000000e+00
1.958300750057350159e-01
1.000000000000000000e+00
2.450799820596161194e-02
5.016469137601480277e-01
-1.000000000000000000e+00
-8.454248503126213787e-01
3.142327506941300919e-01
-4.699672737266561429e-01
2.974535888489067137e-01
-2.205567063050436483e-01
-1.000000000000000000e+00
-5.631708989597297155e-01
-9.592666357644147324e-01
1.516566403907758653e-01
