1.000000000000000000e+00
2.029770402771268190e-01
-2.592212680359431420e-01
3.343664988704901919e-01
1.000000000000000000e+00
-8.977134707886154086e-01
-1.000000000000000000e+00
1.000000000000000000e+00
1.000000000000000000e+00
1.359070505500883375e-01
1.000000000000000000e+00
-1.000000000000000000e+00
1.000000000000000000e+00
-1.000000000000000000e+00
-1.970187878255185154e-01
1.000000000000000000e+00
-2.961851803390032067e-01
1.000000000000000000e+00
-5.662227490526319240e-01
1.000000000000000000e+00
-1.000000000000000000e+00
1.000000000000000000e+00
1.000000000000000000e+00
4.625560976860047524e-01
-1.000000000000000000e+00
-1.000000000000000000e+00
1.000000000000000000e+00
-4.507425533068601942e-01
1.000000000000000000e+00
-1.000000000000000000e+00
1.000000000000000000e+00
-4.526639605093059071e-01
1.000000000000000000e+00
-4.885508338834126940e-02
8.084571695957527560e-01
-1.000000000000000000e+00
-1.000000000000000000e+00
1.000000000000000000e+00
-1.000000000000000000e+00
-1.000000000000000000e+00
3.892517303505629300e-01
9.963545360213441615e-01
1.000000000000000000e+00
-1.000000000000000000e+00
-1.000000000000000000e+00
1.000000000000000000e+00
-1.000000000000000000e+00
-1.000000000000000000e+00
1.000000000000000000e+00
-1.000000000000000000e+00
1.000000000000000000e+00
1.000000000000000000e+00
6.887226370932781894e-01
-1.000000000000000000e+00
1.000000000000000000e+00
1.000000000000000000e+00
1.000000000000000000e+00
-1.670479202890911008e-01
1.000000000000000000e+00
1.000000000000000000e+00
1.000000000000000000e+00
1.000000000000000000e+00
-1.000000000000000000e+00
3.781883600087335706e-01
1.000000000000000000e+00
-1.000000000000000000e+00
-3.911710840289501778e-01
1.000000000000000000e+00
-1.000000000000000000e+00
4.115599611598726448e-01
-1.000000000000000000e+00
-3.010957879628521905e-01
-1.000000000000000000e+00
-3.696447435670000559e-01
1.000000000000000000e+00
1.000000000000000000e+00
-1.000000000000000000e+00
1.000000000000000000e+00
1.000000000000000000e+00
1.000000000000000000e+00
1.000000000000000000e+00
-1.000000000000000000e+00
-6.697302446798298892e-01
-1.000000000000000000e+00
1.915601387469351158e-01
-1.000000000000000000e+00
1.000000000000000000e+00
1.000000000000000000e+00
1.000000000000000000e+00
-4.563244471199174868e-01
-1.000000000000000000e+00
4.684133289426184454e-02
-1.000000000000000000e+00
1.000000000000000000e+00
-4.346390123358940816e-01
-8.959803492274041048e-01
-1.000000000000000000e+00
1.000000000000000000e+00
7.151569049059265382e-01
-1.000000000000000000e+00
-1.000000000000000000e+00
1.000000000000000000e+00
-1.000000000000000000e+00
1.000000000000000000e+00
-1.000000000000000000e+00
-8.357932450588467788e-02
-1.000000000000000000e+00
1.000000000000000000e+00
-1.000000000000000000e+00
1.000000000000000000e+00
-1.000000000000000000e+00
1.000000000000000000e+00
7.768886920317419342e-01
1.000000000000000000e+00
1.000000000000000000e+00
1.000000000000000000e+00
-1.000000000000000000e+00
5.334308199513828619e-01
3.941100476089897664e-01
2.429525275445532095e-02
1.000000000000000000e+00
-8.016200174498179232e-01
1.000000000000000000e+00
1.000000000000000000e+00
1.000000000000000000e+00
1.000000000000000000e+00
-1.000000000000000000e+00
1.000000000000000000e+00
-1.000000000000000000e+00
2.245062774394858129e-01
-7.468021342603898827e-01
-2.678569598298545795e-01
1.000000000000000000e+00
1.000000000000000000e+00
1.000000000000000000e+00
-1.000000000000000000e+00
1.000000000000000000e+00
-1.000000000000000000e+00
1.000000000000000000e+00
9.166952734914999290e-01
3.467298042020430238e-01
1.000000000000000000e+00
-1.216399522854348936e-01
-1.118004877204882286e-01
1.000000000000000000e+00
1.000000000000000000e+00
1.000000000000000000e+00
-7.121710243231926807e-01
1.748064063371830290e-01
-1.000000000000000000e+00
-5.616997174166666884e-01
-1.000000000000000000e+00
-5.474350649887747000e-01
1.000000000000000000e+00
1.000000000000000000e+00
-1.000000000000000000e+00
-1.000000000000000000e+00
1.000000000000000000e+00
-1.000000000000000000e+00
-1.000000000000000000e+00
1.000000000000000000e+00
-5.921025389840339770e-02
9.772912797702731913e-01
-1.000000000000000000e+00
-1.000000000000000000e+00
-1.000000000000000000e+00
1.000000000000000000e+00
-7.121701546018551765e-01
-1.000000000000000000e+00
-4.062010011037811008e-01
-1.000000000000000000e+00
-1.000000000000000000e+00
6.683645028561584489e-01
1.000000000000000000e+00
-1.000000000000000000e+00
7.925294264625626361e-02
-1.000000000000000000e+00
1.000000000000000000e+00
1.000000000000000000e+00
-1.000000000000000000e+00
5.465857503615301205e-01
1.000000000000000000e+00
1.000000000000000000e+00
2.725505281127049706e-02
-1.000000000000000000e+00
-1.000000000000000000e+00
1.000000000000000000e+00
8.640191411244542152e-01
3.075882724668299595e-02
-1.000000000000000000e+00
1.000000000000000000e+00
-1.000000000000000000e+00
1.000000000000000000e+00
3.678660672439983959e-01
1.000000000000000000e+00
8.172282130259168609e-01
-1.000000000000000000e+00
1.000000000000000000e+00
1.000000000000000000e+00
-1.000000000000000000e+00
-1.000000000000000000e+00
4.458616462708243633e-01
1.938703916426588458e-01
1.000000000000000000e+00
-1.000000000000000000e+00
-1.000000000000000000e+00
-1.000000000000000000e+00
4.892957218842000633e-01
1.000000000000000000e+00
-1.000000000000000000e+00
8.914508498954365479e-03
1.000000000000000000e+00
-1.000000000000000000e+00
1.000000000000000000e+00
-1.000000000000000000e+00
-1.000000000000000000e+00
1.000000000000000000e+00
1.000000000000000000e+00
1.000000000000000000e+00
-1.000000000000000000e+00
1.000000000000000000e+00
-1.000000000000000000e+00
-9.000506319960995816e-01
1.000000000000000000e+00
-6.091541942638009077e-01
-1.000000000000000000e+00
-9.825135702830027906e-01
1.000000000000000000e+00
4.498908366605107734e-01
-1.000000000000000000e+00
-1.000000000000000000e+00
-5.413732487502693758e-01
8.493263842354668025e-01
-1.000000000000000000e+00
1.000000000000000000e+00
2.412390268950694860e-01
-1.000000000000000000e+00
-1.000000000000000000e+00
1.000000000000000000e+00
1.000000000000000000e+00
1.000000000000000000e+00
-3.398836089582998321e-01
-1.000000000000000000e+00
-1.000000000000000000e+00
-1.326608463398371018e-02
1.000000000000000000e+00
-1.000000000000000000e+00
4.936677526725388176e-01
-1.000000000000000000e+00
1.000000000000000000e+00
-1.247579114591981231e-01
-1.000000000000000000e+00
1.000000000000000000e+00
1.000000000000000000e+00
1.000000000000000000e+00
1.000000000000000000e+00
-8.574739491419609561e-01
1.000000000000000000e+00
1.000000000000000000e+00
1.000000000000000000e+00
1.000000000000000000e+00
-1.000000000000000000e+00
8.973249627222048552e-01
-1.000000000000000000e+00
1.000000000000000000e+00
