1.000000000000000000e+00
-1.000000000000000000e+00
-2.677528684303664974e-02
6.923543032707109024e-01
-9.283122896448960937e-01
-1.000000000000000000e+00
5.517617366570420900e-01
-5.193421349589938396e-01
-1.388541013568901916e-01
-1.000000000000000000e+00
4.868100694008270501e-02
1.913325797133972328e-01
-1.284878145849970288e-01
4.678772982236751865e-01
1.000000000000000000e+00
1.308943816459642862e-02
-4.479553813942180884e-01
-1.409804763871047584e-02
2.682937816680813214e-01
-1.000000000000000000e+00
-7.784790655948536919e-01
-8.163434474662691898e-01
-1.741810741015892283e-02
3.220087326390541627e-02
-6.278649946581791319e-01
7.730960829940936030e-02
4.254521606660246480e-01
-3.168330864106239098e-02
1.000000000000000000e+00
1.187413018201082249e-01
9.948157433168303143e-01
5.399072149697770051e-01
4.277602501730816131e-01
1.000000000000000000e+00
9.497564174103945156e-02
4.444445082838953676e-01
-1.000000000000000000e+00
-3.408510668633391028e-01
-8.553038293585776275e-01
3.352532458746600441e-01
-7.674114608837474538e-01
4.057186755574722081e-01
-5.277659985345950489e-01
7.888327635922596226e-01
9.651400522325006559e-01
1.000000000000000000e+00
-1.000000000000000000e+00
-7.248597553479754207e-01
-1.000000000000000000e+00
-1.000000000000000000e+00
-8.374144161037260226e-01
-1.524042763943219692e-01
7.223806766143918701e-01
3.666496253947768569e-01
4.787931099359881149e-01
9.672620328070048457e-01
-4.361864533772369379e-01
7.278106722013262253e-01
-8.801913538020100791e-01
1.000000000000000000e+00
5.301004358408206718e-01
9.080855652758501595e-01
7.037028637854025881e-02
-1.533122133819138089e-01
-6.756247647320143823e-01
8.896952393349286670e-01
-7.468096258241756491e-01
-7.719815884471136203e-01
1.000000000000000000e+00
1.000000000000000000e+00
9.515093276030905933e-02
1.000000000000000000e+00
-5.964319749652218228e-01
1.000000000000000000e+00
-1.006946474204037933e-01
-1.000000000000000000e+00
-7.259211549047966949e-01
-2.769535626144268292e-01
-8.556853152449941380e-01
4.429107107569485446e-01
-2.719237201803578197e-01
3.278818863454420196e-01
-3.351260114627030440e-02
-1.000000000000000000e+00
-9.252005307665551737e-01
1.000000000000000000e+00
6.945839243967337762e-01
4.300548236384209022e-01
2.659189697520616402e-01
9.634038656488708163e-02
3.708831669236933859e-02
1.000000000000000000e+00
-8.951493684913615079e-01
1.000000000000000000e+00
1.000000000000000000e+00
1.000000000000000000e+00
-7.801322073162959558e-01
3.386939890402864695e-01
3.758436841887010660e-01
-2.615460779329379370e-01
8.317583625414026738e-01
4.421245714825006168e-02
-1.000000000000000000e+00
4.801205276183737602e-01
3.365004220063078644e-01
-1.000000000000000000e+00
8.777339314164873674e-01
9.815403671204728786e-01
-8.057864794493949656e-01
-1.000000000000000000e+00
5.905456667781514568e-01
5.026197682241397846e-01
-2.640282294345217551e-01
-1.000000000000000000e+00
-1.618576053847871066e-01
9.391023128714766077e-01
-2.354111179870060910e-01
8.488135926002082776e-01
-1.637956249004761666e-01
2.484641997616332532e-03
-4.439817136559628397e-01
4.790509131193347869e-01
-1.041051612958765471e-01
-7.167813299340169975e-01
7.413292210011391825e-01
1.000000000000000000e+00
2.561852505607120634e-02
-1.000000000000000000e+00
-3.078675156752550546e-01
-1.000000000000000000e+00
1.249472749073581301e-01
4.700347477099763305e-01
1.108406069604894739e-01
-1.668404549837749773e-01
5.371096857551076464e-01
-1.000000000000000000e+00
-2.270643027287726490e-01
2.781794280553384624e-02
-8.780767104883395735e-01
-4.129941663929792561e-02
-5.368378238458686447e-01
-3.217125110023428824e-01
2.965312127796416730e-01
-1.000000000000000000e+00
-5.967674819059378688e-01
1.000000000000000000e+00
-3.496212190580645363e-01
-5.237082884041102115e-01
1.000000000000000000e+00
-1.000000000000000000e+00
-6.253315807006349925e-01
1.800351179280105240e-01
1.000000000000000000e+00
1.000000000000000000e+00
3.202674669019431319e-01
1.000000000000000000e+00
-6.454658480670527609e-01
1.000000000000000000e+00
-1.577655198095051503e-04
2.597797728871291678e-01
2.320446367249180408e-01
-7.212275198608038007e-01
1.000000000000000000e+00
-1.000000000000000000e+00
4.293569816060424094e-01
-3.708930759120443454e-02
-1.000000000000000000e+00
1.000000000000000000e+00
-1.000000000000000000e+00
-1.000000000000000000e+00
3.829205477426471660e-01
5.594334179811508712e-01
8.136605771297604761e-01
6.488988093446013128e-01
-9.640605298806100842e-01
-1.000000000000000000e+00
-2.588219471770619728e-01
-4.619657753970982661e-01
5.413917892782794672e-01
-1.000000000000000000e+00
4.233758115639099651e-02
1.575975048017799196e-01
-6.292356204543764209e-01
3.171890512383456207e-01
1.000000000000000000e+00
8.134152388649289467e-01
-8.500960751668409365e-01
-9.713311914562887672e-01
-6.467788843528587961e-02
1.000000000000000000e+00
2.459794989578609758e-01
1.282944584929979204e-01
7.517223681058062823e-01
-2.217375346796361946e-01
1.000000000000000000e+00
-1.000000000000000000e+00
-1.000000000000000000e+00
7.984287002732721739e-01
8.314284568992778013e-01
-1.127854646646020420e-01
9.234280662866432010e-01
-6.199497725053215724e-02
-2.778294000398982000e-01
7.444221690387555768e-01
2.075079504587622470e-01
1.000000000000000000e+00
-1.000000000000000000e+00
-2.185595263978294955e-01
-1.000000000000000000e+00
-9.557104786665540086e-01
-1.000000000000000000e+00
-3.176624824768882194e-01
2.583320156148114499e-01
1.000000000000000000e+00
3.261964477946734942e-01
1.337357569255658851e-01
1.000000000000000000e+00
-9.559719764850527213e-01
5.728955769668522269e-01
1.000000000000000000e+00
4.369666982851966863e-01
7.030973491784207052e-01
5.780076181900406507e-01
1.000000000000000000e+00
-7.728838766940280269e-01
-6.807778855538095808e-01
-6.324251993815691586e-01
2.825409269290364289e-01
1.000000000000000000e+00
9.899394418751681357e-01
-1.000000000000000000e+00
-9.846337473478294910e-01
2.383050174418634981e-01
1.000000000000000000e+00
9.426797894697025448e-02
2.783309245786677044e-01
-1.000000000000000000e+00
1.000000000000000000e+00
5.840674035989575907e-01
-2.715340784269348884e-01
5.849388116989426845e-01
1.000000000000000000e+00
9.723934692402136371e-02
3.568091114342668568e-01
1.000000000000000000e+00
-8.632572484283431713e-01
-1.517851507706016734e-01
1.000000000000000000e+00
-1.500675463096284301e-01
8.447181735158868499e-01
3.140790644741607851e-01
-1.000000000000000000e+00
-8.942326758503224005e-01
-5.447915841707562379e-01
9.084821188780423107e-02
-8.012728470425125593e-01
9.973158643661967915e-01
-6.611839051737868900e-01
3.464141842774999258e-01
1.000000000000000000e+00
-3.186135665513770143e-02
1.000000000000000000e+00
6.278228419989484443e-01
-4.609768848867531466e-01
-4.691835813333355976e-01
