-6.593461896813823664e-01
7.128664835342228834e-01
-9.867864019478518323e-01
6.020510000449439403e-01
-4.369069199421093952e-01
4.843428087217223066e-01
-1.912691545697315920e-01
-2.987993270495947762e-02
-6.320430099891332087e-01
3.856856684060712137e-01
-5.420596373141255420e-01
-5.373449004080346203e-01
2.392158847652752218e-01
3.417950081507976634e-01
8.836987661304007702e-02
9.056132694897689461e-01
-6.369212145994322949e-01
-4.742560715545582894e-01
3.749065361831014354e-01
-9.894007711803400884e-01
7.879957789368026155e-01
-3.060225562592171489e-01
4.144087670805038925e-01
3.899170118027897036e-01
-3.801975791776539548e-01
8.115496126981922576e-01
-7.304978293012267532e-01
2.177477052889025266e-01
8.550370451650168846e-01
7.056133890738538472e-01
-8.550224901875980166e-01
2.235693264468092689e-01
1.522315874433408656e-01
9.589870232338388867e-01
-7.053031795261024417e-01
-3.105177702452355248e-01
8.133387557835798365e-01
-2.229799637959282155e-01
8.037428950965366248e-01
-9.466664734717886720e-01
-1.941163356282253893e-01
5.630373196248856793e-01
-2.653625722100441120e-01
7.433499734844450924e-01
8.730246625742932309e-01
8.471269851379095162e-01
-4.218572216854681312e-01
-5.417431399420393756e-01
-7.541158036737647397e-01
7.057339173710344138e-01
-7.507959866791862336e-01
-4.287025277798843792e-01
-1.972979108630099621e-01
2.166214897915212934e-01
-8.188376655928331083e-01
-7.868339064626692636e-01
4.424623047605986681e-01
3.215749073963041216e-01
-1.794709904864122407e-01
2.521084569609974846e-01
-8.618860036119990742e-01
1.088886146608714078e-01
-9.894332775290128890e-01
6.921474234658135938e-01
-1.507159336631862523e-01
-2.029829332931003538e-01
9.265068117096832978e-01
4.582170636593825286e-01
-6.554536223179709964e-01
-2.216472118729084784e-01
8.928108059819999109e-01
6.239421786033987338e-01
-2.280377987629682579e-01
-3.478470863684635095e-01
-1.779370140605922579e-01
-8.517936363861557947e-01
5.821622055323245615e-01
2.626429982881135494e-01
2.328616291566814045e-01
-3.262279585860625719e-01
-1.623031968202166553e-01
7.903833629170819997e-01
-2.351961000414304337e-01
-8.780995069367478756e-01
7.877328295988355045e-01
-8.107481088085433107e-01
-4.408739343893666174e-01
-6.242168828330356689e-01
2.818389725025671755e-01
5.337154219348543283e-01
-7.684533606305086195e-01
-5.905672396157808368e-01
4.048676264228068256e-02
1.503475406087155797e-01
-7.837685157856508766e-01
4.258398125829880865e-01
4.310246715940713180e-02
4.867066766834513558e-01
5.420564768553612911e-01
3.304501748935155803e-01
4.901881948735600236e-01
3.959228467860838041e-01
-7.042839237485587489e-01
-5.654165224260960798e-01
-1.185090310432745930e-01
-3.149406086030070995e-02
-6.774201507893962138e-01
-5.217313990619456554e-01
2.410399842661561376e-01
-8.390151166986969944e-01
-1.040302132739572283e-01
-3.970172626301238239e-01
9.501788045241681413e-01
5.849461399706361586e-01
1.464443738030507536e-01
8.156762784956403944e-01
-8.534157337692709344e-01
-5.452782575460815018e-01
-2.236797299321791055e-01
2.489438848749119249e-01
-7.394933973922013237e-01
4.014861966750564726e-01
9.306719558516041158e-01
6.865859810070320535e-01
-9.747264883023460946e-01
1.260544888562695753e-01
-6.890405412206432878e-01
1.046494805173927567e-01
1.532591473231110779e-01
4.688854881342878755e-01
-7.550941976885725548e-01
-4.994310285422605133e-01
-5.375807928702267535e-01
2.338626571897806095e-01
7.105193743892430636e-01
-1.577965385515245345e-02
3.800576571107838753e-01
-8.272701544793936712e-01
9.786060012009447640e-01
-4.847517838938437684e-01
-5.018711317453634635e-01
2.674772507887779316e-01
3.003464616104480900e-01
-3.803037092696737176e-01
-5.705792172923500605e-01
-1.047100405071459406e-01
2.239806934589310128e-01
-4.296839334816522360e-01
-9.467078656908325396e-01
-8.683023171994297407e-02
-2.030882974875085623e-01
-6.715548629360870159e-01
-7.946939101602543687e-01
9.525929623611646413e-01
8.341158695471124762e-01
4.172241820250719435e-01
4.486585640054687740e-01
-2.438888347910883603e-01
-6.892791921229803886e-01
9.079795269242707523e-01
-7.998863302694403377e-01
-6.663022008807535368e-01
-4.813053396918383076e-01
2.926404658906291978e-01
-9.340058037319314277e-01
8.300693232012605893e-01
-8.840110652604173946e-01
-9.836933213987058000e-01
-8.220281500621753334e-01
6.652104789568737964e-01
2.531263290475007643e-01
-8.332547456303522893e-01
-1.954406345958521474e-01
-4.761207785149401683e-01
-3.951146459997683102e-01
-9.386449772451797013e-01
-5.090557104186972381e-01
6.814853216019955973e-02
-3.130208750740115509e-01
-8.047614532217866046e-01
-6.841931824900724379e-01
-2.137944173637085221e-02
7.628137397956535892e-02
6.025291328733068941e-01
-9.865742327879711837e-02
5.054024355745152519e-01
2.017258944002509047e-01
-8.165455029024659694e-01
-7.617277656521590501e-01
1.742025676304364001e-01
-5.853879143827893650e-01
4.287033255473720050e-01
5.509455128552513958e-01
-9.337612563829167378e-01
7.356246327823636744e-01
-4.764395017709699420e-01
-3.253082633038990590e-01
8.606746522009074418e-01
2.017367838615347075e-02
-9.119680837112369431e-01
7.396139522579374681e-01
1.051611554579234831e-01
5.655399647985033251e-01
6.971988403259237188e-01
1.934085044679292320e-01
3.099622971729898424e-01
-9.740628291301876018e-01
-6.863406907614606478e-01
8.280638807565510184e-02
-7.837463583473585071e-01
-9.783753308320213282e-01
-5.173962487800036758e-01
4.338765314152503993e-01
6.707589072663215912e-01
7.719126393002473385e-02
-2.006355774409054327e-01
-3.707033860213764243e-01
-6.812392151242234739e-01
3.438435380541922104e-01
-9.336191681231167383e-01
-4.172820634526333006e-01
6.272895833383882458e-01
7.871041315107820679e-01
6.349587503799203336e-01
-2.345975701423916870e-01
8.677597432675607791e-01
1.890463195460845292e-02
8.079200422093286704e-01
2.795427570121189476e-01
6.752953824660794524e-01
7.553185488835534311e-01
5.050279094224265908e-01
5.255661638309887529e-01
5.167523525941482010e-01
-2.019266312097078853e-01
-6.667638346375714953e-02
-6.849597627682513235e-01
-2.646681752794948217e-01
3.094976094340071704e-01
-1.469390254254088202e-01
-3.677318595937340007e-01
1.397994005549063612e-01
6.951831447911216433e-01
-1.194501968591186181e-01
8.510369153452221891e-01
-6.787077746865657346e-01
-3.106117744197800512e-02
3.962178003093894674e-01
-8.251782379275662827e-01
-1.708434294877563264e-01
8.898087321551535478e-01
4.913730127561777294e-02
4.003712883124490585e-01
-9.539100891239191693e-01
3.322519389817322200e-01
-9.729931658801160843e-02
1.512880536334386683e-01
-4.431707788494576583e-01
-1.542624882441447909e-01
6.227699869543823485e-01
-1.601118252815267873e-01
-8.742800628366600435e-01
-2.108672037365928453e-01
-3.608157395290447766e-01
4.751931152180899343e-01
