-2.444805349979471965e-01
1.000000000000000000e+00
3.273893703288851542e-01
3.222431004325520543e-01
-1.000000000000000000e+00
4.755553314724658698e-03
-8.025532595550474158e-01
-1.000000000000000000e+00
9.781924675779624101e-01
-8.116911928806650467e-01
-2.409049544262585885e-01
-8.299481756473701122e-01
1.000000000000000000e+00
1.000000000000000000e+00
-3.034215999539133790e-01
8.970827382244748183e-01
-1.000000000000000000e+00
7.576751949302752420e-01
-4.358923512927126431e-02
5.577829525931629062e-01
-1.000000000000000000e+00
-1.000000000000000000e+00
-1.091269951221391366e-01
-1.000000000000000000e+00
1.000000000000000000e+00
-1.000000000000000000e+00
5.687621125450261772e-01
-1.000000000000000000e+00
1.000000000000000000e+00
1.000000000000000000e+00
-1.000000000000000000e+00
1.000000000000000000e+00
4.852524195281461283e-01
8.828286708514999637e-01
1.000000000000000000e+00
-6.923633058328276801e-01
-1.000000000000000000e+00
-1.000000000000000000e+00
-1.000000000000000000e+00
-7.458312844746892711e-01
9.860408145332392182e-01
-1.000000000000000000e+00
-1.000000000000000000e+00
-8.107549957110525840e-01
-1.000000000000000000e+00
1.000000000000000000e+00
-1.000000000000000000e+00
-1.000000000000000000e+00
3.400183699879444355e-01
8.453207307185948149e-01
3.874839276153434486e-01
3.143688812634332641e-01
1.978035539747853289e-01
1.000000000000000000e+00
5.217203244491286362e-01
-1.000000000000000000e+00
7.571520041726563788e-01
2.440718011020437672e-01
-1.000000000000000000e+00
8.415874884551044488e-01
1.510718898168449398e-01
-1.000000000000000000e+00
-1.000000000000000000e+00
1.000000000000000000e+00
8.296020238335529706e-01
-9.392290154885498676e-01
1.000000000000000000e+00
1.000000000000000000e+00
-1.000000000000000000e+00
-2.837437470534962536e-01
-2.979449366414553824e-01
1.000000000000000000e+00
-9.421673021673255821e-01
-1.000000000000000000e+00
8.344893792357945816e-01
3.145152206616282919e-01
-1.000000000000000000e+00
5.150896708938306201e-01
8.934884982697863798e-01
-1.000000000000000000e+00
-7.883226954230635464e-01
-7.635840285703433539e-01
-4.362829988041725393e-01
-8.918240181939346423e-01
1.000000000000000000e+00
-9.828841973396474918e-01
1.000000000000000000e+00
-1.000000000000000000e+00
1.000000000000000000e+00
1.000000000000000000e+00
1.000000000000000000e+00
-1.000000000000000000e+00
4.735879138097407459e-01
-1.000000000000000000e+00
-2.568595284658267142e-01
-4.866302177458242673e-01
-1.000000000000000000e+00
-1.445335035843471894e-01
9.748469172641384128e-01
-8.673940331351595034e-01
6.055867160827900220e-01
9.830761380960337803e-01
-1.000000000000000000e+00
9.463406925575184037e-01
-1.000000000000000000e+00
-4.251663730274333197e-01
1.000000000000000000e+00
-1.000000000000000000e+00
3.131059244895386118e-01
3.751721493713988664e-01
1.021887801114877981e-01
-5.125813969573836948e-01
-4.678654194828941182e-01
1.000000000000000000e+00
1.000000000000000000e+00
-8.183854723237935502e-01
-1.000000000000000000e+00
1.196729926126337551e-01
1.000000000000000000e+00
-6.374785493193981800e-01
-1.673147536702019877e-01
3.869939009052983936e-01
-1.000000000000000000e+00
-4.096468604732872443e-01
-2.054580621570969434e-01
-1.376635292214148931e-01
1.000000000000000000e+00
5.869195375738271991e-01
9.544009205746488700e-01
5.969555264367756298e-01
-2.396069593761412930e-01
-5.914172861118295321e-01
-8.430435395353863548e-01
-6.612613619200834458e-01
-9.377987113685465337e-01
1.000000000000000000e+00
-3.119220509022220256e-01
-7.629874375183934854e-01
-8.813247055042101596e-01
-6.306948375143459629e-01
6.405117596491681775e-01
4.348995830857887990e-01
-5.844079778351862764e-01
-1.000000000000000000e+00
2.533005654071935342e-01
1.000000000000000000e+00
1.000000000000000000e+00
6.367834301977342015e-01
8.221851235434063376e-01
-1.000000000000000000e+00
-1.396730308151361011e-01
1.000000000000000000e+00
6.712296861747422128e-01
7.158829618472564160e-01
-2.109060012619614621e-01
1.000000000000000000e+00
-3.188562275770194798e-01
-7.117469682190991076e-02
-4.998729180330926392e-01
-3.629469374958327332e-02
6.883290825576171557e-01
-5.617088355945545342e-01
-1.000000000000000000e+00
-1.000000000000000000e+00
1.000000000000000000e+00
-1.000000000000000000e+00
-7.853259191450412402e-02
1.000000000000000000e+00
-4.051114324939105726e-01
-7.459337306166169412e-01
1.000000000000000000e+00
1.000000000000000000e+00
-4.819599531715579310e-02
-3.588731805279820053e-01
1.000000000000000000e+00
1.000000000000000000e+00
4.162103415913100957e-01
1.000000000000000000e+00
-9.515432055243296938e-01
1.000000000000000000e+00
5.573369238203876863e-01
1.000000000000000000e+00
1.000000000000000000e+00
1.364931634771551772e-01
1.000000000000000000e+00
9.428102082064916400e-01
-4.087916672455363942e-01
6.616709022582945021e-02
-2.576708850615734847e-01
-1.000000000000000000e+00
-1.000000000000000000e+00
8.177962171090991106e-01
1.000000000000000000e+00
-1.000000000000000000e+00
1.000000000000000000e+00
1.000000000000000000e+00
7.107256958684574633e-01
4.843995492437513373e-01
6.366674342635172401e-01
1.445634977142244981e-01
1.000000000000000000e+00
-4.101303453507111341e-01
1.000000000000000000e+00
-1.343761543370627365e-01
-1.000000000000000000e+00
-1.569757591602121138e-01
-8.193141753375554615e-01
-1.000000000000000000e+00
-1.000000000000000000e+00
-1.000000000000000000e+00
2.989200716710217476e-01
1.000000000000000000e+00
1.000000000000000000e+00
1.000000000000000000e+00
-1.000000000000000000e+00
1.000000000000000000e+00
-1.000000000000000000e+00
-1.000000000000000000e+00
-1.000000000000000000e+00
1.000000000000000000e+00
-6.770517194738109312e-01
-4.137698634126724118e-01
1.000000000000000000e+00
-3.307961198363564836e-01
2.188775021238449636e-01
-1.000000000000000000e+00
9.704984181487208428e-02
1.000000000000000000e+00
-1.000000000000000000e+00
1.000000000000000000e+00
4.843283863500842945e-01
-1.897674226181988999e-01
9.814051420577567519e-01
-9.355910223317691621e-01
3.224924170374368071e-01
-1.000000000000000000e+00
4.511770857289716385e-01
5.897754756018493971e-01
1.000000000000000000e+00
1.000000000000000000e+00
-3.256441804932095341e-01
-1.000000000000000000e+00
9.822183787873708383e-01
-4.540444555234419699e-01
-1.000000000000000000e+00
3.040126738934518791e-01
1.000000000000000000e+00
8.969922170170261388e-01
-9.874103253980480721e-01
1.263594787559768617e-02
1.000000000000000000e+00
1.000000000000000000e+00
-1.000000000000000000e+00
4.538527788528862184e-01
9.271207007234220088e-01
-1.000000000000000000e+00
-1.000000000000000000e+00
1.000000000000000000e+00
3.134849887681123715e-01
-1.974672880015395648e-01
1.000000000000000000e+00
-1.000000000000000000e+00
-1.000000000000000000e+00
1.000000000000000000e+00
1.000000000000000000e+00
