2.245593575779216700e-01
7.318726552771188665e-01
7.227688552085933527e-01
-5.818548677663861746e-01
-3.051532404574699431e-01
-8.060050696102252221e-01
8.891020266790812254e-01
4.035157026588693796e-01
-7.227039272939719261e-01
-3.891965580977208017e-01
-6.557396769403767145e-01
9.452910757207360071e-01
8.712339878648811542e-01
-1.800580503247448672e-01
2.671089390027006072e-01
-3.865971545564077516e-01
4.373403813046932154e-01
1.300448927026693902e-01
5.118258189128224167e-01
-1.118326761292132154e-01
3.680822267364247669e-01
1.846261633355765763e-01
8.568961867361080120e-01
-8.276511102849961610e-01
8.909789291492220542e-02
-5.670719459058661815e-01
-7.613423308611957374e-01
1.721129830043177655e-01
-4.834198843378783028e-01
-8.932604595772992706e-01
2.607629265326028012e-02
7.860779780782083392e-01
7.170208131808188945e-01
4.286553511999868782e-02
-3.236544512733385837e-02
4.791286352051555841e-01
3.641243098343274198e-01
3.375103329975734923e-01
-6.681496899160681568e-01
-2.242103428341957194e-01
6.986461304096258651e-02
6.381640246986741705e-01
-3.281118210480913344e-01
-3.974231238539500666e-01
-8.799627383572288242e-01
5.510778179374842267e-01
9.510223136186084503e-01
2.070109106048696468e-01
-6.695485912480931834e-01
-8.994792919524243757e-01
-5.991604102663004028e-01
3.037229009728434903e-01
1.534734960324526387e-01
-5.416488891614348322e-01
2.571812072724384279e-01
4.757771536964998660e-01
-9.666237510236708186e-01
-1.990909550201875877e-01
9.136387183937642043e-01
-6.726271951569540164e-01
2.563114726292003986e-01
-2.507851014311719418e-01
-7.057930152521558753e-01
-8.832814749588542291e-01
-3.362227692321446693e-01
-5.972486784857735653e-01
3.780494466424719757e-01
9.481290655669012413e-01
-2.768263407589774960e-01
5.774765786965412317e-01
-8.579358269349215416e-01
-4.481092610014991706e-01
4.086896613547750245e-01
5.954498606427218732e-01
2.670816326404348295e-01
-3.103324333843560101e-01
5.562913186577755909e-01
-8.844831488806945696e-01
4.441729036775796668e-01
4.860363509798626414e-01
-3.669539979693143827e-01
1.307968042468234948e-01
-8.150652538076885723e-01
-6.880310214930411838e-01
-3.595060034249133452e-01
-5.737042914433980734e-01
8.115050124222409345e-01
-4.265120701441271756e-01
-3.784653679678695593e-01
-4.673986926541651155e-01
-9.361683359631927104e-01
1.982077622927436167e-02
9.130097552957261442e-02
-3.444585893577305491e-01
6.184656494350131428e-01
5.344145848752550609e-01
-6.183460132566249712e-01
-4.350690942691672891e-01
8.717524985465940901e-02
-2.401368171732909396e-02
1.162340974948929961e-01
6.585489016597969592e-01
-5.696802009611967588e-01
-9.550627788294649978e-01
-1.689750506132670083e-02
-4.482265576389683481e-01
4.044311056705633955e-01
-2.279929649012328863e-01
-3.871528586352528389e-01
-4.105350484645373665e-01
-1.451175611219603923e-01
-4.619053940128727831e-01
-5.327824864424031137e-01
-2.777625673567207798e-03
-8.098192045671370742e-01
6.718076430263475451e-02
-3.148166511513970089e-01
-8.545410336483016955e-02
7.134530803622600725e-01
2.331323638999658332e-01
-1.374249698276885923e-01
8.564777900271256517e-01
3.235326961397388956e-01
1.569821796263193292e-03
3.010669702691060046e-01
7.830062704796252326e-01
2.191202410859440786e-01
5.503746436440408729e-01
6.618809131679759261e-01
-9.338285473702863104e-01
-9.379288986111020687e-01
8.089451155405469329e-02
-5.337346212022155978e-01
-6.673820018499188045e-02
5.505444044637139989e-01
2.907897957074512263e-02
-6.216709452743574005e-02
4.691257495651521836e-01
7.607935986993437094e-01
-6.070287894481776192e-01
-2.872745260471787354e-02
-6.344688508642812863e-01
-5.231039920725288894e-01
-7.665089899885109137e-01
6.534578053158865973e-01
-7.420357613405013097e-01
1.102329613185053514e-01
-2.619210021601701133e-01
-6.681236633580538431e-01
-7.817761144435086962e-01
-1.262497630957268857e-01
8.840376518616865908e-02
2.430727164975934329e-01
5.674715523996542998e-02
3.825233081855226036e-01
5.601710700788813391e-01
8.051455049975859701e-01
-8.296208661622042069e-01
-9.908494250160568839e-01
-7.981606233913982607e-01
-6.562924823049014478e-01
-4.442881067134993867e-01
-6.330446181843636388e-01
6.799639139753916872e-01
-7.423385470467935843e-01
-8.025370653570511603e-01
-8.942365138118573142e-01
6.656480953328611783e-01
5.173057734673136565e-03
8.197195448389813510e-01
3.439240154047871201e-01
4.790261234814967573e-01
6.102258480547555486e-01
-7.792263321396404319e-01
7.548590665971044444e-01
-7.359423301578835730e-01
1.444948205827125687e-01
-6.467639179833650775e-01
7.420723023785957828e-01
3.715418667830960864e-01
-1.159995974519143491e-01
2.433633607957401690e-01
4.345404958161078746e-01
1.772202812881118472e-01
-5.797007075100641948e-01
4.293477613273122273e-01
-5.274383101357280612e-01
1.067617532220088705e-01
-6.388010050000829665e-01
6.858463339348555010e-01
2.815610394570629005e-01
5.301343662724204986e-01
-8.199741598010557020e-02
-1.917760997321016347e-02
2.072037558557584536e-01
1.192020054632962900e-01
-8.115217922741033707e-01
4.301792076501849138e-01
2.804117735216873353e-01
7.190572181705334742e-02
7.974930003641351739e-01
-6.868574489002474692e-01
3.289771673916224159e-01
-8.132238173781500823e-01
6.772951063009322592e-01
8.112294984009074117e-01
-3.867414176808163795e-01
-8.456554370993618619e-02
7.012620826893969372e-01
-7.543523055624608009e-01
3.934846787438339710e-01
-4.237926451533593486e-01
-6.144879278426442770e-01
7.721008680961225501e-01
9.274787053130439940e-01
6.742916129127205505e-01
8.512967778751205916e-01
7.218545833658447375e-01
4.728842864249900302e-01
3.486758265610911955e-01
-5.584042686093244612e-01
-2.468564638633736763e-01
2.737116939649468783e-01
-7.574835741543239909e-01
-8.459008098498654871e-01
-5.205619075985792321e-01
8.841597480780503115e-01
-8.100161520077804322e-01
4.642792856795689982e-01
-2.068044566075977198e-01
5.932770941773319873e-01
4.198099386630307350e-01
2.711239203866249170e-01
7.893282565440045140e-01
6.245272100215346622e-01
9.929090066286683225e-01
-6.800736630873529531e-01
7.346705217827194101e-01
-3.260082217602258137e-01
4.849373084949037960e-03
-3.296395373680320873e-01
5.379117691653023670e-02
-1.107882937078989993e-01
2.536857032602024553e-01
5.929513275919415793e-01
-9.610001316849805519e-01
6.758398031872696610e-01
9.464649763066645960e-01
-2.158284865650976769e-01
-1.397279174325971596e-01
-7.521886655428922097e-01
-5.121970780043623162e-01
8.219313092988300706e-01
6.205177346652033243e-01
6.026679051932226638e-01
5.591649285699402672e-01
4.461113334618214132e-01
-3.398185345665745150e-01
2.676528843547045788e-01
3.367603218494292783e-01
2.612150990405726070e-01
-1.093385923965173312e-01
7.347736945971039546e-01
8.957558083500962720e-01
-8.509076099490209266e-01
