4.180367722185700519e-01
1.000000000000000000e+00
-1.000000000000000000e+00
1.000000000000000000e+00
-1.000000000000000000e+00
-9.399357627017552730e-01
-6.239736738535897054e-01
-1.000000000000000000e+00
1.052672855508707261e-02
1.000000000000000000e+00
1.000000000000000000e+00
1.000000000000000000e+00
1.000000000000000000e+00
-1.000000000000000000e+00
-1.000000000000000000e+00
1.000000000000000000e+00
4.811325083520363588e-01
5.648573342855466306e-01
6.102360611595856188e-01
1.000000000000000000e+00
-3.778726759275210512e-01
-1.000000000000000000e+00
2.666762705238246434e-01
1.000000000000000000e+00
3.927275151912765772e-01
-6.382248697100794121e-01
1.000000000000000000e+00
-1.000000000000000000e+00
2.116891492312680256e-01
1.488426821576569470e-01
-1.702412491356785074e-01
1.000000000000000000e+00
1.000000000000000000e+00
-1.000000000000000000e+00
1.000000000000000000e+00
1.000000000000000000e+00
1.000000000000000000e+00
7.019924638983991994e-01
-1.000000000000000000e+00
-1.000000000000000000e+00
-4.037299940980612067e-01
7.770040097873602836e-01
-1.000000000000000000e+00
-1.000000000000000000e+00
-1.000000000000000000e+00
-1.000000000000000000e+00
5.038252048855751397e-01
-1.000000000000000000e+00
8.766806972382817920e-01
7.714036392355131388e-01
-1.000000000000000000e+00
1.000000000000000000e+00
-1.000000000000000000e+00
3.252738271758583988e-01
5.442163562118123021e-01
1.000000000000000000e+00
1.000000000000000000e+00
-1.000000000000000000e+00
9.203693314148183591e-01
-1.000000000000000000e+00
8.307549605217585953e-02
-9.949666484549102297e-02
-2.606438679709190409e-01
1.000000000000000000e+00
1.000000000000000000e+00
1.000000000000000000e+00
6.546755811468042419e-01
8.375126712807305918e-01
-1.345313580957392674e-01
-2.864811704052202534e-01
1.000000000000000000e+00
-3.785363266806662796e-02
-6.889443726389716804e-01
-1.000000000000000000e+00
-8.694440116025712317e-01
-4.882509806741487379e-01
-1.000000000000000000e+00
1.000000000000000000e+00
-1.000000000000000000e+00
6.926601018555980094e-01
1.000000000000000000e+00
-1.000000000000000000e+00
-3.795354746590958728e-01
-1.000000000000000000e+00
7.306522690801209308e-02
-7.578449937559935679e-01
1.000000000000000000e+00
-1.000000000000000000e+00
-1.000000000000000000e+00
-1.000000000000000000e+00
4.222310267943838458e-01
-1.000000000000000000e+00
8.327877576682094496e-01
1.000000000000000000e+00
4.297390443552771000e-01
-1.000000000000000000e+00
-1.000000000000000000e+00
1.000000000000000000e+00
-1.000000000000000000e+00
9.536364358535496244e-01
1.000000000000000000e+00
-1.000000000000000000e+00
-1.000000000000000000e+00
-2.622243181354555475e-02
5.396860934499649876e-01
1.000000000000000000e+00
1.000000000000000000e+00
-1.000000000000000000e+00
1.000000000000000000e+00
-8.079645367324406191e-01
-1.000000000000000000e+00
-1.000000000000000000e+00
-1.282845238103605956e-01
-1.000000000000000000e+00
4.474494003953729537e-01
7.190557041620171397e-02
-4.755845646218739842e-01
1.000000000000000000e+00
-1.000000000000000000e+00
-1.000000000000000000e+00
1.000000000000000000e+00
-1.000000000000000000e+00
-8.002278807249030290e-01
1.000000000000000000e+00
1.000000000000000000e+00
1.000000000000000000e+00
6.185350002953696746e-01
-9.175728685854046551e-01
-1.000000000000000000e+00
-8.564653432179880621e-01
-3.351248022355702849e-01
-5.662675460769808211e-01
-6.001960318045715947e-01
1.000000000000000000e+00
1.000000000000000000e+00
3.088323201211325975e-01
1.000000000000000000e+00
1.000000000000000000e+00
-1.000000000000000000e+00
1.000000000000000000e+00
9.550414576336655470e-01
1.000000000000000000e+00
-6.241068456353938698e-01
-8.737641505768267702e-01
9.622044815736091605e-01
-7.187955602762269303e-01
-1.000000000000000000e+00
-3.878645099043098732e-02
-1.000000000000000000e+00
-4.163318347874847003e-01
1.000000000000000000e+00
-1.000000000000000000e+00
1.079535126499475695e-02
-9.235864657107251130e-01
2.196465574544177457e-01
1.000000000000000000e+00
1.000000000000000000e+00
-1.000000000000000000e+00
1.000000000000000000e+00
1.000000000000000000e+00
1.000000000000000000e+00
1.000000000000000000e+00
-1.000000000000000000e+00
-8.686900864981312864e-01
1.000000000000000000e+00
-1.000000000000000000e+00
1.000000000000000000e+00
2.485841770118640270e-01
-9.758497593173187656e-01
1.000000000000000000e+00
3.254021491434043734e-01
-1.000000000000000000e+00
1.000000000000000000e+00
-1.000000000000000000e+00
1.000000000000000000e+00
8.670605912071895904e-01
-1.000000000000000000e+00
1.000000000000000000e+00
3.391951258381723511e-01
1.000000000000000000e+00
-1.473155643552892524e-01
1.000000000000000000e+00
-2.628069973348854949e-01
-1.000000000000000000e+00
-1.000000000000000000e+00
1.000000000000000000e+00
1.000000000000000000e+00
2.949879657070271222e-01
5.440555105241753342e-01
-7.059906935788313742e-01
-1.000000000000000000e+00
-5.783538282909527206e-01
-1.497493280316971320e-01
-1.000000000000000000e+00
-1.000000000000000000e+00
4.548158144009757375e-01
-1.000000000000000000e+00
1.000000000000000000e+00
1.000000000000000000e+00
1.111070405778450398e-01
7.705986522703027752e-01
1.000000000000000000e+00
8.924247134805595172e-01
1.001880824080965127e-01
1.000000000000000000e+00
2.717354201135269154e-01
4.136226217708360853e-01
1.044108873612731303e-02
6.981291237826343643e-01
-1.000000000000000000e+00
-1.000000000000000000e+00
-1.000000000000000000e+00
1.000000000000000000e+00
-5.852750124699419576e-01
1.000000000000000000e+00
-1.000000000000000000e+00
1.000000000000000000e+00
-1.000000000000000000e+00
1.000000000000000000e+00
-1.000000000000000000e+00
-1.000000000000000000e+00
-1.000000000000000000e+00
1.000000000000000000e+00
-7.435441692523279134e-01
8.178332468217317519e-01
-1.000000000000000000e+00
-1.000000000000000000e+00
-1.000000000000000000e+00
1.000000000000000000e+00
1.000000000000000000e+00
-2.167126085992802098e-01
1.000000000000000000e+00
-1.000000000000000000e+00
6.691013092628255166e-01
1.000000000000000000e+00
1.000000000000000000e+00
-8.521582548090396170e-01
1.000000000000000000e+00
5.548614479855478177e-01
-1.000000000000000000e+00
-5.975258945376562547e-01
-2.203624475357424117e-02
1.000000000000000000e+00
-5.312784888516015602e-01
1.000000000000000000e+00
1.000000000000000000e+00
-1.000000000000000000e+00
-8.231573875895268344e-01
6.593938836676163096e-01
-1.000000000000000000e+00
-1.000000000000000000e+00
-1.000000000000000000e+00
1.012476775157680198e-01
-1.000000000000000000e+00
7.414930531966205107e-01
-2.799068999239586741e-01
-1.133354086117276949e-01
4.493388464455720654e-02
-1.000000000000000000e+00
1.000000000000000000e+00
-5.111821343429364672e-01
1.000000000000000000e+00
1.000000000000000000e+00
-5.716266386296127155e-01
2.014780810738687755e-01
