1.000000000000000000e+00
1.000000000000000000e+00
-1.000000000000000000e+00
4.078449551743427159e-01
7.362540753433888252e-02
-1.542143967177773689e-01
1.000000000000000000e+00
-1.000000000000000000e+00
-1.000000000000000000e+00
-1.000000000000000000e+00
2.726509897617550582e-01
9.369807177860947078e-01
1.000000000000000000e+00
1.000000000000000000e+00
2.683155597340212140e-01
1.000000000000000000e+00
-5.556932027575089972e-01
1.000000000000000000e+00
-1.000000000000000000e+00
-4.067832214748340336e-01
1.000000000000000000e+00
-1.000000000000000000e+00
-1.000000000000000000e+00
-1.000000000000000000e+00
1.000000000000000000e+00
1.000000000000000000e+00
-1.000000000000000000e+00
1.000000000000000000e+00
-1.000000000000000000e+00
-1.000000000000000000e+00
-1.000000000000000000e+00
-1.000000000000000000e+00
1.000000000000000000e+00
1.000000000000000000e+00
-1.000000000000000000e+00
-7.934740260395232170e-01
1.000000000000000000e+00
2.060274327827846808e-01
8.880222854503139196e-01
1.000000000000000000e+00
4.646068665559013322e-01
-1.000000000000000000e+00
5.803081083762596792e-01
-1.000000000000000000e+00
-1.000000000000000000e+00
-7.021672747525411484e-01
-1.000000000000000000e+00
-1.000000000000000000e+00
2.971549540633772191e-01
-5.259394955033173114e-01
1.693053118719195504e-02
-1.000000000000000000e+00
-1.000000000000000000e+00
-1.000000000000000000e+00
1.000000000000000000e+00
9.699938455503409607e-02
-1.000000000000000000e+00
1.458378896708134587e-02
1.000000000000000000e+00
2.703935818595432083e-01
9.493109961148669118e-01
-1.000000000000000000e+00
-1.000000000000000000e+00
1.000000000000000000e+00
-1.000000000000000000e+00
-2.992223413348110705e-01
-4.856367923744889792e-01
1.776870101310759342e-01
-1.000000000000000000e+00
1.000000000000000000e+00
-9.657523473889173538e-01
-1.885863710802726523e-02
1.019461701191616276e-01
-1.000000000000000000e+00
7.804591847987178976e-01
-1.725873957532748082e-01
-1.000000000000000000e+00
1.000000000000000000e+00
-1.000000000000000000e+00
1.000000000000000000e+00
-1.000000000000000000e+00
-1.000000000000000000e+00
1.000000000000000000e+00
3.338825697354133037e-01
1.000000000000000000e+00
1.000000000000000000e+00
1.000000000000000000e+00
1.000000000000000000e+00
1.000000000000000000e+00
1.000000000000000000e+00
1.000000000000000000e+00
1.000000000000000000e+00
-1.000000000000000000e+00
1.000000000000000000e+00
-7.304182666198706375e-01
-1.000000000000000000e+00
-9.574159838257382260e-01
-1.000000000000000000e+00
-9.888374463790517988e-01
-7.731148013502986416e-02
3.051599221509330162e-01
-1.740731286592578086e-01
1.000000000000000000e+00
1.000000000000000000e+00
-1.000000000000000000e+00
-1.000000000000000000e+00
1.000000000000000000e+00
-1.000000000000000000e+00
4.605458333226259970e-01
-1.000000000000000000e+00
-1.000000000000000000e+00
-1.000000000000000000e+00
-2.116621311567518648e-01
2.832001577320152341e-01
-3.360936154771390072e-01
-1.000000000000000000e+00
3.658629387897746610e-01
-1.000000000000000000e+00
-6.850253244868640401e-01
-5.334291515059825795e-01
-1.000000000000000000e+00
1.000000000000000000e+00
4.092277249053255517e-03
5.061877144307720400e-01
7.724087431771597956e-01
-4.011197213653537874e-01
1.000000000000000000e+00
1.000000000000000000e+00
1.000000000000000000e+00
-2.636392809169572637e-01
-1.000000000000000000e+00
-1.000000000000000000e+00
1.000000000000000000e+00
-4.888366667554877032e-01
-1.000000000000000000e+00
-9.301265124270385876e-01
1.000000000000000000e+00
-1.000000000000000000e+00
-8.567929612273045281e-01
1.000000000000000000e+00
1.000000000000000000e+00
-1.000000000000000000e+00
1.000000000000000000e+00
-1.000000000000000000e+00
2.204488288732644741e-01
-1.000000000000000000e+00
1.000000000000000000e+00
1.000000000000000000e+00
-1.000000000000000000e+00
-1.000000000000000000e+00
1.000000000000000000e+00
-1.531260611548164174e-01
9.320758714576629078e-01
9.177797034651133945e-01
1.000000000000000000e+00
9.464626032130012412e-01
1.000000000000000000e+00
1.000000000000000000e+00
-9.449568714946428027e-01
1.000000000000000000e+00
-1.000000000000000000e+00
-4.803062761322967056e-01
7.488467484073613178e-03
-1.000000000000000000e+00
3.891982270680940381e-01
-1.000000000000000000e+00
1.000000000000000000e+00
4.500089889549278577e-01
-7.213083742370590690e-01
-1.000000000000000000e+00
-1.000000000000000000e+00
1.000000000000000000e+00
-1.000000000000000000e+00
-8.975637067475108477e-01
-8.633197516478265943e-01
4.710744709374982131e-01
-1.502046936091351037e-01
-1.000000000000000000e+00
1.000000000000000000e+00
-1.000000000000000000e+00
1.000000000000000000e+00
1.000000000000000000e+00
1.000000000000000000e+00
-8.513210787069491747e-01
1.000000000000000000e+00
1.000000000000000000e+00
-1.000000000000000000e+00
1.000000000000000000e+00
3.061709991437553957e-01
1.000000000000000000e+00
1.000000000000000000e+00
-2.824264646330508777e-01
-7.862832211596723075e-01
-9.571516074240657979e-01
-1.000000000000000000e+00
-1.000000000000000000e+00
-1.000000000000000000e+00
-1.000000000000000000e+00
-1.000000000000000000e+00
-1.000000000000000000e+00
4.631890360404417040e-01
6.132771328688068069e-01
1.000000000000000000e+00
1.000000000000000000e+00
-6.270714164045408934e-01
-1.000000000000000000e+00
1.000000000000000000e+00
1.000000000000000000e+00
1.000000000000000000e+00
-1.000000000000000000e+00
-1.000000000000000000e+00
-1.000000000000000000e+00
-1.000000000000000000e+00
8.637611532234803491e-01
6.823293091761604146e-01
-4.319540362078926332e-01
1.000000000000000000e+00
9.067020321137279071e-01
1.000000000000000000e+00
-1.000000000000000000e+00
8.215207251441739578e-01
-1.000000000000000000e+00
-1.000000000000000000e+00
1.000000000000000000e+00
-1.000000000000000000e+00
1.000000000000000000e+00
-2.622187026140865296e-01
1.000000000000000000e+00
1.580020633868626234e-01
1.000000000000000000e+00
-1.000000000000000000e+00
-1.000000000000000000e+00
1.000000000000000000e+00
1.000000000000000000e+00
5.340783897603625929e-01
-1.000000000000000000e+00
8.928915359029832022e-01
1.000000000000000000e+00
1.000000000000000000e+00
-7.036590162100986312e-02
-1.000000000000000000e+00
6.689221098222808415e-02
1.000000000000000000e+00
7.723951012280749762e-01
1.000000000000000000e+00
-3.404029443428893131e-01
-1.294103722816972446e-01
-1.000000000000000000e+00
1.000000000000000000e+00
1.957699912938237752e-01
1.000000000000000000e+00
1.000000000000000000e+00
-1.000000000000000000e+00
1.000000000000000000e+00
1.000000000000000000e+00
1.000000000000000000e+00
-1.000000000000000000e+00
-1.000000000000000000e+00
1.000000000000000000e+00
9.561022508551159094e-01
4.310803873864190727e-01
1.000000000000000000e+00
1.000000000000000000e+00
1.000000000000000000e+00
1.000000000000000000e+00
