-7.961253502322036546e-01
4.466530714989436213e-01
2.291123195330596884e-01
2.251557401778749856e-01
1.000000000000000000e+00
1.000000000000000000e+00
5.023421937177381391e-01
1.000000000000000000e+00
-1.000000000000000000e+00
1.000000000000000000e+00
-1.000000000000000000e+00
-1.000000000000000000e+00
-1.000000000000000000e+00
-1.000000000000000000e+00
-3.482149943621137833e-01
1.000000000000000000e+00
-7.488426333357154352e-01
-1.000000000000000000e+00
1.000000000000000000e+00
-1.000000000000000000e+00
1.124018619684700182e-01
-9.653681229673183317e-02
-1.000000000000000000e+00
1.000000000000000000e+00
-6.936901402405948325e-02
7.898796516654187361e-01
-4.071757495121902659e-01
-3.057791488838746963e-01
1.000000000000000000e+00
1.000000000000000000e+00
-1.000000000000000000e+00
1.000000000000000000e+00
-1.000000000000000000e+00
1.000000000000000000e+00
1.000000000000000000e+00
-6.122704557402085523e-01
-1.603113769972663860e-02
-1.000000000000000000e+00
-6.211999586989080946e-02
-8.667914307135696772e-01
-6.607267076768530423e-01
-4.643889648066543696e-01
9.421840440801346750e-01
1.000000000000000000e+00
1.000000000000000000e+00
-1.000000000000000000e+00
7.504878723309720279e-01
-1.000000000000000000e+00
9.726153400132145910e-01
7.356057951362968694e-01
5.459325287812882843e-01
4.386774125035053373e-01
1.000000000000000000e+00
-1.000000000000000000e+00
1.000000000000000000e+00
-1.570685085788786628e-01
1.000000000000000000e+00
-1.000000000000000000e+00
1.000000000000000000e+00
8.741014336848063060e-01
1.000000000000000000e+00
-1.000000000000000000e+00
1.000000000000000000e+00
-4.197643511219846246e-01
1.000000000000000000e+00
6.017630872734700542e-01
1.000000000000000000e+00
2.373116738096076039e-02
-1.000000000000000000e+00
6.212736921165229464e-01
5.759844909567629623e-01
7.778384750477496112e-01
1.000000000000000000e+00
-1.000000000000000000e+00
1.000000000000000000e+00
-1.000000000000000000e+00
1.000000000000000000e+00
4.244971231120553412e-03
9.581397092811432259e-01
-1.000000000000000000e+00
-2.243114991574159944e-01
-1.000000000000000000e+00
1.000000000000000000e+00
-6.083294131936900495e-02
1.000000000000000000e+00
8.324518382872672095e-01
1.000000000000000000e+00
-5.711699862533854422e-01
-1.000000000000000000e+00
-2.644480299089582154e-01
-1.000000000000000000e+00
-5.738854968694606651e-02
1.000000000000000000e+00
-1.000000000000000000e+00
-1.000000000000000000e+00
-1.000000000000000000e+00
1.000000000000000000e+00
1.000000000000000000e+00
-1.000000000000000000e+00
-5.490389308362780829e-01
1.000000000000000000e+00
-1.000000000000000000e+00
1.000000000000000000e+00
-1.000000000000000000e+00
-6.294368430467098818e-01
-1.000000000000000000e+00
8.972751773612139825e-01
-1.327954959066183216e-01
1.000000000000000000e+00
1.396004849994992858e-01
1.000000000000000000e+00
-1.274985778419606142e-01
1.000000000000000000e+00
2.220241659633438447e-01
-6.837636004657920985e-02
1.000000000000000000e+00
4.944996448779317433e-01
1.669702571206364561e-01
-1.000000000000000000e+00
-1.000000000000000000e+00
9.964845576259477866e-01
3.962899212187253051e-01
-1.000000000000000000e+00
9.018824233037657789e-01
-2.560802701006766879e-01
-1.000000000000000000e+00
1.000000000000000000e+00
1.000000000000000000e+00
1.000000000000000000e+00
-1.000000000000000000e+00
-1.000000000000000000e+00
-1.000000000000000000e+00
8.652259404979374402e-01
-1.000000000000000000e+00
9.976962926071510918e-01
-1.000000000000000000e+00
-1.000000000000000000e+00
1.000000000000000000e+00
-4.462474833405498664e-01
-1.000000000000000000e+00
-1.000000000000000000e+00
1.000000000000000000e+00
-1.000000000000000000e+00
-9.594032217870471779e-01
-1.000000000000000000e+00
-1.000000000000000000e+00
-1.000000000000000000e+00
-1.000000000000000000e+00
1.975790775608270433e-01
-1.000000000000000000e+00
1.000000000000000000e+00
1.000000000000000000e+00
1.000000000000000000e+00
-1.000000000000000000e+00
9.501791176359024593e-01
1.000000000000000000e+00
-9.479781716416033621e-01
1.000000000000000000e+00
-1.003941413396944177e-01
7.719140497614385144e-01
1.000000000000000000e+00
-1.000000000000000000e+00
-1.000000000000000000e+00
1.000000000000000000e+00
7.676046182829693310e-01
-1.000000000000000000e+00
8.506505633980155912e-01
-6.304972800044224002e-01
6.905086198662095942e-01
1.000000000000000000e+00
1.000000000000000000e+00
1.000000000000000000e+00
1.000000000000000000e+00
-1.000000000000000000e+00
2.251114723949099172e-01
1.000000000000000000e+00
-1.000000000000000000e+00
-1.000000000000000000e+00
1.000000000000000000e+00
3.514340550110051087e-01
-1.000000000000000000e+00
-7.802187882467384039e-01
-1.000000000000000000e+00
8.510315339025031900e-01
1.000000000000000000e+00
4.859657932273098724e-01
-2.635644816380710020e-01
-1.000000000000000000e+00
-1.000000000000000000e+00
-1.000000000000000000e+00
-1.000000000000000000e+00
-1.000000000000000000e+00
-6.815327089505213154e-02
1.000000000000000000e+00
1.000000000000000000e+00
1.000000000000000000e+00
-1.000000000000000000e+00
1.000000000000000000e+00
-7.787579268056181725e-01
-1.533558825389722546e-01
1.000000000000000000e+00
-4.922321355137987409e-01
1.000000000000000000e+00
3.248437802015780029e-02
-1.000000000000000000e+00
1.000000000000000000e+00
5.948235263681066476e-01
1.000000000000000000e+00
-1.000000000000000000e+00
1.000000000000000000e+00
-1.000000000000000000e+00
-9.290980647463520370e-02
1.000000000000000000e+00
1.000000000000000000e+00
1.000000000000000000e+00
-1.000000000000000000e+00
-2.594574899950559121e-01
-1.000000000000000000e+00
1.000000000000000000e+00
4.613661822378830601e-01
-1.000000000000000000e+00
-7.399767964691821298e-01
1.000000000000000000e+00
-6.403910109710200249e-01
-1.000000000000000000e+00
-1.000000000000000000e+00
-1.000000000000000000e+00
-1.000000000000000000e+00
1.000000000000000000e+00
-5.408359029495615200e-01
-4.042228236847500433e-02
-9.426188006079345705e-01
-1.000000000000000000e+00
-3.312358393163226111e-01
-1.000000000000000000e+00
-6.912632844720670855e-01
-6.704803303082539356e-01
1.000000000000000000e+00
1.000000000000000000e+00
-1.000000000000000000e+00
4.593175321227160879e-03
-8.814373188956057259e-01
9.004314831418449572e-01
3.228353248397599629e-01
1.000000000000000000e+00
7.107355627297665679e-01
8.635839028886738156e-01
-1.000000000000000000e+00
-1.000000000000000000e+00
1.000000000000000000e+00
-1.000000000000000000e+00
1.000000000000000000e+00
-1.000000000000000000e+00
-8.571155809340544884e-01
-1.000000000000000000e+00
-1.000000000000000000e+00
-1.000000000000000000e+00
1.000000000000000000e+00
-1.000000000000000000e+00
1.000000000000000000e+00
1.000000000000000000e+00
5.411094069431401365e-01
1.000000000000000000e+00
1.000000000000000000e+00
2.718443153523729672e-01
