-1.000000000000000000e+00
-1.213186530924112161e-01
3.375005621480153817e-01
-1.000000000000000000e+00
-6.342271710774889382e-01
5.379048056428494817e-01
-1.000000000000000000e+00
-6.939719886102180268e-02
-8.399189416167187616e-01
-6.319283889612294924e-01
-6.564832022435960202e-01
5.640383458631945679e-01
-9.626496518535683222e-01
-1.000000000000000000e+00
1.000000000000000000e+00
-7.169923447029524777e-01
-1.000000000000000000e+00
1.599994095382817061e-01
1.000000000000000000e+00
7.727240853732531001e-01
-4.346356594719352762e-02
1.942596818362001820e-01
-9.323598230521357166e-02
-3.389771033189302729e-01
-3.435617521007270359e-01
-2.877600065307345800e-01
1.000000000000000000e+00
1.000000000000000000e+00
-1.000000000000000000e+00
5.661928138330845073e-01
6.490923959852918923e-01
5.159779621973493713e-01
-5.686827592771963591e-01
1.000000000000000000e+00
-6.358539273000733960e-01
9.079522142854743461e-01
6.781998558498747443e-02
2.374287538137461184e-01
3.421283631186688989e-01
-4.296980132500873850e-01
-1.000000000000000000e+00
-1.000000000000000000e+00
1.125289643199582912e-01
-1.000000000000000000e+00
-1.000000000000000000e+00
-5.452804688015965295e-01
1.000000000000000000e+00
-1.948280277409302486e-01
-3.298058106318615956e-01
-8.930138656066528569e-01
-2.596077061283493803e-01
-1.000000000000000000e+00
-1.000000000000000000e+00
1.000000000000000000e+00
-5.163196964643663733e-01
-3.604044280801113054e-01
-5.099976054148337434e-01
-1.164954327294881464e-01
-1.022902258388264096e-01
6.879035994257031161e-01
-1.000000000000000000e+00
1.000000000000000000e+00
1.000000000000000000e+00
6.426989284564954552e-01
-1.000000000000000000e+00
-5.549435875917418937e-01
-9.577190339435028843e-01
7.359282035617477069e-01
-5.878678917141595406e-01
-1.000000000000000000e+00
1.000000000000000000e+00
-7.361832530708982691e-01
7.766304259568158619e-01
-5.858722992212928027e-02
-1.000000000000000000e+00
-8.336945879054817876e-01
5.508958334032307835e-01
-1.000000000000000000e+00
-1.000000000000000000e+00
4.828358010772263453e-01
1.000000000000000000e+00
-5.324912980473301971e-01
-1.000000000000000000e+00
-6.601303318040618873e-01
-7.710623362558743921e-02
1.040368659633416903e-01
1.000000000000000000e+00
5.971964722917981749e-01
-7.014005873164886884e-01
6.121386722924589963e-01
1.000000000000000000e+00
-1.000000000000000000e+00
-1.000000000000000000e+00
8.331245826660561571e-01
-1.000000000000000000e+00
8.387125682783709291e-01
4.283099447251463299e-01
2.440024235559951071e-01
-9.047618063298545898e-01
1.000000000000000000e+00
8.472931581510192434e-01
-9.653992018472590253e-02
6.985622683791439247e-01
7.977609544835988498e-01
-1.000000000000000000e+00
-1.020757435806465274e-01
-3.372257684606994599e-01
-1.000000000000000000e+00
1.000000000000000000e+00
-1.000000000000000000e+00
-1.000000000000000000e+00
6.198626566033937912e-01
2.065907173744998548e-01
1.000000000000000000e+00
6.880853053965474420e-02
5.967532722445094695e-01
-1.000000000000000000e+00
1.000000000000000000e+00
3.731381171118616780e-01
-8.827569093545160062e-01
-8.825687100949901609e-01
1.000000000000000000e+00
1.000000000000000000e+00
4.144600231061501550e-01
-5.963133836077421090e-01
-1.000000000000000000e+00
-1.358835177365640412e-01
4.706332361361549310e-01
-7.927978985299538595e-02
-4.397780994100624063e-01
-3.931472394078123767e-01
5.039281968961426550e-01
2.929564355321203628e-01
-1.000000000000000000e+00
-6.633834377267004978e-01
1.000000000000000000e+00
-7.498999004059425655e-01
2.699013046698194307e-01
5.120084742321279192e-02
1.000000000000000000e+00
-1.000000000000000000e+00
-8.956095901428231532e-01
-6.128776712476202704e-01
-7.730422527508322705e-01
-1.000000000000000000e+00
1.000000000000000000e+00
1.000000000000000000e+00
-1.000000000000000000e+00
1.000000000000000000e+00
1.000000000000000000e+00
1.175145739939357226e-01
1.000000000000000000e+00
2.920798096523866683e-01
5.282170687585769908e-01
-1.902441231501335039e-01
-2.791787729172436894e-01
1.000000000000000000e+00
9.442377615880244157e-01
-1.555961807098538152e-01
-3.614465298903776214e-01
5.716272551657901602e-01
1.000000000000000000e+00
1.811123134987313033e-01
6.549616594043696782e-01
5.983123946380297653e-01
1.000000000000000000e+00
-8.243879639824416294e-01
8.969557217076939981e-02
-1.000000000000000000e+00
6.419338543921784268e-01
3.148035823185374449e-01
-1.000000000000000000e+00
-8.332282003288954408e-02
1.000000000000000000e+00
-1.000000000000000000e+00
2.968158508053475586e-01
7.122413450110591793e-01
1.640689696602096181e-02
8.658332362283902572e-01
-1.000000000000000000e+00
4.520120124130377892e-01
8.680221628416001645e-01
-1.000000000000000000e+00
5.110573583846658163e-01
-4.911589359797874366e-02
-2.681315044270230485e-01
5.199094066454605922e-01
-9.987036563503504105e-01
-1.248448747200040787e-01
-1.647734276870655989e-01
-1.000000000000000000e+00
3.439716301108630692e-02
-1.000000000000000000e+00
2.208960499288887269e-01
-4.891915310569097119e-01
-4.489724657302007760e-01
9.133476431154339270e-01
1.628304715931712110e-01
-1.000000000000000000e+00
1.199475857152600966e-01
4.631761733412678717e-02
-1.000000000000000000e+00
1.000000000000000000e+00
1.000000000000000000e+00
-8.342431221693248355e-01
3.789798071927375500e-01
9.452075973440543510e-01
2.576946416652514671e-04
1.098034168650829923e-01
6.643507457818589312e-01
-2.952065117716635156e-01
-1.000000000000000000e+00
2.486090583311879598e-01
9.199620030862394326e-01
-1.000000000000000000e+00
-9.517706805989838426e-01
-1.000000000000000000e+00
2.851106095109254834e-01
-1.997716749859926866e-01
-1.000000000000000000e+00
6.804609913888548522e-02
1.000000000000000000e+00
-1.000000000000000000e+00
-1.000000000000000000e+00
-6.248097712579256946e-01
1.000000000000000000e+00
7.128552460952786163e-03
1.000000000000000000e+00
-3.693141261591239566e-01
-3.952405768785536844e-01
-1.000000000000000000e+00
-1.000000000000000000e+00
-1.000000000000000000e+00
5.524543865825823907e-01
-3.587172199128219052e-01
-3.690846762219215926e-02
7.086705757664453209e-01
1.000000000000000000e+00
-1.000000000000000000e+00
8.421124362782317352e-01
6.510228418873595935e-01
-2.603299851345590721e-01
-4.133272239145320825e-01
6.070143232581115544e-02
-1.000000000000000000e+00
5.082346206338388406e-01
-9.777578189847089263e-01
6.058367712549947992e-01
-1.000000000000000000e+00
3.306531486498426320e-01
-6.739603067736887887e-02
-1.568189114058584632e-01
4.900273452308846478e-01
-3.565895967171364145e-01
1.000000000000000000e+00
-1.000000000000000000e+00
7.879267925250104110e-01
-2.963445014419883172e-01
2.898546911888959521e-01
1.000000000000000000e+00
-1.000000000000000000e+00
1.000000000000000000e+00
4.606341027376577024e-01
1.000000000000000000e+00
1.000000000000000000e+00
