-1.000000000000000000e+00
-3.988542169581074104e-01
7.156936235563282622e-01
-8.095681918741183258e-01
-1.000000000000000000e+00
4.958476315987074834e-01
1.000000000000000000e+00
4.518538831552300628e-01
5.400124930055565375e-01
-1.000000000000000000e+00
2.403856975534481855e-01
-6.875911954655782310e-01
-1.000000000000000000e+00
-1.000000000000000000e+00
1.000000000000000000e+00
7.507915574914346690e-01
7.104431229992338448e-01
-1.000000000000000000e+00
-1.000000000000000000e+00
-4.261439617880875552e-01
-1.000000000000000000e+00
5.413393520797895597e-01
1.000000000000000000e+00
1.000000000000000000e+00
-6.186481597586626080e-01
1.000000000000000000e+00
1.000000000000000000e+00
1.000000000000000000e+00
-1.000000000000000000e+00
7.707825860895958225e-01
-1.000000000000000000e+00
-4.490381335009163699e-02
-4.377124400575760355e-01
1.000000000000000000e+00
-1.000000000000000000e+00
-1.000000000000000000e+00
1.000000000000000000e+00
-7.860688357844023422e-01
-1.000000000000000000e+00
-1.000000000000000000e+00
-1.953669565015073717e-01
1.463329527342417669e-01
-9.964419741289884391e-02
1.000000000000000000e+00
1.000000000000000000e+00
-1.000000000000000000e+00
-5.286628573639817752e-01
-1.000000000000000000e+00
-1.000000000000000000e+00
-1.895775632981130387e-01
-3.790143663935138796e-01
3.433620379468587114e-01
-1.000000000000000000e+00
2.717353846345478274e-01
-6.833679954621757480e-01
4.315801793529845387e-01
-1.000000000000000000e+00
-1.000000000000000000e+00
-3.912399288037552436e-01
-1.000000000000000000e+00
1.000000000000000000e+00
1.000000000000000000e+00
1.318980680656592352e-02
-4.945842757306140869e-01
-6.915093369073181950e-01
-1.000000000000000000e+00
4.595241137075462556e-01
1.000000000000000000e+00
-1.000000000000000000e+00
-6.980211626748333842e-03
1.000000000000000000e+00
8.150457260842094431e-01
-1.891616148545072207e-01
-1.000000000000000000e+00
3.931278604137372623e-01
-7.272704034282394536e-01
-1.000000000000000000e+00
-5.097631420136893299e-01
-7.395642330775570317e-01
-1.000000000000000000e+00
1.000000000000000000e+00
1.000000000000000000e+00
-1.363018640851689778e-01
6.145080132971826314e-01
1.000000000000000000e+00
1.000000000000000000e+00
1.000000000000000000e+00
1.000000000000000000e+00
9.943503624401128782e-01
-1.000000000000000000e+00
1.000000000000000000e+00
7.911291008466553309e-02
1.000000000000000000e+00
1.000000000000000000e+00
-9.042872434946028215e-02
-6.267312042991202148e-02
-2.508747686987908843e-01
-5.598062827269933983e-02
1.000000000000000000e+00
3.456689079626393823e-01
-4.056167297478869838e-01
1.000000000000000000e+00
-4.790250398413112842e-01
-1.000000000000000000e+00
1.000000000000000000e+00
-1.000000000000000000e+00
1.000000000000000000e+00
-8.871263464734606696e-01
-1.000000000000000000e+00
1.000000000000000000e+00
-1.050767358380804151e-01
1.000000000000000000e+00
1.000000000000000000e+00
-5.267997507463271223e-01
-1.000000000000000000e+00
1.000000000000000000e+00
1.000000000000000000e+00
7.659799287192046169e-01
-1.469785352242228282e-01
-1.000000000000000000e+00
4.057146536602290743e-01
-2.123112345063114526e-01
-1.000000000000000000e+00
8.283721808520482233e-01
-1.000000000000000000e+00
8.291044662004913857e-01
7.219998994372009982e-01
-1.000000000000000000e+00
-1.000000000000000000e+00
1.000000000000000000e+00
5.635480111675315040e-01
1.000000000000000000e+00
-1.000000000000000000e+00
-6.263148089641533689e-01
-1.000000000000000000e+00
1.000000000000000000e+00
1.000000000000000000e+00
-1.919395405106599783e-01
1.000000000000000000e+00
-1.000000000000000000e+00
1.000000000000000000e+00
-1.000000000000000000e+00
-7.307064506265581461e-02
1.000000000000000000e+00
-1.000000000000000000e+00
5.215829505769148389e-01
7.971788443793661472e-01
-1.000000000000000000e+00
1.000000000000000000e+00
-1.000000000000000000e+00
-1.000000000000000000e+00
-7.177135107524967861e-01
-4.758008243967895567e-01
-1.000000000000000000e+00
8.965772153324529370e-01
8.502966518032281096e-01
-1.000000000000000000e+00
-1.000000000000000000e+00
1.000000000000000000e+00
-1.000000000000000000e+00
1.000000000000000000e+00
1.000000000000000000e+00
5.577429098028192644e-01
-1.000000000000000000e+00
-5.138606752400054489e-01
1.000000000000000000e+00
7.545764579938444294e-01
1.847038933660216653e-01
5.463167964411468347e-01
1.000000000000000000e+00
1.000000000000000000e+00
3.838831850415370672e-01
2.137197206677303729e-01
-1.000000000000000000e+00
1.000000000000000000e+00
1.000000000000000000e+00
-5.339246084094411149e-01
-1.000000000000000000e+00
1.000000000000000000e+00
1.000000000000000000e+00
-4.150291492729695220e-01
-5.781579386500803608e-01
8.495511860988180786e-02
1.000000000000000000e+00
-5.686005416946904312e-02
-1.000000000000000000e+00
-1.000000000000000000e+00
-3.230621829792958422e-01
-1.291125885476041013e-02
-8.434054401849302440e-01
-1.000000000000000000e+00
-1.000000000000000000e+00
-1.000000000000000000e+00
-1.000000000000000000e+00
-1.000000000000000000e+00
1.000000000000000000e+00
1.000000000000000000e+00
-1.000000000000000000e+00
1.000000000000000000e+00
7.299188613084828248e-01
-1.000000000000000000e+00
-2.992059101660089482e-01
3.665049690131895743e-01
-1.000000000000000000e+00
1.000000000000000000e+00
-1.000000000000000000e+00
8.954973088411719573e-01
-1.000000000000000000e+00
-1.000000000000000000e+00
-1.000000000000000000e+00
-1.000000000000000000e+00
-1.000000000000000000e+00
-1.000000000000000000e+00
1.000000000000000000e+00
-1.926615810558279795e-01
-2.546743225663613552e-01
-2.981434909256697185e-01
1.000000000000000000e+00
-1.000000000000000000e+00
5.526378812813795838e-01
6.567626325634559059e-01
-1.000000000000000000e+00
7.171993155562073063e-01
-2.051699166020335419e-01
1.000000000000000000e+00
-1.264982429162985200e-01
1.000000000000000000e+00
1.000000000000000000e+00
1.000000000000000000e+00
6.167341562789940834e-01
-1.000000000000000000e+00
-1.000000000000000000e+00
-6.134047637891739679e-01
-2.392139609134544820e-01
-7.017285322609014830e-01
-9.685344630230182661e-01
1.000000000000000000e+00
9.138003566136756461e-01
1.000000000000000000e+00
-1.000000000000000000e+00
-1.000000000000000000e+00
-1.000000000000000000e+00
-7.458365892808005437e-01
1.000000000000000000e+00
1.000000000000000000e+00
-9.123064838297310075e-01
-3.596259069696727262e-01
5.478699832709799100e-02
-4.483026490234143235e-01
-1.000000000000000000e+00
1.000000000000000000e+00
1.715205143351062889e-01
-9.292235412290122953e-01
-1.000000000000000000e+00
-5.611439714080925789e-01
3.474899352294642529e-01
1.000000000000000000e+00
3.071421021576911103e-01
4.155499009209140948e-01
-1.000000000000000000e+00
1.000000000000000000e+00
-7.547361654908555373e-01
-3.489202160405033837e-01
-1.000000000000000000e+00
-1.000000000000000000e+00
