-7.927955181848347355e-01
-2.909143925528594465e-01
8.799093804928714846e-02
3.588896164317014748e-01
2.656185240528647906e-01
3.820210349613346601e-01
9.054742927273431441e-01
-6.989182006641323497e-01
2.759871903231649881e-01
-2.254332683975177609e-01
6.918237177274246807e-01
7.031978079659755299e-01
-7.572948317586007949e-01
7.222001264925115294e-03
9.073728718825522233e-01
-2.226916129527252153e-01
-1.995056071584240254e-01
-1.930653126380064144e-01
1.833299881922660912e-01
-1.018942914009162148e-01
-4.255582613553083871e-01
-1.485421793677232927e-02
-1.493391427357417811e-01
5.640391837985168078e-01
4.659858253498720959e-01
2.885689525346839535e-01
2.215043872470130459e-01
-4.066407593091925232e-01
3.032011935284550930e-01
5.922596870746485997e-01
-6.873565326205854920e-01
-4.458089827098246083e-01
6.348841823199855572e-01
-2.287040596846432461e-01
8.989695606815746309e-01
7.014967824501450178e-01
-6.280246104337121604e-01
-7.862305771409257016e-01
-3.820959433492125967e-01
-5.135169782934112526e-01
-7.683619803954224725e-01
-5.488921078897530670e-01
-5.315545507953403082e-01
-8.282288693876460606e-01
-5.841267063998620834e-01
-4.912681730114731860e-01
5.117585842537926144e-01
-7.738127545896049675e-01
-8.926915965631669891e-01
-6.549228461653844313e-02
9.108632054582308513e-01
7.748413655264194677e-01
-1.103142993941317318e-01
-4.527636947496977982e-01
-6.809128227086824747e-01
9.142260257796348544e-01
-8.349540013888552270e-01
-6.902812416960917297e-01
-1.866864747974630312e-01
7.886806152370839929e-01
3.523593075162128052e-01
3.280955498376436630e-01
3.324058489762531376e-01
6.781445816623974387e-01
3.763075241977211771e-01
-1.429768767527204165e-01
2.949793600613326294e-01
-3.415989693928749293e-01
3.631644911569280598e-01
-5.383123596044170345e-01
-6.545050384749930839e-01
-9.260939285677485255e-01
4.765699140406474132e-01
-4.263519058075322388e-01
7.278433029904363138e-01
-8.523647474388265088e-01
9.430124683206397851e-01
-7.673625740016498664e-01
-2.721505875342469238e-01
8.981950560416025464e-01
-3.896931636530731602e-02
5.819390087485527552e-01
-6.221139170900986670e-01
1.827910286131373407e-01
3.162243444276484627e-01
-5.629707781555144397e-01
6.810303689700014651e-01
-2.296251663779735885e-01
-4.382754986503623051e-02
-3.438212208025563932e-01
4.964013707146863741e-01
8.718932582842466861e-01
9.238015731919333451e-01
-3.239496346275143601e-01
8.727538065118074506e-01
-2.600706907799255063e-02
1.826247320080613967e-01
-7.386079632408364404e-01
-5.789320302535403417e-01
2.698563362577623970e-01
7.617869817746825145e-01
-3.745622530797596550e-01
2.224517004772421647e-01
-3.823430477031448671e-01
-9.312211014068050297e-01
-8.255641988026483080e-01
4.816052244799857718e-01
1.625838096824725465e-01
-5.559156936854225961e-02
-2.020844795709804131e-01
3.297092893478310582e-01
-4.839277861346662490e-01
4.847848138939536700e-01
8.615436557761162462e-01
-8.328398772652516602e-01
-1.923020643291113441e-01
-1.380574122962590078e-01
7.228751349811548543e-01
7.298527552130438245e-01
-1.298045878358873306e-01
-8.081969226226410896e-01
6.629804984477998264e-01
4.012202368428963162e-01
3.543573276801148531e-01
8.695811538217175229e-01
2.141476598973870438e-01
5.214888542046325348e-02
1.913391081253372761e-01
4.111280497851321769e-02
8.216284766388224359e-01
-1.455966355092868092e-01
-7.603026887001007594e-01
5.424011608087799807e-01
-5.120500615168472880e-01
-2.948815599979142110e-01
5.731008099560841451e-02
-1.745784289238310194e-01
5.585774492178425810e-01
5.892770575053307702e-02
-1.344426697387253178e-01
2.561469871768995432e-01
8.119337751981259288e-03
4.381443697781863822e-01
8.199610579528204823e-01
2.084573345081488505e-01
-1.573502543885025862e-01
-6.437707120624454049e-01
-4.771490104364684015e-02
4.545155586387792379e-01
2.964756155993546471e-01
6.508121955420875793e-01
-9.954168136797887367e-01
9.312299140122146657e-01
-8.958840348508152474e-01
-7.341389731647480765e-01
9.641048218402057390e-01
1.095624368998266984e-01
1.565158393750309962e-02
1.021367481846520153e-01
-9.670980425309478878e-01
4.646457030586430559e-01
8.743340007156921168e-01
-6.238638411259247452e-01
-4.397689029981266540e-01
-4.189792050915808197e-02
-1.129665488502857862e-01
6.878154066817792067e-01
7.209709190056852179e-01
4.873071735001630600e-01
-7.477288217307611617e-01
6.735467020991821041e-01
-2.583246455494565552e-01
5.902267829364029605e-01
-4.103123976466751532e-01
-4.222720819547947091e-01
-6.919707410560680394e-01
-8.811072328700251255e-01
-3.919867075078491414e-01
9.438896947393800030e-01
6.248610044530231722e-01
-4.473113225583740249e-01
-1.709273241645261621e-01
7.044760564790473190e-01
-4.577237159511995390e-01
2.947898173575860259e-01
9.207371371061978671e-02
-4.848759583761499403e-01
-1.738108010474137544e-03
-9.715398216732775705e-01
-9.458600965563401797e-01
-5.748750169744829552e-01
-5.577153205991449703e-01
4.600257862983792023e-01
1.561284400988440790e-01
4.331729474780814382e-01
-1.707302246480015828e-01
-8.800139438801299896e-01
2.091886509044136311e-01
-9.150366570551724532e-01
-5.930052009094546328e-01
7.263744705867902773e-01
-3.016291086177971259e-01
-6.518785914280693650e-01
-9.574401353639001577e-01
-3.642999615243858180e-01
-9.775192642469896498e-01
-4.445712600886595478e-01
-2.811100495099034813e-01
4.984972953451047850e-01
9.942937987945010825e-02
4.949787578615427730e-01
-4.049592137485487076e-01
-4.675470103086232232e-01
4.590797456069939386e-04
-6.052336273760783314e-02
7.742449463274361232e-01
8.282483630110160089e-01
1.216977761258024593e-01
8.116625058327369135e-01
-8.852967090006382822e-01
1.623233097171761230e-01
-1.438138640539277091e-01
8.548318945646957712e-01
3.016001343133563051e-01
-1.629690774389340735e-01
-6.499146376197042496e-01
-3.842518396608525233e-01
4.100455578230601805e-01
9.753252915265842038e-01
-3.517093431986051399e-02
-6.853554287467755746e-01
-8.836884655841834579e-01
-5.100142184350717756e-01
-2.191724880217975624e-01
-7.089877291727362252e-01
-9.930788591901291706e-01
4.731213534656315556e-01
-2.729969953495570145e-01
-2.948495001449413788e-01
7.571373902978297821e-01
3.161954731876721603e-01
2.103003613855389808e-01
-4.562342142226749608e-01
2.127180662056844529e-01
3.930881461573905167e-01
2.617543026316744292e-01
3.266741934842696260e-01
-8.786383384222788973e-01
7.649418654081761026e-01
8.594883637929608966e-01
-3.075792734044364707e-01
7.472755522932295058e-02
-7.118014150140545837e-01
-1.361018301161895927e-01
4.627522935756598343e-01
-2.849464182228667042e-02
5.941410131727209443e-01
-2.924328250059646805e-01
-9.119267221139577551e-01
-1.582201308597006584e-01
-9.923251191324964360e-01
-7.330595002154267625e-01
-6.795663977831627456e-01
4.648858669684741152e-01
8.470980470128626205e-01
