-5.434581482947136166e-01
5.758045217266887228e-01
-4.600481378464398308e-01
9.740711234356733694e-01
1.000000000000000000e+00
7.191215601304254967e-01
-4.515129753826845338e-01
-1.000000000000000000e+00
4.871302249756168656e-01
5.190161295178919998e-01
-1.000000000000000000e+00
-4.277697698781952607e-01
-2.633239367608883885e-01
-7.960507059515697925e-01
1.000000000000000000e+00
-1.000000000000000000e+00
8.349957225778990022e-01
7.088143545005741730e-01
7.028213562949214843e-01
1.000000000000000000e+00
1.000000000000000000e+00
5.936191101880750054e-02
-8.473551345121911327e-01
-1.000000000000000000e+00
-1.000000000000000000e+00
1.000000000000000000e+00
-1.000000000000000000e+00
8.308344824250437632e-01
6.469768207814632355e-01
-1.000000000000000000e+00
-3.924626102174195996e-02
-1.000000000000000000e+00
-3.140018010107195057e-01
1.000000000000000000e+00
-1.000000000000000000e+00
1.000000000000000000e+00
3.485507342526161789e-01
-1.000000000000000000e+00
1.000000000000000000e+00
-1.000000000000000000e+00
-3.616312293635087771e-01
1.410120898094637809e-01
1.000000000000000000e+00
-4.471421761557944352e-01
-1.000000000000000000e+00
-2.191049985934701017e-01
9.419205662544700708e-01
1.000000000000000000e+00
1.000000000000000000e+00
4.166192407565615374e-01
1.000000000000000000e+00
7.525546070212085770e-01
4.912585011040866423e-01
3.862086482848577917e-01
1.000000000000000000e+00
-2.778064189087747216e-01
1.000000000000000000e+00
-1.000000000000000000e+00
-8.858279616902198228e-02
-6.461535961777048476e-01
1.000000000000000000e+00
1.000000000000000000e+00
-1.000000000000000000e+00
1.000000000000000000e+00
1.000000000000000000e+00
3.677207049613078205e-01
-1.000000000000000000e+00
-1.000000000000000000e+00
-7.334461959996235736e-01
7.773597373662316512e-01
-9.406870878423416737e-01
-1.000000000000000000e+00
1.000000000000000000e+00
-1.000000000000000000e+00
1.486417876308940844e-01
-1.000000000000000000e+00
-5.299337400466022086e-01
1.414695212603844787e-01
2.285487592189971995e-02
-5.144611678241701735e-01
-9.311026113845977115e-01
-2.151942417935337470e-01
1.885940819420041659e-01
4.725625785589464001e-01
-4.960869113409524522e-01
-1.000000000000000000e+00
-1.000000000000000000e+00
-8.856210686197598658e-01
7.259895458172224147e-01
-1.407437913691522158e-01
-1.000000000000000000e+00
6.050222096184798559e-01
1.000000000000000000e+00
5.923486644168621806e-01
-1.000000000000000000e+00
9.659507057292924248e-01
2.681204998354705937e-01
-1.000000000000000000e+00
-1.657890229971668017e-01
9.220770465160282869e-01
3.588955996996747722e-01
-2.473069681542691134e-01
1.000000000000000000e+00
-1.326591549061464370e-01
-2.491059949807536145e-01
-1.000000000000000000e+00
-3.458258014676743874e-01
2.490790941968860639e-01
-1.000000000000000000e+00
1.000000000000000000e+00
3.738961068607489779e-01
-5.431129617310965774e-01
4.948706856132562004e-01
1.000000000000000000e+00
1.207589476369516912e-01
-1.000000000000000000e+00
-1.000000000000000000e+00
-1.000000000000000000e+00
-1.760329027628786958e-01
1.000000000000000000e+00
8.478909899353387347e-01
1.000000000000000000e+00
-3.199855557301828357e-02
-1.000000000000000000e+00
-5.917166169858968372e-01
9.907502579145577304e-01
7.779520854869552693e-01
-1.000000000000000000e+00
-1.422096049863752487e-02
1.000000000000000000e+00
1.000000000000000000e+00
6.023933322196168838e-01
-1.000000000000000000e+00
-1.000000000000000000e+00
-1.547205791175336742e-01
-5.818028071537515444e-01
-3.760012851874278694e-01
-7.880015309875805229e-01
1.000000000000000000e+00
-1.000000000000000000e+00
-1.000000000000000000e+00
-6.151898453345999718e-01
-1.000000000000000000e+00
-9.020551204548533653e-01
1.575664265614731274e-01
1.000000000000000000e+00
-1.000000000000000000e+00
-1.592912372583954461e-01
-1.000000000000000000e+00
-1.000000000000000000e+00
1.000000000000000000e+00
-1.000000000000000000e+00
-3.994487060633665765e-01
2.981164769093375133e-01
1.000000000000000000e+00
1.000000000000000000e+00
1.376696419864198440e-01
4.263858094220784878e-01
-3.128043740203461098e-01
8.008620105215777940e-01
-1.000000000000000000e+00
1.174088044946564047e-02
1.000000000000000000e+00
-3.210060474009001075e-01
-1.000000000000000000e+00
-1.000000000000000000e+00
4.601148890144739489e-01
1.000000000000000000e+00
-1.000000000000000000e+00
8.815543327124035766e-01
-1.000000000000000000e+00
-5.789577788586346141e-02
3.710859334193239434e-03
1.000000000000000000e+00
1.000000000000000000e+00
-8.822222761838749427e-01
2.407942009554555618e-01
2.782498533171104960e-01
1.000000000000000000e+00
1.000000000000000000e+00
2.208604384364500905e-01
3.276652106182056379e-01
1.000000000000000000e+00
5.757550906266484247e-01
1.000000000000000000e+00
-1.000000000000000000e+00
1.000000000000000000e+00
-1.000000000000000000e+00
-9.666654212451546435e-01
3.881880082390144482e-01
-1.967557986947350290e-01
2.697255752659415418e-01
-1.000000000000000000e+00
4.904998516910918926e-01
7.881693020723032905e-01
1.000000000000000000e+00
-5.563051300529775478e-01
9.536912178295753328e-02
6.742491277527107307e-02
3.456475269508852421e-01
1.000000000000000000e+00
1.061900723877667874e-01
-1.961939011738861316e-01
-1.000000000000000000e+00
1.000000000000000000e+00
-1.000000000000000000e+00
5.034305522600800442e-01
1.866984140212093468e-01
-6.264164736586046445e-01
-1.000000000000000000e+00
1.000000000000000000e+00
5.437898470512979587e-01
7.913495972061879158e-01
1.000000000000000000e+00
1.000000000000000000e+00
-6.095724933444455207e-01
6.670465426860670011e-01
-5.278931189506063104e-01
1.000000000000000000e+00
1.000000000000000000e+00
5.178566494176032320e-01
-1.000000000000000000e+00
-1.000000000000000000e+00
5.834318254526907888e-01
1.000000000000000000e+00
-9.960326401939731955e-01
-5.565132517326815131e-01
9.585945278416232451e-01
-1.000000000000000000e+00
-1.000000000000000000e+00
-1.000000000000000000e+00
1.759845244109436990e-03
1.000000000000000000e+00
-1.000000000000000000e+00
5.877978496614619797e-01
-1.000000000000000000e+00
1.000000000000000000e+00
9.546561567940492488e-02
7.749916383890416149e-01
-4.435232568389844143e-01
-1.000000000000000000e+00
-4.545553348086798784e-01
-1.000000000000000000e+00
1.000000000000000000e+00
-1.000000000000000000e+00
1.000000000000000000e+00
1.000000000000000000e+00
-1.000000000000000000e+00
-4.598399925340929117e-01
2.632245358754179976e-01
-6.632352990636469769e-02
-1.000000000000000000e+00
1.000000000000000000e+00
-1.000000000000000000e+00
3.623858275598917933e-01
1.000000000000000000e+00
1.000000000000000000e+00
-9.707330264889951765e-01
-1.000000000000000000e+00
1.000000000000000000e+00
-1.000000000000000000e+00
-1.000000000000000000e+00
-5.051514842367641478e-01
1.000000000000000000e+00
-8.812302333015323841e-01
