-1.000000000000000000e+00
7.823905239793551569e-01
1.675823589267120273e-01
8.174845851818293152e-01
-9.099962386815643178e-01
1.000000000000000000e+00
4.352638398545218834e-01
1.000000000000000000e+00
-7.356259777099020125e-01
-7.446511825262139839e-01
1.000000000000000000e+00
-1.000000000000000000e+00
1.000000000000000000e+00
-1.000000000000000000e+00
-7.782701708854595779e-01
1.000000000000000000e+00
5.858252243863443232e-01
-3.942912346956817249e-02
-1.000000000000000000e+00
-1.000000000000000000e+00
1.000000000000000000e+00
-1.000000000000000000e+00
8.939875995166168821e-01
1.000000000000000000e+00
1.000000000000000000e+00
-5.129054689098599962e-02
-1.000000000000000000e+00
1.000000000000000000e+00
-2.577529794424069376e-01
7.420693356705270194e-01
-1.000000000000000000e+00
1.000000000000000000e+00
1.000000000000000000e+00
1.000000000000000000e+00
-1.000000000000000000e+00
1.000000000000000000e+00
-1.000000000000000000e+00
-8.634789507586403401e-01
-3.925664858036981286e-01
-1.000000000000000000e+00
1.000000000000000000e+00
-1.000000000000000000e+00
-1.000000000000000000e+00
-1.000000000000000000e+00
2.106232110317158290e-01
4.678324549888022155e-01
-1.000000000000000000e+00
1.000000000000000000e+00
-6.791951396243089967e-02
6.192286583706743119e-01
-1.000000000000000000e+00
9.606629976384410963e-01
1.000000000000000000e+00
1.000000000000000000e+00
6.998960331095318566e-01
-1.000000000000000000e+00
-1.793620084393968694e-01
-1.000000000000000000e+00
4.154420522403876603e-01
-1.000000000000000000e+00
-5.545291318510374712e-01
9.393749896753211814e-02
1.000000000000000000e+00
-1.000000000000000000e+00
6.527665444340704504e-01
-1.000000000000000000e+00
-2.051350424085440771e-01
-1.000000000000000000e+00
5.002659313834779686e-01
-1.000000000000000000e+00
1.939038658945055893e-01
-1.000000000000000000e+00
-1.000000000000000000e+00
1.000000000000000000e+00
-1.000000000000000000e+00
-9.984909857920587495e-01
-1.000000000000000000e+00
-8.856258729550137154e-01
5.729513322968585176e-02
-8.210253449611395471e-01
1.000000000000000000e+00
8.160880066183127113e-01
1.593141151447434734e-01
-1.000000000000000000e+00
-1.000000000000000000e+00
-1.000000000000000000e+00
7.844051024782877635e-01
-1.000000000000000000e+00
1.000000000000000000e+00
7.676835196347786550e-01
4.821609774600765785e-02
6.940229197183903631e-01
9.931738235108340529e-01
-8.940260322282240768e-01
1.000000000000000000e+00
4.588657381711135352e-01
-2.753099978264468839e-01
5.307898973714472168e-01
1.000000000000000000e+00
8.895401565419795986e-01
-3.950350718950728091e-01
-1.127927352510427195e-01
-1.000000000000000000e+00
-5.075926054627276640e-01
2.311275372822071406e-01
-1.000000000000000000e+00
1.000000000000000000e+00
-1.000000000000000000e+00
-1.000000000000000000e+00
1.000000000000000000e+00
-1.000000000000000000e+00
5.585793325441510415e-01
-9.457416868051218284e-01
3.452694938682947523e-01
-6.706003912893354624e-01
-1.000000000000000000e+00
4.573441816615135824e-01
-1.000000000000000000e+00
1.000000000000000000e+00
1.000000000000000000e+00
-1.000000000000000000e+00
-1.000000000000000000e+00
9.996299631669897101e-01
-2.907981007974707044e-01
1.957208035643483168e-02
1.000000000000000000e+00
4.521325440765331383e-01
-1.000000000000000000e+00
1.000000000000000000e+00
9.568388762855503105e-01
-5.153045598295942220e-01
1.000000000000000000e+00
5.441756688143627452e-01
1.000000000000000000e+00
-1.000000000000000000e+00
1.000000000000000000e+00
1.000000000000000000e+00
2.728556452359005569e-01
1.005584029311771266e-01
1.000000000000000000e+00
-1.000000000000000000e+00
1.000000000000000000e+00
-1.000000000000000000e+00
-1.000000000000000000e+00
1.258143115815946178e-02
-1.000000000000000000e+00
-1.000000000000000000e+00
1.000000000000000000e+00
-1.000000000000000000e+00
1.000000000000000000e+00
-1.000000000000000000e+00
-5.855983056607694248e-02
1.000000000000000000e+00
1.000000000000000000e+00
1.000000000000000000e+00
1.000000000000000000e+00
1.000000000000000000e+00
1.000000000000000000e+00
-7.596031579076243379e-01
-1.000000000000000000e+00
-1.000000000000000000e+00
1.000000000000000000e+00
8.643612647481189182e-01
1.000000000000000000e+00
2.949277909193276370e-01
-1.000000000000000000e+00
-1.000000000000000000e+00
-1.000000000000000000e+00
1.000000000000000000e+00
1.000000000000000000e+00
-5.533935137443061203e-01
6.303096869840549843e-01
-1.000000000000000000e+00
1.000000000000000000e+00
9.863424331354577745e-01
-4.565011745255684872e-01
1.000000000000000000e+00
-1.000000000000000000e+00
6.062293307610782112e-01
1.000000000000000000e+00
7.725168045935126848e-02
-3.571107848145764763e-01
-9.902931546746068792e-02
1.000000000000000000e+00
-6.451617313844166812e-01
1.000000000000000000e+00
1.000000000000000000e+00
1.000000000000000000e+00
-1.000000000000000000e+00
-1.731577537500450514e-01
5.664038013576607744e-01
9.436600377895715264e-01
5.325881886068372095e-01
1.000000000000000000e+00
1.000000000000000000e+00
1.000000000000000000e+00
6.457569979955188888e-01
7.975162217987316060e-01
-1.000000000000000000e+00
4.905052688741474709e-01
-1.000000000000000000e+00
1.000000000000000000e+00
1.049253781217569514e-01
-1.000000000000000000e+00
8.079279589686422236e-01
-3.309361622207806497e-01
1.000000000000000000e+00
1.000000000000000000e+00
1.000000000000000000e+00
1.000000000000000000e+00
1.000000000000000000e+00
6.760539785607699859e-01
1.000000000000000000e+00
1.000000000000000000e+00
1.000000000000000000e+00
-1.905209709148135699e-01
-1.000000000000000000e+00
1.000000000000000000e+00
1.000000000000000000e+00
1.000000000000000000e+00
-9.712065581059577957e-01
1.000000000000000000e+00
-1.000000000000000000e+00
-2.209965488724279226e-01
4.431979150556593083e-01
-1.000000000000000000e+00
-2.425631005119614492e-01
4.350525231048961716e-01
9.166440728532562199e-01
-1.000000000000000000e+00
1.000000000000000000e+00
5.811326127019061927e-01
1.000000000000000000e+00
2.124139815988667079e-01
-1.000000000000000000e+00
-1.000000000000000000e+00
-7.764658045628642924e-01
-1.608744042371836047e-02
1.000000000000000000e+00
-1.000000000000000000e+00
1.000000000000000000e+00
3.460844831458494419e-01
3.970284294871273545e-02
-1.000000000000000000e+00
1.000000000000000000e+00
-1.000000000000000000e+00
1.000000000000000000e+00
-1.000000000000000000e+00
7.413636540636419081e-01
7.931081652821949657e-01
-1.997585593440108775e-01
6.511868412995471811e-01
6.951166238268979836e-01
-1.710396644299605473e-01
2.492990964204939985e-01
4.680999382929609820e-01
1.000000000000000000e+00
-1.000000000000000000e+00
-1.000000000000000000e+00
-1.000000000000000000e+00
-5.355564903208576144e-02
-1.000000000000000000e+00
-7.628217666023402455e-01
5.402716468900288227e-01
4.912480164358244972e-01
