2.519252631022957933e-01
-1.000000000000000000e+00
-3.867252718194102989e-01
-1.000000000000000000e+00
1.000000000000000000e+00
1.000000000000000000e+00
1.000000000000000000e+00
-1.000000000000000000e+00
-1.000000000000000000e+00
9.318838269773532801e-03
1.000000000000000000e+00
2.585627446487993031e-01
2.727439970103281985e-01
2.670031366499585612e-01
-1.000000000000000000e+00
-1.000000000000000000e+00
1.000000000000000000e+00
-5.553787504011411524e-01
-2.843742516400838971e-01
-1.000000000000000000e+00
1.000000000000000000e+00
1.000000000000000000e+00
-1.000000000000000000e+00
1.000000000000000000e+00
-2.758435924655996407e-01
-3.777015693261705498e-01
8.626528852876748088e-01
-1.000000000000000000e+00
-1.000000000000000000e+00
5.491361882540390926e-01
-1.000000000000000000e+00
4.842011364468964407e-01
7.830029133481133385e-01
-1.000000000000000000e+00
-1.000000000000000000e+00
1.000000000000000000e+00
4.635415134833105466e-02
-9.062841778931954861e-01
4.658092915198176476e-01
1.000000000000000000e+00
-1.000000000000000000e+00
1.000000000000000000e+00
-5.795351933598721361e-01
-5.720863237298300097e-02
-1.000000000000000000e+00
-1.000000000000000000e+00
1.000000000000000000e+00
4.793525153661838401e-01
-1.000000000000000000e+00
-1.000000000000000000e+00
-1.000000000000000000e+00
9.209801728194763060e-01
-9.379837239732174980e-01
9.611566351185629742e-01
-8.472912122547346936e-01
1.000000000000000000e+00
6.170432195267405717e-01
-1.000000000000000000e+00
4.599783700473131232e-01
1.000000000000000000e+00
5.940973347194140608e-01
-1.000000000000000000e+00
8.249634161089911544e-01
-1.000000000000000000e+00
1.000000000000000000e+00
1.000000000000000000e+00
7.903549317689223530e-01
1.000000000000000000e+00
-4.802776787773379574e-01
1.637260190400092741e-01
-1.000000000000000000e+00
9.539237182331361531e-02
-7.812177555944422869e-01
-5.444522268563963818e-01
-5.034513092082592012e-01
-1.000000000000000000e+00
-2.897194924188978282e-01
1.000000000000000000e+00
5.751775893035323550e-01
1.000000000000000000e+00
-4.800264605871447099e-01
-1.000000000000000000e+00
-1.000000000000000000e+00
-3.451205619508894706e-01
-1.000000000000000000e+00
-9.335714190134478674e-01
1.000000000000000000e+00
1.000000000000000000e+00
1.000000000000000000e+00
-1.000000000000000000e+00
2.211362944680785869e-01
-6.558945644988776191e-01
-1.000000000000000000e+00
-1.000000000000000000e+00
-8.466780277219376760e-01
1.000000000000000000e+00
1.000000000000000000e+00
1.000000000000000000e+00
-3.831209250325340321e-01
-8.567178692949781738e-01
-1.000000000000000000e+00
-1.000000000000000000e+00
5.543022836524695851e-01
1.000000000000000000e+00
-1.000000000000000000e+00
1.000000000000000000e+00
1.128166792464520007e-01
1.000000000000000000e+00
1.000000000000000000e+00
-1.000000000000000000e+00
1.000000000000000000e+00
7.128074915134303691e-01
-1.000000000000000000e+00
1.155546165351388210e-01
-6.584952907677854572e-01
3.864422800395407309e-01
-1.000000000000000000e+00
3.002905985541965972e-01
-1.000000000000000000e+00
4.335149827258999444e-01
-2.127822724418910738e-01
-5.766523026296913601e-01
6.347669250847685074e-01
-4.325191530508929461e-01
1.717398516161029454e-01
1.000000000000000000e+00
1.000000000000000000e+00
1.000000000000000000e+00
-1.000000000000000000e+00
-1.000000000000000000e+00
-8.807825786681157121e-01
1.000000000000000000e+00
3.073212547516233073e-01
-3.589279960376610124e-01
-6.453404750026314751e-01
-1.000000000000000000e+00
-3.769071974806029734e-01
1.000000000000000000e+00
-1.000000000000000000e+00
1.000000000000000000e+00
-1.000000000000000000e+00
8.326900189978282407e-01
-8.738344684792453965e-04
-1.000000000000000000e+00
-1.000000000000000000e+00
-1.000000000000000000e+00
-1.000000000000000000e+00
4.020436251512891079e-01
1.000000000000000000e+00
-4.280754835692601734e-02
8.464585932137200786e-01
1.000000000000000000e+00
-1.000000000000000000e+00
-2.056208656907548837e-01
7.431206113990614925e-01
-6.633260508865115312e-01
-3.037036752063844158e-01
8.635497760686563495e-01
-4.000068346686411758e-01
5.500296209717033813e-01
1.000000000000000000e+00
1.000000000000000000e+00
1.000000000000000000e+00
-4.338055647080021338e-01
-6.042358488008926498e-01
-1.000000000000000000e+00
1.000000000000000000e+00
-1.000000000000000000e+00
8.583956480273420286e-01
1.000000000000000000e+00
-1.000000000000000000e+00
-9.624489352728431424e-01
-1.000000000000000000e+00
-1.000000000000000000e+00
-3.409206930208613651e-01
-5.030920949234962691e-02
1.000000000000000000e+00
1.000000000000000000e+00
1.000000000000000000e+00
1.000000000000000000e+00
3.383181029087312108e-01
1.000000000000000000e+00
1.000000000000000000e+00
1.000000000000000000e+00
-1.000000000000000000e+00
1.000000000000000000e+00
1.000000000000000000e+00
-1.000000000000000000e+00
-8.569607070345591771e-02
8.499937011114937491e-01
1.000000000000000000e+00
-1.000000000000000000e+00
1.000000000000000000e+00
7.219557762999810890e-01
-8.753056061892539041e-01
1.000000000000000000e+00
-1.000000000000000000e+00
-2.765020797085601667e-02
-1.000000000000000000e+00
-6.997632510487252766e-01
1.000000000000000000e+00
6.104637390307021683e-02
-2.534623043631683004e-01
-1.000000000000000000e+00
-3.021303803272734623e-01
1.000000000000000000e+00
-2.992438655031925965e-01
-1.000000000000000000e+00
-1.000000000000000000e+00
1.000000000000000000e+00
3.705578996405591852e-01
-5.049447620669471615e-01
1.000000000000000000e+00
8.921998072574865990e-01
-1.000000000000000000e+00
9.360562396154398224e-01
1.000000000000000000e+00
1.000000000000000000e+00
-1.598554048344135170e-01
-1.000000000000000000e+00
-2.628497113219590009e-01
-5.741446903343846442e-01
-7.992967122030963933e-01
5.357324087479515828e-01
-1.000000000000000000e+00
-1.000000000000000000e+00
1.000000000000000000e+00
-1.000000000000000000e+00
7.351909120062802838e-01
-1.000000000000000000e+00
7.043782071491901942e-01
-9.317073751223947653e-01
1.000000000000000000e+00
-1.000000000000000000e+00
6.748035758847655829e-01
-1.000000000000000000e+00
1.000000000000000000e+00
5.217629216331370889e-01
3.173798001379005695e-01
-9.201531006357809017e-02
-2.490191961906187412e-01
-1.000000000000000000e+00
1.000000000000000000e+00
7.594950961024428127e-01
1.000000000000000000e+00
6.780668338922152261e-02
1.000000000000000000e+00
-8.641938022489490390e-01
1.625212847233215019e-01
1.000000000000000000e+00
-1.000000000000000000e+00
-1.000000000000000000e+00
-1.000000000000000000e+00
-1.000000000000000000e+00
-1.000000000000000000e+00
-3.297768540061924991e-01
1.000000000000000000e+00
1.000000000000000000e+00
8.028079100639112786e-01
1.000000000000000000e+00
-1.000000000000000000e+00
2.768144544031134746e-01
-8.993496143501622520e-02
-8.194781888901967459e-01
-1.000000000000000000e+00
