-7.994253487566203020e-01
1.307261031251649719e-02
7.932355415907250684e-01
-1.820880070276704732e-01
2.884645007195025812e-01
-5.987077242016913825e-01
-2.472638721986020194e-02
4.795435896961763866e-01
-9.528273491642336168e-01
3.495379033238892319e-01
3.766234537822594763e-01
5.245219125159243934e-01
9.822665167169972733e-01
5.411003409587282764e-01
4.968598242576118817e-01
3.733863108009871645e-02
-9.000066494528522476e-01
7.151415711742037384e-01
3.779097153245394303e-01
-6.881555325873616180e-01
-7.910949117901888705e-01
-6.782395399492222587e-01
2.972009676606799378e-01
5.517109562190494199e-01
-2.819285372620994323e-03
1.613762721268907629e-01
9.619022499592044806e-01
-3.869628893657282021e-01
9.277578578927199171e-01
-8.442031578335971176e-01
4.366574427052416496e-02
-5.260308492286649429e-01
1.102549995685664364e-01
-4.823753751194401751e-01
3.419073814699904457e-01
-8.342162104349002405e-01
4.797013536070775519e-01
9.248709949832258914e-01
-4.753243802659858908e-01
-3.449133768378778164e-01
2.000699050359298070e-01
-8.933600818429368040e-01
9.703663065671572774e-01
3.620445070388196296e-01
-4.724398606597817185e-01
1.625954859302132238e-01
4.893512657620089357e-01
-1.249766967869037071e-01
2.170760015224793005e-01
1.836367391029272156e-01
-2.091795766314155092e-01
-6.710730345092594806e-01
7.625379701151366874e-01
3.391339156472861216e-01
4.212961766067149227e-01
-1.371077876433219878e-01
7.213914438460491407e-01
7.732629481081487732e-01
7.282464052694854750e-01
-4.266365021293627713e-01
8.852250371535119733e-02
2.583531891885046949e-01
-7.176401470495969992e-01
-6.593093532853910865e-02
-6.882764731504891209e-01
-2.051281143309091615e-01
1.648869947171340833e-01
-5.544164136260800735e-01
-7.902742040016454972e-01
4.357076385251859030e-01
-5.115678282886615413e-01
-7.166758713204210984e-01
-6.736280219949879466e-01
1.077055524347523274e-01
5.532791669862211492e-01
-1.693655217653382561e-01
-1.096199851343286902e-01
4.171233984162827646e-01
-7.789429039635922258e-01
7.938242900783427647e-01
-8.732190646597779438e-01
1.628962216243350358e-01
-3.150641454976206290e-01
-8.287466765991822193e-01
2.026183193817188144e-01
5.840833774377920395e-01
-5.044820430649152865e-01
-8.782163276378947003e-01
-3.198273351706588663e-01
7.665055584491755614e-01
9.799450287756070743e-01
-3.606067477862302528e-01
7.764044567438501687e-01
-6.177150567640388168e-02
-5.760967529217220218e-01
2.507377990460479822e-02
-6.764873330425920095e-01
-1.192320520977332432e-01
-4.367596382575087421e-01
-1.651179183792532701e-01
4.370404080174496997e-01
1.267897798181130131e-01
3.580043816148286151e-01
6.998685138726510324e-01
-3.286613100832194156e-01
-2.702776199188197115e-01
8.772143141107120456e-01
8.849168157777587140e-03
3.192062946035669757e-01
3.702432642213000502e-01
-7.522233673245879437e-01
-4.029024916593515471e-03
6.539589446340912104e-01
6.117752692273481507e-01
-4.872202424854965574e-01
6.511904023498784611e-01
9.975178100461352670e-01
-5.851105611375777560e-01
-7.636946167894684834e-01
-4.714357050101818380e-01
-2.400733142333200121e-02
8.600906504810765796e-01
9.192188423651213025e-01
-4.573379740079386302e-01
-1.580413082142091419e-01
7.551056261689836901e-01
4.928571203285345703e-01
1.771377751791691768e-01
-3.025456118608493838e-02
-5.097050410007082366e-01
-1.873443485021910604e-01
6.397723416811353925e-01
8.165752922444238227e-01
-2.064545013975884746e-01
-4.705252918958759967e-01
3.738824608293533913e-01
-5.857120738992505071e-01
-4.772071188810820264e-01
7.513548932444382711e-01
2.432212741287043123e-02
9.646264625889917621e-01
8.209779170355540057e-01
-2.767128919253585284e-01
5.958116474136725405e-01
-1.157455555188418028e-01
9.797202976188135182e-03
-9.428551415097858879e-01
7.133465748922687144e-01
-2.546132353076633326e-01
-5.639526515712036669e-01
-7.394861346151595516e-01
4.717002129035776647e-01
-9.460762646356177807e-01
9.652014123130370216e-01
-9.129764520476537637e-01
-5.368961926447071153e-01
-8.715646374608407854e-01
2.258714084929280830e-03
2.317126412704315630e-01
-2.150054713534066408e-01
1.292936862332096926e-01
2.062812546789847268e-01
-7.662163540089317326e-01
7.257580592337342651e-01
7.845245300741039429e-01
4.000733985617845878e-01
-8.259644071406859744e-01
-8.975900520253710102e-01
1.656736719023994553e-01
6.480174103453695267e-02
-1.066683955460057120e-02
-7.084623136220069561e-01
1.825620999909154385e-01
-6.875043379772207697e-01
-4.365018543020824371e-01
1.270338210093504561e-01
-2.988431956388235555e-01
1.135495757491415958e-01
-2.806623979210343123e-02
5.131670693465184563e-01
-2.172227263844146439e-01
4.244969940476668313e-01
-1.093080906144376918e-01
-5.189509815411283977e-01
-2.430494043329654019e-01
3.285577521205620410e-01
5.996765356524837998e-01
5.860335304866031159e-01
-5.843344980698383928e-01
-8.072069707008155959e-02
-6.244223491349329969e-01
8.822780241871175377e-02
-1.291517163585798045e-02
-1.092103937554862458e-01
-1.332756029349206894e-01
-7.351410849998829544e-01
-8.433465824977199876e-01
-9.026526008275514990e-01
-2.422145372618129677e-01
-9.400345840159984867e-01
8.912044594055390512e-02
-7.395259834827114798e-01
2.278531975544191290e-01
-3.380876731500657151e-01
2.746658611630548030e-02
-1.766098619706488737e-01
-4.800507212523996703e-01
4.014311427228141049e-01
-3.460298086888971003e-01
8.152290522827265740e-01
-3.536287081047551073e-01
7.815360074010735403e-03
9.161189016251736206e-02
9.593149638228994913e-01
8.115376596332408710e-01
2.347823100956218934e-01
-6.843922656438699015e-01
-7.351450559363126303e-02
-7.664220133901054055e-01
8.998211453463607068e-01
9.992600958272406242e-01
2.624726732901800919e-01
9.127814475462623367e-01
3.171552568151112528e-01
-8.731510229980601334e-01
1.136168898049141340e-01
-9.131425248310176546e-01
6.572295253666218251e-01
-8.804165907986012396e-01
-6.493969647991335581e-01
1.818849458846543143e-01
9.440676438621355970e-01
2.669053869978637028e-01
3.598499726813386701e-01
-5.506899541269489884e-01
1.548359577191096292e-01
5.881692990728590864e-01
3.328695047984500111e-01
2.436887814337971303e-01
2.016340276305095269e-01
-2.287352357415972648e-01
8.903484703303414793e-01
8.861490891331846864e-01
-4.408087594236298479e-01
6.818623285782283716e-01
-2.835292383169973895e-02
-8.623701744336176311e-01
2.173828360055329867e-01
7.402660210911689020e-01
4.776056539448445548e-01
-3.826976964681894078e-01
2.686684281066444857e-01
2.707394513825374105e-01
-9.564261952601575967e-01
-5.264751032908636663e-01
-1.877181624870138954e-02
-4.077141639168089249e-01
-7.767449118441334122e-01
-7.861729097163567825e-01
2.624807695381912165e-01
-8.729413017428209187e-01
-9.210897529274473250e-01
7.303337175480342225e-01
6.692498428539472854e-03
8.325564983069480007e-01
