-7.094983987144088955e-01
7.956177364940435481e-01
3.652851645660092350e-01
6.882783322580383611e-01
-1.000000000000000000e+00
-8.132386543179478400e-01
-7.356857301516358527e-01
1.000000000000000000e+00
-1.000000000000000000e+00
1.045398046650007351e-01
-1.000000000000000000e+00
-1.000000000000000000e+00
-1.094554010303044889e-01
2.271756579230612694e-01
-8.938451362177575188e-01
-1.000000000000000000e+00
-1.000000000000000000e+00
-1.000000000000000000e+00
-5.571897675970103325e-01
3.995154710048036129e-01
-1.000000000000000000e+00
-1.120123078498244107e-01
8.998952872253725976e-01
1.000000000000000000e+00
-3.582620190112169034e-01
8.569197910161310272e-01
6.032765563515196661e-02
-3.728927258162059166e-01
-7.021787721500349910e-01
1.000000000000000000e+00
-5.385251354866064100e-01
4.968108366338477300e-01
-1.000000000000000000e+00
-9.523606404581068663e-01
-8.823245306532556675e-02
-9.076448107575301183e-01
-2.247242591971083669e-01
-8.559819974361970729e-02
-1.000000000000000000e+00
-1.000000000000000000e+00
4.815490740037715600e-01
-8.779913216047359192e-01
-9.781724899902670689e-01
4.644115860917452654e-02
-1.275028148643878034e-01
-4.420962021377350393e-01
6.284391401682754008e-02
-1.000000000000000000e+00
-8.121380047940833791e-01
-9.543350484586330396e-01
-1.000000000000000000e+00
5.052339108577655891e-01
1.133050187785442087e-01
-5.944544406500460454e-01
-6.576359598094154713e-01
2.977386468705340850e-01
-1.000000000000000000e+00
-9.233722451989985203e-01
5.467618293367111360e-01
-4.488632944831439930e-01
-1.000000000000000000e+00
-1.000000000000000000e+00
7.074574051017410437e-01
-7.867297531143836453e-01
3.096977374964675622e-01
-7.377447349864096893e-02
-1.000000000000000000e+00
-4.910460960291689325e-01
-1.000000000000000000e+00
7.805602389979704459e-01
9.350905940795730675e-01
-1.000000000000000000e+00
5.535770212255151090e-01
-1.742909130824310537e-01
1.736072626584737044e-01
1.000000000000000000e+00
5.541408123006468234e-01
-1.350059882081670048e-01
-1.346424165713993037e-01
-3.112858034145533637e-01
1.000000000000000000e+00
7.213823286010854208e-01
-1.000000000000000000e+00
1.000000000000000000e+00
5.128342564953586313e-01
7.459290571218619714e-01
-8.740614678474412091e-01
1.525357407475461946e-01
3.179044029859763310e-01
-9.490859039094949878e-01
2.065926235866606675e-02
7.595226674552280066e-01
1.000000000000000000e+00
-1.000000000000000000e+00
-2.929367619358628216e-01
1.340718139886977189e-01
2.696239077730679945e-01
7.580694293256623473e-01
2.492385111861347702e-01
-1.000000000000000000e+00
-9.700247020099459494e-01
9.061533144760793856e-01
-2.336275637802331939e-01
-1.000000000000000000e+00
-1.000000000000000000e+00
-1.000000000000000000e+00
-1.000000000000000000e+00
1.846380021573618135e-01
6.139813142068095697e-02
4.172881982679819135e-01
1.169988050634769294e-01
-8.120227048237955714e-01
2.747255466592171680e-01
-1.000000000000000000e+00
-2.725590215184993115e-01
4.513693505038935960e-01
-1.000000000000000000e+00
5.242373227801966351e-01
7.330681224004242935e-01
-4.923386502059245995e-02
8.841328697901318368e-02
-7.152767432626991884e-01
8.957817073492466697e-01
-9.999248750333291635e-01
1.000000000000000000e+00
-1.000000000000000000e+00
2.555832044685923954e-01
1.000000000000000000e+00
1.000000000000000000e+00
1.648492483382435481e-01
-1.000000000000000000e+00
1.000000000000000000e+00
1.000000000000000000e+00
-1.610837674465892544e-01
-1.000000000000000000e+00
-6.386158955962164541e-01
1.000000000000000000e+00
-4.519687438554198522e-02
-5.966623435694125011e-01
-2.377390503992622417e-01
4.800141116040343436e-01
1.112739255156571794e-01
-3.262098238321715638e-01
8.410375742630109563e-01
-1.000000000000000000e+00
-2.213516101486068255e-02
7.997773968249233256e-02
1.000000000000000000e+00
-1.156120247400030943e-01
3.042492024719340993e-01
1.000000000000000000e+00
-1.000000000000000000e+00
1.000000000000000000e+00
-1.000000000000000000e+00
-1.690680592658404535e-01
-1.000000000000000000e+00
6.657354759345528450e-01
-1.887379649390619196e-01
-5.434628231190168357e-01
2.797074850115414124e-01
2.376249855608604522e-02
-6.689354794435005136e-01
-7.918160287812414655e-01
-9.678743803746276964e-01
6.153089287851551958e-01
-1.000000000000000000e+00
1.000000000000000000e+00
-1.000000000000000000e+00
6.824822700023701616e-01
1.000000000000000000e+00
6.784444347708743495e-01
4.712409302295175184e-01
1.000000000000000000e+00
-1.000000000000000000e+00
-1.000000000000000000e+00
2.600663421197828007e-01
-1.000000000000000000e+00
8.033156646214933971e-02
1.000000000000000000e+00
-7.636223920598501635e-01
1.021366460214045979e-01
-7.755517211417916057e-01
4.054350042939121046e-01
-3.535610893613643224e-01
-8.099052948437330812e-01
-1.000000000000000000e+00
1.000000000000000000e+00
7.818099154081854518e-01
1.000000000000000000e+00
1.000000000000000000e+00
1.000000000000000000e+00
2.832158608844221465e-02
1.000000000000000000e+00
-5.822541469127151537e-01
7.684684776402510575e-01
-1.000000000000000000e+00
-3.616501288510347578e-01
9.621660217327181464e-01
-5.927165837964873951e-01
4.044093618234885223e-01
6.517424963073757960e-01
-1.000000000000000000e+00
-2.567952202959575825e-01
7.448792323661607151e-01
-4.956363955721157510e-01
-4.819095226224716644e-01
4.355909768797661119e-01
7.536297213656802940e-01
1.000000000000000000e+00
1.000000000000000000e+00
-1.549645233964922486e-01
1.000000000000000000e+00
-1.267526312729133631e-01
1.000000000000000000e+00
5.243168459963181149e-01
6.483165805575409335e-01
6.826622399928061746e-01
8.294801096714305988e-01
-9.527861572806799462e-01
8.550850968000729413e-01
1.000000000000000000e+00
-6.784468440269100231e-01
6.521615821998315576e-01
1.910666925633415225e-01
1.000000000000000000e+00
2.221662267395492218e-01
-5.445693644059128591e-01
2.967173038572590293e-01
9.968509532926539407e-01
3.641169657886380584e-01
1.000000000000000000e+00
9.505593724956892254e-01
1.000000000000000000e+00
-4.283969094594231031e-02
7.649297593491526381e-01
-7.894439474757308783e-01
-9.921079907117859031e-01
-4.807544783505401931e-02
-3.191687067170828618e-01
1.000000000000000000e+00
9.402412210732120634e-01
4.398890864715113702e-01
2.082966215075391370e-01
8.046718934881341712e-01
-6.177560192951461193e-01
-9.860369788090725951e-01
1.000000000000000000e+00
-7.020978985642629677e-01
9.894751044541583163e-02
-7.345966658898273050e-01
-9.253995747560019858e-01
3.572519092226458248e-01
2.899900897837315306e-01
1.000000000000000000e+00
-6.679310422746322917e-01
-1.000000000000000000e+00
1.302180891401526486e-01
-4.774941743820044771e-01
1.000000000000000000e+00
8.283833664661219842e-01
-1.157341131361355746e-01
7.604530230422859027e-01
-1.000000000000000000e+00
1.000000000000000000e+00
-7.041077823361028276e-01
