-7.913014567477905103e-01
-1.000000000000000000e+00
1.004734764779902367e-01
-3.696440669999658812e-01
1.000000000000000000e+00
1.000000000000000000e+00
1.000000000000000000e+00
1.000000000000000000e+00
-1.000000000000000000e+00
-1.000000000000000000e+00
1.000000000000000000e+00
6.950520885957650608e-01
1.000000000000000000e+00
1.000000000000000000e+00
1.000000000000000000e+00
-1.703300577657959891e-01
-1.000000000000000000e+00
1.000000000000000000e+00
1.000000000000000000e+00
-1.000000000000000000e+00
1.000000000000000000e+00
-1.000000000000000000e+00
1.625595181746973816e-01
1.000000000000000000e+00
-1.000000000000000000e+00
-1.000000000000000000e+00
-1.000000000000000000e+00
1.000000000000000000e+00
1.000000000000000000e+00
1.000000000000000000e+00
-1.000000000000000000e+00
1.000000000000000000e+00
-6.117164274428896764e-01
2.345400549608047669e-01
-1.000000000000000000e+00
8.528090815049566009e-01
-1.000000000000000000e+00
-1.000000000000000000e+00
1.000000000000000000e+00
-1.000000000000000000e+00
-1.000000000000000000e+00
1.000000000000000000e+00
1.000000000000000000e+00
1.000000000000000000e+00
1.000000000000000000e+00
1.535281731500248714e-01
1.000000000000000000e+00
1.000000000000000000e+00
-1.000000000000000000e+00
-1.551196358337511017e-01
1.000000000000000000e+00
1.000000000000000000e+00
-9.709500412485205789e-01
-1.000000000000000000e+00
1.000000000000000000e+00
1.000000000000000000e+00
-6.955758932184372689e-01
1.000000000000000000e+00
-9.587372329646854929e-01
1.000000000000000000e+00
1.000000000000000000e+00
1.000000000000000000e+00
-1.000000000000000000e+00
-1.000000000000000000e+00
-1.000000000000000000e+00
-1.000000000000000000e+00
1.000000000000000000e+00
1.000000000000000000e+00
4.441607148917889325e-02
9.687783615169680562e-01
-1.000000000000000000e+00
-1.000000000000000000e+00
-1.000000000000000000e+00
1.000000000000000000e+00
-2.396978061236825219e-01
-4.518776652643277103e-01
-1.000000000000000000e+00
-7.875326459447272720e-01
-6.048017928087028316e-01
-1.000000000000000000e+00
4.218594173931717872e-01
-1.000000000000000000e+00
5.549006648148749887e-01
1.000000000000000000e+00
1.000000000000000000e+00
5.507522746514381673e-01
-1.000000000000000000e+00
-1.000000000000000000e+00
-1.000000000000000000e+00
1.000000000000000000e+00
1.000000000000000000e+00
1.000000000000000000e+00
1.000000000000000000e+00
1.000000000000000000e+00
-1.000000000000000000e+00
-6.697127725847851210e-03
-1.752793313476244119e-01
-1.000000000000000000e+00
3.024897663311081342e-01
-5.271022211859495155e-01
1.000000000000000000e+00
-1.000000000000000000e+00
1.000000000000000000e+00
-1.000000000000000000e+00
-1.000000000000000000e+00
3.679642754672796112e-02
1.000000000000000000e+00
-5.729753546598700953e-02
8.096373680112420868e-01
1.000000000000000000e+00
1.000000000000000000e+00
1.000000000000000000e+00
-1.000000000000000000e+00
-9.200422181349523498e-01
-2.902546902032999698e-01
1.000000000000000000e+00
-7.545372389858143736e-01
-1.000000000000000000e+00
1.000000000000000000e+00
4.839972835292549735e-01
-1.000000000000000000e+00
-7.705509836151062109e-01
8.306351044124465899e-01
1.000000000000000000e+00
2.285885665671967271e-01
-1.000000000000000000e+00
-1.000000000000000000e+00
8.176299496750968343e-01
-1.000000000000000000e+00
-1.551880036440391741e-01
-1.000000000000000000e+00
-1.000000000000000000e+00
4.894409705652195963e-02
-1.000000000000000000e+00
-1.000000000000000000e+00
-1.700257148478141467e-01
1.000000000000000000e+00
3.357181733848413341e-01
-1.000000000000000000e+00
-1.000000000000000000e+00
-6.038910149663592186e-01
-1.000000000000000000e+00
-1.000000000000000000e+00
-4.652573392380432438e-01
-9.984089716178740082e-02
-1.000000000000000000e+00
1.000000000000000000e+00
-1.000000000000000000e+00
3.871212080340127315e-01
-1.000000000000000000e+00
-1.000000000000000000e+00
1.000000000000000000e+00
-1.000000000000000000e+00
-1.000000000000000000e+00
-1.000000000000000000e+00
-3.117828359674329475e-01
9.277814509485227124e-03
-1.794999796612022358e-01
-1.000000000000000000e+00
5.149705038196995543e-01
1.000000000000000000e+00
1.000000000000000000e+00
7.814015614091867068e-01
-6.957937686031219204e-01
1.234551020659052645e-02
-5.612413696328053536e-01
4.400789123829553784e-01
1.000000000000000000e+00
-5.811043475938006964e-01
-4.302244140427280428e-01
-1.000000000000000000e+00
3.564180286552920962e-01
1.000000000000000000e+00
1.000000000000000000e+00
-3.812036709986785787e-01
1.000000000000000000e+00
4.345303526993496424e-01
1.000000000000000000e+00
-1.000000000000000000e+00
-1.000000000000000000e+00
1.000000000000000000e+00
-5.355177791622436345e-01
1.000000000000000000e+00
-9.881228524069725072e-01
1.000000000000000000e+00
1.000000000000000000e+00
6.722124820480890328e-01
-8.681786966149096507e-02
-1.000000000000000000e+00
-8.211984650943612296e-01
1.000000000000000000e+00
1.000000000000000000e+00
-1.000000000000000000e+00
-1.000000000000000000e+00
-1.000000000000000000e+00
-1.000000000000000000e+00
8.968066646390966401e-01
-1.000000000000000000e+00
7.553870917850256106e-01
3.571005678375400727e-01
1.000000000000000000e+00
1.000000000000000000e+00
-1.000000000000000000e+00
-7.007635882503027158e-01
-3.264667830359040401e-01
1.000000000000000000e+00
-2.993321237781523259e-01
1.000000000000000000e+00
1.000000000000000000e+00
-1.000000000000000000e+00
1.000000000000000000e+00
-3.452040448064723765e-01
9.496266165585285357e-01
-1.000000000000000000e+00
1.000000000000000000e+00
6.943649936036624393e-01
-1.000000000000000000e+00
2.063599158135199507e-01
1.000000000000000000e+00
7.588523080141343913e-01
-1.000000000000000000e+00
-1.000000000000000000e+00
3.884919273134692652e-01
1.000000000000000000e+00
-1.000000000000000000e+00
-4.035287097858165639e-01
1.000000000000000000e+00
-1.000000000000000000e+00
-1.000000000000000000e+00
-1.000000000000000000e+00
1.000000000000000000e+00
-1.000000000000000000e+00
-1.000000000000000000e+00
1.000000000000000000e+00
-1.000000000000000000e+00
1.000000000000000000e+00
1.000000000000000000e+00
1.000000000000000000e+00
5.450759734080024010e-01
1.000000000000000000e+00
-1.000000000000000000e+00
2.982086399948053468e-01
-6.469504920006443616e-01
8.546992462917379907e-01
-1.000000000000000000e+00
-9.570711969119656271e-01
1.000000000000000000e+00
1.000000000000000000e+00
5.973790280951755127e-01
-1.000000000000000000e+00
-7.462495718314660076e-01
-1.000000000000000000e+00
-1.000000000000000000e+00
1.000000000000000000e+00
1.000000000000000000e+00
1.000000000000000000e+00
-1.000000000000000000e+00
-1.000000000000000000e+00
-1.000000000000000000e+00
-1.000000000000000000e+00
-1.000000000000000000e+00
-4.008103215111784579e-01
1.000000000000000000e+00
1.000000000000000000e+00
5.171588922468033367e-01
