-1.000000000000000000e+00
-1.000000000000000000e+00
8.190711061124444914e-01
-1.000000000000000000e+00
-7.765439305312393792e-01
1.000000000000000000e+00
-1.000000000000000000e+00
-1.000000000000000000e+00
1.000000000000000000e+00
1.000000000000000000e+00
1.000000000000000000e+00
-1.000000000000000000e+00
1.000000000000000000e+00
1.000000000000000000e+00
9.905277301492576569e-01
-1.000000000000000000e+00
-1.000000000000000000e+00
7.543730631921735652e-01
-1.000000000000000000e+00
-5.148535465282646495e-01
-1.000000000000000000e+00
-1.000000000000000000e+00
-1.000000000000000000e+00
-3.960171195284428181e-01
1.000000000000000000e+00
-1.000000000000000000e+00
1.000000000000000000e+00
-1.000000000000000000e+00
-1.000000000000000000e+00
-1.000000000000000000e+00
1.000000000000000000e+00
-1.000000000000000000e+00
-1.000000000000000000e+00
1.000000000000000000e+00
-1.000000000000000000e+00
1.000000000000000000e+00
-1.000000000000000000e+00
8.581602139937140050e-01
-1.000000000000000000e+00
-1.000000000000000000e+00
1.000000000000000000e+00
-1.000000000000000000e+00
1.000000000000000000e+00
-1.000000000000000000e+00
-1.000000000000000000e+00
1.000000000000000000e+00
1.000000000000000000e+00
-1.000000000000000000e+00
1.000000000000000000e+00
-1.000000000000000000e+00
1.000000000000000000e+00
-1.000000000000000000e+00
-1.000000000000000000e+00
-8.275364862350270689e-01
-1.000000000000000000e+00
-4.114350237066766169e-02
1.000000000000000000e+00
1.000000000000000000e+00
-2.300238626449088164e-01
-1.000000000000000000e+00
1.000000000000000000e+00
-1.665240282950208872e-02
-6.997018237851282407e-02
-1.000000000000000000e+00
1.000000000000000000e+00
-6.081892460909450460e-01
8.151341373723514083e-01
1.000000000000000000e+00
1.000000000000000000e+00
1.000000000000000000e+00
-1.000000000000000000e+00
1.000000000000000000e+00
7.417325415678607259e-01
1.000000000000000000e+00
1.000000000000000000e+00
3.693106791105951192e-01
2.650853447563956689e-01
1.000000000000000000e+00
-1.000000000000000000e+00
-7.145808361682248755e-02
1.000000000000000000e+00
1.000000000000000000e+00
-1.000000000000000000e+00
-1.000000000000000000e+00
1.000000000000000000e+00
1.000000000000000000e+00
9.566377364584438547e-02
-8.531239616827335226e-03
1.000000000000000000e+00
1.000000000000000000e+00
1.000000000000000000e+00
1.915914785891756900e-01
-1.000000000000000000e+00
-1.000000000000000000e+00
1.000000000000000000e+00
2.791084372637309130e-01
-1.000000000000000000e+00
-1.000000000000000000e+00
-1.000000000000000000e+00
-1.000000000000000000e+00
-1.000000000000000000e+00
1.000000000000000000e+00
1.570765413678207878e-01
-1.000000000000000000e+00
-4.787032961708304057e-01
1.000000000000000000e+00
-6.334558505998791889e-01
-1.000000000000000000e+00
5.568835070760758121e-01
4.377171120356733724e-01
-7.969273576483313359e-01
4.392934815686548866e-01
-1.000000000000000000e+00
-9.798576252774096051e-01
1.000000000000000000e+00
-1.000000000000000000e+00
-1.000000000000000000e+00
1.000000000000000000e+00
-5.293621322626267389e-01
-1.000000000000000000e+00
1.000000000000000000e+00
-1.000000000000000000e+00
-1.000000000000000000e+00
1.000000000000000000e+00
1.000000000000000000e+00
-1.000000000000000000e+00
2.269313537346060172e-01
1.000000000000000000e+00
3.672260593762748382e-01
-2.088988427321381014e-01
1.000000000000000000e+00
-1.000000000000000000e+00
-4.194769968193883813e-01
7.161423701528253360e-01
-1.000000000000000000e+00
-1.000000000000000000e+00
1.000000000000000000e+00
-1.000000000000000000e+00
1.000000000000000000e+00
-2.047542945946729809e-01
-1.000000000000000000e+00
1.000000000000000000e+00
-1.000000000000000000e+00
-1.000000000000000000e+00
7.724595616243802310e-01
1.000000000000000000e+00
-1.000000000000000000e+00
1.000000000000000000e+00
7.937639636007914890e-01
1.000000000000000000e+00
-7.683267898553670650e-01
1.645656125059764552e-01
1.923736861107302465e-01
-1.000000000000000000e+00
1.000000000000000000e+00
-1.000000000000000000e+00
1.000000000000000000e+00
1.000000000000000000e+00
1.000000000000000000e+00
-1.000000000000000000e+00
-1.000000000000000000e+00
-6.739147912201821633e-01
-1.000000000000000000e+00
-1.000000000000000000e+00
-1.000000000000000000e+00
1.000000000000000000e+00
1.000000000000000000e+00
-1.000000000000000000e+00
7.449890700995713821e-01
1.000000000000000000e+00
-4.359512931829830351e-01
-1.000000000000000000e+00
1.000000000000000000e+00
1.000000000000000000e+00
-1.000000000000000000e+00
1.000000000000000000e+00
1.000000000000000000e+00
1.000000000000000000e+00
-1.000000000000000000e+00
-1.000000000000000000e+00
1.000000000000000000e+00
-1.000000000000000000e+00
-1.000000000000000000e+00
-1.000000000000000000e+00
-2.093230072452800794e-01
1.000000000000000000e+00
-1.000000000000000000e+00
-1.000000000000000000e+00
-7.269836254564008282e-01
1.000000000000000000e+00
5.153382748473795960e-01
-1.000000000000000000e+00
-1.000000000000000000e+00
1.000000000000000000e+00
-1.000000000000000000e+00
1.000000000000000000e+00
-1.000000000000000000e+00
-3.742183380575286877e-01
-1.000000000000000000e+00
-1.000000000000000000e+00
-1.000000000000000000e+00
-9.865115394919082847e-01
1.000000000000000000e+00
2.157447278918667166e-01
1.000000000000000000e+00
-1.000000000000000000e+00
-3.665883283222970412e-01
-2.609674302216465902e-01
8.397402881709058464e-01
-1.000000000000000000e+00
1.000000000000000000e+00
1.000000000000000000e+00
1.000000000000000000e+00
1.000000000000000000e+00
3.031818400584307405e-01
-3.548826754654563764e-01
-1.000000000000000000e+00
3.021311450861373649e-01
-1.000000000000000000e+00
9.260254582808200574e-01
1.000000000000000000e+00
1.000000000000000000e+00
1.000000000000000000e+00
-6.240194280652751058e-01
1.000000000000000000e+00
-1.000000000000000000e+00
1.000000000000000000e+00
1.000000000000000000e+00
6.729365817949048978e-01
1.000000000000000000e+00
-1.000000000000000000e+00
-1.000000000000000000e+00
-1.000000000000000000e+00
1.000000000000000000e+00
1.000000000000000000e+00
-1.000000000000000000e+00
-5.232308137978797236e-01
-4.664227591101264281e-01
7.083161789966374577e-01
1.871389289310160797e-01
-1.000000000000000000e+00
2.106344477965826911e-02
-1.000000000000000000e+00
1.000000000000000000e+00
7.858335570351540067e-01
1.000000000000000000e+00
-1.000000000000000000e+00
6.292675319185814242e-01
-1.000000000000000000e+00
1.000000000000000000e+00
1.000000000000000000e+00
-5.957043833857207371e-01
1.113219904199472809e-01
1.000000000000000000e+00
-1.000000000000000000e+00
-1.000000000000000000e+00
-1.000000000000000000e+00
1.000000000000000000e+00
-1.000000000000000000e+00
1.000000000000000000e+00
-1.000000000000000000e+00
1.000000000000000000e+00
-6.932622007458608682e-01
8.456003804063942919e-01
1.000000000000000000e+00
