-2.115973303022187224e-01
1.000000000000000000e+00
-1.000000000000000000e+00
-1.000000000000000000e+00
1.000000000000000000e+00
-6.233643546047644701e-01
-1.000000000000000000e+00
3.988762137955772502e-01
1.000000000000000000e+00
-1.000000000000000000e+00
-1.000000000000000000e+00
-1.000000000000000000e+00
1.000000000000000000e+00
1.000000000000000000e+00
1.741995490794462365e-01
-8.591945390382027536e-01
1.000000000000000000e+00
1.000000000000000000e+00
-1.000000000000000000e+00
1.206726853764732432e-01
1.000000000000000000e+00
-3.262946355634239737e-01
1.000000000000000000e+00
-7.939530475634768436e-01
3.944894474980320531e-02
-1.000000000000000000e+00
-3.578645139612575132e-01
-9.836503541530856598e-01
-1.000000000000000000e+00
-1.647619808733526980e-01
-1.000000000000000000e+00
1.000000000000000000e+00
-1.000000000000000000e+00
-1.222309249906980977e-01
-1.000000000000000000e+00
-1.000000000000000000e+00
9.042580823973132009e-01
1.000000000000000000e+00
1.000000000000000000e+00
1.627199286462268635e-01
7.467146393267836135e-01
-1.412945071801001706e-01
-1.000000000000000000e+00
-1.574573684988750943e-01
2.037939219997311480e-01
-8.001215308606521859e-01
-4.300193467216992804e-01
6.776788688729928900e-02
7.502959069819572502e-01
-7.889116450177424689e-02
-1.000000000000000000e+00
1.000000000000000000e+00
1.000000000000000000e+00
-1.000000000000000000e+00
-1.000000000000000000e+00
-6.279565330129044387e-02
-6.119216100603579456e-01
1.000000000000000000e+00
6.231709989097524716e-01
1.000000000000000000e+00
1.000000000000000000e+00
-4.140587527391779710e-01
-4.508559696149180285e-01
-1.000000000000000000e+00
-8.734947645950292827e-01
1.000000000000000000e+00
1.649970956379774867e-01
-1.000000000000000000e+00
-2.028716954291187591e-03
7.967606564955209691e-02
-1.000000000000000000e+00
2.299407706362925907e-01
1.000000000000000000e+00
-6.472291331654806967e-01
2.322191421725489091e-01
1.000000000000000000e+00
-5.637444002851159652e-01
2.403344028637687813e-01
-1.000000000000000000e+00
1.527021317291661351e-01
-1.000000000000000000e+00
-3.050084837587715425e-01
-1.000000000000000000e+00
7.145964070030580428e-01
-1.000000000000000000e+00
-1.000000000000000000e+00
8.868863021040451766e-01
-1.000000000000000000e+00
-1.211748571340225400e-01
-5.137000256713029067e-01
1.000000000000000000e+00
4.232727654163196407e-01
4.691018086502722895e-01
-9.928723106373058549e-01
-2.391562561357239436e-01
1.000000000000000000e+00
6.528765271309497908e-01
2.471011418249557945e-02
1.000000000000000000e+00
-1.000000000000000000e+00
1.000000000000000000e+00
-7.693839229274233027e-01
-3.871338020562656856e-01
-1.000000000000000000e+00
-8.617793544898244562e-02
1.000000000000000000e+00
-6.585365636542614975e-01
-2.777749190872390583e-01
4.102373414177425959e-01
1.000000000000000000e+00
-8.612734598812532560e-01
-1.000000000000000000e+00
1.000000000000000000e+00
-4.666343302966752815e-01
8.191827695895040895e-01
-1.000000000000000000e+00
3.006643496312931818e-01
1.000000000000000000e+00
7.793757707429166404e-01
3.052845860062607386e-01
-5.966663791295534480e-01
-6.958514100202329855e-01
1.000000000000000000e+00
5.003100783058471723e-01
8.973564410093476384e-01
-7.952052852202200484e-01
3.960747243854880750e-01
-1.000000000000000000e+00
8.238627582896064228e-01
-9.147409396644790025e-02
3.347039543368842685e-01
-9.601049314513474542e-01
-1.000000000000000000e+00
-7.905189778036118831e-02
1.000000000000000000e+00
-1.000000000000000000e+00
7.958913116098534912e-01
1.000000000000000000e+00
5.010324934728143109e-01
1.000000000000000000e+00
-1.000000000000000000e+00
4.302953831976178423e-01
-1.000000000000000000e+00
1.000000000000000000e+00
8.447712109463793029e-01
7.932343086906443741e-01
-8.888815373205887216e-01
-6.612907671458851944e-01
9.073912389334397310e-02
-2.403621069536411858e-01
6.902367885994727947e-01
1.000000000000000000e+00
1.000000000000000000e+00
6.987946216143523515e-01
6.817482179456713087e-01
5.903361412296440069e-02
-7.221562376061403388e-01
1.000000000000000000e+00
5.181116134148866514e-02
-1.000000000000000000e+00
-1.000000000000000000e+00
1.869567983600772809e-02
-1.000000000000000000e+00
-1.000000000000000000e+00
9.992205438412831153e-01
1.000000000000000000e+00
7.833533922076384437e-01
8.169943160637787027e-01
5.728328396391337840e-01
-6.721397516566051111e-01
-1.132883724928737817e-01
1.000000000000000000e+00
1.000000000000000000e+00
-2.756335098677386020e-01
5.523361674626454665e-01
-7.558957701915629546e-01
-8.635798874893090282e-01
1.000000000000000000e+00
-1.064992355101682664e-01
1.000000000000000000e+00
1.000000000000000000e+00
-6.223843218084993412e-01
1.000000000000000000e+00
3.256776666085726135e-01
5.169886576886699725e-01
-1.000000000000000000e+00
-9.279845473063086381e-01
1.076220790198432198e-01
1.000000000000000000e+00
-1.000000000000000000e+00
1.000000000000000000e+00
1.872798023107151710e-01
6.999628340486289124e-01
1.807155501638622042e-01
1.000000000000000000e+00
1.000000000000000000e+00
-1.000000000000000000e+00
-1.000000000000000000e+00
9.547496589383490662e-01
1.000000000000000000e+00
1.276181888887215066e-01
4.548614120959570961e-02
9.538599625184243092e-01
-3.839893200614731272e-01
-1.428433773057353195e-01
-3.395694291505213513e-01
-1.000000000000000000e+00
-3.473262819494194464e-01
-1.000000000000000000e+00
-8.741783254392625491e-01
7.460157500786864793e-01
-1.000000000000000000e+00
-1.000000000000000000e+00
1.000000000000000000e+00
-2.619700207533311453e-01
4.214829454654647201e-01
-9.873653561499754483e-01
1.000000000000000000e+00
2.879344867213400327e-01
-1.000000000000000000e+00
-5.958676236687596717e-01
9.381654895539973671e-01
-6.972635411446643783e-01
-1.000000000000000000e+00
8.710809307053162254e-01
1.000000000000000000e+00
1.000000000000000000e+00
-1.000000000000000000e+00
1.000000000000000000e+00
1.251410450088541459e-02
-2.465059166162975046e-02
-1.000000000000000000e+00
-3.039526206237249673e-01
1.000000000000000000e+00
-7.302307543503550047e-02
-1.000000000000000000e+00
-1.000000000000000000e+00
1.000000000000000000e+00
-9.644329440890937466e-01
1.000000000000000000e+00
7.293998483664582144e-01
-5.319235269855837611e-02
-7.214736792975531277e-01
8.342839122201342050e-01
5.520480992205325510e-01
-1.000000000000000000e+00
1.000000000000000000e+00
1.136716821288002999e-01
1.000000000000000000e+00
8.852630616879455516e-01
-4.070391520972165278e-01
2.927370949062541028e-01
-3.664021408491007215e-01
1.000000000000000000e+00
7.066454646087622082e-01
-1.000000000000000000e+00
-8.879429497377424596e-01
1.000000000000000000e+00
1.000000000000000000e+00
1.000000000000000000e+00
-4.594091375008633182e-01
9.814578624335184021e-01
3.244666093065485812e-01
1.000000000000000000e+00
-1.000000000000000000e+00
