-1.000000000000000000e+00
2.193011509980179463e-01
-1.000000000000000000e+00
7.901578966257186698e-01
2.097492009555104175e-01
2.613293866616822614e-03
-1.000000000000000000e+00
7.490133600942203151e-02
1.222578688101083610e-02
6.073817597017521219e-01
1.000000000000000000e+00
-1.639993964708130747e-01
-1.000000000000000000e+00
-3.679134378845697051e-01
1.000000000000000000e+00
-6.616658742106675817e-01
-7.647624994638465568e-01
6.991996747027258152e-01
1.000000000000000000e+00
-1.000000000000000000e+00
1.000000000000000000e+00
1.000000000000000000e+00
-1.000000000000000000e+00
5.607266012135172506e-01
1.142515957267848936e-01
1.000000000000000000e+00
-4.842606717958887752e-01
-1.000000000000000000e+00
1.000000000000000000e+00
-2.626168316201524799e-01
-1.000000000000000000e+00
2.428512310229224980e-01
1.000000000000000000e+00
7.819853940185272911e-01
-1.000000000000000000e+00
-1.000000000000000000e+00
1.000000000000000000e+00
7.829667030336222577e-01
1.000000000000000000e+00
1.000000000000000000e+00
-1.000000000000000000e+00
1.000000000000000000e+00
-1.000000000000000000e+00
5.781917103637854716e-01
1.000000000000000000e+00
2.263956313782280461e-01
3.610043698778355736e-01
1.000000000000000000e+00
1.000000000000000000e+00
-2.678484196509830495e-01
-1.000000000000000000e+00
-1.774851280088607375e-02
9.341475236930495418e-01
1.000000000000000000e+00
7.720518036155337160e-01
-1.000000000000000000e+00
-2.876712072013376531e-01
1.000000000000000000e+00
1.000000000000000000e+00
7.329506167461019572e-02
4.120133785912860613e-01
-1.176832884230771814e-01
1.000000000000000000e+00
1.000000000000000000e+00
-1.000000000000000000e+00
-7.330665741379343014e-01
1.000000000000000000e+00
1.000000000000000000e+00
-9.740712306854053537e-01
-4.365088261373151202e-01
6.702540326904856682e-01
4.947283817392522653e-01
5.452094739194024431e-01
-4.125715059510542959e-01
-1.000000000000000000e+00
-1.000000000000000000e+00
-1.446875205005540010e-01
1.000000000000000000e+00
1.000000000000000000e+00
-1.409439577499338458e-01
2.045502207525593530e-01
4.578044031668772329e-02
-3.339448031326538446e-01
-1.000000000000000000e+00
-5.121114888252737973e-01
1.000000000000000000e+00
1.000000000000000000e+00
-2.529156782329960995e-01
1.370732743394809661e-01
9.769652354478883804e-01
-1.507323897001047186e-01
-3.257327574378054980e-01
1.595652032324751390e-01
-2.217190297126411247e-01
-1.914035880834981107e-01
6.800016193766914574e-01
1.000000000000000000e+00
-1.000000000000000000e+00
-6.727369503496971603e-01
7.985598925512107371e-01
1.000000000000000000e+00
-2.872086692030518806e-01
6.234798347838619303e-01
1.000000000000000000e+00
-3.732589087898036118e-01
-1.000000000000000000e+00
1.000000000000000000e+00
-1.000000000000000000e+00
-5.170957267009301805e-01
1.000000000000000000e+00
7.079700935443707932e-01
-1.000000000000000000e+00
-2.293878688794504517e-01
-1.000000000000000000e+00
1.000000000000000000e+00
-1.000000000000000000e+00
-1.000000000000000000e+00
-1.000000000000000000e+00
8.335074171125645970e-01
1.909609553291278239e-01
1.000000000000000000e+00
-1.000000000000000000e+00
-1.000000000000000000e+00
-2.704405178151663147e-01
-5.562926160212983140e-02
4.594233844044903758e-01
-5.677164127508238511e-02
-1.000000000000000000e+00
1.000000000000000000e+00
-1.477055768090294041e-01
-3.823321187899895168e-01
-3.084202912245048722e-01
-3.681291992979385252e-01
-1.000000000000000000e+00
3.081512208138442732e-01
4.119025169694106037e-01
-8.210804584634004977e-01
7.220846475790906327e-01
-1.000000000000000000e+00
7.407738397154148835e-01
1.000000000000000000e+00
-7.980145196614021330e-01
1.000000000000000000e+00
-9.375710827259021718e-01
1.000000000000000000e+00
-9.762667365291857191e-01
3.512347671955518003e-01
3.879062051698193292e-01
5.534369828083871568e-01
1.000000000000000000e+00
-5.144960382308038094e-01
-5.490932412899331982e-01
5.872654305588060897e-01
-6.044006434881307177e-01
6.567132092049701164e-01
1.000000000000000000e+00
-1.000000000000000000e+00
-1.000000000000000000e+00
1.000000000000000000e+00
7.641525776341101528e-01
-2.399336016426477647e-01
1.554900061513744269e-01
8.629244117202059527e-01
-1.000000000000000000e+00
-1.000000000000000000e+00
-1.000000000000000000e+00
9.509860350359271575e-01
1.000000000000000000e+00
-1.000000000000000000e+00
-6.201510718529035238e-01
8.088953819746087515e-01
-1.000000000000000000e+00
-1.000000000000000000e+00
1.000000000000000000e+00
-1.000000000000000000e+00
1.341157860898711807e-01
-1.000000000000000000e+00
1.000000000000000000e+00
-9.112738261190977962e-01
-1.000000000000000000e+00
-1.000000000000000000e+00
-1.000000000000000000e+00
-7.333196726365387441e-02
-1.000000000000000000e+00
1.000000000000000000e+00
1.000000000000000000e+00
8.064864996180616252e-01
5.912622220944392382e-01
-1.000000000000000000e+00
-1.000000000000000000e+00
7.265846604971648581e-02
-8.348706833643706471e-01
-1.000000000000000000e+00
7.923924479635510165e-01
1.000000000000000000e+00
4.743209070930404225e-01
-8.041363200622275720e-02
-1.768657664686187347e-01
-1.554935105459012146e-01
-7.515933232806559783e-02
1.000000000000000000e+00
-3.673761487521950975e-01
1.000000000000000000e+00
1.000000000000000000e+00
-5.155886186683146244e-01
1.000000000000000000e+00
1.957731540105872026e-01
-5.755101267142628263e-01
-4.769939262429245819e-01
1.000000000000000000e+00
-1.000000000000000000e+00
-1.000000000000000000e+00
-1.000000000000000000e+00
7.347296716818880746e-01
1.000000000000000000e+00
-1.000000000000000000e+00
1.000000000000000000e+00
-1.000000000000000000e+00
1.000000000000000000e+00
-7.035986123904964806e-01
1.000000000000000000e+00
-5.625564404201433000e-01
1.000000000000000000e+00
-4.429669398468054631e-01
-4.036680581975060078e-01
9.861998954567825493e-01
4.090648340256265447e-01
-1.000000000000000000e+00
9.107490410043035389e-01
6.796579775215960684e-01
-1.000000000000000000e+00
-1.000000000000000000e+00
1.000000000000000000e+00
1.000000000000000000e+00
5.809569354624899429e-02
8.980889031230698816e-02
-2.994053622774527357e-01
-1.000000000000000000e+00
1.000000000000000000e+00
-1.000000000000000000e+00
-1.000000000000000000e+00
1.000000000000000000e+00
4.196994008359455908e-01
8.598217693372327552e-01
4.661622145636418191e-01
1.000000000000000000e+00
1.000000000000000000e+00
-1.000000000000000000e+00
2.407396835568355042e-01
1.000000000000000000e+00
-6.445071137566555919e-01
-1.000000000000000000e+00
6.135258128592443461e-01
-1.000000000000000000e+00
2.971789683712511287e-01
-1.919730743023690955e-01
1.000000000000000000e+00
7.498677406551585989e-01
-1.000000000000000000e+00
-8.155059095652377188e-01
-5.419591954512352761e-01
8.987210426727603174e-01
-1.000000000000000000e+00
1.514098282197007261e-01
1.000000000000000000e+00
