1.000000000000000000e+00
1.000000000000000000e+00
1.000000000000000000e+00
-1.000000000000000000e+00
-9.744731989809019002e-01
-4.534971485316156015e-01
1.000000000000000000e+00
-6.021434163212759927e-01
-1.000000000000000000e+00
6.065522781125731733e-02
-1.000000000000000000e+00
9.250988743122627866e-01
-4.927117446647318322e-01
-4.365819472669874024e-01
1.000000000000000000e+00
2.014049954264455211e-01
1.000000000000000000e+00
-1.000000000000000000e+00
9.584274938677304068e-01
1.000000000000000000e+00
-3.351109284825725121e-01
1.633199537130701762e-01
4.905518907871762035e-01
1.000000000000000000e+00
-6.103336627565397743e-02
1.000000000000000000e+00
-1.000000000000000000e+00
1.000000000000000000e+00
3.364851003672243990e-01
-1.000000000000000000e+00
1.000000000000000000e+00
1.000000000000000000e+00
1.000000000000000000e+00
1.000000000000000000e+00
1.000000000000000000e+00
-1.000000000000000000e+00
-1.000000000000000000e+00
7.497799049147585437e-02
-1.000000000000000000e+00
1.000000000000000000e+00
-1.000000000000000000e+00
3.940749961946800051e-01
-1.000000000000000000e+00
-1.000000000000000000e+00
1.000000000000000000e+00
1.000000000000000000e+00
3.630896095982962812e-01
1.000000000000000000e+00
-1.000000000000000000e+00
-1.000000000000000000e+00
-4.789271181826921797e-01
-7.527600045629739833e-01
1.000000000000000000e+00
-1.000000000000000000e+00
-1.000000000000000000e+00
-1.000000000000000000e+00
6.572628013560650739e-01
1.000000000000000000e+00
-5.674112763841894225e-01
1.000000000000000000e+00
1.000000000000000000e+00
-6.311998795128788142e-01
1.378763823624375995e-01
-5.541542876860858780e-01
2.650059982945327519e-01
-1.000000000000000000e+00
1.000000000000000000e+00
-1.000000000000000000e+00
1.000000000000000000e+00
-6.202150619322268632e-01
-1.000000000000000000e+00
8.592882118701272720e-02
1.000000000000000000e+00
4.479145513518734134e-02
1.000000000000000000e+00
1.000000000000000000e+00
8.898990582639182412e-01
-1.000000000000000000e+00
-1.000000000000000000e+00
-1.000000000000000000e+00
1.518672760761932139e-01
-1.000000000000000000e+00
3.071007105962644257e-01
2.331219602167354799e-01
1.000000000000000000e+00
1.000000000000000000e+00
-1.000000000000000000e+00
-1.000000000000000000e+00
7.227641338316790343e-01
1.000000000000000000e+00
2.039102301256023875e-02
1.000000000000000000e+00
-5.600750428194301023e-01
-1.000000000000000000e+00
-1.000000000000000000e+00
-1.000000000000000000e+00
-1.000000000000000000e+00
-1.000000000000000000e+00
1.000000000000000000e+00
1.000000000000000000e+00
-6.917175552513663561e-01
1.000000000000000000e+00
1.000000000000000000e+00
-1.000000000000000000e+00
1.000000000000000000e+00
-1.000000000000000000e+00
-7.497740659067293478e-01
-8.956429450408613935e-01
3.332130653969707090e-01
-6.926993737686411023e-01
-1.378845164025145342e-01
-1.000000000000000000e+00
3.750646800740025100e-01
-1.000000000000000000e+00
1.000000000000000000e+00
1.000000000000000000e+00
-8.656369464974480454e-01
-1.000000000000000000e+00
1.000000000000000000e+00
-1.000000000000000000e+00
-3.517807079430850248e-01
-5.351142457286406362e-02
-7.424613013816983020e-01
7.016822891238978510e-01
1.000000000000000000e+00
-2.169794876532349370e-02
4.247990623280522016e-01
-1.000000000000000000e+00
4.556433666296988427e-01
7.438415686415256189e-01
3.397168913182724292e-01
-1.000000000000000000e+00
-1.000000000000000000e+00
4.758081554159728777e-01
1.000000000000000000e+00
-8.150110544069952834e-01
1.000000000000000000e+00
-9.936507868058273019e-01
-1.000000000000000000e+00
-1.000000000000000000e+00
-1.000000000000000000e+00
1.000000000000000000e+00
-2.712960076687519484e-01
1.000000000000000000e+00
1.000000000000000000e+00
1.000000000000000000e+00
1.000000000000000000e+00
4.049392136063503789e-01
1.000000000000000000e+00
-1.000000000000000000e+00
-1.000000000000000000e+00
1.000000000000000000e+00
-1.000000000000000000e+00
1.000000000000000000e+00
1.000000000000000000e+00
1.000000000000000000e+00
-1.000000000000000000e+00
-5.670433323990005103e-01
1.000000000000000000e+00
-1.000000000000000000e+00
-4.934398808055466823e-01
-1.000000000000000000e+00
-4.677742798091838461e-01
1.000000000000000000e+00
-5.074710243685810473e-01
1.000000000000000000e+00
1.000000000000000000e+00
1.000000000000000000e+00
1.000000000000000000e+00
-3.566796121423118637e-01
-9.625991024449142008e-01
-1.000000000000000000e+00
1.000000000000000000e+00
-1.000000000000000000e+00
1.000000000000000000e+00
1.000000000000000000e+00
-1.000000000000000000e+00
-1.000000000000000000e+00
1.000000000000000000e+00
-8.014557611920424263e-01
1.000000000000000000e+00
-1.000000000000000000e+00
-1.000000000000000000e+00
9.764535965139025109e-01
1.000000000000000000e+00
-1.000000000000000000e+00
-9.793989563407144994e-01
1.000000000000000000e+00
-5.906916799931198891e-01
-1.974140621835376308e-01
-7.261729917552571800e-01
-8.602381240525548423e-01
4.503303991498736614e-01
1.000000000000000000e+00
1.000000000000000000e+00
-1.000000000000000000e+00
-1.000000000000000000e+00
1.000000000000000000e+00
1.000000000000000000e+00
-1.000000000000000000e+00
-1.992958876116064371e-01
1.000000000000000000e+00
-1.000000000000000000e+00
-1.000000000000000000e+00
-1.000000000000000000e+00
1.000000000000000000e+00
-1.000000000000000000e+00
-9.882631989653298810e-01
-1.334535076979460611e-01
-1.000000000000000000e+00
-1.000000000000000000e+00
1.000000000000000000e+00
-1.000000000000000000e+00
1.736032158407815329e-01
-1.000000000000000000e+00
-4.950986661965067759e-01
4.641426168576935352e-01
-8.683699798771992162e-01
1.000000000000000000e+00
1.000000000000000000e+00
1.000000000000000000e+00
1.000000000000000000e+00
1.000000000000000000e+00
-1.439112979789254343e-01
-1.000000000000000000e+00
-1.000000000000000000e+00
-8.778758175520745555e-01
-1.000000000000000000e+00
-5.891776276108031674e-01
9.324134245318753678e-01
-1.000000000000000000e+00
1.000000000000000000e+00
-1.000000000000000000e+00
6.416516851500945195e-01
1.000000000000000000e+00
-1.000000000000000000e+00
-1.000000000000000000e+00
-9.142131403357260933e-01
1.000000000000000000e+00
6.595826797110304618e-02
1.000000000000000000e+00
-1.000000000000000000e+00
1.000000000000000000e+00
7.962032158975553831e-01
-9.034025562067493631e-02
1.000000000000000000e+00
-1.000000000000000000e+00
1.000000000000000000e+00
-2.328144697927906348e-01
-1.000000000000000000e+00
5.237646575250165526e-01
1.000000000000000000e+00
1.000000000000000000e+00
6.304326990562133526e-01
-4.523718785381951601e-01
-1.785679400091852997e-01
-1.000000000000000000e+00
1.000000000000000000e+00
1.000000000000000000e+00
-1.000000000000000000e+00
-1.000000000000000000e+00
1.000000000000000000e+00
-1.000000000000000000e+00
-2.504631138590409645e-01
-1.000000000000000000e+00
