1.000000000000000000e+00
1.000000000000000000e+00
1.000000000000000000e+00
-4.617863525933042501e-01
-1.000000000000000000e+00
-8.223618240914474242e-01
6.096232132075318777e-01
1.000000000000000000e+00
-6.134047684307168957e-01
-1.000000000000000000e+00
1.000000000000000000e+00
1.000000000000000000e+00
-6.456205254581766084e-01
-1.000000000000000000e+00
-1.000000000000000000e+00
1.000000000000000000e+00
1.000000000000000000e+00
1.000000000000000000e+00
1.000000000000000000e+00
-1.000000000000000000e+00
-7.211158539313321514e-01
-1.000000000000000000e+00
-4.932862803952440256e-01
5.262078622136652228e-01
-1.000000000000000000e+00
-1.000000000000000000e+00
-1.000000000000000000e+00
-1.000000000000000000e+00
1.000000000000000000e+00
1.000000000000000000e+00
6.729061132817319990e-01
-9.643753515688419098e-01
-4.693331353346175128e-01
1.000000000000000000e+00
1.000000000000000000e+00
1.000000000000000000e+00
1.000000000000000000e+00
1.000000000000000000e+00
-1.000000000000000000e+00
1.000000000000000000e+00
-1.000000000000000000e+00
1.000000000000000000e+00
-1.000000000000000000e+00
-1.000000000000000000e+00
3.014292057423644255e-01
-1.000000000000000000e+00
-1.000000000000000000e+00
8.695281345774669157e-01
1.000000000000000000e+00
-1.000000000000000000e+00
-1.000000000000000000e+00
-1.418719549708967742e-01
1.000000000000000000e+00
1.000000000000000000e+00
-1.000000000000000000e+00
-1.000000000000000000e+00
1.000000000000000000e+00
-1.991703514208629233e-01
-1.000000000000000000e+00
9.568673380614534096e-01
6.843489998237948235e-01
-1.000000000000000000e+00
1.000000000000000000e+00
-1.000000000000000000e+00
1.000000000000000000e+00
-8.715323691162960573e-01
-7.814174386002269435e-01
4.186735910091821111e-02
1.000000000000000000e+00
2.033700512810442673e-01
1.000000000000000000e+00
1.000000000000000000e+00
3.874645875761959513e-01
1.000000000000000000e+00
-1.000000000000000000e+00
1.000000000000000000e+00
6.377461329257738676e-01
-1.000000000000000000e+00
1.000000000000000000e+00
-1.000000000000000000e+00
1.000000000000000000e+00
1.000000000000000000e+00
1.000000000000000000e+00
-1.959515438178084379e-01
5.248898974786407878e-01
-6.189113909382886192e-01
-1.000000000000000000e+00
-1.000000000000000000e+00
-8.274053992823726666e-02
-9.646898459547841309e-01
-1.000000000000000000e+00
-1.000000000000000000e+00
4.733765962534297600e-01
1.000000000000000000e+00
-1.000000000000000000e+00
-1.000000000000000000e+00
-1.199978834664737204e-01
-1.000000000000000000e+00
-1.000000000000000000e+00
-1.000000000000000000e+00
1.000000000000000000e+00
1.000000000000000000e+00
-9.893967268411932858e-01
3.572255481412581202e-01
-1.000000000000000000e+00
-1.000000000000000000e+00
1.000000000000000000e+00
5.034222494670170800e-01
-5.665398720834837754e-01
-5.909284464293430572e-01
-1.000000000000000000e+00
-1.000000000000000000e+00
-1.000000000000000000e+00
-5.457921694002175750e-01
-1.000000000000000000e+00
-1.000000000000000000e+00
1.000000000000000000e+00
1.000000000000000000e+00
1.000000000000000000e+00
-2.861779126150052477e-01
-1.643830675523014762e-01
4.028468290788667083e-01
1.000000000000000000e+00
-1.000000000000000000e+00
1.000000000000000000e+00
1.000000000000000000e+00
-1.000000000000000000e+00
-1.000000000000000000e+00
-1.000000000000000000e+00
-1.000000000000000000e+00
-1.000000000000000000e+00
1.433518993276673426e-01
-1.000000000000000000e+00
1.000000000000000000e+00
-1.000000000000000000e+00
7.582441564857991256e-01
-1.000000000000000000e+00
1.000000000000000000e+00
-8.234621913190396381e-01
3.492873490315920870e-01
2.880283905758025398e-01
-3.121139987114113223e-01
-1.000000000000000000e+00
-1.000000000000000000e+00
1.000000000000000000e+00
-1.000000000000000000e+00
-1.000000000000000000e+00
-1.000000000000000000e+00
1.000000000000000000e+00
-1.000000000000000000e+00
9.539989084088384974e-01
1.000000000000000000e+00
-7.353567623461633174e-01
8.235899500364500803e-01
1.000000000000000000e+00
-1.000000000000000000e+00
1.000000000000000000e+00
-1.000000000000000000e+00
-7.029016051258074604e-01
1.000000000000000000e+00
-1.000000000000000000e+00
-9.207046402946650332e-02
1.000000000000000000e+00
-1.000000000000000000e+00
1.000000000000000000e+00
1.000000000000000000e+00
1.000000000000000000e+00
1.000000000000000000e+00
1.000000000000000000e+00
-1.000000000000000000e+00
1.000000000000000000e+00
-1.000000000000000000e+00
-1.000000000000000000e+00
-1.000000000000000000e+00
4.268659298221248455e-01
-1.000000000000000000e+00
1.000000000000000000e+00
2.607915350499457885e-01
-2.341457003910950019e-01
-1.000000000000000000e+00
9.485712026777859407e-01
-9.353449097842416737e-01
1.000000000000000000e+00
1.000000000000000000e+00
-1.000000000000000000e+00
-1.000000000000000000e+00
-1.000000000000000000e+00
6.565715870754382788e-01
3.663106077801371874e-01
-1.000000000000000000e+00
-9.606235161774784315e-01
1.914935521071570446e-01
-1.000000000000000000e+00
-1.000000000000000000e+00
1.000000000000000000e+00
-1.863369432128430536e-01
-1.000000000000000000e+00
-1.000000000000000000e+00
2.156253754927438537e-01
-5.456473461976147910e-01
-4.118869767395877401e-01
-4.087098569937352988e-01
1.000000000000000000e+00
-1.000000000000000000e+00
1.000000000000000000e+00
-1.000000000000000000e+00
1.000000000000000000e+00
-1.000000000000000000e+00
-1.000000000000000000e+00
9.030608002942128731e-01
3.623034244216057909e-01
-1.000000000000000000e+00
-1.000000000000000000e+00
1.000000000000000000e+00
-1.000000000000000000e+00
5.737521269066303553e-02
1.000000000000000000e+00
1.000000000000000000e+00
2.744130867347616132e-02
1.000000000000000000e+00
5.956539114241763411e-01
1.000000000000000000e+00
4.742958049612694404e-01
-1.000000000000000000e+00
-1.000000000000000000e+00
-1.000000000000000000e+00
1.000000000000000000e+00
1.000000000000000000e+00
1.000000000000000000e+00
-1.000000000000000000e+00
-1.000000000000000000e+00
6.119994372440991093e-01
-1.000000000000000000e+00
-1.000000000000000000e+00
1.000000000000000000e+00
-1.000000000000000000e+00
-1.000000000000000000e+00
1.000000000000000000e+00
1.000000000000000000e+00
-1.000000000000000000e+00
-8.333206795982083248e-01
3.368080817587196796e-01
-1.000000000000000000e+00
-1.000000000000000000e+00
-1.000000000000000000e+00
-1.000000000000000000e+00
-8.667950590939083044e-03
1.000000000000000000e+00
-1.000000000000000000e+00
4.097918423283275491e-02
1.000000000000000000e+00
-1.000000000000000000e+00
1.000000000000000000e+00
7.602383514923275465e-01
5.544735263224349620e-01
-1.000000000000000000e+00
-8.609627522515181930e-01
1.000000000000000000e+00
1.000000000000000000e+00
-9.848469387205378567e-01
-1.000000000000000000e+00
-1.000000000000000000e+00
1.000000000000000000e+00
-1.000000000000000000e+00
-5.113775811118957959e-01
