-9.995559499138144677e-01
-1.000000000000000000e+00
-1.041846772571020097e-01
-5.964694820989038249e-01
3.539502384813858482e-01
-7.005164746594110259e-01
8.096813834268176135e-01
-5.388011984555077794e-01
1.000000000000000000e+00
-1.000000000000000000e+00
7.208218862779436353e-01
5.612459266872323882e-01
-9.205210499882945374e-01
1.000000000000000000e+00
1.000000000000000000e+00
-1.000000000000000000e+00
4.738546273870624104e-01
9.746398402123444826e-02
-4.012027014332905650e-01
-7.394462354632885814e-01
3.423139183077978931e-01
3.680275658736396061e-01
-1.000000000000000000e+00
1.000000000000000000e+00
-1.000000000000000000e+00
-1.000000000000000000e+00
-1.000000000000000000e+00
-1.000000000000000000e+00
1.000000000000000000e+00
-1.000000000000000000e+00
-6.577462666340849751e-02
-1.000000000000000000e+00
-4.019009841660043936e-01
-1.000000000000000000e+00
-1.000000000000000000e+00
-1.000000000000000000e+00
6.853483913376796632e-01
8.832656651203256715e-01
1.000000000000000000e+00
1.000000000000000000e+00
1.000000000000000000e+00
-1.000000000000000000e+00
-1.453128002619166470e-01
-3.624875230273038595e-01
1.000000000000000000e+00
1.140824809480891489e-01
1.000000000000000000e+00
1.000000000000000000e+00
-1.000000000000000000e+00
-1.000000000000000000e+00
1.000000000000000000e+00
6.527781938188166322e-01
-1.000000000000000000e+00
1.000000000000000000e+00
-1.000000000000000000e+00
-2.322106354514130722e-01
-5.479841358876395008e-01
-1.000000000000000000e+00
-8.251673478180803212e-01
9.297519866965294755e-01
1.000000000000000000e+00
-5.088032252186019955e-01
1.000000000000000000e+00
6.881411644414940909e-01
1.000000000000000000e+00
3.973229541603916504e-01
1.000000000000000000e+00
1.000000000000000000e+00
-1.000000000000000000e+00
-1.000000000000000000e+00
-5.619823050291538058e-01
9.239541617454283262e-01
-4.726420402181633063e-01
-5.064026817947916426e-01
-4.959504423943634777e-01
1.000000000000000000e+00
-1.091073777800688482e-01
-6.881850884262152857e-01
-1.211397451559348137e-01
1.000000000000000000e+00
-2.120334946252835640e-01
-9.269345646625191115e-01
-1.000000000000000000e+00
1.000000000000000000e+00
-1.000000000000000000e+00
1.000000000000000000e+00
1.000000000000000000e+00
-7.975523290498965912e-01
-2.394039526281960262e-02
-3.867676728762408089e-01
-1.000000000000000000e+00
-1.000000000000000000e+00
-1.000000000000000000e+00
-1.000000000000000000e+00
1.000000000000000000e+00
-1.000000000000000000e+00
1.000000000000000000e+00
-1.000000000000000000e+00
1.000000000000000000e+00
5.687732451137024192e-01
1.000000000000000000e+00
1.000000000000000000e+00
-8.694233535303110827e-01
-1.000000000000000000e+00
-1.000000000000000000e+00
1.000000000000000000e+00
-1.000000000000000000e+00
1.000000000000000000e+00
-1.000000000000000000e+00
1.124195234643083907e-01
-1.000000000000000000e+00
-3.475164419871377142e-01
-6.971851081605118239e-02
1.000000000000000000e+00
-1.000000000000000000e+00
3.417652963954180834e-01
-8.563798215489406562e-01
-3.357045279405435068e-02
4.134328659153109764e-01
2.625283794272932902e-01
1.000000000000000000e+00
-1.000000000000000000e+00
1.000000000000000000e+00
-1.000000000000000000e+00
-1.000000000000000000e+00
1.000000000000000000e+00
4.540020290321317153e-01
-7.965768443682746947e-01
-1.000000000000000000e+00
-1.000000000000000000e+00
1.000000000000000000e+00
-1.000000000000000000e+00
-1.000000000000000000e+00
-1.426536871256848804e-01
-1.000000000000000000e+00
-1.000000000000000000e+00
1.000000000000000000e+00
1.000000000000000000e+00
1.000000000000000000e+00
-1.000000000000000000e+00
-1.197006851472088851e-01
-2.356525352543304974e-01
-8.211176781166268368e-01
-1.000000000000000000e+00
-1.000000000000000000e+00
-7.430594338911873376e-01
9.969193243315896957e-01
7.188431425963419663e-01
2.073905658614176306e-01
-3.509709689425297707e-01
-1.000000000000000000e+00
-1.000000000000000000e+00
-9.368883752196983661e-01
2.784814949468716883e-01
-1.000000000000000000e+00
2.229856177400104666e-01
4.269080475286000653e-01
1.000000000000000000e+00
-1.000000000000000000e+00
1.000000000000000000e+00
-1.000000000000000000e+00
3.301770063008779843e-01
-9.776678012935682283e-01
-6.798671733004456597e-01
1.000000000000000000e+00
1.000000000000000000e+00
1.000000000000000000e+00
9.975577055911635238e-01
-4.703383876968735833e-01
1.000000000000000000e+00
1.000000000000000000e+00
8.610896890495843836e-01
-1.000000000000000000e+00
5.987925179634845385e-02
1.000000000000000000e+00
-1.000000000000000000e+00
3.236341019886395109e-01
4.983552824939452286e-02
1.000000000000000000e+00
-1.848611265954408500e-02
1.000000000000000000e+00
1.000000000000000000e+00
1.000000000000000000e+00
1.000000000000000000e+00
-3.936610386740706513e-01
-6.104759078871144773e-01
9.232570745890587016e-01
-1.000000000000000000e+00
1.000000000000000000e+00
1.000000000000000000e+00
1.000000000000000000e+00
-1.000000000000000000e+00
-4.517613354144167648e-01
-3.445339740618500457e-01
7.613520829833939629e-01
-1.703429934462443729e-01
1.000000000000000000e+00
-8.545187341678729398e-01
-1.000000000000000000e+00
-1.000000000000000000e+00
-1.313751659728444321e-01
1.000000000000000000e+00
-2.651763677425633681e-02
-1.000000000000000000e+00
1.000000000000000000e+00
-7.648967982165546520e-01
8.599077405692403531e-01
1.000000000000000000e+00
-1.000000000000000000e+00
9.342281002792157674e-01
-9.862800713676330711e-01
6.307871079737655817e-01
1.000000000000000000e+00
1.805297525495309641e-01
1.000000000000000000e+00
-1.000000000000000000e+00
-1.000000000000000000e+00
1.000000000000000000e+00
1.000000000000000000e+00
-1.000000000000000000e+00
-1.000000000000000000e+00
-5.484433101074460692e-01
1.000000000000000000e+00
-4.600647653935664438e-01
5.966782504819808652e-01
1.000000000000000000e+00
-1.000000000000000000e+00
-9.748859519577349753e-01
-1.000000000000000000e+00
-9.235945056005223641e-02
-5.155090940532316424e-01
-5.927054689791653175e-01
1.000000000000000000e+00
-1.000000000000000000e+00
1.000000000000000000e+00
1.000000000000000000e+00
-9.344201047396542004e-01
1.000000000000000000e+00
-7.262798006105386506e-01
2.432786287902233280e-01
-1.000000000000000000e+00
8.468686210207007070e-01
-1.000000000000000000e+00
6.656420412868329084e-01
1.000000000000000000e+00
3.489051189688378574e-01
-1.000000000000000000e+00
2.804139631149514811e-01
1.000000000000000000e+00
1.000000000000000000e+00
6.635680485542989615e-01
1.000000000000000000e+00
1.000000000000000000e+00
-1.000000000000000000e+00
-6.603168642221597384e-01
7.186774889591251991e-02
-1.321492605832064182e-01
6.122242818489065375e-02
-1.000000000000000000e+00
-1.000000000000000000e+00
-1.000000000000000000e+00
9.483374093718852649e-01
-1.000000000000000000e+00
-1.000000000000000000e+00
-1.000000000000000000e+00
