1.000000000000000000e+00
-1.000000000000000000e+00
3.822004005737655863e-01
1.000000000000000000e+00
-3.172391502949463149e-01
-4.105691923461347037e-01
-1.425724518161541887e-02
-8.242830428727569991e-01
-4.854543389115129615e-01
-4.410236164930637637e-01
-1.000000000000000000e+00
-1.605595234977632568e-01
-1.000000000000000000e+00
-7.974012784149807631e-01
-1.980498030695980738e-01
-5.086733284888251827e-01
-4.449449447272210700e-02
1.000000000000000000e+00
4.570215095612359946e-01
5.681677653587874355e-01
-9.216878632246596759e-01
-1.000000000000000000e+00
-2.596432029295057120e-01
-7.948849050133945104e-02
-1.000000000000000000e+00
1.000000000000000000e+00
-1.000000000000000000e+00
-1.000000000000000000e+00
6.362281237285147828e-01
-2.131498464843663010e-01
1.000000000000000000e+00
-2.195423635202751189e-01
1.000000000000000000e+00
6.050819317963143096e-01
1.000000000000000000e+00
-1.000000000000000000e+00
-1.000000000000000000e+00
-1.000000000000000000e+00
-1.000000000000000000e+00
3.896480222372036839e-01
2.538236975068820511e-01
-1.000000000000000000e+00
9.354520338733489648e-01
1.000000000000000000e+00
-1.000000000000000000e+00
1.000000000000000000e+00
-6.159580688591715925e-01
-1.000000000000000000e+00
1.000000000000000000e+00
-1.000000000000000000e+00
1.962855264988072612e-01
-1.493768955494041428e-01
3.323699289299323345e-01
8.718905061320010308e-01
-1.000000000000000000e+00
1.000000000000000000e+00
2.010938226615637814e-01
1.000000000000000000e+00
1.000000000000000000e+00
3.663581624593678643e-02
1.000000000000000000e+00
-1.000000000000000000e+00
1.000000000000000000e+00
-1.000000000000000000e+00
2.620671494964232906e-02
-1.000000000000000000e+00
-4.481288429558203390e-01
9.408088213055623150e-01
-1.000000000000000000e+00
1.000000000000000000e+00
4.927377408111704993e-01
-9.787482452232469932e-01
-5.407448964814600689e-01
1.000000000000000000e+00
-1.000000000000000000e+00
-7.778320874331092760e-01
-3.966070481558221505e-01
3.248281656036371423e-01
-8.640709788747722442e-01
3.759058363203090503e-01
1.000000000000000000e+00
1.000000000000000000e+00
-4.623615900062296724e-01
-4.732449160128437970e-01
1.000000000000000000e+00
5.668819466838910248e-01
1.000000000000000000e+00
-1.000000000000000000e+00
1.000000000000000000e+00
-6.981392362674903040e-01
9.666457735203621837e-01
-1.000000000000000000e+00
4.232322995463169146e-01
-6.846412652787611242e-01
-1.000000000000000000e+00
4.232597791913448315e-01
-1.000000000000000000e+00
1.000000000000000000e+00
8.704393131449444931e-01
-3.001995650467100818e-01
1.000000000000000000e+00
1.032296569037537415e-01
1.000000000000000000e+00
-2.083240260118541798e-01
-1.000000000000000000e+00
-3.805645744563823651e-01
1.000000000000000000e+00
1.285454880008581602e-01
5.944749232416879359e-02
1.000000000000000000e+00
-1.000000000000000000e+00
1.457716176560992505e-01
-8.370065093704444070e-01
1.000000000000000000e+00
2.385426549526089568e-01
3.406928484966574855e-01
-6.909018469892030945e-01
2.717943544391903110e-01
-4.515807171994388192e-01
1.000000000000000000e+00
6.567110370915811846e-01
-9.242535594555897349e-01
3.862697284749931903e-01
-8.523059608907426199e-01
2.492189334554776869e-01
-1.000000000000000000e+00
-6.190267417649446546e-01
5.404613059504955741e-01
4.745298517800591309e-01
7.441800876925666053e-01
3.200089040082521041e-01
-1.000000000000000000e+00
2.612524908231237397e-01
-1.414404310923895736e-01
3.359144069879662076e-01
-9.291772344556892271e-01
-9.316129018970918940e-01
-1.823576699290499481e-01
3.597807902791808621e-01
-1.000000000000000000e+00
9.120026063042832032e-01
2.081126919438602840e-01
2.793535236072129946e-01
7.900052820255000219e-01
1.000000000000000000e+00
-9.050932394781923129e-01
-6.003499368126046232e-01
-1.000000000000000000e+00
-4.861187500962476093e-01
6.626204550087910761e-01
7.472083366312349817e-01
-7.363751446058134364e-01
-1.000000000000000000e+00
1.497480716428746250e-01
7.787983789993384587e-01
1.000000000000000000e+00
2.743534612410026829e-01
6.296732478500328689e-01
-7.590672307150987397e-01
-4.972764536510623223e-01
5.049573161003229060e-02
5.529334117757225275e-01
1.000000000000000000e+00
9.592037914604678583e-02
-5.929181339036144749e-01
-5.670103492246935106e-01
1.797124439344238711e-01
-4.765301238810426554e-01
3.144396841225523542e-01
-1.000000000000000000e+00
1.000000000000000000e+00
4.256107745280890420e-01
8.821120276128758819e-01
2.477604294038862065e-01
-2.733331489146635374e-01
9.595445985920094678e-01
-6.891882124843480284e-01
-9.868638362508231898e-01
-6.767581647280185297e-01
8.652267439646919023e-01
-5.727202464824117101e-01
3.566480116616629337e-01
9.319097172649498662e-01
6.585460335095956186e-01
-8.338763257204054868e-01
8.785321495790416879e-01
6.204784053326928284e-01
-1.227487834374074716e-01
-1.000000000000000000e+00
-1.000000000000000000e+00
1.000000000000000000e+00
1.000000000000000000e+00
-4.825484122924851293e-01
4.419100838985183799e-01
1.000000000000000000e+00
2.618225649189220849e-02
-6.553958743527498187e-01
8.956918425562921948e-01
-1.987949134135804097e-01
-1.000000000000000000e+00
1.000000000000000000e+00
5.178526130949188122e-01
8.436329705136533796e-01
-5.864935602352500110e-01
-1.000000000000000000e+00
1.000000000000000000e+00
4.258587686024855046e-01
1.000000000000000000e+00
1.000000000000000000e+00
-1.000000000000000000e+00
-1.000000000000000000e+00
-1.000000000000000000e+00
4.278123829400277134e-01
-5.961024054078720713e-01
1.000000000000000000e+00
1.000000000000000000e+00
1.000000000000000000e+00
1.713454277560569894e-01
-6.979686098406098216e-01
2.504192199906701277e-01
-3.881112004898279455e-01
5.571791085601784932e-02
3.933765309857453207e-01
1.000000000000000000e+00
9.910278581423608291e-01
-3.522861868017661546e-01
1.000000000000000000e+00
-9.630655013547038124e-01
1.000000000000000000e+00
-1.000000000000000000e+00
5.334322093513652607e-01
3.093806162394421300e-01
1.000000000000000000e+00
-3.457800001080916785e-01
1.000000000000000000e+00
-1.000000000000000000e+00
-2.450906769127572105e-01
-2.222696512220823095e-01
1.000000000000000000e+00
1.793438302482764368e-01
-8.011465215794568717e-01
-1.000000000000000000e+00
1.000000000000000000e+00
6.743264518068619040e-01
-1.000000000000000000e+00
-9.471497753814822618e-02
-1.000000000000000000e+00
8.168371607045292748e-01
-1.000000000000000000e+00
-6.577591694797878530e-01
1.000000000000000000e+00
9.314616560910951026e-01
3.902246166523017923e-01
1.000000000000000000e+00
-1.000000000000000000e+00
-8.092624684702713900e-01
3.679019872143536318e-01
1.000000000000000000e+00
-3.459578249108652415e-01
-7.628003183023812639e-02
5.586370128449487105e-01
-2.283049240219563458e-01
8.884774437441804729e-01
1.000000000000000000e+00
-7.678975901982471042e-01
