-1.000000000000000000e+00
6.099055564404951557e-01
-7.338666864325126271e-01
1.000000000000000000e+00
8.923754852514389491e-01
-8.302687745240944217e-01
-7.191280306691603119e-01
-1.000000000000000000e+00
1.000000000000000000e+00
-1.712714713479206452e-01
1.209006176294391555e-01
7.347660237069478795e-01
3.375860727827082464e-01
-1.000000000000000000e+00
-1.000000000000000000e+00
-2.367648808016635797e-01
1.000000000000000000e+00
1.000000000000000000e+00
-1.056863380904897731e-01
-2.917948917994767077e-01
4.583838965816584565e-01
3.276217213248298621e-01
1.000000000000000000e+00
5.693814331274027474e-02
-1.000000000000000000e+00
-8.788849449089106702e-01
-5.380924980016739134e-01
2.832707340056300760e-01
1.000000000000000000e+00
6.729349215966524689e-01
-5.731768935741774484e-01
1.000000000000000000e+00
2.855609772433514992e-02
-7.196553659337548980e-01
-1.000000000000000000e+00
9.035784350069302473e-01
1.000000000000000000e+00
6.076601971238672073e-01
3.706223166153084225e-01
9.955085968201160540e-03
-4.730216695979467811e-01
2.359160449717115915e-01
8.280257617191659758e-01
1.000000000000000000e+00
1.000000000000000000e+00
1.000000000000000000e+00
1.000000000000000000e+00
5.460361695202615717e-01
-2.002069300844284694e-01
-1.000000000000000000e+00
-2.598391831116596551e-01
-2.659673661285548718e-01
-3.517242262636726124e-01
1.000000000000000000e+00
-1.839227823296762931e-02
1.000000000000000000e+00
-7.767252188448439121e-01
-5.244787960993790854e-02
-1.000000000000000000e+00
1.000000000000000000e+00
-1.000000000000000000e+00
4.721781870856808783e-01
-1.000000000000000000e+00
-1.000000000000000000e+00
-2.623817994680093246e-01
1.000000000000000000e+00
6.943222464352397649e-01
1.000000000000000000e+00
-1.000000000000000000e+00
-1.000000000000000000e+00
-5.050110440538202461e-01
-4.955581075038321126e-01
1.000000000000000000e+00
1.000000000000000000e+00
6.326897820084743662e-01
1.000000000000000000e+00
1.000000000000000000e+00
-7.616419372747004202e-01
1.000000000000000000e+00
-2.523890566439994654e-01
-1.000000000000000000e+00
-7.091853650107792228e-01
-9.566019443594186988e-01
-1.000000000000000000e+00
1.000000000000000000e+00
-1.000000000000000000e+00
2.148783884398438593e-01
-1.000000000000000000e+00
-2.045834618281358042e-01
-1.000000000000000000e+00
6.224473739439300157e-01
-1.000000000000000000e+00
-1.000000000000000000e+00
1.466056449951994856e-01
1.000000000000000000e+00
-1.000000000000000000e+00
-3.486360556994850812e-01
-1.000000000000000000e+00
1.000000000000000000e+00
7.783962490634801501e-01
-1.000000000000000000e+00
-1.142418629892034687e-01
1.000000000000000000e+00
3.209327002795446804e-01
-5.418025941308413085e-01
-1.000000000000000000e+00
-8.253834531195493041e-01
5.920861641482455529e-02
2.164948719929765675e-01
-2.225434496851489419e-01
-1.000000000000000000e+00
-4.817712418997310841e-01
-6.506324267623520008e-01
-1.000000000000000000e+00
1.000000000000000000e+00
-1.000000000000000000e+00
-6.105526531115011979e-01
-2.803736999020761678e-01
1.000000000000000000e+00
-1.000000000000000000e+00
3.135318497514860692e-01
-1.000000000000000000e+00
-4.619139162206602478e-01
-1.000000000000000000e+00
7.489288085686789387e-01
9.395133625903018260e-02
9.576864534927083117e-01
-1.000000000000000000e+00
-1.000000000000000000e+00
-5.504014647054794596e-01
-7.505969483768519801e-01
-1.000000000000000000e+00
1.000000000000000000e+00
-1.000000000000000000e+00
4.993737491770535719e-01
-1.000000000000000000e+00
-6.645496614027353033e-01
1.747127990782559870e-01
-4.845016244255494486e-01
-1.000000000000000000e+00
-1.000000000000000000e+00
-1.000000000000000000e+00
-1.000000000000000000e+00
1.000000000000000000e+00
-1.000000000000000000e+00
-2.986210455220202897e-01
8.504327731911249799e-01
1.000000000000000000e+00
-4.504077536166443130e-01
4.681938311804578756e-01
-1.000000000000000000e+00
-8.003165778295848742e-01
6.964130991291600514e-01
-3.107830096661233776e-01
-1.000000000000000000e+00
-1.000000000000000000e+00
1.000000000000000000e+00
-7.488125540465273566e-01
2.548048671271597732e-01
5.755709960300748884e-01
2.150127653671884964e-02
1.000000000000000000e+00
1.000000000000000000e+00
-7.465411584997048156e-01
1.000000000000000000e+00
6.483531839219802695e-01
-1.000000000000000000e+00
1.000000000000000000e+00
1.000000000000000000e+00
3.082211901056660652e-01
4.936440769697340025e-01
-4.559008287768617773e-01
-1.000000000000000000e+00
-7.525729975973372010e-01
4.190037265639243724e-01
-3.102616100075022421e-01
1.000000000000000000e+00
-5.167319420439260291e-01
1.000000000000000000e+00
1.000000000000000000e+00
1.000000000000000000e+00
-1.000000000000000000e+00
-2.793399167485837165e-01
-1.000000000000000000e+00
-4.811717743745249631e-01
-6.091018495823297130e-02
-5.083521562592610010e-01
1.000000000000000000e+00
1.000000000000000000e+00
-1.000000000000000000e+00
-1.000000000000000000e+00
-1.000000000000000000e+00
1.000000000000000000e+00
6.112880761284895659e-01
1.000000000000000000e+00
-1.000000000000000000e+00
8.774120389626434147e-01
-1.000000000000000000e+00
2.937913527038064077e-01
-4.953034003086981274e-01
-2.718234455622779988e-01
9.504973341360695160e-01
-9.523133220012032218e-01
1.474345038857090284e-01
5.772156930848687528e-02
4.564269470998781886e-01
-8.927225913429729376e-01
8.142482779710863428e-01
-1.000000000000000000e+00
2.602473592699835470e-01
3.156264750416268305e-01
-1.000000000000000000e+00
1.000000000000000000e+00
4.583940907844964996e-01
1.000000000000000000e+00
-1.000000000000000000e+00
-9.217519840253154406e-01
1.972443860274036009e-01
-1.000000000000000000e+00
4.260349448048951770e-01
-1.000000000000000000e+00
-8.968349273768606578e-01
-1.044087562321407425e-01
-1.000000000000000000e+00
7.806349505810445955e-01
-1.000000000000000000e+00
-7.207383149164341418e-01
-3.961862718815969964e-01
2.559337708203551776e-01
1.000000000000000000e+00
3.000667921264724702e-01
-7.102433192147390439e-01
-1.000000000000000000e+00
1.000000000000000000e+00
-1.000000000000000000e+00
-6.418756414671867860e-01
3.382984273386272500e-01
6.721376092810286140e-01
-6.624321280870790751e-01
-1.000000000000000000e+00
1.000000000000000000e+00
-5.705987386516875315e-01
5.854819162529703025e-01
1.000000000000000000e+00
6.821577229646054175e-01
1.000000000000000000e+00
-1.000000000000000000e+00
1.000000000000000000e+00
-1.000000000000000000e+00
-6.781033179651518861e-02
-8.382923027139399519e-01
-1.000000000000000000e+00
5.205616401859343156e-01
1.000000000000000000e+00
1.000000000000000000e+00
-7.017719273181887152e-01
-2.887144463827418517e-01
-3.393281467025198173e-01
1.000000000000000000e+00
-1.000000000000000000e+00
4.691824595517692931e-01
9.066964904950558513e-02
5.624235171080728124e-01
-6.426866068431703605e-01
-8.254406973202578213e-01
