9.475924579124215263e-01
-3.035389433132695824e-01
2.034540867448887624e+00
-8.692845318756940998e-01
2.871598640663033386e-01
-7.328345269242244608e-01
3.173909827893162117e-02
4.478324678171907713e-02
2.459403052276540880e-01
9.205135931639949476e-01
2.296289659734263022e-01
-4.484938482687308436e-01
5.577915223219858110e-01
-7.216662071663009215e-01
-9.990434037123955280e-01
-3.922234402012991783e-01
6.707759168886753276e-01
9.034924707397722354e-01
-1.452908358754456675e-01
2.204257631429908937e-01
-3.403456588237618874e-02
-8.195044085175349213e-01
-2.365954674311329331e+00
8.709123850725180027e-01
3.177288173830050688e-01
-1.692748660396201865e+00
1.829354340408646973e+00
4.068904966166164705e-01
2.090484129026499716e-01
-4.060862525488884156e-01
-7.000965230821925012e-01
-1.418144756229227088e-01
2.935414671690055322e+00
9.018102147417847991e-01
9.707536658994935230e-01
3.092721389974897317e-01
-7.714478268839839448e-01
3.735896073523139460e-01
-7.393809055633313587e-01
-2.218362379984497590e-01
-4.702610285989163863e-01
1.482304385714794392e-01
-8.623747847263831812e-01
-9.722787603585669736e-01
1.614430862197480110e-02
3.209718873840601283e-01
-3.109441976607933977e-01
-6.530489983607410398e-01
2.861012533882720810e-01
8.926898641311120652e-01
3.627954275610936197e-01
-4.084847241551242902e+00
-2.038030260801828586e-01
3.284646657892011934e-01
-1.974414419163887935e-01
9.199240035084397249e-01
3.040212950696126182e-01
-6.305932146498907098e-01
1.750869594837343168e-01
6.521060463971333210e-01
1.146701767197848554e-01
-9.261912887096270808e-01
5.592708271966619904e-01
-8.091892665365429949e-02
6.843801026047109382e-01
-4.639072272070356995e-01
1.893416701613424014e-01
8.643099499524011797e-01
-2.435515259490743212e+00
9.244994150617138473e-01
-5.128360965616410860e-01
3.820369857255374590e-01
2.782946061129312199e-01
7.175035480125224741e-01
5.718230303258144964e-01
2.579787171096725729e-02
-1.039738652466777324e+00
-4.329763155110772921e-01
-9.022693249706741359e-01
-8.580793769742880439e-01
8.664974913942371515e-01
9.021676288947100275e-01
-8.967458967977066653e-01
8.166966981699632644e-01
-8.727112346839605017e-01
-3.686050976247576827e-01
3.175848236184442008e-01
6.719169935424458284e-01
5.327966786675719657e-01
9.984596242773455810e-01
4.456702443400506475e-01
5.456571691345906139e-01
-3.318035476946614715e-01
-9.801513997523805255e-01
-8.392306815701342515e-01
4.117235614175307479e-01
4.619178261562328913e-01
4.756818721733522271e-01
6.926496568198619030e-01
-4.503531683610810799e-01
1.482328167991622259e-01
-5.654011923484847379e-02
6.745693916378436850e-01
-4.705869211369555494e-01
3.615776547926792261e-01
-6.856954537211334966e-01
5.080784809809717473e-01
2.963832299534625569e-01
-1.620462250831600226e-01
-9.983573500403992718e-01
-9.129421122120944254e-01
-7.926770265097025092e-01
9.431417736874407876e-01
-2.974765553086373693e-01
-8.485755269626353847e-01
7.636063541046755887e-01
-1.368587709841958322e+00
2.377052446642369254e-01
-8.983820845020080714e-01
1.332129288200375239e+00
-8.205787541887048508e-01
-2.525172595007757259e+00
-6.507371833189070642e-01
5.687191334992107716e-01
-8.381428918119973037e-01
9.883597808176745048e-01
6.264888534849593071e-01
-2.838838297308794445e+00
-3.365528805500308529e-01
-8.465793596148680766e-01
-2.071345496464251923e-01
-8.359333486953144376e-01
6.026522880642151136e-01
-7.864258493277642703e-01
8.153618761791217029e-01
3.099914163318249205e-01
2.412400568672694146e+00
-1.320420318763642076e-01
-1.348839071881615670e-01
3.024583160852833963e-01
7.389101984363446451e-01
3.876134027624027478e-01
-8.775979297110099164e-01
8.670547017395220379e-01
-5.672593819000791848e-01
-6.225403264470650289e-01
1.483213189379659624e-01
-5.669415335740235484e-02
-6.286153684981325984e-01
3.393031169473881281e+00
8.315842017284000853e-01
6.987456795959632316e-01
1.701757633465943442e-01
-6.074273629716562262e-01
9.443266060007380336e-01
-1.408365198219019288e-01
-3.606309695251563863e-01
4.234105350329466777e-01
1.961482576893956775e+00
6.745163313500157631e-01
-9.469865745820118530e-01
4.600885745931095894e-01
-1.767288164758500368e-01
4.244063760527938545e-01
9.849757055712002884e-01
-7.863267110440861352e-01
-6.877952509936977599e-01
4.228530596255799523e+00
-7.337714302730518057e-01
4.476514601518470915e-01
2.418116946101449560e-01
-1.001127563390848518e+00
8.556233070477251013e-02
-3.809114078954063398e-01
3.149115624247419198e+00
4.542278981983174369e-01
8.106018359552058516e-01
9.328494470184778287e-02
-3.143569162207284773e-01
-7.248142778873689629e-01
4.320759349055105503e-01
8.353288970284844517e-01
7.299916802195463017e-01
3.454161272215268141e-01
-1.712342190078748549e+00
-9.801269314030338631e-01
-9.796929256775888106e-03
-5.303871206533861127e-01
-7.432642095068420218e-02
-4.500344177546011792e-01
-8.342273994235958057e-01
-9.138541506392461322e-01
7.173597654692982495e-01
-4.727003266255229708e-01
1.597317985058650525e-01
5.198914526843252393e-01
-4.382976210947358009e-01
7.707612376504955343e-01
-1.667763099793146964e-01
8.617725864562140181e-01
-1.904153766627734168e-01
9.574010210387262632e-01
2.179277482257804266e-01
-8.036732092990934717e-01
3.819175207423746166e-01
5.146801087793733132e-01
-9.626338063084773911e-01
5.918490379639775867e-01
-8.285892690845286790e-01
-1.030957827984990693e-01
-2.565166765577286956e-01
2.758283954339013633e-01
3.943465588975669789e-01
-6.429982683766199969e-01
8.051052950076249548e-01
-3.495806227594726145e+00
-3.426555040299148480e-01
-7.131634026902928802e-01
7.632378166841635725e-01
3.019605861847667327e+00
-5.047241890263953756e-01
-4.489945867421276660e-01
8.769060048502343996e-01
3.785543111870064426e-01
-4.573514010857671064e-01
3.402394701816289224e-01
9.547938059984550918e-03
6.227762850534981354e-01
3.157242820906720482e-01
-6.953893727649298473e-01
4.626737104434446302e-01
4.854087642943678560e-01
-3.779235463091492608e-01
5.403106975690628033e-01
-9.222358546856654904e-01
5.656809421071715693e-01
-6.140430688203413201e-01
7.350963781702264388e-01
1.764721673715521355e+00
-5.153414655632893027e-01
-7.847744939220122617e-01
-2.432779342402240363e-01
3.306224818346472638e-01
-3.523767137601243604e-01
-2.288550026018076888e-01
-7.215666636606150597e-01
6.652372411541904729e-01
6.540305011242788513e-01
-2.881080119360717173e-01
1.371954800495445159e-01
-9.621514797244441475e-01
9.015372777645846991e-01
8.307962858201196621e-01
-7.921534926868634141e-01
-9.840396620768947500e-01
-2.155089923141035868e-01
3.020736173493152599e-01
3.407108337891622263e-01
-9.568094793077976945e-01
-9.224326630123431681e-01
6.767947330057211275e-01
-7.810354116933915236e-02
6.754095870765901566e-01
5.410933253592435932e-01
6.693393578572552904e-01
