-4.774390553583349739e-01
4.947238847320003519e-01
6.144174335348973059e-02
1.000000000000000000e+00
-5.777904445946757672e-02
-1.000000000000000000e+00
1.000000000000000000e+00
4.054295412895739248e-01
-1.000000000000000000e+00
-1.000000000000000000e+00
-1.652871437706229796e-01
-1.000000000000000000e+00
5.484094725303800821e-01
-1.000000000000000000e+00
3.991496413213673211e-01
1.000000000000000000e+00
4.793146697451066141e-01
-1.000000000000000000e+00
-4.906552821803393805e-01
5.078920248338072430e-01
-1.000000000000000000e+00
-1.000000000000000000e+00
1.000000000000000000e+00
8.513019219400022042e-01
-1.000000000000000000e+00
-1.000000000000000000e+00
-1.000000000000000000e+00
1.000000000000000000e+00
-1.000000000000000000e+00
-1.000000000000000000e+00
-2.696424821479730394e-01
-1.000000000000000000e+00
-1.000000000000000000e+00
1.000000000000000000e+00
6.326169509554839809e-01
-2.803360291297166684e-01
-5.305542335328439912e-02
1.734251574151958464e-01
3.336659114613027555e-02
-1.193259567788570452e-01
1.000000000000000000e+00
1.000000000000000000e+00
1.000000000000000000e+00
-2.424867499681545857e-01
-1.000000000000000000e+00
-8.141490627011886971e-01
1.000000000000000000e+00
1.003478577176513120e-01
-7.561659014079167296e-01
5.908194672514828216e-01
2.005024514200468566e-01
-1.000000000000000000e+00
-8.151416594571050389e-01
1.000000000000000000e+00
9.191019728773446307e-01
-1.000000000000000000e+00
6.979261952423347903e-01
9.500657602084860986e-01
-1.000000000000000000e+00
1.000000000000000000e+00
-9.538414877882638310e-01
-1.000000000000000000e+00
-3.590880131461580138e-01
3.468780539537896224e-01
-5.540169777250268934e-01
-1.000000000000000000e+00
-6.580852511694363915e-01
-1.922631517058132622e-01
-1.000000000000000000e+00
1.000000000000000000e+00
-1.000000000000000000e+00
1.000000000000000000e+00
-1.000000000000000000e+00
-9.325581498920867407e-01
-4.557143673345354085e-01
-1.000000000000000000e+00
-8.232411595429491857e-01
-1.000000000000000000e+00
1.000000000000000000e+00
1.000000000000000000e+00
2.317754992964365934e-01
1.000000000000000000e+00
1.000000000000000000e+00
1.000000000000000000e+00
-1.000000000000000000e+00
9.521561420704079959e-01
-1.000000000000000000e+00
7.050844846357890994e-01
6.869961237682130628e-01
1.000000000000000000e+00
-2.220122386871228870e-02
1.275459530265902752e-01
2.611349836248504919e-01
4.230827958929606059e-01
1.000000000000000000e+00
-1.887237365662515209e-01
-1.000000000000000000e+00
-1.000000000000000000e+00
-3.355586263600540686e-02
5.829798364993719062e-01
-3.209731023232760272e-01
6.939777309475348988e-01
1.000000000000000000e+00
1.000000000000000000e+00
-1.000000000000000000e+00
-3.984173228101488551e-01
-7.424997858934765382e-01
-5.447943328227387028e-01
-1.000000000000000000e+00
-1.000000000000000000e+00
1.000000000000000000e+00
1.000000000000000000e+00
1.000000000000000000e+00
9.244282519800720577e-01
1.000000000000000000e+00
-1.000000000000000000e+00
-1.000000000000000000e+00
1.000000000000000000e+00
6.923250134633344155e-01
-5.448701752857487701e-01
-1.038012998176085500e-01
-1.000000000000000000e+00
4.305436326431548721e-01
-1.000000000000000000e+00
1.000000000000000000e+00
-1.000000000000000000e+00
-1.000000000000000000e+00
3.536643358287296923e-01
-1.000000000000000000e+00
-7.315085730764003813e-01
1.000000000000000000e+00
-9.129077340603830582e-01
-8.976096710596177530e-01
2.951262711542830264e-01
-1.000000000000000000e+00
1.000000000000000000e+00
5.772688008099730039e-01
-2.031411364691579902e-01
1.000000000000000000e+00
-2.118470211046882268e-01
6.141381653359119230e-01
1.000000000000000000e+00
9.398053834288799813e-01
-1.000000000000000000e+00
-1.623611460374129178e-01
-2.735411651344870076e-01
7.767006473010692469e-01
-1.000000000000000000e+00
8.662133783373712204e-01
1.000000000000000000e+00
-1.000000000000000000e+00
-4.113793304739340462e-01
-1.000000000000000000e+00
5.833263001221720145e-01
1.000000000000000000e+00
-1.000000000000000000e+00
-6.741306354098142162e-01
-3.598248856659167494e-01
3.788462077994889654e-01
-1.000000000000000000e+00
5.913860099103607215e-02
5.747617620284756201e-01
1.000000000000000000e+00
3.718991341368493853e-01
-1.000000000000000000e+00
1.000000000000000000e+00
-6.245171662953923342e-01
8.355763927054824514e-01
-1.000000000000000000e+00
1.000000000000000000e+00
1.000000000000000000e+00
-1.000000000000000000e+00
1.000000000000000000e+00
-8.050905335810143448e-01
6.994225194959546865e-01
3.814695513106162172e-01
-2.911244166447914949e-01
4.507294660828146116e-01
-1.000000000000000000e+00
-1.000000000000000000e+00
2.478896204447867957e-01
7.606946746520357738e-01
8.304026550572688459e-01
1.000000000000000000e+00
-4.974676818740286222e-01
-8.495558303093950769e-01
-1.000000000000000000e+00
5.720316083790673023e-01
-1.000000000000000000e+00
-2.255820105965500311e-02
2.837704586970324350e-02
-1.000000000000000000e+00
1.000000000000000000e+00
-1.000000000000000000e+00
2.080020908297453008e-01
-7.180908073568388339e-01
-1.231042344264616784e-01
1.000000000000000000e+00
-6.003506063972774420e-01
-1.000000000000000000e+00
-1.000000000000000000e+00
-1.000000000000000000e+00
1.000000000000000000e+00
-1.606609011951165567e-02
-1.000000000000000000e+00
-2.402544269870293681e-01
3.810844294805000865e-01
-2.265757334067864948e-01
4.157227265130665206e-01
-1.000000000000000000e+00
-1.000000000000000000e+00
-9.102940747078615003e-01
1.000000000000000000e+00
1.000000000000000000e+00
1.287157111254153552e-01
1.000000000000000000e+00
1.000000000000000000e+00
-1.427917698210393604e-01
5.603804367856428659e-01
-3.149482534315454219e-01
-1.000000000000000000e+00
-1.000000000000000000e+00
5.008284102011462124e-02
-1.000000000000000000e+00
-7.838216766036972816e-01
8.681997549487563415e-03
-1.000000000000000000e+00
-4.185889416050614376e-01
-1.000000000000000000e+00
1.000000000000000000e+00
-2.978036760279095807e-01
-1.000000000000000000e+00
-1.000000000000000000e+00
-6.016561053929675440e-01
-8.327082381698681646e-01
1.000000000000000000e+00
1.000000000000000000e+00
1.000000000000000000e+00
7.660512324100157144e-01
-3.367511598114019122e-01
-3.070375700502337990e-01
-1.000000000000000000e+00
1.000000000000000000e+00
1.000000000000000000e+00
1.000000000000000000e+00
-1.392248342156232610e-03
1.000000000000000000e+00
-1.000000000000000000e+00
1.000000000000000000e+00
1.000000000000000000e+00
-4.286931229125912068e-01
-1.000000000000000000e+00
-1.197805465104004874e-01
1.000000000000000000e+00
-1.000000000000000000e+00
3.993304719504095490e-02
-2.267230404771626018e-01
-2.914066992318820049e-02
7.146821718122965406e-01
-1.000000000000000000e+00
1.000000000000000000e+00
-5.817258778786776885e-01
1.000000000000000000e+00
2.481800938544461710e-01
4.433380901779119254e-01
