8.434367990884834576e-01
-8.522776573936921007e-01
-1.000000000000000000e+00
-1.000000000000000000e+00
9.850690891965434570e-01
1.000000000000000000e+00
1.000000000000000000e+00
1.000000000000000000e+00
-8.619084705099595567e-01
2.321065930350720841e-01
-1.000000000000000000e+00
1.000000000000000000e+00
-1.141960735238377600e-01
-1.000000000000000000e+00
9.707660879519082187e-01
9.190889922972261816e-01
1.000000000000000000e+00
-1.000000000000000000e+00
-1.000000000000000000e+00
6.278571411376177025e-02
-7.919345491568275941e-01
9.245415440878659297e-01
3.453468662548500046e-01
-6.368290872401840552e-01
6.810678125532254601e-01
1.000000000000000000e+00
2.499426234065660335e-01
-8.992840468949880872e-01
1.000000000000000000e+00
-9.571830677387596076e-01
-1.000000000000000000e+00
-4.627957317685338356e-01
-1.000000000000000000e+00
-1.619927990826345310e-01
-1.000000000000000000e+00
1.000000000000000000e+00
6.671053580085233303e-01
6.574432259430609271e-01
-3.421970719900244706e-01
-2.724022110792573281e-01
-1.000000000000000000e+00
8.243166407743196533e-02
6.000229460279351557e-01
-8.923039685944756938e-01
-1.000000000000000000e+00
1.000000000000000000e+00
-1.000000000000000000e+00
1.000000000000000000e+00
-2.874967702299212613e-01
1.000000000000000000e+00
1.000000000000000000e+00
1.989269950525455188e-01
-6.623172151563825327e-01
-6.208425700470687758e-01
8.236757271104563349e-01
-6.566272900540203183e-01
-8.367941504634708316e-01
1.000000000000000000e+00
-1.000000000000000000e+00
-6.788005446610843041e-01
-3.761512618655973306e-01
-5.397945723253094741e-02
-1.417313349105628340e-01
8.008726807332466890e-01
-1.000000000000000000e+00
1.000000000000000000e+00
-4.345528700283018964e-01
1.000000000000000000e+00
-8.680608525752951943e-01
2.508916973867074685e-01
1.000000000000000000e+00
1.000000000000000000e+00
-6.986689262112161236e-02
-1.000000000000000000e+00
1.000000000000000000e+00
9.800691570345254622e-01
-5.597154718314412136e-01
1.000000000000000000e+00
5.034325370145749101e-01
4.013985186890305368e-01
-7.341845942497944311e-01
-7.751390665792500245e-01
1.000000000000000000e+00
-1.000000000000000000e+00
-9.213507614523140932e-01
1.000000000000000000e+00
6.034768184815453296e-02
-7.540944288060690281e-01
1.000000000000000000e+00
-1.000000000000000000e+00
-1.000000000000000000e+00
5.712725204161254178e-01
1.000000000000000000e+00
-1.000000000000000000e+00
-1.000000000000000000e+00
-5.635656779052972132e-01
-4.909050032157169507e-01
-2.842908722391396248e-01
8.374791659197242666e-01
1.000000000000000000e+00
-1.000000000000000000e+00
-1.000000000000000000e+00
-1.000000000000000000e+00
4.779229361123029651e-01
-1.592026462168818490e-01
-5.560665223008323110e-01
-1.000000000000000000e+00
-4.571621894834216326e-01
-1.000000000000000000e+00
8.989732310490706757e-01
1.000000000000000000e+00
-1.000000000000000000e+00
-1.000000000000000000e+00
6.327429440418942397e-01
6.333527060320981450e-01
-1.000000000000000000e+00
-1.000000000000000000e+00
-3.276152453819622945e-01
-4.396709580626216862e-01
-1.000000000000000000e+00
5.376801387260209397e-01
-3.931702889125319178e-01
-1.000000000000000000e+00
-1.655970769130660214e-02
-1.000000000000000000e+00
-3.052496942051899920e-01
-5.509397208957015346e-01
1.000000000000000000e+00
2.312295662768423243e-01
1.000000000000000000e+00
1.000000000000000000e+00
5.525451414161128838e-01
1.000000000000000000e+00
1.000000000000000000e+00
7.444962630012961213e-01
-1.000000000000000000e+00
1.000000000000000000e+00
4.462977367330767109e-02
7.219584413845782089e-01
-1.000000000000000000e+00
1.000000000000000000e+00
-6.107110951384551178e-01
-1.000000000000000000e+00
6.330251053984707887e-01
-1.000000000000000000e+00
1.000000000000000000e+00
-1.000000000000000000e+00
1.000000000000000000e+00
-1.000000000000000000e+00
2.348409051213936338e-01
-1.000000000000000000e+00
1.000000000000000000e+00
8.368102727509676431e-01
-3.484972290142336337e-01
1.000000000000000000e+00
1.000000000000000000e+00
-1.000000000000000000e+00
3.326924347018749284e-01
-1.000000000000000000e+00
-4.372214755898440330e-03
-1.000000000000000000e+00
-1.000000000000000000e+00
-1.000000000000000000e+00
-1.000000000000000000e+00
1.000000000000000000e+00
4.451963275871825276e-01
6.038842858326046725e-01
-1.565943081881934207e-01
-1.000000000000000000e+00
-5.981851950199801315e-02
1.000000000000000000e+00
1.704443181319028611e-01
7.273439910864798463e-01
1.000000000000000000e+00
-1.000000000000000000e+00
1.501988131645143332e-01
-1.000000000000000000e+00
1.000000000000000000e+00
-1.000000000000000000e+00
-2.618035483060108248e-01
-1.000000000000000000e+00
-1.000000000000000000e+00
1.000000000000000000e+00
1.905526667640429772e-01
-9.483115192197016929e-01
-1.000000000000000000e+00
-1.000000000000000000e+00
9.466870287646406146e-01
-1.000000000000000000e+00
-1.000000000000000000e+00
-1.000000000000000000e+00
-6.865283119932142908e-01
-2.450267758625676029e-01
-4.641237303327946928e-02
3.717204944885238449e-01
8.744956518394342293e-01
4.162024175072096543e-01
-1.000000000000000000e+00
1.000000000000000000e+00
-1.000000000000000000e+00
7.611956405626523203e-01
-8.400853158909357132e-01
5.309384322878197837e-01
1.000000000000000000e+00
1.000000000000000000e+00
-4.684544810859025965e-01
1.000000000000000000e+00
-1.000000000000000000e+00
-1.000000000000000000e+00
-9.511385095621728292e-01
-1.000000000000000000e+00
2.206221770588423503e-02
1.000000000000000000e+00
1.000000000000000000e+00
1.000000000000000000e+00
1.000000000000000000e+00
1.000000000000000000e+00
1.000000000000000000e+00
3.236282990744558941e-01
7.378194340719830269e-01
1.000000000000000000e+00
1.000000000000000000e+00
-4.517651338119701432e-01
1.000000000000000000e+00
-4.537505004085585214e-01
1.000000000000000000e+00
1.000000000000000000e+00
-4.913195926026956428e-01
1.000000000000000000e+00
-1.000000000000000000e+00
-1.000000000000000000e+00
5.807570517902296281e-01
8.285357013608229959e-01
-1.071715245825966001e-01
4.058691706687396761e-01
1.000000000000000000e+00
1.000000000000000000e+00
1.000000000000000000e+00
1.000000000000000000e+00
1.000000000000000000e+00
-1.000000000000000000e+00
1.000000000000000000e+00
-1.000000000000000000e+00
1.000000000000000000e+00
5.597752303897202131e-01
1.000000000000000000e+00
1.000000000000000000e+00
8.466914208501027383e-01
-4.696952932008458537e-01
-3.150220166315842452e-01
7.265788673360330518e-01
-1.000000000000000000e+00
1.000000000000000000e+00
-6.992505992938329307e-01
-1.000000000000000000e+00
-4.839261665132362777e-01
1.000000000000000000e+00
-1.107910838067684978e-01
1.000000000000000000e+00
-5.690815743200074994e-01
1.000000000000000000e+00
-1.000000000000000000e+00
1.000000000000000000e+00
5.997262591236691698e-01
-1.000000000000000000e+00
