6.382417860554351341e-01
-7.995215594898523737e-01
1.000000000000000000e+00
-1.000000000000000000e+00
1.000000000000000000e+00
-6.515932750231945292e-02
6.287830454926424117e-03
6.200910210750070206e-01
-1.000000000000000000e+00
5.923068691357684656e-01
1.000000000000000000e+00
-1.000000000000000000e+00
8.358221932607604598e-01
-6.107365427775888200e-01
-7.569649855854732046e-01
6.928097573720972679e-01
-4.859313555505706539e-02
1.000000000000000000e+00
1.000000000000000000e+00
5.017552248436598639e-01
7.815403121356547800e-01
9.217885091960250632e-01
-2.918463210249815365e-01
-3.011334273389145721e-01
-5.487119969795537511e-01
-1.000000000000000000e+00
-9.489331625602450693e-01
-2.264261077857528948e-01
-1.000000000000000000e+00
-1.366653039579188711e-01
-2.217805105977282698e-01
6.056044327441256758e-02
-1.000000000000000000e+00
5.851931519836359730e-01
5.808147623657633485e-01
-1.209108590252629956e-01
-1.000000000000000000e+00
1.000000000000000000e+00
-2.515405130970973513e-01
1.000000000000000000e+00
-5.976187072693172064e-01
1.000000000000000000e+00
-1.577525029634621045e-01
-1.000000000000000000e+00
3.769314953605706897e-02
3.563770472129050848e-01
-7.668893876035773882e-01
4.297084383615447090e-01
-6.006339061706195137e-01
-5.002809505962464431e-01
5.989178316084430020e-02
-8.130550019964921660e-02
-5.200241545692774192e-01
1.000000000000000000e+00
1.000000000000000000e+00
1.000000000000000000e+00
-5.511568529826698093e-01
-1.364015281001018653e-01
-1.000000000000000000e+00
6.955300450421163516e-01
4.883939963708903154e-01
1.958113336424461282e-01
-7.733258492731011069e-01
-9.334714015525412689e-01
6.468417019887675590e-01
1.000000000000000000e+00
-5.272992438146639760e-01
-8.322051764863647172e-01
2.781883484180425747e-01
-1.000000000000000000e+00
-4.708438613011601825e-01
8.643804725720375393e-01
1.000000000000000000e+00
4.017367280856982692e-01
-8.210132106919734163e-01
1.771799105173883504e-01
-5.539998809785489087e-01
7.406334783251867782e-01
-1.000000000000000000e+00
5.450112155261717106e-01
-2.390595655494134331e-01
-4.107808281682814311e-01
1.000000000000000000e+00
6.718387690762190889e-01
6.854834278208198350e-01
-1.000000000000000000e+00
4.496389151232254022e-01
3.829164752160568730e-02
1.000000000000000000e+00
-1.000000000000000000e+00
-7.330032631452871872e-01
1.000000000000000000e+00
-1.000000000000000000e+00
1.000000000000000000e+00
-2.814717545476115301e-01
-1.391544653190328606e-01
-9.830462371039105918e-02
1.000000000000000000e+00
-1.659592028535650243e-01
-8.229144020681833371e-01
9.645102331713619748e-01
-7.851297386047717541e-01
-4.497731007436209238e-01
-7.675046199561958993e-01
6.793293173822503306e-01
-3.316000994956316283e-01
-3.660874337525483746e-01
1.000000000000000000e+00
-5.469956738250747463e-01
-8.210153795414941724e-01
1.635103637174978308e-02
-3.503454064172011884e-01
-1.000000000000000000e+00
-3.036338437075063457e-01
3.477550690403676814e-01
6.701865624553364764e-01
-9.721495837919336136e-02
9.755783484631006530e-01
-1.210494665608887743e-01
6.034458795160752009e-01
-6.061916855242057700e-01
1.000000000000000000e+00
9.082224171816870584e-01
-9.919925643443796570e-01
-5.893423304307430222e-01
5.096249350894105357e-01
-6.423641500209688049e-01
4.603459396835046791e-01
1.000000000000000000e+00
-6.034793268827635115e-01
-7.802135913719393523e-01
7.742092735632883915e-01
1.000000000000000000e+00
-1.000000000000000000e+00
1.000000000000000000e+00
4.243084162856777253e-01
-3.131292691355074265e-01
-9.364859868082824335e-01
3.367990718778790526e-01
4.028530129495878631e-01
-3.357541234076317771e-01
3.006402882487694272e-01
-7.056961915491339887e-01
6.769596287984054328e-01
-1.000000000000000000e+00
-1.000000000000000000e+00
1.000000000000000000e+00
-8.667749200724690350e-01
7.172532443591184137e-01
5.075125935833069146e-01
-1.000000000000000000e+00
7.840709680021155092e-01
-1.000000000000000000e+00
5.885901733252703050e-01
-5.196528269392470811e-01
3.983132255306312541e-02
8.012464288772029875e-01
-1.000000000000000000e+00
-1.000000000000000000e+00
1.000000000000000000e+00
1.000000000000000000e+00
5.214944456837573572e-01
1.000000000000000000e+00
3.097284983170625061e-01
4.859477148300754834e-01
1.000000000000000000e+00
-1.000000000000000000e+00
-7.387909343570322473e-01
-2.536052761677596301e-01
6.392885215222698925e-02
5.484693131894714524e-01
2.282994618862074221e-01
6.918688031916673253e-01
-8.407721034182369380e-01
-1.000000000000000000e+00
-5.654371237647715098e-02
-5.941111223795557672e-01
1.000000000000000000e+00
-4.345856838600661298e-01
-1.000000000000000000e+00
9.790381514447603628e-01
-1.705851241987497713e-01
-1.379430806900331374e-01
3.516495904632125358e-01
-9.676522345538429715e-01
6.198258735662489638e-01
-1.000000000000000000e+00
1.000000000000000000e+00
6.649140425186339520e-02
-2.007547130440773264e-01
-3.776137359141913397e-01
1.000000000000000000e+00
9.746387477376737829e-01
2.462392130648204391e-01
3.368063097550186846e-01
2.062544239046426031e-01
-5.974530609556054639e-01
-1.000000000000000000e+00
3.143923657646593428e-01
-8.160600796924810663e-02
-2.598152017590946716e-01
3.375650657834626811e-01
1.133966226997251692e-01
-5.800726311455568496e-01
-3.816711477005242381e-01
1.000000000000000000e+00
3.167702937112714667e-01
-1.000000000000000000e+00
1.000000000000000000e+00
2.068893011409537186e-01
1.000000000000000000e+00
1.000000000000000000e+00
1.000000000000000000e+00
-6.367045902114885081e-01
-4.464911469542731659e-01
-2.897973168723029236e-01
1.000000000000000000e+00
-4.128640946695366076e-01
7.566140324690042718e-01
3.641722495371705337e-01
-1.000000000000000000e+00
-3.759587642362230420e-01
-1.000000000000000000e+00
-3.392125425315176135e-02
-7.686172870032281779e-01
1.000000000000000000e+00
1.000000000000000000e+00
8.616933058770729348e-01
2.892339966778376681e-01
2.793494074979233077e-01
-1.529960180830136629e-01
-1.694779349338722541e-01
4.062656981510766041e-01
1.000000000000000000e+00
1.000000000000000000e+00
-3.707483677554875845e-01
1.780741354291207057e-01
6.911705379926775805e-01
-1.000000000000000000e+00
-3.041225510855860570e-02
-4.522941746506990990e-01
-1.000000000000000000e+00
1.592602635904165620e-01
1.269051679247562570e-01
9.288451944567752694e-01
1.000000000000000000e+00
-5.086238763136996521e-01
-1.508762226196773693e-01
6.738212023309313459e-01
6.098092499324359039e-01
-4.720659018308124288e-01
2.470986167782621701e-01
6.169275567319735254e-01
4.438124558611475923e-01
-9.389082443493106389e-01
2.096914075092448648e-02
2.736432627102591830e-02
7.268446837073212485e-01
8.740687909653561682e-01
5.860702306678832185e-01
1.542524318988607313e-01
3.774138431479535649e-01
9.368035488064903049e-01
6.616347447136642357e-01
-1.000000000000000000e+00
