2.038917081828135469e-01
-2.729306684349372958e-01
4.997119847366664480e-01
4.178329686630415374e-01
-8.467423748801590211e-01
3.946534656787981099e-02
-9.179501086379855401e-01
-4.764268337911250484e-01
-7.238651109736691236e-01
-1.375529561622195196e-01
-3.968968121759868239e-01
-2.199921698444040619e-01
-5.322170098812881722e-01
-7.872328563530794909e-02
8.365584483213650557e-02
-3.305951321910862717e-01
7.186957253782899624e-01
-3.212910422392709631e-01
-1.015249344213851046e-01
-7.371448324924276818e-01
-5.661509675342588643e-01
-8.857038176390030770e-02
4.690175933168683198e-01
-5.479694657786660095e-01
5.768611560612892930e-01
3.469777871290202764e-01
-6.375202026639352759e-01
1.722646971364838464e-02
-1.748402627705540890e-01
-2.755808893068520948e-01
-7.688633724383131529e-01
2.853300952336539353e-01
-3.298412589905261871e-01
-7.200961434830217556e-01
1.721774001127518439e-02
-5.314712322987866777e-01
-7.504169064996981664e-01
9.196189891067925171e-01
-5.793659054988080648e-01
-4.110092520667627536e-01
2.213834055905403719e-01
-1.985380435178716318e-01
3.657407481189398624e-01
4.714771045178665076e-01
1.752288882887236277e-01
-3.128097758879211376e-01
8.473645656683899130e-01
-5.052637573064753251e-01
-3.387496634235702686e-01
8.552396054213211585e-01
-9.394887097223347805e-01
-5.386414542903619207e-01
1.842192032796607926e-02
-9.632874964494739789e-01
-2.059633949064993974e-01
-5.781188971917103903e-01
-7.459167464869116415e-01
-5.646373423948327641e-01
6.803227569392200635e-01
1.864201873611577298e-01
4.220154333287142734e-01
-4.932746295497330014e-01
-1.135051612000530508e-01
-7.822627514528768256e-01
-9.887136680057482252e-01
-8.295943896429187614e-01
-5.866990619113587879e-01
1.004006802441541613e-01
-4.096940642207469452e-01
-4.541300721997614254e-01
5.299629799587624035e-02
-3.740616349516856509e-02
6.933945365070910416e-01
3.587099882763311598e-02
-4.934285116967391804e-01
-6.460226604689143226e-01
9.896948933139093629e-01
3.277197780261009719e-01
-8.128681623546407664e-03
-3.641005745755068190e-01
-3.808644252175958922e-01
-7.315416886100780669e-01
-1.604251257120965501e-01
-9.542931907224068144e-01
7.717970903775281943e-01
-4.759260797432007806e-01
4.085887761878401747e-01
-6.478127684208900838e-02
7.873081915898529903e-01
-5.427121480508272366e-01
4.076983898768737902e-02
7.201430682857878907e-02
-2.620197228105789478e-01
-8.031170182009359504e-01
7.031244578965898384e-01
-3.388162477925458216e-01
-2.312709559977972340e-01
-9.642029835892922396e-01
6.783408615347457093e-01
-7.203066380661016233e-02
3.166376252761791132e-01
-4.081806496866906553e-01
-2.077931849390108887e-01
9.083310004769933332e-01
-1.711366278334864877e-01
4.871083720382514137e-01
-9.316149529037134336e-01
2.352293463314600874e-01
-5.174851766542065690e-01
2.401051062284862425e-01
7.549738932362872745e-01
-6.015273806402787748e-02
6.865223722501070380e-01
-2.235920912308233532e-01
-4.703530441887759928e-01
-8.166114380481703794e-01
5.200559024302542355e-01
-5.916455522064789641e-01
1.784895285490699646e-01
3.128187135563267329e-01
1.824695800316074035e-01
-2.191645680339511237e-01
8.276837845350186740e-01
-4.417349217949275708e-01
7.769617056412827516e-01
7.141399991636177003e-01
-2.003300020883982402e-01
-3.371637756682099862e-02
4.861592621020323080e-01
-1.959215441791550827e-01
2.054559826554380741e-02
4.605394313302557663e-01
9.059690532046993372e-01
-1.987172331513054058e-01
-3.247980002351218420e-01
9.028606348762053813e-01
1.320173628311107628e-01
-8.874588745574543136e-01
-5.967696625109639719e-01
-6.479301813359090723e-01
-8.372667920025285149e-01
9.811891986347309746e-01
-1.981714786669486195e-01
-6.255218279238339285e-02
8.833583705363001748e-02
2.181541860686457834e-01
-2.211183840650947641e-01
-5.523692969627052030e-01
6.868212785380027885e-01
-8.831830702868563865e-01
-3.916604540772830045e-01
-1.393094945872836998e-01
3.639629970194664388e-01
-8.072608226459059289e-01
-8.360428513744373458e-01
2.356794663149961444e-01
9.211628605368311629e-01
4.382041349901109051e-01
-4.463671111329972074e-01
4.669495325891266369e-01
-9.702175105096926266e-01
-6.674582182718611367e-01
3.289204114539445722e-01
6.693035885368958660e-02
-8.300596032910345645e-01
3.700851923578005742e-01
-6.080701018695633397e-01
-7.809380456503709489e-01
-6.019533024996701620e-01
1.087885262464667324e-01
2.806243703598896300e-01
-8.454649379150631638e-01
3.133180255679135495e-01
9.482924331069586543e-01
8.073017312741894713e-01
-5.373679356497595982e-02
2.051680328902265593e-01
1.773234617041563599e-01
3.741850013072263170e-01
9.831513127379363226e-01
6.676885308291293786e-01
-6.326833643545382024e-02
-6.538726871758349102e-01
-4.489088002925907261e-01
-5.384946210524472754e-01
6.899999644000425203e-01
-8.764031071725053579e-02
-8.445820098598508796e-01
6.750713481039682939e-02
5.609209776106276468e-01
-1.636449885801896098e-01
2.136330866187010624e-01
-7.107019429577436931e-01
-4.784439552035533172e-01
7.819113234227004217e-01
-9.974381761150867831e-01
6.712461621191960770e-01
-4.675602912022924773e-01
-1.842873438658052532e-01
-7.541050664498725187e-01
-2.185813363236275286e-01
6.150190409015665605e-01
7.085088346502323997e-01
-1.415174640688814378e-01
6.777752436651940382e-01
-2.496753161154114942e-01
-6.240143954112742364e-01
-8.599160009953776829e-01
8.261507717074028090e-01
4.094406841339415237e-02
-8.747496769806883954e-01
-2.186271654284479560e-01
-8.387422096948919936e-01
7.708696229291129853e-01
4.755023531143223181e-01
9.854139015495917420e-01
-6.343251849267741438e-01
-9.403803140843838282e-01
-5.498277767782695502e-01
-4.726526545529963208e-02
1.225675147315690161e-01
-2.300446484761435872e-01
-8.145741282650627024e-01
5.565721404602832489e-01
5.637913330548189883e-01
2.652597168116013204e-01
-3.686394749359434009e-01
-5.085936207619159433e-01
-6.285996279497221284e-01
7.230846252723834855e-01
-1.159539100862680971e-01
-8.117538748619779199e-02
-1.018483807094943128e-01
1.664672157680449072e-01
7.830241964932542764e-01
-6.559582930491978381e-01
9.600504684983595105e-01
-5.048170080345331101e-01
-9.195532128035399655e-01
-1.302992794695356782e-01
-2.799666130392139962e-01
1.514288857741408201e-02
-6.114415765654230839e-01
-2.706423256758776485e-01
-8.007055130778928387e-02
6.520348115519305487e-01
6.272057792282776933e-01
-7.165568942821356480e-01
9.720710000887509139e-01
2.449604991609386495e-01
-7.688492104158686224e-01
-7.162618090398287229e-01
5.595778384562719587e-01
2.377195143191117577e-01
1.067166064156150895e-01
5.913099203255973713e-01
9.299842369696600386e-01
9.035998987713624864e-01
3.669118758031086891e-02
-5.630086141172829794e-01
3.057921966801011582e-01
5.868349014425315868e-01
-8.553634951873412273e-01
6.970600613855189032e-01
8.490440002427572797e-01
