1.000000000000000000e+00
4.121516327550986958e-01
-1.000000000000000000e+00
1.000000000000000000e+00
-2.183415608933691465e-01
-1.000000000000000000e+00
-1.000000000000000000e+00
8.565652834894508239e-01
-2.670049610461799894e-03
1.714405835809220680e-01
1.000000000000000000e+00
-4.331721230504024245e-01
1.000000000000000000e+00
1.974746707137662316e-01
8.285496401953179602e-02
1.000000000000000000e+00
1.000000000000000000e+00
4.589001740276986707e-01
-1.000000000000000000e+00
-3.981043019162106011e-01
3.739371003185294473e-01
-1.755940918938936335e-02
7.781922179756523006e-01
-9.354736179376894611e-01
-2.239339672174656126e-02
1.000000000000000000e+00
1.000000000000000000e+00
7.300379496170859017e-01
1.000000000000000000e+00
7.023171412832185379e-01
9.050082142825833786e-01
1.000000000000000000e+00
8.882780320824572584e-01
1.000000000000000000e+00
1.000000000000000000e+00
-4.132985192775049388e-01
1.000000000000000000e+00
-7.032733620069249181e-01
1.000000000000000000e+00
-1.000000000000000000e+00
1.000000000000000000e+00
1.000000000000000000e+00
-3.699660142705469834e-01
-2.068601945464165759e-02
-1.585826372625725456e-01
-2.491152149659721093e-01
-1.000000000000000000e+00
-1.000000000000000000e+00
-1.000000000000000000e+00
1.000000000000000000e+00
1.862216130104741296e-01
-1.000000000000000000e+00
3.431590014285360035e-01
1.028946812608726447e-01
1.000000000000000000e+00
-1.000000000000000000e+00
8.925485674401376635e-01
2.865157014783908385e-01
1.858463618566293940e-01
-1.000000000000000000e+00
-5.203678112167446912e-01
1.000000000000000000e+00
1.000000000000000000e+00
-1.000000000000000000e+00
1.000000000000000000e+00
-1.000000000000000000e+00
-1.000000000000000000e+00
1.309152613654280817e-01
9.610710269181035326e-01
-1.000000000000000000e+00
-1.000000000000000000e+00
1.000000000000000000e+00
-1.088314526647879976e-01
-1.000000000000000000e+00
-4.606038496901365686e-01
8.019993681298919208e-01
1.000000000000000000e+00
5.797445143639412546e-01
-2.645712935034336688e-01
-8.994624304784561986e-01
-3.347384180759872541e-01
-1.000000000000000000e+00
-1.000000000000000000e+00
-1.000000000000000000e+00
1.000000000000000000e+00
-6.017283637244746908e-02
1.000000000000000000e+00
-1.000000000000000000e+00
5.082999078840412244e-01
1.000000000000000000e+00
-4.390007515660138138e-01
-1.000000000000000000e+00
9.364528770378810485e-01
-2.859393706937403690e-01
1.000000000000000000e+00
8.021517002079165959e-01
2.481250909225889423e-01
2.358447879661398350e-01
-1.000000000000000000e+00
6.696253691701771205e-01
1.000000000000000000e+00
5.927772634722472400e-01
1.000000000000000000e+00
5.811561610495616925e-01
-2.140628644462124197e-01
7.888074301407731470e-01
-1.000000000000000000e+00
2.456399031367562102e-01
5.365269909244149149e-01
-8.818102598971603312e-01
2.022840404805772430e-01
-1.000000000000000000e+00
-4.908921812235165216e-01
1.000000000000000000e+00
8.950018100763451612e-01
3.661829665305144088e-02
9.248611924606153778e-02
9.779527734573427722e-01
1.000000000000000000e+00
-6.892000704585933279e-01
1.000000000000000000e+00
6.516724744535350444e-01
1.489190642851313529e-01
-9.821628855352513288e-01
5.060804020074963772e-01
-1.519679877988731054e-01
1.000000000000000000e+00
-1.000000000000000000e+00
1.000000000000000000e+00
1.000000000000000000e+00
-1.000000000000000000e+00
-1.000000000000000000e+00
-1.260578519724065982e-01
-6.219231181021636079e-01
-1.000000000000000000e+00
-7.426695850827802481e-02
1.000000000000000000e+00
1.000000000000000000e+00
1.000000000000000000e+00
3.274971876568768536e-01
-1.000000000000000000e+00
1.000000000000000000e+00
1.000000000000000000e+00
-1.000000000000000000e+00
-1.000000000000000000e+00
-1.000000000000000000e+00
-1.000000000000000000e+00
-1.000000000000000000e+00
1.000000000000000000e+00
-1.000000000000000000e+00
1.000000000000000000e+00
1.000000000000000000e+00
-2.923804816739832280e-01
1.000000000000000000e+00
6.599824680143380196e-01
1.000000000000000000e+00
-1.000000000000000000e+00
-1.000000000000000000e+00
-2.468225196358091456e-01
-9.839932208553667792e-01
1.000000000000000000e+00
1.000000000000000000e+00
6.395072058183233210e-01
-7.277776751373089548e-01
-1.000000000000000000e+00
8.173800169292106954e-01
-1.000000000000000000e+00
1.000000000000000000e+00
1.000000000000000000e+00
-1.000000000000000000e+00
-9.934171380864798007e-02
-4.367299468277474617e-02
-7.818138072917391046e-01
1.000000000000000000e+00
-1.000000000000000000e+00
1.850954338059419557e-01
1.000000000000000000e+00
2.106353151150155145e-01
-1.000000000000000000e+00
1.000000000000000000e+00
7.217137785079346113e-01
1.000000000000000000e+00
8.499735204767666641e-01
-1.000000000000000000e+00
-9.629192352032531765e-01
-5.829854444362572163e-01
1.002924054328369063e-02
-3.093492745674395472e-01
-8.827318628503935116e-01
-3.169597145718650033e-01
1.000000000000000000e+00
1.000000000000000000e+00
-6.684841321299406225e-02
-1.000000000000000000e+00
-1.000000000000000000e+00
-1.000000000000000000e+00
6.401686783871092246e-01
-1.000000000000000000e+00
-9.193118664698500808e-01
-8.298135638156197702e-01
-5.479541739469144801e-01
-1.756727542087643812e-02
-7.290915723829581863e-01
3.767915797225191987e-01
7.625021487169840739e-01
-4.764690553337522783e-01
1.000000000000000000e+00
-1.000000000000000000e+00
-9.186153779265118224e-01
2.195932557642780170e-01
-1.000000000000000000e+00
-1.000000000000000000e+00
-1.000000000000000000e+00
1.000000000000000000e+00
-8.583879602048312130e-01
-1.000000000000000000e+00
-9.793727522957180742e-01
-2.949458592237903520e-01
-1.000000000000000000e+00
7.636131209412974075e-01
-6.301922871722196451e-01
1.000000000000000000e+00
1.000000000000000000e+00
6.529399736635355112e-03
-1.000000000000000000e+00
-9.934421496891825409e-01
-4.442311984191118501e-01
-1.612069801212872022e-01
1.000000000000000000e+00
8.375637141802295682e-01
1.000000000000000000e+00
1.000000000000000000e+00
-1.000000000000000000e+00
-1.000000000000000000e+00
-3.663997453566997797e-01
3.304715768609118309e-01
7.858815878178667669e-01
9.574868850025048950e-01
1.000000000000000000e+00
1.000000000000000000e+00
-9.708561880264846566e-01
-1.000000000000000000e+00
1.000000000000000000e+00
-5.383861825755908992e-02
-5.787055937990138732e-01
-1.000000000000000000e+00
-1.000000000000000000e+00
4.589823447620975383e-01
1.000000000000000000e+00
8.062933940791157106e-01
9.895608069818223607e-01
-9.817715858633813131e-02
8.417145991347037004e-01
1.000000000000000000e+00
1.000000000000000000e+00
-1.000000000000000000e+00
1.000000000000000000e+00
4.724450537842574960e-01
-1.633782464048096905e-01
3.734495274011983001e-01
1.000000000000000000e+00
-5.575954643642810904e-02
-1.000000000000000000e+00
1.000000000000000000e+00
7.578706002335888758e-01
