-1.000000000000000000e+00
1.000000000000000000e+00
-1.000000000000000000e+00
-1.000000000000000000e+00
9.427353502421040865e-01
-8.610656073591664850e-01
1.000000000000000000e+00
-7.770820140216392335e-01
1.000000000000000000e+00
-1.000000000000000000e+00
1.000000000000000000e+00
1.000000000000000000e+00
-1.000000000000000000e+00
5.730601180458061439e-01
-1.000000000000000000e+00
-1.000000000000000000e+00
1.897659811948106956e-01
-1.000000000000000000e+00
-7.361943906258994197e-03
1.000000000000000000e+00
1.000000000000000000e+00
1.000000000000000000e+00
-1.000000000000000000e+00
1.000000000000000000e+00
9.358663140373559841e-01
6.609805073050136759e-01
9.669524480711388925e-02
1.000000000000000000e+00
7.671547623701577279e-02
6.275996304650584001e-01
2.945743885970741882e-02
-1.000000000000000000e+00
1.000000000000000000e+00
-3.859789589689073264e-01
-5.566535312679907754e-01
7.536353860022297901e-01
-1.000000000000000000e+00
-1.000000000000000000e+00
1.000000000000000000e+00
-1.000000000000000000e+00
4.667616397006798534e-01
-7.232530519416090486e-01
-1.000000000000000000e+00
3.329887886900286253e-01
-1.000000000000000000e+00
-3.046071716171894206e-01
-3.564931425559870748e-01
1.000000000000000000e+00
1.000000000000000000e+00
1.000000000000000000e+00
-1.000000000000000000e+00
1.000000000000000000e+00
-9.966844033720340112e-01
-1.000000000000000000e+00
1.000000000000000000e+00
5.156072384704731837e-01
-5.278712496358778372e-01
-4.500295193601065447e-01
1.000000000000000000e+00
-9.938980172957462278e-02
9.193296745404617720e-01
1.000000000000000000e+00
-1.000000000000000000e+00
-8.906849664583496029e-01
-1.000000000000000000e+00
-2.208806101757941343e-01
7.139709406277119363e-01
1.000000000000000000e+00
-5.968120375897407737e-01
-1.000000000000000000e+00
1.000000000000000000e+00
-1.055136708751580055e-01
-1.000000000000000000e+00
3.416803204261739113e-01
1.000000000000000000e+00
-1.000000000000000000e+00
-1.000000000000000000e+00
4.988074582688254432e-01
4.893046498286271473e-01
-6.701609768428237190e-01
-1.000000000000000000e+00
-1.000000000000000000e+00
-1.000000000000000000e+00
-2.037651239000269898e-01
6.591151175581191346e-01
1.176959231926927307e-01
-1.000000000000000000e+00
-1.000000000000000000e+00
-1.000000000000000000e+00
-4.754019725064475010e-01
-3.065508625411947907e-01
-2.840455777390678005e-01
-1.000000000000000000e+00
8.244759724404775447e-01
-1.000000000000000000e+00
1.000000000000000000e+00
-1.000000000000000000e+00
-1.000000000000000000e+00
-1.000000000000000000e+00
-1.000000000000000000e+00
-1.000000000000000000e+00
-3.092429782647694858e-01
-8.820628820109756019e-01
8.860822667217145288e-01
4.061691633763207521e-01
2.604860292252061393e-01
-1.000000000000000000e+00
-1.000000000000000000e+00
-3.433658048472199020e-02
-8.660323308940325315e-01
1.000000000000000000e+00
-1.000000000000000000e+00
1.000000000000000000e+00
1.000000000000000000e+00
-1.000000000000000000e+00
3.024745401281547230e-01
1.000000000000000000e+00
1.000000000000000000e+00
4.590988815660557165e-03
-9.970173151994885519e-01
-1.000000000000000000e+00
9.986465867634903848e-01
4.504316863969953788e-01
1.000000000000000000e+00
-2.805396251955200593e-01
-1.000000000000000000e+00
4.450291610392365094e-01
-1.852874689232322236e-01
1.000000000000000000e+00
1.000000000000000000e+00
-1.000000000000000000e+00
-1.000000000000000000e+00
1.000000000000000000e+00
1.000000000000000000e+00
-1.406594242588314891e-01
-2.628382028589795194e-01
-1.000000000000000000e+00
-1.714154929219314505e-01
-1.000000000000000000e+00
1.000000000000000000e+00
-1.000000000000000000e+00
6.349209765708059283e-01
1.000000000000000000e+00
1.025953182007879189e-01
-6.699220192077595115e-01
4.813481972904439243e-01
3.367108372023617791e-01
-1.000000000000000000e+00
7.973593488966873588e-01
-1.000000000000000000e+00
-1.000000000000000000e+00
8.403803695122988859e-01
5.461007582942976057e-01
1.000000000000000000e+00
-8.392702049194209479e-01
1.000000000000000000e+00
-1.000000000000000000e+00
-6.011913965262793980e-02
-3.438923370614349051e-01
1.000000000000000000e+00
1.000000000000000000e+00
-1.000000000000000000e+00
1.000000000000000000e+00
-1.000000000000000000e+00
-1.000000000000000000e+00
8.130370449599586546e-01
1.000000000000000000e+00
1.000000000000000000e+00
1.000000000000000000e+00
1.000000000000000000e+00
1.000000000000000000e+00
1.000000000000000000e+00
-6.125557796752436612e-01
1.000000000000000000e+00
-1.000000000000000000e+00
-1.000000000000000000e+00
-8.195438859690248323e-01
1.000000000000000000e+00
6.639797199118513404e-02
-1.000000000000000000e+00
-5.521149185282566707e-01
1.000000000000000000e+00
5.723052343513157503e-01
1.000000000000000000e+00
-4.047511393616716746e-01
9.250733516498776954e-02
-2.506532851494520653e-01
1.000000000000000000e+00
-1.000000000000000000e+00
4.459728872307764380e-01
-1.000000000000000000e+00
7.035406936492882846e-02
1.000000000000000000e+00
1.000000000000000000e+00
2.336947540551574942e-01
1.000000000000000000e+00
5.207259683014024976e-01
1.448623645456226239e-02
4.363517452505605854e-01
-1.000000000000000000e+00
-2.220779226312338261e-01
1.000000000000000000e+00
-7.893168296042596399e-02
1.000000000000000000e+00
1.000000000000000000e+00
1.000000000000000000e+00
-6.988426657392048380e-01
1.000000000000000000e+00
-1.000000000000000000e+00
1.000000000000000000e+00
-1.000000000000000000e+00
1.000000000000000000e+00
-1.000000000000000000e+00
6.527177943747242139e-03
1.000000000000000000e+00
1.000000000000000000e+00
-1.000000000000000000e+00
1.000000000000000000e+00
1.000000000000000000e+00
-6.383104847021984218e-01
-9.808003395543029024e-01
-1.053385864483868950e-02
1.000000000000000000e+00
1.000000000000000000e+00
3.004928896869007993e-01
-1.000000000000000000e+00
-1.000000000000000000e+00
-8.649295359434949759e-01
1.000000000000000000e+00
-3.252007217143734197e-01
6.814358867605885273e-02
-1.000000000000000000e+00
1.000000000000000000e+00
-1.000000000000000000e+00
1.000000000000000000e+00
-1.000000000000000000e+00
-1.000000000000000000e+00
1.000000000000000000e+00
-1.492093308008384245e-01
4.813014547558155942e-01
-1.000000000000000000e+00
1.000000000000000000e+00
-1.000000000000000000e+00
1.000000000000000000e+00
3.791294987575452580e-01
1.000000000000000000e+00
-6.582568981594771884e-02
-3.607210085485824669e-01
7.867215385716539444e-01
2.049393471887261953e-03
-1.000000000000000000e+00
-2.661237531937560297e-01
1.000000000000000000e+00
1.000000000000000000e+00
1.000000000000000000e+00
1.000000000000000000e+00
-4.894044851897811910e-01
1.000000000000000000e+00
-1.000000000000000000e+00
1.000000000000000000e+00
-8.174719118969746567e-01
1.000000000000000000e+00
-1.000000000000000000e+00
6.801811566783511065e-01
1.000000000000000000e+00
