8.619096658920968324e-01
-5.265387929635636510e-01
-8.815912918689816635e-02
2.319442107939182485e-01
9.704302697946678435e-01
9.514990076076257353e-02
2.501745828154482432e-01
4.836054843667851877e-01
-3.554590840683118369e-01
5.851276219873040585e-01
-4.084666203045215216e-01
9.613559945578062926e-01
5.849338357680968770e-01
-1.040599691751500355e-01
-4.308089755440553947e-01
7.676489983998646682e-01
5.498840735637466892e-02
-7.741235628347731268e-01
8.766584301151623126e-01
-1.992033940440229856e-01
9.897213434199501059e-01
-6.475895470316195279e-01
8.256773027938790754e-01
-8.669843079597294722e-01
-5.011515220370266199e-01
9.140561457926745792e-01
2.303201444810831777e-01
-9.226954524345609698e-02
-2.081858918201642261e-01
-4.403924323043200140e-01
4.847352817910643985e-01
8.447286839544216885e-01
-3.408774323498540149e-01
-7.446664100639586170e-01
8.594457431115158919e-01
2.346178111834638091e-01
-9.299554246313230799e-01
-5.288725774966098747e-01
1.067458539655483651e-01
3.830833320123290253e-01
8.278703148012496182e-01
2.190324684680222678e-01
7.532759550204484178e-01
-1.088942985961338650e-02
-6.120397235991641427e-01
-6.052899295236793265e-01
-8.764668583207861907e-01
9.382957453836735517e-01
-9.942686773080529061e-01
9.145460224115753434e-02
-7.117000990502093671e-01
9.236240032122422505e-01
7.340583601957439974e-02
-7.232283873011526865e-01
-2.139710286674423312e-01
-3.797998015969870078e-01
1.637183655163596541e-01
5.927259421116426452e-01
-8.222432331068061373e-01
-4.777565097470160005e-02
-8.940953634550579121e-01
-5.034776483478973219e-01
5.784612528213175509e-01
1.127934814740987335e-01
-4.972190519999135638e-01
-9.845518525758230055e-01
-2.245713056184630574e-01
4.254680368142575997e-01
-3.212617277189409037e-01
8.602227622940696872e-01
6.177814067403808451e-02
-8.867674039615858206e-01
3.645893570566678399e-01
7.589048106829925366e-01
5.257477475186409510e-01
-2.862696213908724197e-01
4.074074669505247659e-01
-1.229358360141825646e-01
-8.081124623576920740e-01
-1.982798333007009806e-01
7.763595329783337107e-01
-8.811616120875913616e-01
-7.902079574651743599e-01
3.371591395483948261e-01
-3.663958236977749028e-01
9.055900861128161061e-01
-5.900354680559900533e-01
-4.462625652483751537e-01
1.361522905791812121e-02
6.207286048308380266e-02
-4.960848509276094553e-02
-8.354506648822406234e-01
-5.938764962250215884e-01
1.037541181402732438e-01
-1.844210727277868500e-01
6.431106666927388638e-01
-4.399311898468520887e-01
-8.014084685490003857e-01
7.707982755575799594e-01
-3.397664041905448240e-01
1.695763463235107071e-01
-4.342961782347909416e-01
-3.051316875787746241e-01
-6.917699943525157380e-02
5.643748942948056957e-02
6.671049651500571276e-01
2.549489915594358447e-01
-3.568632379734542059e-01
-8.137039549561801977e-01
-6.275096085995353068e-01
-8.688584856552235003e-01
-6.826701382624664749e-01
9.213961894221354143e-01
-8.066404288544257728e-01
-5.966996014159702266e-01
6.329152069556978066e-01
2.001708650817179969e-01
6.311876301635699349e-01
7.792806107460994447e-01
-3.241994692000014222e-01
-7.356929451190208358e-01
-4.930935814331061096e-02
-7.632494547052741662e-01
-8.901046921016111391e-01
-2.101656786392669396e-02
2.655726068617607627e-01
7.404670905892580812e-01
-8.807202516065455455e-01
-5.828582527883614528e-01
-9.907042660959697322e-01
9.202151149312651768e-01
-5.163666566317643980e-01
9.126921251324726647e-01
8.170773247065943323e-02
4.292303216927164655e-01
9.965217992875023967e-01
3.706364592419504334e-01
-3.822368212877180760e-01
-9.257447348929292996e-01
3.597930783602054650e-01
-1.982007429958554390e-02
2.872875240572252409e-01
-1.447106936826576540e-01
-1.016330777144678343e-01
8.372442113162519295e-01
-7.369601250857409358e-01
-5.277698891505973045e-01
-8.367342053915050037e-02
4.543380625535777817e-01
3.190754853411092995e-01
-5.963036937331309684e-01
-8.023211193833068577e-01
4.973245128498069434e-01
-4.755607919702500297e-01
6.721617838101239251e-01
-2.513600408411678089e-01
-8.220724214395995766e-01
7.571230557989609977e-01
1.059155023631237480e-01
3.494187986297303539e-03
-7.407478783162997349e-01
-1.331333166176753569e-01
6.901222757657254903e-03
-2.045784987705132618e-01
6.575940370438648763e-02
-8.992308940253597171e-01
-2.661745377587920736e-02
-4.319788693002559743e-01
-2.700849989801585860e-01
9.469268149701075554e-01
-3.174131340653572053e-01
5.635406702726928341e-01
-1.823774984317694248e-02
7.874480200127280671e-01
-8.004738006296696629e-01
-4.640231734587265677e-01
1.880119713008436833e-01
-4.087900173807843540e-01
-5.434187197991675600e-01
-5.653295086281482362e-01
6.772451368617800060e-01
-4.744169323339184619e-01
2.205430920603750344e-01
-4.978429379422160128e-01
-9.583606970787963419e-01
-1.796071177341329594e-02
1.467602087988144621e-01
5.334281595722649705e-01
-3.648682055242749023e-01
8.703191506047598391e-01
-3.959947630072107039e-01
-4.213803429579470183e-01
-6.255587214408413477e-01
-8.426463381573314759e-01
1.189967778433833612e-01
5.698338641782241254e-01
-4.282083617396459374e-02
-7.457084805288043405e-01
2.220993560490052143e-01
8.474340745785073903e-01
8.851084864223672799e-01
-3.411227491114239285e-01
-1.605250935757669417e-01
-3.120330355255072075e-01
-6.390186776091593135e-01
9.084670298654062837e-01
2.514940503797531424e-01
-9.994819761101472189e-01
6.163609312194118228e-01
-6.128121624872020501e-01
-7.211654890524903383e-01
6.184455732001856720e-01
-7.826560743618775629e-01
5.002562715301626106e-01
3.911263981176242854e-01
1.324276864259645858e-01
-5.237792346768128660e-01
1.458685828426222741e-01
-2.275968275497706195e-01
5.280076557902737555e-01
4.252789644033954097e-01
8.351431478430024757e-01
3.833022775233911883e-01
-8.588600449391010638e-01
-1.864045676078212033e-01
3.536764717605949127e-01
7.781582611534523242e-01
-8.733387116464661482e-01
7.317021723143442014e-01
-6.026101747351830795e-01
3.074798404922503003e-01
-5.499376176772909908e-01
1.215920540906907377e-01
-9.275803119433394528e-01
3.004538325178729430e-01
-4.218228312244209910e-01
-7.207108320193909012e-01
-3.529051996265830660e-01
6.274146433866722994e-02
7.022181143060115538e-01
-2.136641789744759823e-01
-8.087870545117246124e-01
3.316392891369464024e-01
1.338666165802515629e-01
-8.572734345479040563e-01
-6.112877126974591846e-01
-6.159670315290681764e-01
-5.197435521308397810e-01
-4.899268113680994574e-01
-8.097012880957801251e-01
5.162703675272961590e-01
-1.631450531159437389e-01
4.070759848550054016e-02
4.340369151414338322e-01
3.603471249465559634e-01
1.238125004840062715e-02
-6.855348937997796099e-02
-4.563250215463088288e-01
2.375275387889945744e-01
8.468265017262541772e-01
3.680906442200801987e-01
5.172386027938298270e-01
4.792675125249912238e-01
4.210385686765614199e-01
-9.864389444430567977e-01
