5.079168994913021429e-01
1.296218884912025970e-01
9.368816313797623252e-01
8.636164888956079366e-01
4.164994812525908419e-01
-4.758472617854760944e-01
5.143680607879026478e-01
-8.289609051116233474e-01
-5.637173279551781491e-01
5.721837498756325857e-01
2.842184158495699720e-01
-2.421478177308857838e-01
8.299311724989086869e-01
6.586754325591004378e-01
7.701376085962439166e-01
9.416341114815667268e-01
-8.921681414607367522e-01
-9.902860355141942517e-01
-1.109991850761762322e-01
4.180982815758249593e-02
-4.293380006850799901e-01
-4.589044715425485421e-01
7.154926533652321563e-01
8.395416514792273244e-01
-4.471384087688135001e-01
6.953860009325374403e-01
-9.394374243563934357e-01
-6.499256037966953947e-01
-1.814743688512332476e-01
-8.326903414108455248e-01
-6.553446226512849027e-01
4.362683265222815354e-01
4.598010405262527023e-01
3.368092310581602966e-01
7.524799583096866140e-01
-4.223475009724815266e-01
9.024503478947720758e-02
1.079221194339119450e-03
-1.035666246299227211e-01
1.653576717314808597e-01
8.597846324698903420e-01
5.850000560930630478e-01
-6.803918146187482030e-01
4.076023259275363131e-02
8.424180930746043572e-01
-3.005096185544571252e-01
-5.530841405787951803e-01
-5.130090718145734474e-01
-1.833134739247856970e-01
-9.737558396561543095e-01
-4.945454982941261957e-01
8.637062381872395722e-01
-4.728770031262776730e-01
-5.782127930413254457e-01
-9.066118877658824182e-02
3.217701790839828657e-01
-4.152471193921063453e-01
-8.368008546596792385e-01
-7.297212198462510457e-02
3.075677535990528622e-01
-6.693772504547359503e-01
4.134272399790164254e-01
3.947411310966741915e-01
-9.163492343568495624e-01
-5.366092360853522703e-01
5.578573064806962023e-01
2.606836841022559526e-01
1.674945857091085788e-01
6.967124169854610471e-02
-1.806751532616668321e-01
-8.702887866103403702e-02
6.420427125792629308e-01
-4.312323639874899861e-01
-7.399023525715273664e-01
-6.404652556824148579e-01
3.175360661078130420e-01
-6.889514257563083000e-01
-8.356555925404745011e-01
-1.996003094319156457e-01
-9.456822604329837567e-01
-5.364016953181263148e-01
1.097207965263899965e-01
-3.867917748149429791e-02
-9.352660009343427561e-02
-2.829820091350072619e-01
-9.490935465804437587e-01
3.892607784269075388e-01
-7.282667285182977679e-01
-5.337284829123174479e-01
-3.194993055890213984e-01
-9.442009564781739250e-01
3.647218671000749257e-01
9.285077497816891512e-01
-6.486986497296354237e-02
5.419391426470201445e-01
-9.423241625089775475e-01
-4.202110852410254616e-01
-5.208087229457063483e-01
-8.684489109697746123e-01
6.713144024180894842e-01
1.727069671067005263e-01
-3.749329001626116042e-01
8.914717891944177186e-01
1.164171352230507495e-01
-6.024765079453182626e-01
-7.738158425954719810e-01
8.484924403191465014e-01
-6.691967452330580546e-01
-8.487566554979326661e-01
-4.211819533313179154e-01
-2.376516352508635244e-01
-7.147819162619870603e-01
-7.247481946345790682e-02
-8.757644527323216188e-02
-1.756018929810039264e-01
5.422552682628507537e-01
-7.178473818312833821e-01
-7.484446587346105240e-01
-5.592342305109818668e-01
-2.671844412731154694e-01
5.443456611578030291e-01
3.460334505786111237e-01
-4.596028483906806628e-01
2.383317931222970198e-01
-5.049579501038425899e-01
1.538542470277060037e-01
2.366082385994450199e-02
2.686481938340095077e-01
2.847300997003021639e-01
9.875302378710946183e-01
-6.338335783024864334e-01
5.240400425204687629e-01
-5.661725501642764780e-01
-2.620276734762505555e-02
-4.533047364048212735e-01
-3.962742454554699645e-01
-3.251162046814748408e-02
-9.715945416797659995e-01
9.051373626849947840e-01
-5.164135381339789443e-01
-5.316960547774596257e-01
-7.130003190972957761e-01
7.339695404049664251e-01
-1.080667620621329483e-01
4.293347717629805160e-01
7.047520537839611077e-01
-6.650611706556159852e-01
-9.096691506723437737e-01
-5.245851820992222247e-01
7.759602548905952801e-02
-3.791470723152368105e-01
6.178284102091839980e-01
-1.195813295554313260e-01
-8.860104871060441312e-01
-6.581506834327233157e-02
-3.488582414151930600e-01
-1.937787163469362195e-01
-8.567286632057127260e-01
-8.321943088956884615e-02
1.891381084015200109e-01
4.949857175424270395e-01
-5.428721429179073077e-02
7.761382259637421566e-01
-4.155233495628474216e-01
5.330681794796348072e-01
5.882668262407473314e-01
8.442914583314899968e-01
5.970967648472556011e-01
-3.706899257116069712e-02
1.899405651612626755e-01
7.082745245837229753e-02
-9.211790371321419979e-01
4.598792523248951269e-01
6.190872020332318648e-01
3.393733243138916666e-01
8.884230089669160613e-01
7.158665045929819559e-01
7.447236776204335662e-02
2.082324642516510949e-01
-3.549958249116318409e-01
8.139442988096701193e-01
1.634353328645568038e-01
3.928977934224366919e-01
-4.525735979105112161e-01
-8.662485238642703145e-02
-4.155865312357134300e-01
-9.661535025453216186e-02
-7.119470345234171216e-01
9.072576264916889510e-01
8.140922606123823790e-02
8.555304381585682183e-01
-4.111672637601047064e-01
3.336405105932929160e-01
-8.369376760425650819e-01
-7.125635670138152911e-01
-6.913834470587771897e-01
9.715696059574634447e-01
-3.593226553953279279e-01
2.143859705907673607e-01
3.668841200182788587e-01
-6.170856153615429385e-01
-1.978525283792291756e-01
4.213723512110612024e-01
-5.431428590276232704e-01
-6.486864212370215821e-01
7.912971894712339527e-01
5.531503362197354168e-01
-2.796190468389074812e-01
6.794498246329083724e-01
5.023237378172367151e-01
1.949069991544465363e-01
3.338482341344364279e-01
6.986723460331067947e-02
-3.136049835971508326e-01
-9.310522510641039418e-01
2.929250218274515039e-01
6.911073628071187080e-01
-7.395042651378624932e-02
1.994471386503637866e-01
-8.997720266300059944e-01
-3.313916762290072260e-01
-8.411661088417454746e-01
1.204323691789064288e-01
2.714736817416576464e-01
-8.772200528855151891e-01
-3.598913802449124066e-01
5.249008946325428582e-01
5.712557773277371354e-01
5.334932722734324617e-01
6.528641726469379680e-01
5.028919336791881634e-01
-8.125887650929590755e-01
9.446879469224001014e-02
6.128778825220355664e-01
-1.326551863774747542e-01
9.917379430229100734e-02
-1.058787256198707727e-01
8.750031505874336091e-01
-7.819937909493517303e-01
7.125214810115971797e-01
-5.034774627723916929e-01
-9.606432504357997892e-01
6.420356886581124467e-01
7.848122096099823253e-01
5.738781386355438219e-01
-2.564427411402383505e-01
9.936997447510389492e-01
-2.950490289286111789e-01
2.277955560099829135e-01
5.056749584023467747e-03
3.003122492620822204e-01
8.168091897566318593e-01
8.800853059352777841e-01
-5.917659283661536040e-01
6.566299048790866788e-01
-1.660578071765204111e-01
-4.437337687954490129e-01
-3.464028377102950085e-01
8.729553466493202851e-01
6.355037598106181296e-01
6.513113072152050265e-01
-1.139804264883226281e-02
-9.143280363473154093e-01
-9.158029187470955179e-01
-4.598097561010665579e-01
