-8.718438662779426362e-01
-9.311010209731547249e-01
-1.000000000000000000e+00
-2.011345959375393233e-01
-3.516534361870048975e-01
-1.585983345146529944e-01
-1.000000000000000000e+00
-8.550721257342990267e-01
1.000000000000000000e+00
-3.022037153735728787e-01
-8.573173770254084447e-01
1.000000000000000000e+00
1.737921492388694311e-01
5.803405743901971503e-01
1.000000000000000000e+00
1.000000000000000000e+00
7.166300955720845689e-01
-9.956840529137160889e-01
-1.695358481604246625e-01
9.204959102330733112e-01
-6.477192728111542674e-01
-1.000000000000000000e+00
-1.000000000000000000e+00
-1.000000000000000000e+00
-5.106900706842651960e-01
-6.986892128620569853e-01
-3.985887498604190338e-02
1.670125462167946218e-01
-1.000000000000000000e+00
-1.000000000000000000e+00
7.556271294045511233e-01
1.765286093910202192e-01
-1.000000000000000000e+00
8.462945145887913467e-01
2.855181934491566875e-01
6.807364941724359797e-01
1.000000000000000000e+00
1.000000000000000000e+00
1.000000000000000000e+00
-8.279258402448329557e-01
-1.000000000000000000e+00
-2.856126146244271080e-01
1.000000000000000000e+00
1.000000000000000000e+00
-1.000000000000000000e+00
1.000000000000000000e+00
1.753207143743708007e-01
1.000000000000000000e+00
-8.132130610953295369e-01
-5.792544597429255537e-01
3.773304595392895644e-01
1.000000000000000000e+00
-9.699636177791836067e-01
-1.000000000000000000e+00
-2.425434985231658125e-01
-1.000000000000000000e+00
1.000000000000000000e+00
1.000000000000000000e+00
1.314127850627340721e-01
1.000000000000000000e+00
8.786864045781362931e-01
-2.468301289675488563e-01
6.702443026691562444e-02
-1.000000000000000000e+00
-1.000000000000000000e+00
1.168631580090579436e-01
9.741995808161679760e-03
-9.889396885010139915e-01
1.000000000000000000e+00
6.490160829788289565e-01
-1.874685006074677251e-01
-1.000000000000000000e+00
-9.873825475388569028e-01
1.000000000000000000e+00
1.000000000000000000e+00
-5.442300854867100357e-01
-3.749676708926830138e-02
-9.367820435959377523e-01
-4.348245401129813281e-02
4.550846294549313331e-01
-1.000000000000000000e+00
-1.000000000000000000e+00
4.860438364658478116e-01
-1.000000000000000000e+00
1.000000000000000000e+00
1.000000000000000000e+00
-1.000000000000000000e+00
5.943432913129464978e-02
6.055348988313390413e-01
1.000000000000000000e+00
-1.000000000000000000e+00
5.244776622707425506e-01
-1.000000000000000000e+00
-1.000000000000000000e+00
1.000000000000000000e+00
1.000000000000000000e+00
1.000000000000000000e+00
8.462019576020982647e-01
1.000000000000000000e+00
8.714632583365891083e-01
-6.217281329123258704e-01
-1.000000000000000000e+00
-1.000000000000000000e+00
-1.000000000000000000e+00
-3.426257865348290022e-01
1.000000000000000000e+00
-1.000000000000000000e+00
-3.035027148934903440e-01
-1.000000000000000000e+00
-1.000000000000000000e+00
1.782303165684240298e-02
6.173699645791403956e-01
-3.446700830546491900e-01
1.048716889728039670e-01
-1.000000000000000000e+00
-1.000000000000000000e+00
-1.000000000000000000e+00
-4.401200454710404442e-01
1.000000000000000000e+00
-4.669133035988131120e-01
-3.715217412499404182e-01
-1.000000000000000000e+00
-6.728571144862448561e-01
1.000000000000000000e+00
1.000000000000000000e+00
3.914303970510664143e-01
2.351683232296511439e-02
-2.979374188650185662e-02
-1.000000000000000000e+00
9.593936057438114950e-01
-3.989054713260381524e-01
-2.598158350106336556e-01
-1.000000000000000000e+00
8.162754525318691723e-01
-9.259081909366141394e-01
2.051262770120151346e-01
4.174100965534358609e-01
2.896637683376998562e-01
-1.000000000000000000e+00
-1.132336626159856641e-01
1.000000000000000000e+00
-1.000000000000000000e+00
-1.000000000000000000e+00
1.000000000000000000e+00
-6.759274460853765820e-01
1.778060417241400515e-01
-1.000000000000000000e+00
-2.334076043829624858e-01
-3.253480697828579071e-01
-2.976824402069556119e-01
-8.472370479594107939e-01
-3.829566545875450201e-01
-1.000000000000000000e+00
-1.000000000000000000e+00
1.000000000000000000e+00
-1.000000000000000000e+00
-1.000000000000000000e+00
-1.713438691994828567e-02
1.000000000000000000e+00
-1.566752456048705611e-01
1.000000000000000000e+00
2.877979195311589633e-01
1.000000000000000000e+00
-6.665853743244105623e-01
3.335183016734273309e-01
1.000000000000000000e+00
-1.000000000000000000e+00
-6.119972368088177905e-02
-9.130259681876804478e-01
-2.023447142562952994e-01
-1.000000000000000000e+00
-1.000000000000000000e+00
1.000000000000000000e+00
-1.000000000000000000e+00
1.000000000000000000e+00
1.000000000000000000e+00
-6.656529960870118945e-01
-9.225564634811602716e-01
8.887715155016739921e-02
1.000000000000000000e+00
2.651873668789457295e-01
-5.965181343641631218e-01
-1.000000000000000000e+00
1.000000000000000000e+00
3.689832724706523792e-01
5.419881805531715502e-01
3.584938629440416191e-01
-1.000000000000000000e+00
-4.827334322551239953e-01
2.106934336442668754e-01
4.370428223333982509e-01
-1.208148888086120754e-01
-5.093489800909889453e-02
-1.000000000000000000e+00
1.000000000000000000e+00
-1.000000000000000000e+00
-2.807832805153801514e-01
-1.000000000000000000e+00
2.981837817197146023e-01
-6.792231928818699416e-01
-1.000000000000000000e+00
-1.000000000000000000e+00
8.051141614808441371e-01
1.412962500970922908e-01
6.056671767757713098e-01
1.000000000000000000e+00
1.082935983651798773e-01
-1.000000000000000000e+00
-4.754076702231058715e-01
-2.469355745147602255e-01
1.000000000000000000e+00
-8.313740666743771879e-01
1.018310310755062842e-01
9.953214599417424813e-01
4.796831877574446734e-01
-1.000000000000000000e+00
-1.000000000000000000e+00
1.000000000000000000e+00
-1.495035662861649017e-01
-1.000000000000000000e+00
-1.698962542797666231e-01
1.000000000000000000e+00
7.593968814711571369e-01
1.000000000000000000e+00
7.223594660231599240e-01
-5.363460627138845194e-01
1.000000000000000000e+00
-7.933574831489014212e-01
-5.771984991815286570e-01
-1.000000000000000000e+00
-4.379882563491318548e-01
-1.000000000000000000e+00
-1.000000000000000000e+00
1.000000000000000000e+00
1.000000000000000000e+00
-1.000000000000000000e+00
1.000000000000000000e+00
7.369301039738196391e-02
6.472511195810970452e-01
-1.000000000000000000e+00
-9.912189028650655320e-01
-3.758809891070326037e-01
6.175651464304878768e-01
-1.000000000000000000e+00
7.828471273146241360e-01
1.000000000000000000e+00
-1.000000000000000000e+00
-1.000000000000000000e+00
-9.573437605413285256e-01
-1.000000000000000000e+00
-9.525236677446254907e-01
-8.235741539581715731e-01
-1.000000000000000000e+00
4.825105378158346392e-01
-6.423398832314231033e-01
1.000000000000000000e+00
-4.006487867912660872e-01
6.173404249825213963e-01
-5.877608248356285259e-01
-1.000000000000000000e+00
-1.000000000000000000e+00
-6.698773741415889882e-01
-1.000000000000000000e+00
3.493644507033052404e-01
-6.934534064191243408e-01
