-2.601971324442592381e-01
-3.688156587386159924e-01
-7.749679980886996500e-01
-8.846315092223239196e-01
1.000000000000000000e+00
-1.000000000000000000e+00
-1.000000000000000000e+00
1.000000000000000000e+00
1.000000000000000000e+00
-2.609066058756512319e-01
-1.000000000000000000e+00
-6.609318726288911927e-01
1.000000000000000000e+00
1.000000000000000000e+00
-1.000000000000000000e+00
1.106376819605368045e-01
-5.552291192966640754e-01
1.000000000000000000e+00
-1.133916839216846384e-01
1.000000000000000000e+00
1.000000000000000000e+00
3.452831539760584101e-02
4.798415726070465182e-01
1.544505349464123656e-01
7.773685141088958472e-01
1.952638467132454814e-01
-1.000000000000000000e+00
-9.539251802613230025e-01
-3.500831868519915790e-02
-1.000000000000000000e+00
8.202607887330870540e-01
-2.037566514771314008e-01
1.000000000000000000e+00
1.000000000000000000e+00
-7.602063217174798160e-01
-1.000000000000000000e+00
1.000000000000000000e+00
-1.000000000000000000e+00
3.250072744627514609e-01
4.485702917760270303e-02
-1.000000000000000000e+00
-9.305470070812152938e-01
1.000000000000000000e+00
-1.000000000000000000e+00
1.000000000000000000e+00
-9.836790785250192348e-01
-1.967533225923534523e-01
-1.000000000000000000e+00
5.282753819544546703e-01
-1.000000000000000000e+00
1.000000000000000000e+00
-1.000000000000000000e+00
-8.356063692267490239e-01
1.000000000000000000e+00
3.664035209216419675e-01
-1.000000000000000000e+00
1.000000000000000000e+00
5.589785548103847201e-01
1.000000000000000000e+00
-6.046734973984706496e-01
1.000000000000000000e+00
1.998744383144781256e-01
2.387113851353628302e-02
-1.000000000000000000e+00
-9.772413801226814689e-01
1.000000000000000000e+00
-1.000000000000000000e+00
1.000000000000000000e+00
1.000000000000000000e+00
1.000000000000000000e+00
1.000000000000000000e+00
6.818091053346650998e-01
5.617821934625204516e-01
-4.969851719821611891e-01
-5.517125366330146718e-01
-1.000000000000000000e+00
-1.000000000000000000e+00
3.700810367655270050e-01
1.000000000000000000e+00
9.800364237182231930e-01
2.111824218955304922e-02
1.187210008919240001e-01
1.678286301944753589e-02
-2.781314179246230367e-02
-1.000000000000000000e+00
-6.116590294518441384e-01
-1.000000000000000000e+00
-3.910713966351386794e-01
-1.000000000000000000e+00
-1.000000000000000000e+00
-5.597084168852104469e-01
-1.000000000000000000e+00
-1.000000000000000000e+00
-1.000000000000000000e+00
-1.000000000000000000e+00
-7.251202445676203645e-01
-2.465268068678522773e-01
8.325401398558589516e-01
1.000000000000000000e+00
-1.000000000000000000e+00
-7.676109705305604880e-01
1.000000000000000000e+00
-6.285613005735428693e-01
1.000000000000000000e+00
1.000000000000000000e+00
1.000000000000000000e+00
1.000000000000000000e+00
1.000000000000000000e+00
-1.000000000000000000e+00
-1.000000000000000000e+00
1.000000000000000000e+00
-1.000000000000000000e+00
1.000000000000000000e+00
-6.587471876960880879e-01
-1.000000000000000000e+00
-1.000000000000000000e+00
1.000000000000000000e+00
1.000000000000000000e+00
-4.766680376571703626e-01
-1.000000000000000000e+00
1.000000000000000000e+00
-1.000000000000000000e+00
1.000000000000000000e+00
-9.603829173270960196e-01
-1.000000000000000000e+00
-1.000000000000000000e+00
1.000000000000000000e+00
1.000000000000000000e+00
-1.000000000000000000e+00
-1.000000000000000000e+00
-1.000000000000000000e+00
2.053712782492180811e-01
1.000000000000000000e+00
1.000000000000000000e+00
-9.894846397530174809e-01
-3.434314516990424337e-01
9.906325707165579697e-01
-3.829098365509677748e-01
-1.000000000000000000e+00
-3.660052409466613144e-01
4.218804637239229605e-01
-1.000000000000000000e+00
1.000000000000000000e+00
1.000000000000000000e+00
-1.000000000000000000e+00
3.281321850686093056e-01
1.000000000000000000e+00
9.412580145850553137e-01
-1.000000000000000000e+00
1.000000000000000000e+00
-8.144204597977806603e-01
-1.112399423165735257e-01
1.000000000000000000e+00
1.000000000000000000e+00
-3.050446637193658939e-01
6.950006233851835358e-01
-1.000000000000000000e+00
1.000000000000000000e+00
1.000000000000000000e+00
-2.730870629182676201e-01
1.011523343619873394e-01
-3.142867727222942165e-03
-6.529101092746073531e-01
-1.000000000000000000e+00
-1.000000000000000000e+00
-1.000000000000000000e+00
1.000000000000000000e+00
-4.414909469451672730e-01
-1.890723324358889457e-02
1.000000000000000000e+00
-5.713724751739095442e-01
-9.655196948602335905e-01
1.000000000000000000e+00
-1.000000000000000000e+00
6.058560549558547059e-01
-7.219592202165062700e-01
-2.275891031649798224e-01
1.000000000000000000e+00
-4.550858170823220972e-01
1.000000000000000000e+00
1.000000000000000000e+00
1.000000000000000000e+00
1.000000000000000000e+00
3.522270127365270120e-01
-1.000000000000000000e+00
-1.000000000000000000e+00
-9.396482160097492375e-01
2.295830324574672510e-01
-1.000000000000000000e+00
1.840306124724508940e-01
5.387604804803575176e-01
-9.064082813004951111e-01
6.561803824153975562e-01
-3.757890653909387035e-01
-1.000000000000000000e+00
-1.000000000000000000e+00
-3.525356084806265944e-01
-1.000000000000000000e+00
6.562806287874942690e-01
1.190028885989292684e-01
8.892051788405201940e-01
-1.000000000000000000e+00
-4.914479400059353909e-01
1.000000000000000000e+00
-9.488150638910692880e-01
5.030318483801797802e-01
4.687897154911198627e-01
1.000000000000000000e+00
3.069422857095591706e-01
-1.000000000000000000e+00
-1.000000000000000000e+00
-5.889097332085742043e-01
-6.235477065436365596e-01
5.309340457930915580e-01
-5.464272933318075065e-01
-1.000000000000000000e+00
1.000000000000000000e+00
8.215680950882662259e-01
-1.000000000000000000e+00
-1.000000000000000000e+00
-1.000000000000000000e+00
1.000000000000000000e+00
-1.000000000000000000e+00
-7.776605580247131222e-01
-1.000000000000000000e+00
-9.790433889891648755e-01
-1.000000000000000000e+00
9.397839662042070108e-01
6.041484605449340961e-01
1.000000000000000000e+00
-8.967697780888239656e-02
1.000000000000000000e+00
1.000000000000000000e+00
2.453449784001595635e-01
1.000000000000000000e+00
4.140972817288175456e-01
1.000000000000000000e+00
-1.782329992998499257e-02
-1.000000000000000000e+00
-1.000000000000000000e+00
-8.392718923942201759e-01
-1.000000000000000000e+00
-9.817197060900479944e-01
1.000000000000000000e+00
-8.734644078783133647e-01
2.862747602981992046e-01
1.000000000000000000e+00
-1.000000000000000000e+00
9.633080115926572207e-01
1.000000000000000000e+00
1.000000000000000000e+00
5.715073260665812782e-01
-1.000000000000000000e+00
1.000000000000000000e+00
3.931351472277773151e-01
1.000000000000000000e+00
1.000000000000000000e+00
-1.000000000000000000e+00
1.000000000000000000e+00
-1.000000000000000000e+00
1.000000000000000000e+00
-1.000000000000000000e+00
-6.718474231466999846e-01
5.846877041343304660e-01
-5.613330173552550928e-01
