-7.237711569416860335e-02
-1.000000000000000000e+00
5.334840105717286729e-01
1.000000000000000000e+00
-1.000000000000000000e+00
-1.000000000000000000e+00
1.000000000000000000e+00
5.483035429652129977e-01
-5.751997052262587395e-01
1.000000000000000000e+00
1.000000000000000000e+00
-1.575290952085524609e-01
-3.694043096923345648e-01
-1.000000000000000000e+00
-1.000000000000000000e+00
-1.000000000000000000e+00
9.910457787699444854e-01
-1.000000000000000000e+00
1.000000000000000000e+00
8.130047459224676309e-01
1.000000000000000000e+00
-1.000000000000000000e+00
-7.549121121156824321e-01
1.000000000000000000e+00
3.371395322027535002e-01
-7.733609644058148103e-02
-1.000000000000000000e+00
2.251170677784498642e-01
-1.000000000000000000e+00
-1.000000000000000000e+00
3.230288116853944347e-01
-1.000000000000000000e+00
-1.000000000000000000e+00
-1.000000000000000000e+00
5.117140326677344087e-01
-1.000000000000000000e+00
1.000000000000000000e+00
-8.304490277069640491e-01
-1.000000000000000000e+00
-1.000000000000000000e+00
2.729356847671442488e-01
2.082204039193397138e-01
-6.004881442346088338e-01
-3.564567186369737017e-01
1.000000000000000000e+00
-1.000000000000000000e+00
-1.116159321257228498e-01
1.000000000000000000e+00
-3.508683050482798715e-01
-2.352370777398706814e-01
2.658136891697608917e-01
-1.000000000000000000e+00
-9.302256959696200145e-01
5.136449057801109053e-01
-5.337293031213321548e-01
8.496930061697631764e-01
4.888759929370722901e-01
1.000000000000000000e+00
9.864654210419052660e-01
-1.000000000000000000e+00
-1.000000000000000000e+00
3.934530775727882457e-01
-1.000000000000000000e+00
1.000000000000000000e+00
-4.814558709065572817e-01
6.743085640432152639e-01
-1.000000000000000000e+00
-1.000000000000000000e+00
-1.000000000000000000e+00
7.626280983822789628e-01
1.000000000000000000e+00
9.193766515730736888e-01
-1.000000000000000000e+00
-1.000000000000000000e+00
1.000000000000000000e+00
-1.918620516563691591e-01
1.000000000000000000e+00
3.497824413175210090e-02
-1.000000000000000000e+00
1.000000000000000000e+00
-7.282951949692133553e-01
-1.000000000000000000e+00
-5.682199453196481453e-01
-1.000000000000000000e+00
4.734482659140897276e-01
1.000000000000000000e+00
-2.622819041159150100e-01
-1.000000000000000000e+00
-1.000000000000000000e+00
-3.007985547223319678e-01
1.000000000000000000e+00
-1.953528560576575646e-01
1.000000000000000000e+00
1.000000000000000000e+00
-1.000000000000000000e+00
-7.603718741022029715e-01
-1.000000000000000000e+00
6.359623333326392958e-01
-4.690216056487023777e-01
-1.000000000000000000e+00
1.000000000000000000e+00
1.000000000000000000e+00
-5.510933651901261943e-02
-3.936922518222640277e-01
-1.000000000000000000e+00
-1.000000000000000000e+00
-1.000000000000000000e+00
-1.000000000000000000e+00
1.000000000000000000e+00
1.000000000000000000e+00
-9.735930007334098191e-01
-9.631544581567170749e-01
1.000000000000000000e+00
1.000000000000000000e+00
-1.000000000000000000e+00
5.448084191536860521e-01
1.000000000000000000e+00
-1.438626170763361856e-01
-1.000000000000000000e+00
-1.000000000000000000e+00
1.000000000000000000e+00
1.000000000000000000e+00
6.491216796439729375e-01
-5.520920037978787054e-01
1.000000000000000000e+00
1.000000000000000000e+00
1.641718034580980090e-02
1.000000000000000000e+00
-1.000000000000000000e+00
-1.000000000000000000e+00
-1.000000000000000000e+00
-4.402073536555570765e-01
9.921916028273204402e-01
9.336388484132815968e-01
-2.852783919395410206e-02
-9.090305481933700360e-01
5.687109415772491072e-01
-3.032600062287302833e-01
1.000000000000000000e+00
-9.493367087139689131e-01
-2.262974829791546405e-01
-6.636016255634659133e-01
1.000000000000000000e+00
-1.000000000000000000e+00
-8.205352265578149673e-01
1.000000000000000000e+00
-3.198308235711690983e-01
4.490239986455468735e-01
1.657108725245974856e-01
-1.000000000000000000e+00
-1.000000000000000000e+00
-1.636382556085540230e-01
-4.751085760793372081e-02
1.000000000000000000e+00
1.000000000000000000e+00
2.534159766797657865e-01
1.703964618184681257e-01
-1.000000000000000000e+00
-1.000000000000000000e+00
-1.000000000000000000e+00
-1.000000000000000000e+00
1.000000000000000000e+00
-8.892448189768324962e-01
-1.899210394760475207e-01
-4.468441570476799907e-01
-1.000000000000000000e+00
1.000000000000000000e+00
7.974889135834699605e-01
-1.000000000000000000e+00
-4.811746442902028464e-01
1.000000000000000000e+00
-8.615436248957745180e-01
-1.000000000000000000e+00
4.023929525426641618e-01
8.366110024476736129e-01
-3.315227973542383411e-01
1.000000000000000000e+00
1.000000000000000000e+00
1.000000000000000000e+00
5.445755663057947338e-01
1.000000000000000000e+00
1.000000000000000000e+00
-4.907917070672356274e-01
4.873228916649927078e-02
8.236710518752443644e-01
-1.000000000000000000e+00
8.461832913930168454e-01
8.345431823963657125e-01
-8.027233928687810272e-01
2.466201018652077748e-01
1.000000000000000000e+00
3.566832634964682835e-01
1.000000000000000000e+00
3.633259876727714111e-01
-2.998794971084457472e-01
5.250577414907753315e-01
4.472613507089127083e-01
1.000000000000000000e+00
1.000000000000000000e+00
-1.000000000000000000e+00
-1.000000000000000000e+00
-1.000000000000000000e+00
9.239834968555393768e-01
9.998640683812887175e-02
4.106805121208491061e-01
1.000000000000000000e+00
-1.000000000000000000e+00
-9.284110253498250032e-01
-1.000000000000000000e+00
-8.138575073535184723e-01
-1.000000000000000000e+00
-1.000000000000000000e+00
-4.486647110912442837e-01
-6.118628956926164264e-03
7.485252023678226063e-01
-6.397857273958593716e-01
2.473019243435785608e-01
-1.000000000000000000e+00
1.000000000000000000e+00
7.897391603136059146e-01
-3.318936386433608554e-01
-1.000000000000000000e+00
-1.000000000000000000e+00
1.000000000000000000e+00
-1.000000000000000000e+00
-2.576459722377540951e-01
1.000000000000000000e+00
5.570870302470509738e-01
3.160851010870313060e-01
-5.779099291027907093e-01
-8.472133442101148493e-02
6.817415403762567827e-01
1.000000000000000000e+00
-4.346777344282626299e-01
1.000000000000000000e+00
-1.000000000000000000e+00
5.062592425999410395e-01
-4.819955474481560920e-01
-4.880820191883454284e-01
5.236842871253237774e-01
-3.417887508175221356e-01
1.321125355881955787e-01
1.670682452931125939e-01
-2.278592181239399994e-01
1.000000000000000000e+00
-1.000000000000000000e+00
5.010658957281820536e-01
-5.043149911250157658e-01
7.690461680744722361e-01
1.000000000000000000e+00
6.235233245201210472e-02
-1.000000000000000000e+00
-8.600368572095518083e-02
-1.000000000000000000e+00
1.000000000000000000e+00
-3.035678241410024736e-01
-5.567626813725510271e-01
7.972052336526851413e-01
-1.000000000000000000e+00
1.000000000000000000e+00
1.000000000000000000e+00
4.411345406158579951e-01
-4.312077681625736680e-02
3.163500894946147390e-02
-1.000000000000000000e+00
