-1.000000000000000000e+00
-3.371144683005128928e-01
-1.000000000000000000e+00
2.507112190398335105e-01
1.000000000000000000e+00
-6.416099646613829810e-01
-4.169066544128214868e-01
1.000000000000000000e+00
-1.000000000000000000e+00
1.000000000000000000e+00
1.000000000000000000e+00
9.490562159319813063e-01
-3.991905464665674863e-01
-1.000000000000000000e+00
1.000000000000000000e+00
-1.000000000000000000e+00
6.182440942382583238e-02
-2.543416073165286062e-01
-1.679761911769163119e-01
-1.000000000000000000e+00
1.000000000000000000e+00
1.000000000000000000e+00
-1.000000000000000000e+00
-1.000000000000000000e+00
-1.000000000000000000e+00
6.097678064846940860e-01
4.542444663786617820e-01
-2.733817937839109202e-01
1.000000000000000000e+00
-1.000000000000000000e+00
1.000000000000000000e+00
7.705911921140584653e-02
-1.000000000000000000e+00
1.000000000000000000e+00
-1.000000000000000000e+00
-1.000000000000000000e+00
1.000000000000000000e+00
-8.444102086622125025e-01
-1.000000000000000000e+00
-1.000000000000000000e+00
1.000000000000000000e+00
5.715496327804707732e-01
1.000000000000000000e+00
1.000000000000000000e+00
1.000000000000000000e+00
4.810955580127246334e-02
-5.140421419108677226e-01
-1.000000000000000000e+00
-1.000000000000000000e+00
1.000000000000000000e+00
9.128506653771273349e-01
-1.000000000000000000e+00
4.242987572563331478e-01
1.384535194211000686e-01
1.000000000000000000e+00
1.000000000000000000e+00
-9.206641705984923707e-01
-1.000000000000000000e+00
-1.000000000000000000e+00
-1.000000000000000000e+00
1.451556031361089794e-02
1.000000000000000000e+00
1.368022820350898172e-01
-1.000000000000000000e+00
-1.000000000000000000e+00
1.000000000000000000e+00
-4.597704676558288517e-01
-1.000000000000000000e+00
1.000000000000000000e+00
-1.000000000000000000e+00
-9.326016538050583282e-01
3.070840691494540753e-01
-1.000000000000000000e+00
9.316674059643615946e-01
9.539055528353495017e-01
1.000000000000000000e+00
-1.000000000000000000e+00
7.900946460501274693e-01
-1.000000000000000000e+00
1.000000000000000000e+00
-4.724260024737165775e-01
1.000000000000000000e+00
1.000000000000000000e+00
1.000000000000000000e+00
8.733969750323514747e-01
-1.000000000000000000e+00
6.877212092091039564e-01
-1.000000000000000000e+00
-5.520245261797113168e-01
-1.000000000000000000e+00
-1.000000000000000000e+00
1.000000000000000000e+00
-1.000000000000000000e+00
2.349977936897021114e-01
1.000000000000000000e+00
1.000000000000000000e+00
7.816105051315831442e-01
-1.000000000000000000e+00
1.000000000000000000e+00
5.707172122771048128e-01
4.140268192686898940e-01
-3.662465158571819313e-01
1.000000000000000000e+00
-1.072186890270173665e-01
9.675891792514206280e-01
-1.000000000000000000e+00
-9.143504242023012818e-01
-7.241939990609442823e-01
-8.870885300992785716e-01
1.000000000000000000e+00
-1.000000000000000000e+00
4.959054535893548388e-01
3.579432565625508822e-01
2.196180849325481965e-01
-1.000000000000000000e+00
-8.503494638677877582e-02
-4.145249789143011787e-01
2.370265808866820478e-01
1.000000000000000000e+00
-1.000000000000000000e+00
1.000000000000000000e+00
9.322676129713098891e-01
-1.000000000000000000e+00
-1.339594886577899768e-01
1.000000000000000000e+00
1.000000000000000000e+00
-1.000000000000000000e+00
-7.484880518347515332e-01
1.000000000000000000e+00
-1.000000000000000000e+00
-1.000000000000000000e+00
1.000000000000000000e+00
4.473332187512297775e-01
-1.000000000000000000e+00
-2.928654213865348188e-01
-1.000000000000000000e+00
-2.165598780691001535e-01
-1.000000000000000000e+00
-1.000000000000000000e+00
-1.000000000000000000e+00
-3.041832783624378589e-01
-1.000000000000000000e+00
-1.000000000000000000e+00
-6.705127149311708168e-01
5.541707805314159963e-01
-1.000000000000000000e+00
-9.143985088295478736e-01
1.000000000000000000e+00
2.504449292311461961e-01
1.000000000000000000e+00
-1.000000000000000000e+00
-1.000000000000000000e+00
1.000000000000000000e+00
-1.000000000000000000e+00
1.000000000000000000e+00
-3.446653293463337597e-01
-1.000000000000000000e+00
-1.000000000000000000e+00
-1.000000000000000000e+00
1.000000000000000000e+00
3.114162446392999550e-01
3.354813679777413071e-03
1.185060729302311877e-02
3.524875588159718798e-01
8.239362266520116052e-01
1.000000000000000000e+00
-1.000000000000000000e+00
3.583058555677054446e-01
1.000000000000000000e+00
1.000000000000000000e+00
1.000000000000000000e+00
-1.000000000000000000e+00
4.688777074064907069e-01
1.000000000000000000e+00
-1.000000000000000000e+00
1.000000000000000000e+00
-1.000000000000000000e+00
1.000000000000000000e+00
-7.600068567241549111e-01
-1.000000000000000000e+00
1.000000000000000000e+00
-1.000000000000000000e+00
-1.000000000000000000e+00
3.235553778477504583e-01
2.192202164630691896e-01
1.000000000000000000e+00
8.874393274893849215e-02
9.355868199105910055e-02
1.000000000000000000e+00
-2.837655126984304221e-01
-1.000000000000000000e+00
-1.000000000000000000e+00
1.000000000000000000e+00
1.000000000000000000e+00
5.217082408318910458e-01
-2.231334669261637593e-01
-9.616336519786161663e-01
1.000000000000000000e+00
9.452546108650753398e-01
1.000000000000000000e+00
-1.000000000000000000e+00
4.977669097442105062e-01
-2.922823647037747219e-01
-1.000000000000000000e+00
1.119250225952432842e-01
1.000000000000000000e+00
1.000000000000000000e+00
-1.000000000000000000e+00
1.000000000000000000e+00
1.000000000000000000e+00
1.000000000000000000e+00
-1.000000000000000000e+00
1.000000000000000000e+00
1.000000000000000000e+00
-1.000000000000000000e+00
1.000000000000000000e+00
-1.000000000000000000e+00
-2.139023060944291732e-01
1.000000000000000000e+00
1.000000000000000000e+00
1.000000000000000000e+00
1.000000000000000000e+00
-9.601432166473755636e-01
-1.000000000000000000e+00
-1.000000000000000000e+00
-1.000000000000000000e+00
-1.000000000000000000e+00
1.000000000000000000e+00
-3.529563607617607346e-01
-5.895259884148904561e-01
1.000000000000000000e+00
-6.939654822702476800e-01
-7.300674245239969773e-01
1.000000000000000000e+00
-7.295632397961611115e-01
-1.000000000000000000e+00
-1.000000000000000000e+00
1.604484744164118570e-01
1.000000000000000000e+00
1.000000000000000000e+00
-1.000000000000000000e+00
1.000000000000000000e+00
3.320486620203375594e-01
-7.040745796420833091e-01
-2.719231751674189290e-01
-6.753076288757431378e-01
-2.526347217041200466e-01
-7.415708052315446164e-01
-1.000000000000000000e+00
1.000000000000000000e+00
-1.000000000000000000e+00
-8.554236333038250928e-01
1.000000000000000000e+00
-4.967247719185386989e-01
-2.079792901502323099e-01
-1.000000000000000000e+00
1.493251850568821926e-01
1.803844452856635527e-01
1.000000000000000000e+00
1.000000000000000000e+00
-1.000000000000000000e+00
2.867456748216530293e-01
-8.910058336403237078e-05
5.911718835082179213e-01
-1.000000000000000000e+00
