-5.315865059606166287e-01
-9.255596073542589064e-01
7.429491265406162892e-01
6.999978019145292052e-02
-1.297207172927961061e-02
1.193419550095775605e-02
-3.839023142313100490e-01
6.927933148709350952e-01
1.859525968722355316e-01
8.952321294462610712e-01
-4.877925404427974065e-02
-2.838604421467749717e-02
-1.790359126788387822e-01
1.434722179264196207e-01
5.161219688824856267e-01
4.041080775704368744e-01
8.015399750667544509e-01
6.734697122595512120e-02
-3.474650149881350902e-01
6.348512627582627577e-01
8.817983027479294744e-01
6.533905512304047924e-01
3.297942086491856273e-01
7.411849199463094173e-01
-4.642218471959793646e-01
-6.330250162056549890e-01
-7.434311155796267112e-01
-7.513190983012005830e-01
-7.426552066966087828e-01
8.736670655716927136e-01
-7.389504686575210091e-01
-2.929924841591917684e-01
8.142790266447290648e-01
8.392134373080222254e-01
-8.072711167885071593e-01
6.216970955824456802e-01
-2.924975081339034055e-01
-9.745539961205116342e-01
-4.091850614158363264e-01
-9.354495309831125649e-01
-7.496629709785449514e-01
1.213683764782038654e-01
3.375287813390859259e-01
9.245491475296849782e-01
9.569836033339320647e-01
8.275505925014319253e-01
2.330954179494422185e-01
-8.077636376008443531e-01
7.208080239834102620e-02
6.352407812453051417e-01
-3.268014308289908243e-01
-5.348038861333950234e-01
-1.484610821014356041e-01
-2.419536984323638062e-01
-7.561421486004529235e-01
-9.089725771890890815e-01
-5.167298223468430596e-01
-7.544449424809116511e-01
-6.189997475043225172e-01
-1.480234363525847474e-01
8.688007773451800198e-02
-2.413249862024127168e-01
7.148074323566575572e-01
4.483203320184805385e-01
-1.506996604666166473e-01
8.190967789002767674e-01
2.917922128823240424e-01
-4.050816583776788438e-01
-3.713836756255857185e-01
8.543773726376036048e-01
-3.882914493317657367e-02
-7.475215642950969741e-01
8.583412409119881570e-01
2.488213506862679836e-03
9.719971055392999659e-01
-1.685011816970654053e-01
3.425711602593306537e-01
2.458749506302422283e-01
-1.940003349303767166e-01
5.765672929524567891e-01
4.396291507772123186e-01
9.935559959532933583e-01
-6.078339102980381270e-01
3.792070872277755189e-01
-7.397201335707819236e-01
6.045290657326019002e-01
-4.884044250092178796e-01
-6.500005916862814370e-01
-9.745185161833824772e-02
6.504193652643681656e-01
-7.415246591063102688e-01
-6.418486562429677189e-01
-8.846477664799192731e-01
3.500087092336245931e-02
-2.943664606601510414e-01
-1.503096797148126829e-01
6.272131304049755052e-01
-1.285431675555483988e-01
5.601835018994738569e-01
5.418733126413082246e-01
5.675343885897474738e-01
-7.834797387589698126e-02
7.395164650551475649e-01
-9.196467053767058975e-01
4.917447122424631889e-01
-4.023858477884085794e-01
-2.389484247690887297e-01
7.285430170570172947e-01
-1.469267413928205812e-01
8.375855204873725590e-01
-3.254720326283997434e-01
4.722179187007073953e-01
-7.388761280021671762e-01
-5.062792360564820626e-01
9.033312069980010683e-01
2.481806400854396077e-01
5.746333858795495964e-01
-9.056255557978758475e-01
6.965383016049253584e-02
1.575167846249461157e-01
6.515492433948228967e-01
2.754675185748036714e-01
8.814339552912131559e-01
9.896050943423944091e-01
9.022354017109914803e-01
5.344181297214691817e-01
-7.594035653920097051e-01
-8.078157976677506902e-01
-6.239199978916742939e-01
6.290387964880514993e-01
-3.960366571361080279e-01
-7.355636806496359537e-01
-8.496332230333643043e-01
4.697580683751771957e-01
2.107423428794741316e-01
-5.962706891562026268e-01
1.777742726633280146e-01
8.869799401631222047e-01
4.917906557932330003e-01
2.165819949134317746e-02
7.105533478693613070e-01
-3.538774012718626238e-02
-2.351628468457731547e-01
-3.729920617746753653e-01
1.944651660691156803e-01
-3.942492369514469797e-01
-2.698174009806231233e-01
4.899046695632445214e-01
-6.492926816563810988e-01
8.200483115250476462e-01
-1.957283171810324518e-01
-1.909643061070795955e-01
-5.366496164317520190e-01
-5.045301456229436265e-01
8.796177649499925533e-01
3.151947545098388037e-01
6.944847644475760085e-01
-1.474856461214368863e-03
-1.270670761110477276e-01
-6.305815488901971300e-01
-9.915584347526704700e-01
6.241926640515762514e-01
9.518638139989070712e-01
9.306907925505718548e-01
8.029540813442195279e-01
2.781501832188857382e-01
9.884794526670559467e-01
-7.024204860091585179e-01
7.534010957956700505e-01
5.213521125055244898e-01
6.050797594943788660e-01
6.350595279268180793e-01
-2.590287536568500748e-01
-9.033331016056906915e-01
1.359602016439973582e-01
-2.258096084114658009e-01
-5.534369538063694804e-01
-2.165409362314802966e-01
-7.774508471194645498e-01
8.973912906996233119e-01
-2.535706770073860028e-01
4.636527698229442329e-02
-3.115599070315684394e-01
1.449736364227807162e-01
4.857586831720677178e-01
-8.055792640674672711e-01
-8.083974287937276682e-01
9.466835245997213821e-01
-7.623828939678289895e-01
-4.807614291711765908e-01
-4.973311156571944558e-01
8.630722064341633804e-01
-6.711297212708644544e-01
5.427984747843941360e-01
-2.634545233747875859e-01
-6.543083424707314411e-01
-8.970657434682058895e-01
-5.004204165203571808e-01
8.094877108474236582e-01
-9.322132799482161225e-01
-1.652358399960704993e-01
-9.532955805297860241e-01
4.172976380637316574e-02
-3.910063763587976471e-01
-3.396133995680599149e-01
-3.749426749602693398e-01
2.361034132975210476e-01
5.666214211518960653e-02
-3.276194120765565376e-01
3.258711628133295068e-01
-6.359258846457807035e-01
3.677645652515881824e-01
2.460834884115965515e-01
8.971509405935940151e-03
-1.306271967456125171e-01
-2.198462467098256656e-01
5.382846654374606743e-03
5.577509570684600071e-01
1.534243489618503098e-01
3.808077566694427762e-01
6.933174677073505876e-01
-4.573801462257127692e-01
-8.914776040500265175e-01
4.261102215416001648e-01
-6.753013271709658039e-01
-4.443827718849300279e-01
-1.735525212805559825e-01
8.454889757368841963e-01
-7.435112353440072042e-01
-2.786456710243963020e-01
-4.321545843256557884e-01
8.461239260299096010e-01
3.358171886354472946e-01
1.836479307197365074e-01
-7.168437782704784045e-01
9.811791650445804702e-01
-7.820575898896264810e-01
1.585183680299637743e-01
1.720808187058757710e-01
-3.748664784880140211e-02
7.613995216634359409e-01
-6.116903980603227708e-02
-7.894434087975954473e-01
2.359546707622448558e-01
-8.814294921597203292e-01
1.148306804417920102e-01
2.056733360437508207e-01
6.138608382637276151e-01
6.477101536987432961e-01
-6.832718733628697638e-01
1.556269289566818426e-01
9.552432628279285964e-01
-6.430822045928734632e-01
5.706728672870118313e-01
3.620019861458649846e-01
7.000738752906709994e-01
7.341788329450167350e-01
-2.208006080359115053e-02
-7.561531339176739142e-01
-9.918935227286240774e-02
-2.318245972651042930e-01
2.968997834778346334e-01
-9.323024876451242449e-01
-5.460785882279228787e-02
-5.744545664663287532e-01
