3.600274514894790112e-01
-2.010279461459031358e-01
-1.000000000000000000e+00
1.000000000000000000e+00
-1.000000000000000000e+00
1.000000000000000000e+00
-2.437185115530293711e-02
1.000000000000000000e+00
1.000000000000000000e+00
7.272370654314351812e-01
8.230797674518586238e-01
-1.000000000000000000e+00
5.446360636094405017e-01
-1.000000000000000000e+00
-1.000000000000000000e+00
1.105677672744652396e-01
-8.818333601763341800e-01
-1.000000000000000000e+00
8.244757602533807628e-01
1.000000000000000000e+00
-1.000000000000000000e+00
1.000000000000000000e+00
-3.311078732641076772e-01
-1.000000000000000000e+00
2.465498486089788832e-01
7.316557172596762637e-01
-3.301673158064308833e-01
-1.000000000000000000e+00
-1.000000000000000000e+00
1.000000000000000000e+00
-6.092047736391270618e-01
-1.000000000000000000e+00
5.499833841295065362e-02
-1.000000000000000000e+00
-1.000000000000000000e+00
-3.093189734947936476e-01
1.455400439787091216e-02
1.000000000000000000e+00
4.338796529941114644e-01
-1.000000000000000000e+00
6.119193152507376166e-01
1.000000000000000000e+00
6.981290284999488449e-01
2.569527112500356036e-01
-3.340779166673938372e-01
1.762108370488343345e-01
-1.000000000000000000e+00
-1.000000000000000000e+00
-2.513760515559462227e-01
1.000000000000000000e+00
1.000000000000000000e+00
5.899035340443951059e-01
1.000000000000000000e+00
-1.000000000000000000e+00
-2.613801745217188000e-01
-1.000000000000000000e+00
1.000000000000000000e+00
-5.423660194069361840e-01
9.284122621891015559e-01
1.000000000000000000e+00
1.000000000000000000e+00
-6.035285033917960895e-01
-1.000000000000000000e+00
3.262943101599392604e-01
9.966399037832942565e-01
1.000000000000000000e+00
-1.000000000000000000e+00
9.337296468789252346e-01
-9.789551974368451703e-02
-1.000000000000000000e+00
1.000000000000000000e+00
1.456140177194160668e-01
1.000000000000000000e+00
-1.000000000000000000e+00
5.407543257777345236e-01
-6.571996342274821767e-01
-1.000000000000000000e+00
1.000000000000000000e+00
1.000000000000000000e+00
1.000000000000000000e+00
-1.000000000000000000e+00
1.000000000000000000e+00
4.041361428852250359e-01
-1.000000000000000000e+00
-3.987699938140001343e-01
-1.000000000000000000e+00
1.000000000000000000e+00
-1.013997056792421692e-01
-8.463758360069750797e-02
9.145366081822342563e-01
1.000000000000000000e+00
-2.321000276194220557e-01
-1.000000000000000000e+00
-1.774451024502302632e-01
-1.000000000000000000e+00
1.000000000000000000e+00
7.479132847988942956e-01
1.000000000000000000e+00
-1.000000000000000000e+00
8.463919178758266826e-01
1.000000000000000000e+00
-1.000000000000000000e+00
-1.000000000000000000e+00
-4.682356783885120999e-01
5.523756055526268804e-02
1.000000000000000000e+00
-3.780469005129269977e-01
-1.000000000000000000e+00
-1.000000000000000000e+00
1.000000000000000000e+00
1.000000000000000000e+00
-1.713585105833084765e-01
-1.000000000000000000e+00
-7.969800153307091684e-01
-7.216303654675748636e-01
-1.000000000000000000e+00
1.000000000000000000e+00
-1.000000000000000000e+00
-1.000000000000000000e+00
-7.829716218642805980e-01
1.000000000000000000e+00
8.041975682681572479e-01
1.000000000000000000e+00
3.029515273423428745e-01
-1.000000000000000000e+00
-1.000000000000000000e+00
1.000000000000000000e+00
4.864457029954813994e-01
1.000000000000000000e+00
-1.000000000000000000e+00
1.000000000000000000e+00
-1.000000000000000000e+00
-1.000000000000000000e+00
7.573302066007501221e-01
-3.752863554502387511e-01
-1.000000000000000000e+00
1.000000000000000000e+00
-1.000000000000000000e+00
3.563471333427777887e-01
1.000000000000000000e+00
1.000000000000000000e+00
-1.000000000000000000e+00
6.139788462411392977e-01
5.578204066997205501e-01
-1.000000000000000000e+00
-7.233278867419092872e-01
-1.000000000000000000e+00
1.000000000000000000e+00
1.000000000000000000e+00
1.000000000000000000e+00
1.000000000000000000e+00
1.000000000000000000e+00
7.793045480824669635e-01
1.000000000000000000e+00
1.000000000000000000e+00
-5.912121600024407009e-01
3.508418788564465762e-01
9.331197735121193881e-01
4.016499474629291466e-01
-1.000000000000000000e+00
-1.000000000000000000e+00
1.000000000000000000e+00
1.000000000000000000e+00
1.000000000000000000e+00
-4.233416521827447765e-01
-1.000000000000000000e+00
1.000000000000000000e+00
-4.473441473902933230e-01
-1.000000000000000000e+00
-1.000000000000000000e+00
3.223416883516783127e-02
8.326489548141058350e-01
1.000000000000000000e+00
-2.385948983797617773e-01
-1.000000000000000000e+00
1.000000000000000000e+00
2.620584445569074106e-02
1.000000000000000000e+00
-1.000000000000000000e+00
8.019243379668770100e-01
-6.669322901319166830e-01
-1.000000000000000000e+00
-1.000000000000000000e+00
-1.087151518434673614e-01
-1.000000000000000000e+00
-1.911276515253050867e-01
-1.000000000000000000e+00
-1.000000000000000000e+00
9.347628140014003773e-01
1.000000000000000000e+00
-1.000000000000000000e+00
-7.296156823706910766e-01
-1.000000000000000000e+00
-1.000000000000000000e+00
-1.000000000000000000e+00
1.000000000000000000e+00
6.271270928085664886e-01
-1.000000000000000000e+00
-1.000000000000000000e+00
-2.747339575804046419e-01
-1.000000000000000000e+00
-1.000000000000000000e+00
1.000000000000000000e+00
1.000000000000000000e+00
-6.114874509000776115e-01
7.467874483005420005e-01
9.625960386744525366e-02
-1.000000000000000000e+00
1.000000000000000000e+00
1.000000000000000000e+00
-7.624936648367393044e-01
2.706578960630120489e-01
1.000000000000000000e+00
1.000000000000000000e+00
5.799478669441858747e-01
-8.671765649167684220e-02
-1.000000000000000000e+00
1.698868845332967559e-01
-1.000000000000000000e+00
-1.000000000000000000e+00
-9.203272879686086316e-01
1.000000000000000000e+00
1.000000000000000000e+00
1.000000000000000000e+00
-6.326852931879713982e-01
2.410250450407723788e-01
1.000000000000000000e+00
-4.477180432072200844e-01
1.000000000000000000e+00
1.000000000000000000e+00
-2.716672270338116313e-02
1.000000000000000000e+00
-2.942522741755760896e-01
1.000000000000000000e+00
-1.000000000000000000e+00
-7.901392008501795239e-02
-1.121840371873585873e-01
-1.000000000000000000e+00
-5.075987702603390606e-02
-4.721673628731122285e-01
6.247126824738369333e-02
-5.824632447280380099e-01
1.000000000000000000e+00
-8.424215640214810508e-02
6.005778449359795435e-01
-5.905587159763572291e-01
8.843246920966223446e-01
1.000000000000000000e+00
-9.446056316426942878e-02
1.000000000000000000e+00
4.876814012618195804e-01
-8.708225617361984305e-01
4.525088601730443694e-01
7.451087144163547338e-01
-8.969208479568760994e-01
-1.000000000000000000e+00
4.398186814157173385e-01
9.372628480304330267e-01
7.879591809068059449e-01
-4.760960212775499634e-01
-8.850639410036752475e-01
-4.470543913850709705e-01
-1.000000000000000000e+00
-1.000000000000000000e+00
1.000000000000000000e+00
