-2.128292610386028905e-01
1.000000000000000000e+00
-1.000000000000000000e+00
-2.803352284319858279e-01
3.403711751585848932e-01
3.237268906634711563e-01
-1.000000000000000000e+00
1.000000000000000000e+00
1.089847267593994640e-01
4.408764081165956750e-01
-1.000000000000000000e+00
4.710879985965017447e-01
5.558587776611175757e-01
-8.435355906478292365e-01
1.000000000000000000e+00
5.947703327939785067e-01
1.000000000000000000e+00
8.111844712879543451e-01
6.560677818803526407e-01
-4.792297443796029732e-01
-1.000000000000000000e+00
-1.290024924668446982e-01
-1.000000000000000000e+00
1.000000000000000000e+00
1.000000000000000000e+00
-8.041889745903906261e-01
-3.681588772869992532e-02
-7.404369782439104153e-01
-2.590525670160949145e-01
1.000000000000000000e+00
4.898486224673825884e-01
1.000000000000000000e+00
6.292710848919383371e-02
1.000000000000000000e+00
-4.622877988239489366e-01
1.000000000000000000e+00
4.812542216871419365e-01
-3.560618121612297848e-01
5.031370894468618626e-01
1.000000000000000000e+00
3.567327818316595733e-01
-1.000000000000000000e+00
-1.000000000000000000e+00
1.000000000000000000e+00
1.000000000000000000e+00
1.000000000000000000e+00
1.000000000000000000e+00
1.000000000000000000e+00
-1.000000000000000000e+00
8.933679385669229811e-01
-9.243786015536477052e-01
3.353352579724063753e-01
-1.000000000000000000e+00
-1.000000000000000000e+00
-8.012405179122190635e-01
4.326261724357640115e-01
-1.000000000000000000e+00
-1.000000000000000000e+00
9.853350412616146414e-03
-1.000000000000000000e+00
-1.000000000000000000e+00
1.000000000000000000e+00
-1.000000000000000000e+00
-4.277812509873336611e-01
1.000000000000000000e+00
-1.098223716912337666e-01
-1.000000000000000000e+00
-1.000000000000000000e+00
1.000000000000000000e+00
1.000000000000000000e+00
-8.205051034519618147e-01
1.030844748375365771e-01
-1.000000000000000000e+00
1.000000000000000000e+00
1.000000000000000000e+00
-1.000000000000000000e+00
-5.248739942885197740e-01
1.000000000000000000e+00
4.218607670776909346e-01
-1.000000000000000000e+00
1.000000000000000000e+00
3.991597123367529587e-01
1.000000000000000000e+00
-1.000000000000000000e+00
-1.000000000000000000e+00
1.000000000000000000e+00
3.160975862080746546e-01
-4.832356971133550116e-01
-8.933303774061402969e-01
-1.000000000000000000e+00
1.000000000000000000e+00
2.270773260904797586e-01
-9.608360874322025014e-01
-1.000000000000000000e+00
1.000000000000000000e+00
-3.955304320091548309e-01
-4.789851274142144510e-01
1.000000000000000000e+00
-4.461769451140384923e-01
-1.000000000000000000e+00
2.067962145606893065e-01
1.000000000000000000e+00
-1.000000000000000000e+00
-1.000000000000000000e+00
1.000000000000000000e+00
-1.000000000000000000e+00
-1.000000000000000000e+00
6.243470821946552896e-01
-9.572793208666224851e-01
8.163252017567506069e-01
2.267433071464509675e-01
-2.710042826500047575e-01
1.000000000000000000e+00
1.000000000000000000e+00
1.000000000000000000e+00
-1.000000000000000000e+00
1.000000000000000000e+00
-1.000000000000000000e+00
-1.000000000000000000e+00
-1.000000000000000000e+00
8.596159653791096700e-01
1.507877019257573836e-01
-7.193609370586528939e-01
7.022605284262333214e-01
1.000000000000000000e+00
-1.000000000000000000e+00
-1.000000000000000000e+00
-1.000000000000000000e+00
-9.561170773658069777e-01
9.153264893009716019e-03
1.000000000000000000e+00
-1.000000000000000000e+00
1.000000000000000000e+00
-1.000000000000000000e+00
-1.000000000000000000e+00
-1.000000000000000000e+00
-1.000000000000000000e+00
-1.000000000000000000e+00
1.000000000000000000e+00
-1.000000000000000000e+00
-6.696105324179195684e-01
2.683935977109631055e-01
1.000000000000000000e+00
-3.196024988658046073e-01
1.000000000000000000e+00
-1.000000000000000000e+00
-8.076239756600244180e-01
-1.000000000000000000e+00
-1.316289292731250837e-01
-6.136806800884202218e-02
9.582767580496367454e-01
-5.056509711114270944e-01
1.000000000000000000e+00
3.119116403456819175e-01
-1.000000000000000000e+00
1.000000000000000000e+00
-1.000000000000000000e+00
8.067120558390166174e-01
-1.000000000000000000e+00
-2.917060494748046073e-01
1.256499826725376856e-03
-1.000000000000000000e+00
-7.708114947817361617e-01
-1.000000000000000000e+00
-1.000000000000000000e+00
-5.644784980071507752e-01
-9.603884820649222220e-01
1.000000000000000000e+00
-1.000000000000000000e+00
-1.000000000000000000e+00
1.000000000000000000e+00
1.000000000000000000e+00
1.000000000000000000e+00
-1.448870467725696942e-01
-8.289132792540732098e-02
4.925534824181241333e-01
-1.000000000000000000e+00
-1.000000000000000000e+00
1.000000000000000000e+00
6.879642376514704116e-01
5.952998511193041686e-01
1.000000000000000000e+00
1.000000000000000000e+00
5.522254269594863985e-01
-6.822432726923963742e-01
3.399381349906441252e-01
1.000000000000000000e+00
-7.679211435313099132e-01
-8.177438734882666038e-01
1.000000000000000000e+00
1.000000000000000000e+00
1.000000000000000000e+00
-1.000000000000000000e+00
-6.452060711256584202e-01
1.000000000000000000e+00
1.000000000000000000e+00
1.000000000000000000e+00
5.591701800647219667e-01
-1.000000000000000000e+00
-1.000000000000000000e+00
-1.000000000000000000e+00
-3.671035072499090890e-01
1.000000000000000000e+00
-1.000000000000000000e+00
9.320139682259107605e-01
1.000000000000000000e+00
-1.000000000000000000e+00
4.971519822835362978e-01
9.971648643543871149e-01
8.904272265360980709e-01
-1.000000000000000000e+00
1.000000000000000000e+00
8.879049791221367283e-01
1.000000000000000000e+00
-1.000000000000000000e+00
6.060313659628966398e-01
-8.784585238446758204e-01
-1.000000000000000000e+00
-3.518897332067458805e-01
1.000000000000000000e+00
1.000000000000000000e+00
-1.000000000000000000e+00
1.000000000000000000e+00
6.969635279260493199e-01
-1.000000000000000000e+00
2.985202589752343760e-01
1.000000000000000000e+00
-1.000000000000000000e+00
-4.945599615399309812e-02
-3.118487388773022451e-01
1.000000000000000000e+00
1.000000000000000000e+00
6.069281317375607721e-01
7.514159605870535108e-01
-7.888410035589342728e-01
-1.000000000000000000e+00
-1.000000000000000000e+00
1.000000000000000000e+00
1.000000000000000000e+00
-2.456336966405181510e-01
2.101248966331872303e-01
1.000000000000000000e+00
5.105321093169452595e-01
1.000000000000000000e+00
-1.000000000000000000e+00
1.000000000000000000e+00
-1.000000000000000000e+00
9.813278223575927495e-01
-9.414512586093772839e-01
1.000000000000000000e+00
7.083943399165515409e-02
3.719239162025119727e-01
7.311643351222626430e-01
1.000000000000000000e+00
-3.668906499212529759e-01
-1.000000000000000000e+00
-3.283683319719516991e-01
-3.814616070729283104e-01
-1.000000000000000000e+00
8.334538919283297487e-01
-1.000000000000000000e+00
9.048761080313753036e-01
-1.000000000000000000e+00
1.000000000000000000e+00
-1.000000000000000000e+00
