1.605547064180123940e-01
-4.855575180599254193e-01
-1.000000000000000000e+00
-5.449824253579045319e-01
-8.792674542902905177e-01
1.000000000000000000e+00
-6.120535355656340215e-01
5.218337904654656301e-01
8.302423985964160202e-01
7.056616979224564767e-01
-1.005226955018478918e-01
-1.000000000000000000e+00
-3.526057098190985561e-01
-1.000000000000000000e+00
4.011177219285122497e-01
-8.145136457110686568e-01
1.000000000000000000e+00
1.000000000000000000e+00
6.805732454550539323e-01
-1.000000000000000000e+00
1.000000000000000000e+00
1.018346095271627227e-01
1.000000000000000000e+00
-7.223458963383403431e-01
1.000000000000000000e+00
-3.139049602471857270e-01
1.000000000000000000e+00
1.000000000000000000e+00
-1.000000000000000000e+00
-5.002165964078636451e-01
1.000000000000000000e+00
1.000000000000000000e+00
-1.000000000000000000e+00
1.000000000000000000e+00
-1.000000000000000000e+00
1.000000000000000000e+00
1.000000000000000000e+00
1.000000000000000000e+00
1.000000000000000000e+00
1.000000000000000000e+00
1.000000000000000000e+00
4.180660859488397607e-01
2.193025676697768489e-03
7.485160290936001548e-01
7.697361041754487987e-01
-1.000000000000000000e+00
1.000000000000000000e+00
-7.704166546069612931e-01
-4.942518238171452749e-01
1.000000000000000000e+00
-8.822634588123702271e-01
-1.000000000000000000e+00
1.559639990130549103e-01
-1.000000000000000000e+00
-8.427896732557570436e-01
1.466308917835389969e-01
-1.658170134486603442e-01
-5.339097606213960567e-01
1.000000000000000000e+00
-4.975398798996388816e-01
-1.000000000000000000e+00
-8.940283060325620035e-01
-1.000000000000000000e+00
-6.591448575058984627e-01
-1.000000000000000000e+00
-1.000000000000000000e+00
1.000000000000000000e+00
4.581300082811399221e-01
4.073138376134299854e-02
-1.000000000000000000e+00
1.075175366645129971e-01
9.727359443000093142e-01
2.039830768031223318e-01
6.497121987775756891e-01
1.000000000000000000e+00
-1.000000000000000000e+00
-1.000000000000000000e+00
1.000000000000000000e+00
1.000000000000000000e+00
1.000000000000000000e+00
1.227336911309295786e-02
1.000000000000000000e+00
-1.000000000000000000e+00
-7.272799684032644763e-01
-3.034122484382539842e-01
1.135788055746623781e-01
6.257613437753011265e-01
-9.540921096345060803e-01
1.000000000000000000e+00
7.965054825068674793e-01
-1.000000000000000000e+00
1.000000000000000000e+00
1.000000000000000000e+00
8.097215764674701166e-01
1.000000000000000000e+00
-2.971083190668667440e-01
1.000000000000000000e+00
-1.000000000000000000e+00
-1.000000000000000000e+00
-8.484665398346229459e-01
1.000000000000000000e+00
-1.000000000000000000e+00
1.000000000000000000e+00
1.000000000000000000e+00
5.450704872739235984e-01
1.000000000000000000e+00
1.000000000000000000e+00
4.865707677687416410e-01
-9.785705377488695955e-02
-5.002394109417758195e-01
-1.000000000000000000e+00
-6.020954107341518480e-01
5.121148495973362191e-01
9.534963866810269861e-02
-6.215995187259977239e-01
1.000000000000000000e+00
-1.000000000000000000e+00
-4.339714882550103070e-01
1.894831938425950435e-01
1.000000000000000000e+00
-8.750763598668191978e-01
8.283894437370210584e-01
-9.203750586355035068e-01
-1.000000000000000000e+00
-1.000000000000000000e+00
2.703879367257541189e-01
1.000000000000000000e+00
1.000000000000000000e+00
1.000000000000000000e+00
-5.036591159493197800e-01
-1.012221561302268924e-01
1.000000000000000000e+00
-3.387293481911860527e-01
-5.141838498774554678e-01
-1.000000000000000000e+00
2.287206303800961016e-01
1.000000000000000000e+00
-5.325921082708977572e-01
-8.479835467347895950e-01
1.000000000000000000e+00
-3.169051899377828274e-01
-7.747603326193512885e-01
-1.000000000000000000e+00
-1.000000000000000000e+00
-3.701854688963479578e-02
1.000000000000000000e+00
-1.000000000000000000e+00
-5.683552808443200766e-01
1.000000000000000000e+00
4.996528334054315401e-01
1.000000000000000000e+00
-3.304739224926079855e-01
1.000000000000000000e+00
-8.432206133781482427e-01
-7.248211712076528812e-01
-1.000000000000000000e+00
-2.517344932620388942e-01
1.000000000000000000e+00
-1.582338492125238416e-01
1.040334563813682944e-01
-1.000000000000000000e+00
-1.000000000000000000e+00
1.000000000000000000e+00
1.000000000000000000e+00
1.000000000000000000e+00
1.000000000000000000e+00
1.000000000000000000e+00
5.526571631579391131e-02
1.000000000000000000e+00
6.985033888508593858e-01
6.174138841207672534e-01
5.472963757021921394e-01
1.000000000000000000e+00
-3.734272690369471182e-01
-1.000000000000000000e+00
-1.000000000000000000e+00
1.331072579549785750e-02
1.325296194586835785e-01
1.000000000000000000e+00
-1.000000000000000000e+00
1.000000000000000000e+00
1.000000000000000000e+00
4.356383709237381385e-01
-1.000000000000000000e+00
1.000000000000000000e+00
-1.000000000000000000e+00
8.594511591750721990e-01
-9.099641966267412174e-01
-1.000000000000000000e+00
-3.356378083786513700e-01
-5.136679623146783724e-01
1.000000000000000000e+00
-5.628806961015406785e-01
-4.733325616730683638e-01
1.000000000000000000e+00
-1.000000000000000000e+00
1.000000000000000000e+00
7.407557182371929949e-01
-6.705435201336570339e-01
1.000000000000000000e+00
-7.319973621090155591e-01
1.000000000000000000e+00
4.601413040911652708e-01
-1.000000000000000000e+00
1.000000000000000000e+00
3.854995812149402123e-01
6.056916785050556751e-01
-4.171208243899426904e-02
3.096247337896965712e-01
-1.000000000000000000e+00
-5.971027789104073058e-01
-1.000000000000000000e+00
1.000000000000000000e+00
3.887434806946474808e-01
1.000000000000000000e+00
1.000000000000000000e+00
4.200565348529454734e-01
1.000000000000000000e+00
-3.995929482428470791e-01
1.000000000000000000e+00
-1.000000000000000000e+00
-1.000000000000000000e+00
5.422167478015449404e-01
1.000000000000000000e+00
1.000000000000000000e+00
6.308618619247696735e-02
-3.530530822339109642e-01
-1.000000000000000000e+00
1.128910125991990920e-01
1.000000000000000000e+00
1.000000000000000000e+00
-1.130691672267144232e-01
1.000000000000000000e+00
6.213441574677472934e-01
1.000000000000000000e+00
1.000000000000000000e+00
6.437150213653626274e-01
-1.000000000000000000e+00
1.000000000000000000e+00
-1.000000000000000000e+00
-4.244331583501392835e-02
-1.000000000000000000e+00
-1.000000000000000000e+00
-1.000000000000000000e+00
8.090949319879497947e-01
1.000000000000000000e+00
1.000000000000000000e+00
1.000000000000000000e+00
-1.000000000000000000e+00
-1.000000000000000000e+00
-1.000000000000000000e+00
-9.716347302177250622e-01
5.022753984362029467e-01
1.000000000000000000e+00
-1.000000000000000000e+00
1.000000000000000000e+00
1.000000000000000000e+00
1.000000000000000000e+00
4.127695565593019200e-01
-1.000000000000000000e+00
-1.000000000000000000e+00
1.000000000000000000e+00
-1.000000000000000000e+00
-1.000000000000000000e+00
-1.000000000000000000e+00
