-1.000000000000000000e+00
-7.530452598395476205e-02
1.000000000000000000e+00
1.000000000000000000e+00
4.542811358707609104e-01
-5.112695458043494678e-01
-4.291052124822811731e-01
6.757822299493205787e-01
-7.977949949989973089e-01
-1.000000000000000000e+00
1.008578666575989935e-01
9.246609672214997078e-01
1.000000000000000000e+00
-1.000000000000000000e+00
-1.000000000000000000e+00
1.000000000000000000e+00
-1.000000000000000000e+00
-1.000000000000000000e+00
-1.000000000000000000e+00
-6.911437641705180379e-01
-4.660665494103244377e-01
-2.845700987298618312e-01
-1.000000000000000000e+00
1.000000000000000000e+00
1.000000000000000000e+00
-1.000000000000000000e+00
1.000000000000000000e+00
-5.335640198429212333e-01
-4.787625953397693923e-01
-5.628456025704073884e-01
-1.000000000000000000e+00
1.000000000000000000e+00
1.000000000000000000e+00
1.000000000000000000e+00
-9.711784618379045719e-01
-1.000000000000000000e+00
1.000000000000000000e+00
1.000000000000000000e+00
1.000000000000000000e+00
1.000000000000000000e+00
-1.000000000000000000e+00
1.000000000000000000e+00
-2.572660886061039348e-02
1.000000000000000000e+00
7.774525990959514354e-01
-5.897954921884485113e-02
1.000000000000000000e+00
1.000000000000000000e+00
1.000000000000000000e+00
-1.000000000000000000e+00
-1.000000000000000000e+00
-2.479238389996784031e-01
1.000000000000000000e+00
-1.000000000000000000e+00
8.045954798015546583e-01
1.000000000000000000e+00
1.000000000000000000e+00
-1.180866900399608621e-01
-4.999233754267435881e-01
8.859863723909875421e-01
4.579539655139484022e-01
-1.000000000000000000e+00
-1.000000000000000000e+00
1.000000000000000000e+00
1.000000000000000000e+00
-1.000000000000000000e+00
-4.432110564070312897e-01
1.000000000000000000e+00
-5.956617779204043117e-02
-1.000000000000000000e+00
-8.145447271153494206e-02
-1.000000000000000000e+00
-9.443822727766508773e-01
-1.000000000000000000e+00
1.000000000000000000e+00
1.000000000000000000e+00
-1.000000000000000000e+00
-6.239508372370615730e-01
-5.974227453636797858e-01
1.000000000000000000e+00
1.000000000000000000e+00
1.000000000000000000e+00
1.000000000000000000e+00
-2.402736004582713414e-01
-1.022620692331200898e-01
1.000000000000000000e+00
-1.000000000000000000e+00
-1.000000000000000000e+00
-1.000000000000000000e+00
1.000000000000000000e+00
-3.927378299417896290e-01
2.749891335095189238e-01
-3.094520997221593683e-01
-1.000000000000000000e+00
-7.618234234721911191e-01
-1.000000000000000000e+00
5.627816019960660276e-02
-1.000000000000000000e+00
1.000000000000000000e+00
-5.192403546385909729e-01
-1.000000000000000000e+00
4.105423970275351442e-01
-1.000000000000000000e+00
-1.000000000000000000e+00
-1.000000000000000000e+00
-3.440346813103325463e-01
-9.815651450996500937e-01
-6.667561240327246619e-02
-6.746465531778084168e-01
1.000000000000000000e+00
1.000000000000000000e+00
2.187966275455570653e-01
-1.000000000000000000e+00
-1.000000000000000000e+00
-1.000000000000000000e+00
4.516253343441969381e-01
-6.212033143080701869e-01
-1.000000000000000000e+00
2.668635552547810041e-01
-1.000000000000000000e+00
-2.647950800712000063e-01
-1.000000000000000000e+00
1.000000000000000000e+00
-4.520813962083215509e-01
1.658205766130618763e-01
-1.000000000000000000e+00
-1.000000000000000000e+00
7.015197983580536700e-01
-1.880921589486392320e-02
1.000000000000000000e+00
1.000000000000000000e+00
-1.000000000000000000e+00
-1.000000000000000000e+00
1.000000000000000000e+00
-9.569972171090942448e-01
7.422061998744531319e-01
9.879181106881341767e-01
-8.608739295988356854e-01
1.000000000000000000e+00
1.000000000000000000e+00
3.848742254123761475e-01
1.000000000000000000e+00
1.000000000000000000e+00
-1.000000000000000000e+00
6.991964341706988217e-02
-1.000000000000000000e+00
-1.000000000000000000e+00
9.833005908945244844e-01
-1.000000000000000000e+00
1.000000000000000000e+00
-1.000000000000000000e+00
1.000000000000000000e+00
3.585935409392738693e-01
-1.000000000000000000e+00
-1.000000000000000000e+00
-6.423691755665302816e-01
-3.942845828672897346e-01
-7.184902245273158128e-01
-5.809708097073668087e-01
-1.000000000000000000e+00
1.000000000000000000e+00
-1.000000000000000000e+00
8.184479765113821248e-01
7.136207849154733163e-01
-1.000000000000000000e+00
-1.000000000000000000e+00
9.976225498967439265e-02
-1.000000000000000000e+00
-1.000000000000000000e+00
-6.049737320645409699e-01
9.174072354058669942e-01
1.027005675036798960e-02
4.121748824267396638e-01
-1.000000000000000000e+00
6.783546262706635632e-01
-3.579326524934395293e-01
-2.469446304150582361e-01
-1.000000000000000000e+00
-1.000000000000000000e+00
-1.000000000000000000e+00
1.000000000000000000e+00
8.073191842674034557e-01
-5.739374811032386114e-01
1.000000000000000000e+00
8.514226128825930218e-01
-1.000000000000000000e+00
8.620671908488515278e-01
-6.165677119725475608e-01
1.000000000000000000e+00
-1.000000000000000000e+00
-5.011450488127053848e-01
2.433752086536140058e-01
-1.000000000000000000e+00
-1.000000000000000000e+00
1.000000000000000000e+00
-7.153696096765769230e-01
6.582842734358256287e-01
-1.000000000000000000e+00
-8.513718611686095228e-01
-6.081583104325529732e-01
1.000000000000000000e+00
-1.000000000000000000e+00
-1.000000000000000000e+00
7.662691635360207032e-01
-1.000000000000000000e+00
1.000000000000000000e+00
-1.226458045425851129e-01
-1.000000000000000000e+00
-1.000000000000000000e+00
4.850833576834774341e-01
-2.319325113700950736e-01
-1.000000000000000000e+00
1.462563379410591891e-01
1.000000000000000000e+00
-8.569918798624396317e-01
-1.000000000000000000e+00
-6.388609087573972056e-01
-4.815424241776463665e-01
-1.000000000000000000e+00
1.000000000000000000e+00
-1.885842485000707724e-02
1.000000000000000000e+00
1.550322968404015123e-01
-1.000000000000000000e+00
-1.000000000000000000e+00
-2.985053262356726078e-01
-1.000000000000000000e+00
-1.000000000000000000e+00
1.000000000000000000e+00
1.000000000000000000e+00
3.294760703575613237e-01
7.389257142529537248e-01
9.244474818807369987e-01
1.000000000000000000e+00
1.000000000000000000e+00
-1.000000000000000000e+00
1.000000000000000000e+00
-1.531855765643980460e-01
-1.000000000000000000e+00
-9.197614972761930519e-02
-1.000000000000000000e+00
-1.000000000000000000e+00
-1.000000000000000000e+00
-9.077869835797059972e-01
-4.131486067474848811e-01
1.000000000000000000e+00
7.898525508898992520e-01
-6.103895458525518958e-01
1.000000000000000000e+00
-4.919278981658186667e-01
-1.000000000000000000e+00
-8.834851180142744287e-01
1.000000000000000000e+00
1.000000000000000000e+00
-1.000000000000000000e+00
6.989987226314711144e-01
2.557691964436065168e-01
1.826279293463712872e-01
-6.940934425374709615e-01
1.000000000000000000e+00
1.000000000000000000e+00
6.083533194135715139e-02
1.000000000000000000e+00
1.000000000000000000e+00
4.387888985654154195e-01
