-9.537924466894039943e-01
1.000000000000000000e+00
9.633024272670676069e-01
-1.000000000000000000e+00
7.946136701986328266e-01
9.272256048735172396e-01
-1.000000000000000000e+00
-1.000000000000000000e+00
-1.000000000000000000e+00
1.000000000000000000e+00
2.715067263814457954e-01
9.789242207255863804e-01
1.000000000000000000e+00
-1.000000000000000000e+00
1.000000000000000000e+00
-7.673945604569707424e-01
-1.000000000000000000e+00
-1.000000000000000000e+00
8.474489118607727578e-01
1.000000000000000000e+00
-1.080520548561222927e-02
-1.000000000000000000e+00
-1.000000000000000000e+00
-1.000000000000000000e+00
-5.756145631689895126e-01
1.000000000000000000e+00
1.000000000000000000e+00
1.000000000000000000e+00
-1.000000000000000000e+00
-1.000000000000000000e+00
1.000000000000000000e+00
5.782315584873503056e-01
7.770654087839126145e-01
-1.000000000000000000e+00
-5.051233968912683947e-01
1.000000000000000000e+00
1.000000000000000000e+00
1.000000000000000000e+00
-6.318808577068387722e-01
-5.959071248855641878e-01
-1.000000000000000000e+00
1.970688070988817486e-01
1.000000000000000000e+00
-1.000000000000000000e+00
1.000000000000000000e+00
1.000000000000000000e+00
1.000000000000000000e+00
5.415996927666998362e-01
-2.342441437489479750e-01
-1.000000000000000000e+00
-1.000000000000000000e+00
1.000000000000000000e+00
-1.000000000000000000e+00
1.000000000000000000e+00
1.000000000000000000e+00
1.000000000000000000e+00
1.000000000000000000e+00
-1.000000000000000000e+00
1.000000000000000000e+00
1.000000000000000000e+00
1.000000000000000000e+00
9.308881642262190059e-01
1.000000000000000000e+00
-1.000000000000000000e+00
1.000000000000000000e+00
1.000000000000000000e+00
1.000000000000000000e+00
-1.000000000000000000e+00
-1.000000000000000000e+00
1.000000000000000000e+00
-1.000000000000000000e+00
-7.359383189633981193e-01
-7.081552702487898809e-01
-1.000000000000000000e+00
-1.297409825751660861e-02
1.000000000000000000e+00
-1.954790855291225204e-01
-5.729955908529790198e-01
1.000000000000000000e+00
-9.509710322619973066e-01
6.715560224697263436e-01
7.781340557303817462e-02
1.000000000000000000e+00
-1.000000000000000000e+00
-5.393360236249772344e-01
5.735400683811738842e-01
-2.428638231944409975e-01
-8.913216819865451557e-01
7.698288776007522483e-02
-4.925732710621873456e-01
7.372783497025009458e-01
-1.000000000000000000e+00
1.000000000000000000e+00
4.135358180420145580e-02
1.000000000000000000e+00
1.471536254668907584e-01
1.000000000000000000e+00
3.800352938125267088e-01
1.000000000000000000e+00
-3.768491742468687011e-01
9.459220931108184294e-01
-1.000000000000000000e+00
1.000000000000000000e+00
1.000000000000000000e+00
2.646459026066588782e-02
-1.000000000000000000e+00
5.342435870214634619e-01
-1.000000000000000000e+00
5.443973881295519623e-01
-7.138308960172233819e-01
1.832965632034677661e-01
-1.000000000000000000e+00
-1.000000000000000000e+00
1.000000000000000000e+00
-1.000000000000000000e+00
4.109303163111830415e-01
-1.000000000000000000e+00
1.000000000000000000e+00
8.202226493081273828e-01
1.000000000000000000e+00
9.046195584864882289e-01
1.000000000000000000e+00
1.000000000000000000e+00
-1.000000000000000000e+00
1.000000000000000000e+00
1.000000000000000000e+00
3.465409414061739746e-01
1.000000000000000000e+00
-1.000000000000000000e+00
1.000000000000000000e+00
-2.000587218320097893e-01
-1.000000000000000000e+00
-1.803602629005307545e-02
-1.000000000000000000e+00
1.000000000000000000e+00
1.000000000000000000e+00
-1.000000000000000000e+00
1.000000000000000000e+00
1.000000000000000000e+00
-2.853485579676688921e-01
-3.819852833505852363e-01
5.509051058607552509e-01
1.000000000000000000e+00
3.844833872673008579e-01
-1.000000000000000000e+00
1.000000000000000000e+00
-5.546566564886175055e-01
3.553789104341095184e-01
7.055904698817017096e-01
-1.000000000000000000e+00
3.640217302829241164e-01
-1.000000000000000000e+00
-1.000000000000000000e+00
-1.000000000000000000e+00
1.000000000000000000e+00
-3.808617163093457325e-01
-1.000000000000000000e+00
1.000000000000000000e+00
-1.000000000000000000e+00
1.000000000000000000e+00
1.000000000000000000e+00
7.638682890953297777e-01
-1.000000000000000000e+00
-4.673463756710662942e-01
8.141645626926793389e-01
-2.029777148197048353e-01
6.818947346888534766e-02
-1.000000000000000000e+00
-2.604257488945286858e-01
-1.000000000000000000e+00
-9.540987376411266263e-01
1.000000000000000000e+00
-1.000000000000000000e+00
1.000000000000000000e+00
2.553058944186775703e-02
1.000000000000000000e+00
-6.992366172092130405e-01
-1.000000000000000000e+00
1.000000000000000000e+00
-1.000000000000000000e+00
1.000000000000000000e+00
-1.000000000000000000e+00
-1.000000000000000000e+00
3.293213085644942639e-01
8.430047773872157979e-01
-1.000000000000000000e+00
1.000000000000000000e+00
3.577744632397230062e-01
7.999083988282602586e-01
3.417995149481313222e-01
-1.000000000000000000e+00
1.000000000000000000e+00
-1.000000000000000000e+00
1.000000000000000000e+00
8.002024552946529479e-01
-1.000000000000000000e+00
8.037507246005071160e-02
-7.834597463902395198e-01
-5.788144573147409044e-01
8.272052146435835418e-01
1.000000000000000000e+00
2.140846557453012222e-01
2.308299773740418448e-01
-1.000000000000000000e+00
-7.524771243160652823e-01
5.924696376089813032e-01
1.000000000000000000e+00
-1.000000000000000000e+00
-7.132405697324806226e-01
1.000000000000000000e+00
-1.000000000000000000e+00
1.000000000000000000e+00
-8.879368467124439945e-01
-1.000000000000000000e+00
1.000000000000000000e+00
2.429475076742888540e-01
-1.000000000000000000e+00
-1.000000000000000000e+00
1.000000000000000000e+00
9.973250604189136670e-01
-4.380922844323520415e-02
1.000000000000000000e+00
-1.000000000000000000e+00
1.000000000000000000e+00
1.000000000000000000e+00
-1.000000000000000000e+00
4.918667205348641325e-01
1.000000000000000000e+00
1.000000000000000000e+00
-8.781616903854372325e-02
-1.000000000000000000e+00
-3.392990446629950418e-01
-9.121558953926012236e-01
-1.000000000000000000e+00
-1.000000000000000000e+00
6.705756044819664030e-01
3.485517511771654142e-01
1.000000000000000000e+00
-2.310317548883151773e-01
7.241613413610621386e-01
-1.000000000000000000e+00
-7.999661406165020638e-01
1.000000000000000000e+00
1.000000000000000000e+00
-1.000000000000000000e+00
1.000000000000000000e+00
-1.000000000000000000e+00
1.000000000000000000e+00
8.362870228687836471e-01
-2.917903451664264902e-01
-1.000000000000000000e+00
1.000000000000000000e+00
1.000000000000000000e+00
1.000000000000000000e+00
9.781846912860409082e-01
1.000000000000000000e+00
-1.000000000000000000e+00
-7.648883801840244967e-01
1.000000000000000000e+00
1.000000000000000000e+00
5.683347426918453071e-02
-7.436530780780356009e-01
1.000000000000000000e+00
1.000000000000000000e+00
1.000000000000000000e+00
