-9.922209215949704397e-01
-3.556855128371694263e-01
9.384516082115248459e-01
9.231686743642717463e-01
-5.805877307304463386e-02
-9.006456864414755792e-01
8.803104933431327161e-02
-5.968156503210626518e-01
-4.777542180354887869e-01
-4.712750910189680287e-01
4.745946267309442135e-02
5.420718079561006597e-01
9.820540302264899601e-01
-9.234720891522734121e-01
4.561105351633729654e-01
7.152799901722746156e-01
9.680612483581285677e-01
-7.891074619006275270e-01
5.052000409397090497e-01
-4.422197783833143880e-01
7.134055424218623820e-01
4.289538403456376603e-01
1.414949737575335043e-01
-7.854321653652551749e-01
-8.397138852517722629e-01
-1.914541428994367411e-01
-4.041834679856877166e-01
-2.880224956394228375e-01
7.722123045027757815e-01
-5.155075169024638804e-01
1.827990530587628726e-01
5.051534731304347936e-01
-6.578259765229894640e-01
4.392704253948314097e-01
-9.285428400349118316e-01
1.778996230021681058e-01
-8.462293475044135871e-01
1.228693633032253985e-01
9.975675543635731390e-01
-4.771396962319367496e-01
-6.377450337328549601e-01
-8.795476853842747467e-01
-4.157437213022050493e-01
-3.135010859970897013e-01
-2.233637948642341886e-01
-2.987286522150121026e-01
1.809647386455452978e-01
3.817075988871621028e-01
-2.182482013518032282e-01
1.190277426389960702e-01
7.143064113820574157e-02
-3.572535362594191355e-01
7.061462673390592748e-01
-6.864687388068309026e-01
9.608812599627003515e-02
-1.027162883628984780e-02
-4.464546921750136566e-01
-2.426056067208102185e-01
3.289565425882243765e-01
-2.585387116489887838e-01
3.663807430763428297e-01
-2.341213194027218503e-01
1.319559556844283055e-01
6.063035394968769864e-01
-3.003415535072468945e-01
-4.943234192779317748e-01
6.851011617753808292e-01
2.049209047044875387e-01
-8.225470393691027837e-01
-3.848009118937456563e-03
-4.491016311844808762e-01
1.740455304557557703e-01
-4.353339852544002575e-01
-3.144953195144424285e-01
-2.538496080850405345e-01
5.556574830179950020e-01
2.278672749516852392e-01
5.962052580146917080e-01
-1.090858214819936389e-01
-3.026017407710792639e-01
8.774040808833958316e-01
-5.213447294696655909e-01
-7.691514660487874799e-01
1.064693856369467451e-01
2.791461030792039555e-01
2.532823132093264817e-02
-2.699103609124331449e-02
-1.925144042111688325e-01
-5.883768611439899043e-01
-6.357534634301589271e-01
-3.900884599893488236e-01
4.991758465941860123e-01
-7.075704435715490792e-01
3.265069160844682461e-01
1.004478645824973260e-01
-5.147353045215443679e-01
8.136794287582937990e-02
-3.547371141487163371e-01
-9.611654035852659206e-01
3.309521463678404274e-01
4.137192038105619307e-01
3.595649189253746769e-02
1.951215414970897122e-01
5.369103073810077564e-01
-9.216906450180992749e-01
-1.829749198145020905e-01
-9.486477928694658779e-02
-2.351959716327887140e-01
2.244853899608734160e-01
-4.056390355783869861e-01
-3.787633784304376139e-01
5.713147341693580739e-01
-8.547080196577385713e-01
-6.636211411832269036e-01
-1.606190313396520519e-01
1.488504722483476872e-01
-2.782263537017493071e-01
-4.738488542288790129e-01
-7.280744549571120938e-01
3.928348490955539951e-01
7.276608620135778249e-01
2.627804396864508174e-01
9.702732462601804109e-01
-9.417700280416843039e-01
-5.209556416229328413e-01
8.774635769923633255e-01
8.718415204694629494e-01
9.495983961145733065e-01
-3.482096769222029486e-01
9.598515655988784090e-01
-3.573277415664046774e-01
-7.898098390106333966e-01
7.969637077470750341e-01
-4.403620099662823861e-01
-3.630865905236391189e-01
-5.606202166783380569e-02
5.595023371438263560e-01
-5.617609712349254103e-01
8.967355192873800451e-01
7.590720688510708136e-01
-6.409441289449768764e-01
4.978739811917047842e-01
-3.703950378205178584e-01
1.288818142930545640e-01
-3.125543414429872158e-01
-6.105470508823125364e-01
-8.735644534514364068e-01
-7.935436565506452933e-01
-4.682215521037909056e-01
6.936999952841365058e-01
5.010480839597550862e-01
6.562706034315775039e-01
-3.357451806011224615e-01
-7.169833455552181434e-01
9.845217654178193278e-01
6.273041953551032890e-01
-5.373238864299596518e-01
6.101052570738425551e-01
4.092061557689989915e-01
-9.135184577579089638e-01
7.016605769229009582e-01
-5.895054185372241573e-01
-2.403395043479665816e-01
-8.547351056878151887e-01
7.851547137952268329e-01
-1.830737054502029615e-02
2.020973796790472843e-01
-2.812831889223450510e-01
-6.165976377948876319e-01
6.882864288621357574e-01
8.561313178890106457e-01
4.526588041201313750e-01
6.578266629547351307e-01
-5.025928835582706977e-01
4.190003113665614620e-01
-5.744090177063829739e-01
-2.224601771461571786e-01
4.075514890038085536e-01
3.059147997715008227e-01
4.473751206781391154e-01
-1.738342619273902656e-01
5.277256172679911650e-02
3.395604234292919354e-01
6.203683162750550650e-03
-7.352184872233613611e-01
-6.853990818276423092e-01
-2.933749378681755893e-01
2.101671489615264399e-02
-5.374401781952282686e-01
-2.260000721727823958e-01
-4.360342492584863283e-01
-2.945544782464279976e-01
-6.931893688696262323e-01
-9.313664091331395056e-01
-6.377863590861712062e-01
-6.397110788580424590e-01
1.191879651062170975e-01
4.745591117741709830e-01
-6.840675665467630395e-01
-7.009541132489143234e-01
7.399920094180827412e-01
8.216239106520524249e-01
-4.614037801004506889e-01
-3.280737066062022755e-01
-6.091291082111465194e-01
7.863811421534674384e-01
-4.260621698471036556e-01
-8.212333856434872459e-02
-2.839235398503170416e-01
5.406976866785506708e-02
-2.896585543193617163e-01
-6.101122616522705044e-01
-9.448455866064884301e-01
7.968073814423826118e-01
-7.031174786940901367e-01
-8.924936563276677504e-01
6.756437397781029919e-01
7.453844798102247093e-01
6.751972576669016401e-01
2.953017710341026003e-01
-6.552237486218266405e-01
-3.316992433188157285e-01
-6.824428107474114213e-01
-5.326480862981204378e-01
6.176895445331542778e-01
7.706069827756145685e-01
-5.318751843763696030e-01
-4.409224097008404009e-01
8.264821297860029947e-01
2.307544136812686997e-01
-8.204834101595832596e-01
-6.338022071446851591e-01
2.651291689531922735e-01
3.024207402622207663e-01
8.209200564973595515e-01
9.836898485876550691e-01
-7.920107674098475492e-01
5.740271338784213029e-01
-2.652504391252623606e-01
3.037762598602669062e-01
-7.769114035781077288e-01
-1.623608739511082089e-01
-4.303295833007036997e-01
-5.012636276159265769e-01
-9.215020534427980081e-01
9.933587188288601766e-01
8.520823034231170823e-01
8.481572297501238644e-01
-5.573040567972729065e-01
-6.911064641736355263e-01
6.786782409169598296e-01
7.660139919918369511e-01
9.566393946719979891e-01
-2.055070952632487291e-01
-7.071995320745805280e-02
-3.138759307968850276e-01
9.184707880423925719e-01
-3.224087630502281421e-01
-9.461001156346049434e-02
-4.461658690285275064e-01
4.594839845628306829e-01
6.623446252228222253e-01
3.011796092763947552e-01
-3.072267453078334487e-01
3.261222556815797091e-01
