-7.167571136027407475e-01
-6.502074760221939753e-01
9.355178151361687178e-01
7.649123786202182140e-01
8.086657614272508843e-01
-4.952033972852953880e-02
-6.959196620059913130e-01
6.620056436448304993e-01
1.000000000000000000e+00
1.000000000000000000e+00
-1.000000000000000000e+00
5.308673290659775557e-01
3.550945156574534800e-01
4.431063385758249318e-02
-1.872024627768276162e-01
1.000000000000000000e+00
-6.931890987989592912e-01
-1.000000000000000000e+00
5.662628838882599602e-01
-8.371185299159413784e-01
1.000000000000000000e+00
6.094478184705383050e-01
4.065669081391940498e-01
-9.107505771985285881e-01
-1.000000000000000000e+00
-3.697681093568720989e-01
5.556662000180432326e-01
-1.254401608778605848e-01
1.000000000000000000e+00
-7.967865783119798540e-01
1.000000000000000000e+00
4.107627168109213023e-01
4.433589242501764227e-01
-5.476110280371753181e-01
-1.000000000000000000e+00
2.542871682565372993e-02
-7.664398041653910365e-01
-3.992377568375440888e-01
9.230356351793044256e-01
-4.814576978881244251e-01
1.000000000000000000e+00
3.180117582842374446e-01
1.000000000000000000e+00
1.000000000000000000e+00
-4.177274406946873131e-01
4.595634591887817200e-01
-5.768413208191289776e-01
-1.000000000000000000e+00
-5.127894170030700138e-01
1.000000000000000000e+00
9.973287235272845219e-01
7.137642899510978634e-01
-2.927836063114763188e-01
-6.228071750545327578e-01
5.563023095616324021e-01
-5.896693461024279381e-01
-3.719575430095101165e-01
2.396014516029275065e-01
9.785276931180453275e-01
-2.856177099109881712e-01
9.046981985755540023e-01
-1.000000000000000000e+00
-1.653660462051564917e-01
1.000000000000000000e+00
-4.241847057147953848e-01
-9.602233556767989509e-01
1.064568519712061345e-02
4.382994931530156402e-01
1.000000000000000000e+00
1.000000000000000000e+00
1.000000000000000000e+00
5.636358396605640753e-01
-1.000000000000000000e+00
8.687839771054572946e-02
1.000000000000000000e+00
3.892206351735461034e-02
-5.345860902470134235e-03
1.000000000000000000e+00
7.570426125654883265e-01
-6.338977155357750082e-01
-1.000000000000000000e+00
-4.960614303100321365e-01
9.167898067298176912e-01
1.000000000000000000e+00
-7.143351596214077004e-01
4.216863674682083118e-01
-1.000000000000000000e+00
-1.000000000000000000e+00
2.087812147422949405e-01
3.072829810084438673e-01
7.098581281391818099e-01
-1.000000000000000000e+00
-3.878176493398066693e-01
-2.897742832801066815e-01
-3.253146297959897959e-01
1.000000000000000000e+00
7.394795758978847111e-01
-9.047777186207444089e-01
9.685763844365280484e-02
1.000000000000000000e+00
7.543507892132743642e-01
6.382962799361657780e-02
7.204984071908624443e-01
1.451830681266068346e-01
-2.862974284735466668e-01
1.000000000000000000e+00
-3.424846470895455131e-01
-1.000000000000000000e+00
-1.621466982006967150e-01
-2.038954040053037597e-01
-1.000000000000000000e+00
-7.654948914503331148e-01
-1.000000000000000000e+00
-6.896576426362335255e-01
4.158452703559963326e-01
1.000000000000000000e+00
1.563019878499904425e-01
-4.765392837679918170e-01
-5.041913458607212295e-01
-1.000000000000000000e+00
-3.915915196301447132e-01
-1.000000000000000000e+00
-7.520274989255490983e-01
-7.906429954905527246e-01
-6.800590695823727216e-03
-6.393306130654523578e-01
-3.321859625542715744e-01
1.000000000000000000e+00
1.000000000000000000e+00
-1.000000000000000000e+00
-1.000000000000000000e+00
-1.000000000000000000e+00
-3.934498910502526314e-02
-5.691723135955324420e-01
-8.814411809507041173e-01
-6.607308697787886986e-01
-1.000000000000000000e+00
-8.467712698251399495e-01
-4.279911951521684355e-01
-1.000000000000000000e+00
7.300863450844461422e-01
-7.901518746669780047e-01
3.244744163374539969e-01
-1.000000000000000000e+00
4.023703833640657201e-02
-1.000000000000000000e+00
1.774054562040088268e-01
-2.302411396537387134e-01
-7.783546930805788078e-01
-1.000000000000000000e+00
-6.425363493153086747e-01
-1.000000000000000000e+00
6.082593489982039969e-01
-8.573540280689204707e-01
-2.872086073691972330e-01
8.513034409655606538e-01
-2.426261651967099864e-01
9.063865036870031311e-01
-3.239587424229006807e-01
-9.477548120267005327e-01
8.088503112992209143e-01
2.101198134435006831e-02
-1.196535960273104049e-01
4.256385660021305140e-01
-5.077942448305309275e-01
-1.353599465789638856e-01
-1.637261126696833990e-01
1.905245285260308563e-01
3.763321036734590397e-01
-1.000000000000000000e+00
-1.000000000000000000e+00
-1.000000000000000000e+00
-2.456618328011198338e-01
1.128288338791072487e-01
-3.814686735541894524e-01
7.220794812159696541e-01
3.979907238102919909e-01
-8.770938841860220769e-01
-2.498923080384543027e-01
-1.000000000000000000e+00
1.000000000000000000e+00
6.212390746248825923e-01
7.573793514405922078e-01
6.109921405756735258e-01
1.000000000000000000e+00
1.000000000000000000e+00
-1.000000000000000000e+00
-5.183739499571293763e-01
-1.000000000000000000e+00
6.765511235666452627e-01
-1.000000000000000000e+00
1.859226520196992638e-01
1.000000000000000000e+00
7.932265001277940542e-01
8.608757362579184669e-01
1.000000000000000000e+00
-3.493042023975537758e-01
-2.819715603510624113e-01
5.435622174736776113e-01
-8.493068218994801466e-01
-5.884197776311181904e-01
-9.556854412326749593e-01
-1.537869182910900356e-01
-3.732292320344894332e-01
-1.000000000000000000e+00
-8.943825312338511413e-01
5.173807049585046336e-01
2.157464336029268903e-01
3.941517154768960918e-01
1.558285744781690019e-01
-8.047313134346921748e-01
7.757068746916988555e-01
8.361358658431765623e-01
8.154535378597760342e-02
9.377955307992247302e-01
-1.000000000000000000e+00
5.462153860363163638e-01
1.000000000000000000e+00
7.648040534066244955e-01
1.000000000000000000e+00
-1.063546961982977379e-01
-3.383973498722249174e-01
1.517570932883618440e-01
3.591419591719824389e-01
8.288325532740887791e-01
-2.872158670790263546e-01
1.000000000000000000e+00
-6.330848067144083657e-01
-3.798868237150613281e-01
2.057146949197470320e-01
-5.944914974554227349e-01
-1.000000000000000000e+00
-2.362653597346835443e-01
2.907386337702517753e-01
-7.828411472844112318e-01
5.223914632141781755e-01
-7.725986568565055279e-01
-5.014085334339868361e-01
-1.000000000000000000e+00
-5.376219359730510794e-02
-7.893941249933686954e-01
-4.355590908552166574e-01
-8.998910324803741645e-01
-1.000000000000000000e+00
-6.492310259805201822e-01
-8.415850285560295685e-01
4.184156115476732607e-01
-1.000000000000000000e+00
-8.661538003502657901e-01
2.060570901733063953e-01
1.000000000000000000e+00
-6.426395183906484787e-01
2.464656320915317167e-01
7.825533767743321212e-01
-1.000000000000000000e+00
-1.000000000000000000e+00
-9.153090158886296734e-01
-5.265390732642969418e-01
6.715851196857527405e-01
-6.283178523943981908e-01
-1.000000000000000000e+00
5.749859076453947004e-01
-6.875738877385113579e-01
2.133016138937931794e-01
7.021977738769367150e-01
