1.000000000000000000e+00
1.000000000000000000e+00
1.000000000000000000e+00
1.000000000000000000e+00
3.920797542253723900e-01
4.427517215733969280e-01
-1.000000000000000000e+00
1.000000000000000000e+00
1.000000000000000000e+00
1.000000000000000000e+00
1.000000000000000000e+00
1.000000000000000000e+00
5.593704841609068446e-01
-8.808337040172342647e-01
1.000000000000000000e+00
-1.000000000000000000e+00
1.000000000000000000e+00
3.201973145059144876e-01
1.000000000000000000e+00
5.485845182363118244e-01
1.000000000000000000e+00
-2.754768036496559880e-01
1.000000000000000000e+00
1.000000000000000000e+00
-4.888639923114006525e-01
-1.000000000000000000e+00
2.887318472951775350e-01
-1.000000000000000000e+00
1.000000000000000000e+00
1.000000000000000000e+00
7.107704628826176929e-01
-1.000000000000000000e+00
-1.000000000000000000e+00
1.000000000000000000e+00
-1.000000000000000000e+00
8.454801581998434568e-01
1.000000000000000000e+00
-1.000000000000000000e+00
1.000000000000000000e+00
-1.000000000000000000e+00
-1.000000000000000000e+00
1.000000000000000000e+00
-3.887697826886696850e-01
1.090326739897395925e-01
-1.000000000000000000e+00
1.000000000000000000e+00
-1.000000000000000000e+00
-1.000000000000000000e+00
-8.404942025780171022e-01
1.000000000000000000e+00
1.000000000000000000e+00
8.383700273785053003e-01
-1.000000000000000000e+00
-1.000000000000000000e+00
-1.000000000000000000e+00
1.000000000000000000e+00
-6.926060921944310333e-01
1.000000000000000000e+00
1.000000000000000000e+00
-1.000000000000000000e+00
-1.000000000000000000e+00
1.000000000000000000e+00
-6.009718306305622537e-02
1.000000000000000000e+00
-1.000000000000000000e+00
-1.000000000000000000e+00
1.100952368431240558e-02
-1.000000000000000000e+00
1.000000000000000000e+00
-1.000000000000000000e+00
-1.000000000000000000e+00
-1.000000000000000000e+00
-1.000000000000000000e+00
1.000000000000000000e+00
1.000000000000000000e+00
-1.000000000000000000e+00
-1.000000000000000000e+00
-1.000000000000000000e+00
-1.000000000000000000e+00
1.000000000000000000e+00
-1.000000000000000000e+00
1.000000000000000000e+00
1.000000000000000000e+00
-1.000000000000000000e+00
-1.000000000000000000e+00
1.000000000000000000e+00
1.000000000000000000e+00
-1.000000000000000000e+00
-1.000000000000000000e+00
1.000000000000000000e+00
-1.000000000000000000e+00
1.000000000000000000e+00
1.000000000000000000e+00
1.581826920128635017e-01
-1.000000000000000000e+00
-1.000000000000000000e+00
1.000000000000000000e+00
1.000000000000000000e+00
-1.000000000000000000e+00
-7.252665855227005132e-01
-9.480874864473826102e-04
1.000000000000000000e+00
1.000000000000000000e+00
-1.000000000000000000e+00
-1.000000000000000000e+00
-1.000000000000000000e+00
1.000000000000000000e+00
1.000000000000000000e+00
-1.000000000000000000e+00
1.000000000000000000e+00
-1.000000000000000000e+00
-1.000000000000000000e+00
1.000000000000000000e+00
-1.000000000000000000e+00
1.616053180233932296e-01
9.267512546033125354e-01
1.000000000000000000e+00
9.463381568129092258e-02
1.000000000000000000e+00
1.000000000000000000e+00
1.000000000000000000e+00
1.000000000000000000e+00
1.000000000000000000e+00
1.000000000000000000e+00
-1.000000000000000000e+00
-1.000000000000000000e+00
-1.000000000000000000e+00
1.000000000000000000e+00
1.000000000000000000e+00
7.892244447356486781e-01
1.000000000000000000e+00
-1.000000000000000000e+00
-1.000000000000000000e+00
1.000000000000000000e+00
4.851025809924713883e-01
-1.000000000000000000e+00
4.601231024213103815e-01
1.000000000000000000e+00
-1.000000000000000000e+00
-1.000000000000000000e+00
1.000000000000000000e+00
-1.000000000000000000e+00
1.000000000000000000e+00
5.483193191610111761e-01
1.000000000000000000e+00
1.000000000000000000e+00
1.000000000000000000e+00
7.746985014638569922e-01
-3.242204432100113110e-01
1.000000000000000000e+00
1.000000000000000000e+00
-1.000000000000000000e+00
5.109363110280833453e-01
-1.000000000000000000e+00
-3.363462013341325108e-01
1.000000000000000000e+00
-1.000000000000000000e+00
1.000000000000000000e+00
-1.000000000000000000e+00
-1.000000000000000000e+00
-1.000000000000000000e+00
-1.000000000000000000e+00
-1.000000000000000000e+00
1.000000000000000000e+00
-1.000000000000000000e+00
1.000000000000000000e+00
1.000000000000000000e+00
5.735596693216157282e-01
-1.000000000000000000e+00
8.493643482205329720e-01
-1.000000000000000000e+00
1.381354359715089575e-01
2.461032970735421710e-01
1.000000000000000000e+00
1.000000000000000000e+00
-7.434367383413550412e-01
-1.000000000000000000e+00
-1.000000000000000000e+00
1.000000000000000000e+00
1.000000000000000000e+00
-1.000000000000000000e+00
1.000000000000000000e+00
-1.000000000000000000e+00
1.000000000000000000e+00
-1.000000000000000000e+00
1.000000000000000000e+00
1.000000000000000000e+00
2.767153906376118577e-01
4.869160742142201181e-01
1.000000000000000000e+00
1.000000000000000000e+00
-1.000000000000000000e+00
-1.000000000000000000e+00
-3.439041567227801299e-01
1.000000000000000000e+00
-1.000000000000000000e+00
-1.000000000000000000e+00
2.001505732303888729e-01
-1.000000000000000000e+00
1.000000000000000000e+00
1.000000000000000000e+00
-1.000000000000000000e+00
-1.000000000000000000e+00
2.507877445850892340e-01
1.000000000000000000e+00
-1.000000000000000000e+00
1.000000000000000000e+00
-1.000000000000000000e+00
1.000000000000000000e+00
3.416489887771207989e-01
-1.000000000000000000e+00
-1.000000000000000000e+00
1.000000000000000000e+00
-8.336238927537636956e-02
-1.000000000000000000e+00
1.000000000000000000e+00
1.000000000000000000e+00
-1.000000000000000000e+00
-1.000000000000000000e+00
4.705231119656370087e-01
-1.000000000000000000e+00
3.711869953866544503e-01
-1.000000000000000000e+00
-1.076162553917527909e-01
3.163097360679167913e-01
1.000000000000000000e+00
3.199330437992534693e-01
1.000000000000000000e+00
-1.000000000000000000e+00
1.000000000000000000e+00
7.236095672755711306e-01
-1.000000000000000000e+00
6.022948439909842078e-01
-7.056177540565407025e-01
-1.000000000000000000e+00
-1.000000000000000000e+00
-1.000000000000000000e+00
-3.110230950658320892e-01
5.121816463222723659e-01
-1.000000000000000000e+00
1.000000000000000000e+00
1.000000000000000000e+00
1.000000000000000000e+00
1.000000000000000000e+00
-1.000000000000000000e+00
-1.000000000000000000e+00
2.277290652868373400e-01
2.173634488398749620e-01
6.785885499759976014e-01
-4.547115481685768401e-01
1.000000000000000000e+00
-1.000000000000000000e+00
1.000000000000000000e+00
1.000000000000000000e+00
-1.000000000000000000e+00
-9.157145444937997425e-02
-1.000000000000000000e+00
-1.000000000000000000e+00
6.267200097578560225e-01
6.799465909022889276e-01
-1.000000000000000000e+00
1.000000000000000000e+00
-4.656686492421133750e-01
5.467108630303196826e-01
-3.697449770740870445e-01
