-1.000000000000000000e+00
-2.552667167757244893e-01
-9.054493547748988513e-01
-1.054447740786742527e-01
1.000000000000000000e+00
-1.000000000000000000e+00
4.587504464892397937e-01
6.027242268676391568e-01
-1.000000000000000000e+00
7.090505033104401722e-01
4.523696099840412987e-01
1.000000000000000000e+00
-7.445976181410282058e-01
-6.471307367112033582e-02
5.825705139914159059e-01
3.688524617230126701e-01
1.000000000000000000e+00
-3.971448262471148904e-01
6.021459156287087833e-01
-8.787794531394479414e-01
3.442458777333512465e-02
-9.383290585256940375e-01
-3.269332893082508296e-01
-1.802909315641233468e-01
1.000000000000000000e+00
-6.974767122382850015e-01
4.547713409574182242e-01
6.386672270948059449e-01
4.693694045229768186e-02
-5.755310088456533357e-01
-2.484720303548034748e-01
-1.000000000000000000e+00
-6.123424274604010176e-01
1.139236934641185695e-01
-2.131722518908172326e-01
3.946008805576095568e-01
2.013666433247307541e-01
-1.000000000000000000e+00
-2.125741855772860234e-01
7.677022906783135259e-01
-9.451200304808649033e-02
-3.845090030942632797e-01
-9.154859410806186482e-01
1.000000000000000000e+00
8.620566029119738349e-01
1.000000000000000000e+00
-7.993857613801609308e-01
1.000000000000000000e+00
-1.000000000000000000e+00
-6.852197316837405072e-01
7.734147439598973994e-01
1.000000000000000000e+00
2.292944418881434909e-01
1.000000000000000000e+00
7.015807322159564041e-01
4.842175546580873569e-01
4.107844764871589893e-01
-7.526144684057700651e-01
-1.000000000000000000e+00
-9.347353346377407224e-01
-5.681822662455815465e-01
8.910459380762776327e-01
-1.000000000000000000e+00
6.599820463121853775e-01
5.268347732411693407e-01
-6.573702773558749435e-01
-4.480499445914123413e-01
-9.991859616867095895e-01
1.000000000000000000e+00
-5.564671524823496807e-01
2.476110059359428461e-01
-7.906414281149132250e-02
-1.750843651980665827e-01
1.754390662945615187e-01
1.000000000000000000e+00
6.134081074039616777e-01
8.993272932490579130e-01
-2.462243245663704450e-01
1.000000000000000000e+00
5.237801444396888995e-02
-7.274074720106640246e-01
-1.659410655088794373e-01
8.051654804773815677e-01
1.000000000000000000e+00
6.303255821610570520e-02
1.000000000000000000e+00
-1.000000000000000000e+00
-1.632726473010781554e-02
9.920663612375919538e-01
3.804514349547777896e-01
8.477800029608997257e-01
-1.000000000000000000e+00
-5.711965762804183111e-01
7.263006553978010871e-01
8.743406990401256795e-01
-8.996330753329786489e-01
-7.483502912735056078e-01
3.021539082196089687e-01
1.816959853346677978e-01
-2.372790396871431451e-01
-1.000000000000000000e+00
-5.013488397279863840e-02
-1.000000000000000000e+00
-2.105572297718278918e-01
1.000000000000000000e+00
1.481067134474053359e-01
1.000000000000000000e+00
-1.000000000000000000e+00
-4.072168360211356197e-02
-1.000000000000000000e+00
2.736960184182400946e-01
-1.000000000000000000e+00
1.000000000000000000e+00
7.995077335413747210e-01
1.000000000000000000e+00
1.000000000000000000e+00
2.838133278544314186e-01
8.110964964107876263e-01
3.941776278045181492e-01
6.413122185261088681e-01
1.000000000000000000e+00
-6.936240971308278436e-01
-2.610058162734141263e-02
-4.832345054092856418e-01
-6.987079249550118831e-01
1.000000000000000000e+00
9.175206179278327934e-01
1.000000000000000000e+00
7.729995170793391157e-01
-9.239794819981623775e-01
-2.774515173178540017e-01
-3.462495360780534215e-01
-5.755160871956235269e-01
1.000000000000000000e+00
-1.000000000000000000e+00
9.867661293816155643e-01
-4.923928146815712559e-01
9.956740850504535167e-01
-5.878134348951962185e-01
1.000000000000000000e+00
8.038233304514403876e-01
-1.385631154102460183e-01
1.000000000000000000e+00
-1.000000000000000000e+00
-2.922769317661879640e-01
9.708616511760057577e-01
1.000000000000000000e+00
-6.666388835751085873e-01
2.266724271959354997e-01
5.427025734313526417e-01
2.608660705209739361e-01
-5.908660914972765354e-01
9.566600583214741882e-03
-1.000000000000000000e+00
9.614081868414674492e-01
-9.158920310054026181e-01
1.000000000000000000e+00
1.323199237500047865e-01
-1.748352408468006880e-01
3.099994521003639480e-01
2.290873856119279850e-02
4.837900795106500063e-01
1.000000000000000000e+00
1.000000000000000000e+00
3.702559970236249942e-01
-3.537794639292581866e-01
-8.912415854776372104e-01
1.000000000000000000e+00
7.536999134603835637e-01
-1.000000000000000000e+00
2.703940311786230399e-01
1.000000000000000000e+00
1.000000000000000000e+00
-3.646384552759723285e-01
2.156389428318032930e-01
3.959230447029941091e-01
1.000000000000000000e+00
-1.000000000000000000e+00
7.783981408720729300e-01
6.149968091418687166e-01
-9.680342958685370647e-01
8.354355088430354126e-01
-9.828717248725247213e-01
4.377583015414595602e-01
3.843535568438249950e-01
-1.000000000000000000e+00
9.564360777985503326e-01
6.922019954968863242e-01
1.000000000000000000e+00
7.996793795180692221e-01
3.278844860728289401e-01
-4.442145991720579112e-01
3.932442369679313154e-01
3.274495636604939364e-01
4.994879585980032122e-01
-5.687317055053181525e-01
1.788880081466197591e-01
1.856635844710742278e-01
5.181266947175289239e-01
1.000000000000000000e+00
1.000000000000000000e+00
9.382209253315743069e-02
4.946817492975974506e-01
1.000000000000000000e+00
-3.868637271760748675e-01
9.038529512071320493e-01
5.062613754714613279e-01
-1.000000000000000000e+00
-8.616874042062909744e-01
1.000000000000000000e+00
3.990643125570842997e-01
7.153978349941862991e-01
5.343429084384210270e-01
-6.602118298304875399e-01
-6.864192687885357635e-01
-8.285735209770908050e-01
-7.577830400773980513e-01
-8.385748462734583519e-01
-1.000000000000000000e+00
1.000000000000000000e+00
5.889732383108856606e-01
-6.987767071889685599e-01
-1.000000000000000000e+00
1.000000000000000000e+00
-2.132891162908028271e-01
-3.462725939388406893e-01
-1.945173177549515686e-01
-1.000000000000000000e+00
1.000000000000000000e+00
-1.000000000000000000e+00
6.686774646428674806e-01
1.000000000000000000e+00
-4.482482641245213451e-01
5.062792037915062604e-01
-1.000000000000000000e+00
-7.827621580461490147e-01
-5.680839009990609201e-01
1.000000000000000000e+00
1.511740385470258519e-01
7.215985101545370206e-01
-5.698487792152331366e-01
7.189476298946690935e-01
9.502228822640439443e-01
-1.000000000000000000e+00
2.490727970384583601e-01
1.000000000000000000e+00
8.971414999238382926e-01
-5.462190270122053715e-01
1.000000000000000000e+00
-3.958531460325207529e-01
2.943278869924919050e-01
-3.535467669214857889e-01
1.000000000000000000e+00
7.820831275072264166e-01
1.000000000000000000e+00
-1.000000000000000000e+00
-5.239193524392462553e-01
-6.698231123425379963e-03
1.000000000000000000e+00
-3.122459638986763153e-01
1.106494111068980768e-01
-1.000000000000000000e+00
-7.677885946821039198e-02
-1.000000000000000000e+00
4.304137282609443726e-01
