-1.000000000000000000e+00
-1.000000000000000000e+00
1.000000000000000000e+00
1.000000000000000000e+00
1.000000000000000000e+00
-7.787113596165454732e-01
1.000000000000000000e+00
-1.000000000000000000e+00
-4.280905618821817527e-02
-1.000000000000000000e+00
-8.278714617601895531e-01
1.000000000000000000e+00
-1.000000000000000000e+00
4.595020791460143750e-01
-1.000000000000000000e+00
1.000000000000000000e+00
1.000000000000000000e+00
-1.000000000000000000e+00
1.000000000000000000e+00
1.000000000000000000e+00
7.756398623321236752e-01
1.000000000000000000e+00
6.673651970830510871e-01
-1.000000000000000000e+00
-1.000000000000000000e+00
1.000000000000000000e+00
5.707458540621611620e-01
-1.000000000000000000e+00
6.015828176421549323e-01
-1.000000000000000000e+00
-1.000000000000000000e+00
1.000000000000000000e+00
2.427012750773446803e-01
-1.000000000000000000e+00
-8.928022076516430872e-01
2.294344500060381264e-01
1.000000000000000000e+00
-1.000000000000000000e+00
6.877363939980735141e-01
-1.000000000000000000e+00
1.000000000000000000e+00
1.000000000000000000e+00
1.000000000000000000e+00
2.675263618615437711e-01
-1.000000000000000000e+00
1.000000000000000000e+00
-5.067128589924366766e-01
1.000000000000000000e+00
1.000000000000000000e+00
-1.000000000000000000e+00
5.976526759095457386e-02
1.049815080070477524e-01
3.806297506342989356e-01
-5.524009432561027833e-02
-1.000000000000000000e+00
-1.000000000000000000e+00
1.000000000000000000e+00
1.000000000000000000e+00
-1.000000000000000000e+00
1.000000000000000000e+00
-8.187339446546584298e-01
7.184244102773549301e-01
1.000000000000000000e+00
1.000000000000000000e+00
-7.479922898790102304e-01
-2.581985979129060027e-01
1.000000000000000000e+00
1.000000000000000000e+00
1.000000000000000000e+00
1.893146664152421943e-01
-1.000000000000000000e+00
-7.685671363757780039e-01
-1.000000000000000000e+00
-1.055093440713755770e-01
1.000000000000000000e+00
-1.000000000000000000e+00
-1.000000000000000000e+00
5.069855855427367608e-01
1.000000000000000000e+00
1.000000000000000000e+00
-8.551443025155449629e-01
1.193592058595088767e-01
-1.000000000000000000e+00
-1.000000000000000000e+00
-1.000000000000000000e+00
-2.594453176296966923e-01
1.000000000000000000e+00
-3.442855633968023854e-01
-5.587286867776277699e-01
1.000000000000000000e+00
1.957901195545874717e-02
-1.000000000000000000e+00
-1.000000000000000000e+00
-1.000000000000000000e+00
-9.220211716315496187e-01
-1.000000000000000000e+00
8.763673976957071510e-01
-1.000000000000000000e+00
-1.000000000000000000e+00
-1.000000000000000000e+00
-1.000000000000000000e+00
1.000000000000000000e+00
1.000000000000000000e+00
3.661223408348801556e-02
-1.000000000000000000e+00
-1.000000000000000000e+00
7.979333504516815667e-01
-7.094399335582871613e-01
-1.000000000000000000e+00
-1.000000000000000000e+00
1.000000000000000000e+00
-1.000000000000000000e+00
-1.000000000000000000e+00
-1.000000000000000000e+00
1.000000000000000000e+00
-5.161226082116803227e-01
1.000000000000000000e+00
1.000000000000000000e+00
4.341545203844241474e-01
1.000000000000000000e+00
1.000000000000000000e+00
-1.000000000000000000e+00
-1.000000000000000000e+00
3.810084105815864097e-02
1.000000000000000000e+00
-1.000000000000000000e+00
-1.000000000000000000e+00
-1.000000000000000000e+00
-1.000000000000000000e+00
-1.000000000000000000e+00
-1.000000000000000000e+00
-4.184619657551347238e-02
1.000000000000000000e+00
-1.000000000000000000e+00
1.000000000000000000e+00
-1.000000000000000000e+00
-6.118756881307167994e-01
-1.000000000000000000e+00
1.000000000000000000e+00
-1.000000000000000000e+00
1.000000000000000000e+00
1.000000000000000000e+00
-7.289357768513987645e-02
-1.000000000000000000e+00
-1.000000000000000000e+00
-1.000000000000000000e+00
2.626386985203230662e-01
1.000000000000000000e+00
-1.000000000000000000e+00
1.000000000000000000e+00
1.000000000000000000e+00
1.000000000000000000e+00
-1.000000000000000000e+00
-1.000000000000000000e+00
-1.000000000000000000e+00
1.000000000000000000e+00
1.515728208011160039e-01
-5.882201230400101455e-01
1.000000000000000000e+00
-1.000000000000000000e+00
-8.202680355769529363e-01
1.000000000000000000e+00
-1.000000000000000000e+00
-1.000000000000000000e+00
-1.000000000000000000e+00
1.000000000000000000e+00
1.000000000000000000e+00
1.000000000000000000e+00
1.000000000000000000e+00
1.000000000000000000e+00
-1.000000000000000000e+00
-1.000000000000000000e+00
-1.000000000000000000e+00
1.000000000000000000e+00
1.000000000000000000e+00
1.000000000000000000e+00
1.000000000000000000e+00
-1.000000000000000000e+00
1.000000000000000000e+00
-1.000000000000000000e+00
-1.000000000000000000e+00
-5.119143379016921624e-01
4.331179935422222460e-01
-7.960023001742216886e-01
-1.000000000000000000e+00
7.220870745569585303e-01
1.000000000000000000e+00
-7.044722312647659912e-01
-1.000000000000000000e+00
1.000000000000000000e+00
5.459904803057671341e-01
-1.000000000000000000e+00
-1.000000000000000000e+00
3.122572203079105879e-01
9.300673821640383920e-01
1.000000000000000000e+00
-2.376798581237840047e-01
-8.971412125236128965e-01
4.459420649322800578e-01
1.588138110240573386e-01
1.314650312214653560e-01
9.412521055103821865e-01
-1.000000000000000000e+00
-6.010640175818573461e-01
9.184200665618955650e-01
-1.000000000000000000e+00
-1.000000000000000000e+00
-1.000000000000000000e+00
-1.000000000000000000e+00
1.000000000000000000e+00
1.000000000000000000e+00
1.000000000000000000e+00
1.000000000000000000e+00
1.000000000000000000e+00
-7.087596939875422386e-01
1.000000000000000000e+00
1.000000000000000000e+00
-3.090927837838635117e-01
1.367010548211337606e-01
-4.537665504928423132e-02
-1.000000000000000000e+00
-1.000000000000000000e+00
1.000000000000000000e+00
4.898246352139595805e-01
1.000000000000000000e+00
9.275805449983869355e-01
-1.000000000000000000e+00
-1.000000000000000000e+00
7.003824367470299350e-01
-1.000000000000000000e+00
1.000000000000000000e+00
1.000000000000000000e+00
1.000000000000000000e+00
-1.000000000000000000e+00
8.396453887776849090e-01
1.000000000000000000e+00
1.000000000000000000e+00
-1.000000000000000000e+00
-1.000000000000000000e+00
7.326233689979089192e-02
-4.717511509338458975e-01
-6.233997586958547332e-01
-8.439836203095761880e-01
1.000000000000000000e+00
-1.000000000000000000e+00
-1.000000000000000000e+00
-1.000000000000000000e+00
-1.000000000000000000e+00
1.000000000000000000e+00
1.000000000000000000e+00
1.000000000000000000e+00
1.000000000000000000e+00
1.000000000000000000e+00
-3.319822605599240806e-01
-1.000000000000000000e+00
-1.994742934748935381e-01
-2.021765308388864257e-01
-2.093913592305561289e-01
-1.000000000000000000e+00
-1.000000000000000000e+00
1.000000000000000000e+00
2.592905459122749612e-01
-1.000000000000000000e+00
-1.000000000000000000e+00
-1.000000000000000000e+00
