-5.632623809964658612e-01
-4.154900354329105205e-02
8.430225091644050206e-01
-8.404387435149891505e-01
1.781521423540192162e-01
9.850574775304161701e-01
4.834628418159025998e-01
-1.000000000000000000e+00
-1.000000000000000000e+00
1.000000000000000000e+00
7.187016833897550416e-01
-1.000000000000000000e+00
4.346602724386184891e-01
6.071938044569403781e-01
9.789679911305170235e-01
-1.000000000000000000e+00
1.000000000000000000e+00
3.774432929748818277e-01
-1.000000000000000000e+00
5.532525423033775036e-01
2.790478347794653202e-02
1.000000000000000000e+00
2.608517634108886707e-01
-1.000000000000000000e+00
7.419361871360635741e-01
1.000000000000000000e+00
-1.331959504270205930e-01
1.000000000000000000e+00
1.000000000000000000e+00
7.680798349618648269e-01
2.778892589878855235e-01
-1.000000000000000000e+00
1.000000000000000000e+00
-1.000000000000000000e+00
-1.000000000000000000e+00
2.371003645494562662e-02
1.000000000000000000e+00
-1.000000000000000000e+00
-1.000000000000000000e+00
-1.000000000000000000e+00
-3.662727920575750695e-01
9.092542944682051598e-01
-1.000000000000000000e+00
1.093245996356804195e-01
-1.000000000000000000e+00
8.039357648275282653e-01
-4.653635708131562687e-01
1.000000000000000000e+00
-1.000000000000000000e+00
5.456895432347623753e-01
-4.394716939726928118e-03
1.000000000000000000e+00
-1.513839718779269594e-01
1.000000000000000000e+00
-1.274327750405299109e-01
1.000000000000000000e+00
-1.193872048935166186e-01
-1.000000000000000000e+00
9.941117693802912214e-01
-2.859377768912399476e-02
-1.000000000000000000e+00
-6.399401236071723398e-01
1.000000000000000000e+00
6.945633223543070667e-01
-7.137856322535857112e-01
5.254015950773417432e-01
1.000000000000000000e+00
6.883920596420545213e-02
-1.000000000000000000e+00
8.106124448234883761e-01
1.000000000000000000e+00
4.952369204443636264e-01
-1.000000000000000000e+00
-4.982709313018540698e-02
1.000000000000000000e+00
-1.000000000000000000e+00
-1.000000000000000000e+00
-1.440050798976024726e-01
-1.000000000000000000e+00
-1.000000000000000000e+00
-1.000000000000000000e+00
-3.546187508667016930e-01
4.194221808218477898e-01
1.000000000000000000e+00
4.414002980162304857e-01
-1.000000000000000000e+00
6.272002729779269092e-01
8.059376169364601550e-01
6.806821473223085839e-01
1.883892951102222324e-01
1.000000000000000000e+00
3.241132164255211556e-01
1.000000000000000000e+00
-1.000000000000000000e+00
-1.000000000000000000e+00
5.161066354269272516e-02
-1.164481588701709036e-01
-7.618113863550287634e-01
-1.000000000000000000e+00
2.298816894047023274e-01
-3.720247069526894101e-01
-1.000000000000000000e+00
-7.608313579000168803e-01
-1.000000000000000000e+00
-7.191465623535546747e-01
1.000000000000000000e+00
-9.197517929518160829e-01
2.474616074145387090e-01
-5.500435796349747442e-01
-9.427598561154647561e-01
8.917652505456619139e-02
-4.342956581029211449e-01
-1.000000000000000000e+00
-1.000000000000000000e+00
1.000000000000000000e+00
1.000000000000000000e+00
-1.000000000000000000e+00
-1.000000000000000000e+00
4.168697645899168691e-01
-1.000000000000000000e+00
-1.000000000000000000e+00
-8.222386403026370472e-01
-1.000000000000000000e+00
-1.000000000000000000e+00
5.797819283481986385e-01
-4.482310192290801520e-01
1.000000000000000000e+00
-1.000000000000000000e+00
-6.508146587912045922e-01
-1.000000000000000000e+00
1.000000000000000000e+00
1.252827009328371100e-01
-1.000000000000000000e+00
-1.000000000000000000e+00
-8.121013283659851423e-01
-1.000000000000000000e+00
-1.000000000000000000e+00
-1.000000000000000000e+00
-1.000000000000000000e+00
1.486183794729565300e-01
4.929751403479617489e-01
1.000000000000000000e+00
2.411716248890893866e-01
1.000000000000000000e+00
1.000000000000000000e+00
-2.287621490764754073e-01
8.666906189994494358e-02
1.000000000000000000e+00
-1.000000000000000000e+00
5.244647086934308700e-01
-8.340938011368261851e-01
4.070539250525174735e-01
-6.605443449039983816e-01
7.984091656444937124e-01
9.980330817120774967e-01
1.000000000000000000e+00
4.631740407432310969e-01
-7.688839181333994022e-01
1.000000000000000000e+00
7.756844883111233546e-01
1.000000000000000000e+00
-9.431958320183950750e-01
-1.000000000000000000e+00
-1.000000000000000000e+00
2.937206240146486569e-01
8.794995406468198995e-01
1.000000000000000000e+00
6.985033339999229263e-01
-1.000000000000000000e+00
1.989005831237213862e-01
1.000000000000000000e+00
2.054156950751958588e-01
-3.232900695551286230e-01
-1.000000000000000000e+00
4.177770202746394768e-02
-5.590251487460605739e-01
1.000000000000000000e+00
1.000000000000000000e+00
1.000000000000000000e+00
-9.234272752715141364e-01
-6.436028860225246895e-01
-1.000000000000000000e+00
-9.683434224539384516e-01
1.000000000000000000e+00
-1.677800649401611777e-02
-6.455330980135355334e-01
1.350897184850727850e-01
-4.293513894559206623e-01
1.000000000000000000e+00
5.286065989107879837e-01
-7.563669930940388753e-01
-2.034708184676978782e-01
-1.000000000000000000e+00
-9.423241294929463052e-01
-4.405183741370168882e-01
-1.000000000000000000e+00
1.000000000000000000e+00
-1.950875548630777445e-01
-1.000000000000000000e+00
1.212090101686668087e-01
2.556725922145577923e-01
5.364875101640076416e-02
-1.000000000000000000e+00
1.000000000000000000e+00
-1.000000000000000000e+00
-9.938627422355357233e-01
6.794554744480932884e-01
2.911085190713058601e-02
1.000000000000000000e+00
-1.000000000000000000e+00
-1.000000000000000000e+00
-1.000000000000000000e+00
1.000000000000000000e+00
1.707954926702349718e-01
1.000000000000000000e+00
-1.000000000000000000e+00
1.000000000000000000e+00
-1.375960951238769936e-01
1.130175756795770425e-02
-1.000000000000000000e+00
1.000000000000000000e+00
1.000000000000000000e+00
-1.000000000000000000e+00
1.000000000000000000e+00
5.497295236976640354e-01
8.134012730983752881e-02
-1.000000000000000000e+00
-1.000000000000000000e+00
1.000000000000000000e+00
4.185366500814419188e-01
-1.000000000000000000e+00
-1.000000000000000000e+00
1.000000000000000000e+00
-6.428587581631146630e-01
-5.541610945216005613e-01
-1.000000000000000000e+00
-1.000000000000000000e+00
1.000000000000000000e+00
8.994655735442774747e-01
-1.000000000000000000e+00
-1.000000000000000000e+00
6.912109822129843817e-01
-7.699975197308439601e-01
-1.000000000000000000e+00
8.160541507834013775e-01
1.000000000000000000e+00
-1.000000000000000000e+00
2.940858738526995753e-01
1.000000000000000000e+00
-1.000000000000000000e+00
1.000000000000000000e+00
1.000000000000000000e+00
7.736621227687912050e-01
-1.000000000000000000e+00
6.552506029842501967e-01
1.000000000000000000e+00
-3.911728730750985150e-02
-1.000000000000000000e+00
-1.000000000000000000e+00
-6.821571083212157882e-01
9.365187844485012292e-01
-1.000000000000000000e+00
-1.000000000000000000e+00
1.000000000000000000e+00
-8.359868253513411673e-01
