-9.151991265057084490e-01
-1.000000000000000000e+00
1.000000000000000000e+00
1.000000000000000000e+00
8.361342776840292590e-01
4.795994975655604176e-01
3.863618177667324516e-01
-1.000000000000000000e+00
-8.326826580729140836e-02
-1.000000000000000000e+00
-6.710183438110581822e-01
1.000000000000000000e+00
9.673032625467944956e-02
-6.910775777464756020e-01
-3.202711412500154897e-01
9.971098922172710877e-01
6.842083851165179365e-01
1.403813033180920655e-01
1.498273376097432052e-01
1.012624248831563989e-01
7.818164780305050243e-01
6.613572162946469435e-01
-3.991240832559799223e-01
-6.147927524193969040e-01
1.000000000000000000e+00
4.906594540363598544e-01
-1.000000000000000000e+00
4.600553900501240800e-01
1.000000000000000000e+00
-1.000000000000000000e+00
1.000000000000000000e+00
-3.283855719009766139e-01
8.813105761484575362e-01
-5.526041776159915653e-01
1.000000000000000000e+00
1.000000000000000000e+00
1.000000000000000000e+00
-9.939444343303086571e-01
-1.000000000000000000e+00
-1.000000000000000000e+00
-2.526359391667810650e-01
1.000000000000000000e+00
-1.000000000000000000e+00
5.264558352492310078e-02
1.000000000000000000e+00
-1.000000000000000000e+00
1.000000000000000000e+00
9.338674496630530175e-01
-8.550263989211409621e-01
-1.000000000000000000e+00
4.285040190025023454e-01
-1.000000000000000000e+00
-7.731592136005160931e-01
1.000000000000000000e+00
8.092675404100353465e-01
-9.570791809180823062e-01
1.000000000000000000e+00
-3.532980992269063591e-01
7.046924877761111539e-01
8.125996542315792048e-01
-1.081351022923215943e-02
2.740946524585836652e-01
-8.097866623222582660e-01
-3.242677561315721046e-01
-1.000000000000000000e+00
6.967272452754118550e-01
1.000000000000000000e+00
-6.359219942013195903e-02
1.636701473214965397e-01
-5.214074552151847231e-01
3.721365855946618395e-01
3.251406125234133082e-01
4.496252452122146970e-01
1.000000000000000000e+00
9.612461187912930693e-01
-8.409216549537521512e-01
-1.000000000000000000e+00
6.412272576428539317e-01
-1.000000000000000000e+00
8.268071293848313630e-01
-7.049662100513830465e-01
5.512111173673979181e-01
1.000000000000000000e+00
1.000000000000000000e+00
1.000000000000000000e+00
-5.637055175343734792e-01
-1.000000000000000000e+00
5.474440474682260582e-01
6.814010445990204001e-01
1.000000000000000000e+00
4.406457834495631776e-01
1.000000000000000000e+00
7.810840650316507316e-01
8.076943265732343669e-01
-2.847518677699483192e-01
-1.000000000000000000e+00
-1.000000000000000000e+00
-5.786445476189039372e-01
-5.066659791441507910e-01
-8.905314966978754576e-01
-9.084781853275469832e-01
-1.000000000000000000e+00
-9.780282155852983994e-01
8.730553393008477769e-02
1.268315356006204375e-01
-1.000000000000000000e+00
1.000000000000000000e+00
-4.766326788484420152e-01
4.140916112014800810e-01
6.298737847656044053e-01
-1.000000000000000000e+00
-2.054690530652213409e-01
1.000000000000000000e+00
-8.324807308240020909e-01
4.467314728699445237e-02
-2.067069168402603796e-01
-4.280247068403645327e-01
1.167757273252600925e-01
-7.692277153095655740e-01
5.552655995444356618e-01
-2.658880467927509095e-01
1.000000000000000000e+00
-3.500876921085886995e-01
4.475012642733013912e-01
5.602736082811430318e-01
-6.185464097263442262e-01
3.895535803148309495e-01
7.029183947555771583e-01
-2.007046018512387286e-01
5.259121883275150733e-01
-1.000000000000000000e+00
-4.924873220021478981e-01
8.286876982301467631e-01
1.000000000000000000e+00
-1.000000000000000000e+00
5.290565910134326089e-04
-1.000000000000000000e+00
1.000000000000000000e+00
-2.721049567409190018e-01
-2.179799107663026869e-01
1.000000000000000000e+00
1.000000000000000000e+00
-4.735446272240849130e-01
3.723305263372168605e-01
4.395281842514384696e-01
2.855016513059865924e-01
-1.985888201362151495e-01
-1.120413093861191145e-01
1.000000000000000000e+00
2.994386665071692710e-01
1.000000000000000000e+00
-1.000000000000000000e+00
1.414754085622393354e-01
5.182784637819184415e-01
-4.008928887084222126e-01
-2.644548448158288156e-01
-8.514605379870476831e-02
-4.606199831637611819e-01
-9.677383195806994465e-01
-1.041724643589900801e-01
-1.663164645818087095e-01
-7.989884826067154000e-01
-1.000000000000000000e+00
1.000000000000000000e+00
7.525299779237399900e-01
1.000000000000000000e+00
-1.986524386289771904e-01
-1.000000000000000000e+00
1.000000000000000000e+00
-7.926551904546890182e-01
3.694389168572274063e-01
-3.483483010347826481e-01
-1.000000000000000000e+00
9.944368004099461977e-01
4.933954321783560748e-01
3.406377287603339910e-01
-1.000000000000000000e+00
-1.000000000000000000e+00
-9.818222709268195070e-01
-1.000000000000000000e+00
4.425044977203789198e-01
6.453502298951657723e-01
5.382588216318817675e-01
-1.326877510088142476e-01
-1.000000000000000000e+00
5.266324969775805220e-01
6.436819805261857486e-01
-1.236725070264257931e-01
-1.000000000000000000e+00
9.435990597835595128e-01
-1.000000000000000000e+00
5.386276906530534925e-01
-1.000000000000000000e+00
-4.014640217274360046e-01
-9.859916431822930427e-01
-8.842050932928722240e-01
6.355528811687682911e-01
-1.000000000000000000e+00
-8.987257289266028515e-01
6.646300397465515486e-01
-1.000000000000000000e+00
-2.324875349599499208e-01
9.083628055466234086e-01
5.963094348999302685e-01
9.987131576730521321e-01
1.000000000000000000e+00
-1.694148415882072989e-01
8.272694333265301347e-01
-3.519304318866036674e-01
-1.000000000000000000e+00
7.244076946181027266e-01
-2.055614307683401865e-01
-8.477244988652672397e-01
1.000000000000000000e+00
9.970722849099145080e-02
-8.870786532746128827e-01
-1.000000000000000000e+00
1.000000000000000000e+00
-1.000000000000000000e+00
1.000000000000000000e+00
-8.923646958957822672e-01
1.000000000000000000e+00
1.000000000000000000e+00
-1.000000000000000000e+00
-3.181974202156245823e-01
-3.762198664304595708e-01
8.509474854679287548e-01
6.567769695729921420e-01
1.000000000000000000e+00
-1.000000000000000000e+00
-6.499631884384748925e-01
-1.793027785424616827e-01
6.808298965871254493e-01
-2.878790682761531716e-01
-2.964320267638541617e-01
5.546566152310140607e-01
1.363493569354137236e-01
5.277910177140624493e-01
6.220004091715112260e-01
-1.000000000000000000e+00
-5.281802796930494814e-01
-1.860034410074451472e-01
6.188739254748787388e-01
9.152050558879472053e-01
1.000000000000000000e+00
-7.472336874893962255e-01
-1.000000000000000000e+00
1.000000000000000000e+00
8.565013632438298607e-01
1.000000000000000000e+00
-1.000000000000000000e+00
8.151017876046786625e-01
8.497513853938538642e-01
3.465532527402677698e-01
8.176781094333074318e-01
6.185710765445113779e-01
-4.296769360436234475e-01
-2.707243700453758617e-01
4.268697662543160520e-01
-7.819335137729221952e-01
8.686564839133392724e-02
-3.033719851109111243e-01
7.175294933511180417e-01
7.858972490071325367e-01
1.701904510868545994e-01
