1.000000000000000000e+00
-1.000000000000000000e+00
1.000000000000000000e+00
1.000000000000000000e+00
-1.000000000000000000e+00
-1.000000000000000000e+00
1.000000000000000000e+00
-1.000000000000000000e+00
1.000000000000000000e+00
-1.835878589998178878e-01
1.000000000000000000e+00
-1.346441889286289495e-01
-1.000000000000000000e+00
-1.000000000000000000e+00
-6.675422082402677759e-01
-9.453835279215583309e-01
-1.000000000000000000e+00
1.000000000000000000e+00
-6.845573655982635231e-01
6.683331989368389570e-01
-1.000000000000000000e+00
-1.000000000000000000e+00
-2.568839099467397080e-01
1.000000000000000000e+00
-1.000000000000000000e+00
1.000000000000000000e+00
1.000000000000000000e+00
1.000000000000000000e+00
1.000000000000000000e+00
1.230857661879625198e-01
-1.000000000000000000e+00
5.956995536007397840e-01
-1.000000000000000000e+00
-1.000000000000000000e+00
1.000000000000000000e+00
1.000000000000000000e+00
1.000000000000000000e+00
1.000000000000000000e+00
-1.000000000000000000e+00
1.000000000000000000e+00
-1.000000000000000000e+00
1.000000000000000000e+00
-1.064248672930062645e-02
-3.768970385374066923e-01
1.000000000000000000e+00
1.000000000000000000e+00
-7.961701268422015643e-01
-1.000000000000000000e+00
1.000000000000000000e+00
-1.000000000000000000e+00
-1.000000000000000000e+00
-9.036553227236288066e-03
1.000000000000000000e+00
-1.000000000000000000e+00
4.572413529471919258e-01
1.000000000000000000e+00
1.000000000000000000e+00
1.000000000000000000e+00
1.000000000000000000e+00
1.000000000000000000e+00
-1.000000000000000000e+00
1.000000000000000000e+00
8.543102849136736676e-01
1.000000000000000000e+00
-1.000000000000000000e+00
-5.607265479990168888e-01
3.568168796816051369e-01
-1.000000000000000000e+00
4.975489541454562459e-01
3.207817844892058012e-01
-1.878299554017461848e-01
1.000000000000000000e+00
-3.773626140186262523e-01
-6.003955502779333431e-01
2.840235670014059632e-01
-2.818010248170865761e-02
5.060351073830376967e-01
1.000000000000000000e+00
-5.746590311836299314e-01
1.000000000000000000e+00
-7.275553352974608590e-01
-1.000000000000000000e+00
1.000000000000000000e+00
1.000000000000000000e+00
-1.000000000000000000e+00
-9.176203439047583288e-01
-1.000000000000000000e+00
1.000000000000000000e+00
-1.000000000000000000e+00
-1.000000000000000000e+00
1.000000000000000000e+00
1.000000000000000000e+00
-1.000000000000000000e+00
-9.510998556847816143e-01
1.000000000000000000e+00
1.000000000000000000e+00
1.000000000000000000e+00
-1.000000000000000000e+00
1.000000000000000000e+00
1.000000000000000000e+00
1.000000000000000000e+00
1.000000000000000000e+00
-1.000000000000000000e+00
1.000000000000000000e+00
1.000000000000000000e+00
1.000000000000000000e+00
-3.317611973105408785e-01
-5.000227654879405570e-01
1.000000000000000000e+00
-1.000000000000000000e+00
-1.000000000000000000e+00
-7.021850806613059159e-01
1.000000000000000000e+00
-1.000000000000000000e+00
4.820853479847494460e-01
3.895862778180536612e-02
2.250089438213147552e-01
-1.000000000000000000e+00
1.000000000000000000e+00
-7.167275028879065424e-01
-1.000000000000000000e+00
-1.000000000000000000e+00
5.581018901760066431e-01
-1.000000000000000000e+00
-1.000000000000000000e+00
1.000000000000000000e+00
-1.000000000000000000e+00
1.000000000000000000e+00
1.000000000000000000e+00
9.342201635311542240e-01
-1.000000000000000000e+00
-1.000000000000000000e+00
1.000000000000000000e+00
6.438808145852276121e-01
8.084091568556552865e-01
-1.000000000000000000e+00
-1.000000000000000000e+00
-1.000000000000000000e+00
1.000000000000000000e+00
-1.000000000000000000e+00
-1.937613261483644711e-01
-1.000000000000000000e+00
1.000000000000000000e+00
-6.490571405023923823e-01
1.000000000000000000e+00
-1.000000000000000000e+00
-5.746913979944301420e-01
5.030736622509326406e-01
-4.157352892953416479e-01
-1.000000000000000000e+00
-4.616200626365204451e-01
4.595378363125508514e-01
-1.000000000000000000e+00
3.624889529095480789e-01
6.220063192101104033e-01
-3.437556412962410324e-01
3.402454335131568364e-01
-3.389307955310116860e-01
1.000000000000000000e+00
1.000000000000000000e+00
1.000000000000000000e+00
-1.000000000000000000e+00
-4.076366913702372807e-02
-1.000000000000000000e+00
-1.000000000000000000e+00
9.371192164873927144e-01
-2.410093456772832710e-02
6.548859584262833877e-01
1.000000000000000000e+00
1.000000000000000000e+00
1.000000000000000000e+00
6.108015735844596339e-01
1.000000000000000000e+00
1.000000000000000000e+00
1.000000000000000000e+00
1.307495920507528164e-01
8.972987026643981512e-01
-7.370202261058640403e-01
1.000000000000000000e+00
-1.000000000000000000e+00
2.063437197469636386e-02
1.000000000000000000e+00
-2.724634199076274577e-01
-1.000000000000000000e+00
9.388390821957319776e-01
-2.783434067169743287e-01
-4.960648621350627341e-01
-8.913675465672823428e-01
1.000000000000000000e+00
-1.000000000000000000e+00
-1.000000000000000000e+00
1.000000000000000000e+00
-1.000000000000000000e+00
1.000000000000000000e+00
-1.000000000000000000e+00
-1.000000000000000000e+00
6.253563443379568376e-01
-1.042702319752943918e-01
6.764011829455279790e-01
1.000000000000000000e+00
8.029672987076917900e-01
1.000000000000000000e+00
-6.317315180694522692e-01
-4.816243575592116244e-02
-4.459825425180449221e-01
-1.000000000000000000e+00
-1.000000000000000000e+00
1.000000000000000000e+00
-1.000000000000000000e+00
-1.000000000000000000e+00
1.000000000000000000e+00
1.690902886983225994e-01
1.000000000000000000e+00
-8.488869589660505977e-01
-1.000000000000000000e+00
1.000000000000000000e+00
-1.000000000000000000e+00
-1.000000000000000000e+00
8.660221499263853762e-01
-1.000000000000000000e+00
-2.420682369549052304e-01
9.537115812333958331e-01
9.933051723018980761e-01
1.000000000000000000e+00
9.979111765317055793e-01
-4.019914877171847367e-01
-1.000000000000000000e+00
-1.000000000000000000e+00
-1.640557932424444587e-01
-3.947086619424591269e-01
-1.000000000000000000e+00
4.848155388652282127e-01
1.000000000000000000e+00
7.820985387258160282e-01
-8.613902427044622945e-01
-1.000000000000000000e+00
1.000000000000000000e+00
6.926214143824600544e-01
-1.000000000000000000e+00
8.468614691351272761e-02
-1.000000000000000000e+00
1.000000000000000000e+00
-1.000000000000000000e+00
9.562198612558581168e-01
1.000000000000000000e+00
-1.000000000000000000e+00
1.000000000000000000e+00
1.000000000000000000e+00
-1.000000000000000000e+00
-1.236129470780777950e-01
8.587057338513954807e-01
-1.000000000000000000e+00
1.000000000000000000e+00
1.000000000000000000e+00
9.164684273015979432e-01
6.374404449904857994e-02
1.000000000000000000e+00
1.168690777670780279e-01
1.000000000000000000e+00
1.000000000000000000e+00
-1.000000000000000000e+00
4.913694553797355313e-01
7.929075267754511769e-01
-9.581703946800351757e-01
-1.000000000000000000e+00
