-1.000000000000000000e+00
-3.414155238650414814e-01
-8.725316281293651888e-03
7.140023939191578739e-01
-1.000000000000000000e+00
-1.000000000000000000e+00
1.511859899453436018e-01
3.924996715230919531e-01
9.799022866042206292e-01
-9.345090042246462225e-01
4.623863337420532349e-01
5.989687272822086239e-01
-7.700665681238987315e-01
-1.000000000000000000e+00
-1.000000000000000000e+00
-1.000000000000000000e+00
1.574081691697113428e-01
4.480945187478125868e-01
7.442289458755682041e-01
1.000000000000000000e+00
-1.000000000000000000e+00
1.000000000000000000e+00
-1.000000000000000000e+00
1.000000000000000000e+00
1.000000000000000000e+00
5.131188917834609287e-01
6.967240179852286497e-01
1.000000000000000000e+00
4.809299587971849199e-01
-2.053739947186313808e-01
-3.709655159376186728e-01
1.000000000000000000e+00
-1.000000000000000000e+00
-7.696743203936566857e-01
2.606954581371850876e-01
-5.828112452332090410e-01
8.174952556106278578e-01
1.000000000000000000e+00
1.000000000000000000e+00
3.228949348903149552e-01
5.075754058807854241e-01
5.843999263273566003e-01
-1.000000000000000000e+00
-8.415320241142728586e-01
1.000000000000000000e+00
-2.143917645154799073e-02
-9.774045316979684817e-01
-1.640133760989714862e-02
-1.000000000000000000e+00
6.022389670809197293e-01
-9.495356023703200865e-01
-4.703911630020063406e-02
9.313558185115988763e-02
-9.381084318293512192e-01
-3.545447542858751744e-01
-2.644938351943669219e-01
-1.000000000000000000e+00
1.000000000000000000e+00
5.491721037051253695e-01
2.494503301220782621e-01
1.000000000000000000e+00
1.000000000000000000e+00
1.000000000000000000e+00
-7.109781344703811623e-01
-9.876804954599913700e-01
1.000000000000000000e+00
-1.000000000000000000e+00
-1.000000000000000000e+00
-2.182181544431538445e-01
-6.591654216941675859e-01
9.103721008363179212e-01
1.000000000000000000e+00
-2.757404647847342405e-01
-5.527113710927620271e-01
1.000000000000000000e+00
-1.000000000000000000e+00
-1.000000000000000000e+00
-1.000000000000000000e+00
1.403619772669930654e-01
-1.000000000000000000e+00
7.686656985989155366e-01
1.000000000000000000e+00
9.571467973684671948e-01
-3.344868529550910075e-01
-9.455257677789468129e-01
1.000000000000000000e+00
-1.000000000000000000e+00
7.255229119396297000e-01
1.000000000000000000e+00
7.185527814941465863e-01
1.000000000000000000e+00
-6.914280386771354259e-02
4.053061011136278591e-01
-1.000000000000000000e+00
1.000000000000000000e+00
-1.000000000000000000e+00
-1.000000000000000000e+00
-1.000000000000000000e+00
2.856455305295719782e-01
-1.000000000000000000e+00
-9.012088307294259248e-01
1.000000000000000000e+00
1.000000000000000000e+00
-1.000000000000000000e+00
1.000000000000000000e+00
-1.000000000000000000e+00
-1.000000000000000000e+00
-1.000000000000000000e+00
1.691122375760933938e-01
1.000000000000000000e+00
-9.874076623902479088e-01
-1.000000000000000000e+00
1.000000000000000000e+00
-1.000000000000000000e+00
1.000000000000000000e+00
-1.000000000000000000e+00
-1.000000000000000000e+00
4.801135848201402156e-01
9.578989179515446928e-01
9.980122795623835863e-02
-8.252927051220761978e-01
1.000000000000000000e+00
-8.916673688336098635e-01
-6.351473824426221437e-01
9.478127921180140580e-01
-1.000000000000000000e+00
-3.236831405056539435e-01
9.282128179908479826e-01
1.000000000000000000e+00
1.000000000000000000e+00
-5.728407988135924001e-01
-1.000000000000000000e+00
-1.000000000000000000e+00
-8.490015765427190164e-01
1.000000000000000000e+00
6.065976829227326395e-01
1.000000000000000000e+00
-1.000000000000000000e+00
1.000000000000000000e+00
1.000000000000000000e+00
-1.000000000000000000e+00
1.000000000000000000e+00
4.477391272911151465e-01
1.000000000000000000e+00
1.000000000000000000e+00
1.000000000000000000e+00
6.900496372166078363e-01
2.855223772011035166e-01
1.000000000000000000e+00
-3.555205223416080251e-01
1.000000000000000000e+00
-1.000000000000000000e+00
-1.000000000000000000e+00
8.922623773573186146e-01
-1.000000000000000000e+00
5.492998513350066947e-02
-1.000000000000000000e+00
1.635687725118922797e-02
-7.546114504544285673e-01
-1.000000000000000000e+00
3.913060087227523409e-01
-1.000000000000000000e+00
-1.000000000000000000e+00
-1.000000000000000000e+00
-2.490270491622942894e-01
1.000000000000000000e+00
7.356763029198741810e-01
1.000000000000000000e+00
-1.000000000000000000e+00
1.000000000000000000e+00
-1.000000000000000000e+00
-1.000000000000000000e+00
-5.958900475028967580e-01
-6.384357565921293665e-01
8.076526261517504857e-01
-1.000000000000000000e+00
-1.106476738636210655e-01
-3.817773282382257438e-01
-3.515397906069231970e-01
2.220363941818992437e-02
-2.538895437196178051e-01
8.116602639674015407e-01
-2.202390981744631326e-01
1.000000000000000000e+00
6.164742106566207802e-01
-9.116555364077034707e-01
1.000000000000000000e+00
1.000000000000000000e+00
1.168749729155826866e-01
1.000000000000000000e+00
-1.256722982085829998e-01
-6.601880357176048708e-01
-1.054576153678266071e-02
-1.000000000000000000e+00
-1.000000000000000000e+00
-7.838066158770990999e-01
1.000000000000000000e+00
1.000000000000000000e+00
1.000000000000000000e+00
1.000000000000000000e+00
1.000000000000000000e+00
1.000000000000000000e+00
-9.235354097808218254e-01
-1.273814111210878897e-03
8.377083569515451078e-01
-9.451567755763419232e-01
7.919263815566607301e-02
7.923004287465404971e-01
3.756188512076922281e-01
1.000000000000000000e+00
-3.012019132247775732e-01
-5.523154377277121885e-01
-1.000000000000000000e+00
4.165031278212734112e-01
5.751857201197957403e-01
-1.000000000000000000e+00
-1.000000000000000000e+00
-5.319517189743707686e-01
-1.000000000000000000e+00
-1.000000000000000000e+00
1.000000000000000000e+00
3.472509006580357105e-01
-2.691783995474571478e-01
-1.301038010014410329e-01
4.590711014335838724e-01
-1.000000000000000000e+00
9.544842349463069642e-01
-1.000000000000000000e+00
1.000000000000000000e+00
-4.385958007872701736e-01
-1.000000000000000000e+00
-3.642344944145632923e-01
8.292835704285781429e-01
-1.000000000000000000e+00
2.343675648449885518e-01
1.649965138853751734e-01
1.000000000000000000e+00
-9.108348522097388100e-01
1.000000000000000000e+00
-1.000000000000000000e+00
-7.244653406221610581e-01
6.885970015309461623e-01
1.025278278469382021e-01
7.972231158312481636e-02
-1.000000000000000000e+00
-3.230067332317792528e-01
7.929138817661520733e-01
4.346586175921807738e-01
-1.468708281493085188e-01
1.000000000000000000e+00
-9.736767202225353746e-01
3.475109376249991833e-01
6.442362410923470062e-01
8.385930920915373177e-01
-1.006501807113130420e-01
-7.020710622629715569e-01
-1.000000000000000000e+00
-1.000000000000000000e+00
1.000000000000000000e+00
-1.585376000780465700e-01
-1.000000000000000000e+00
7.716895467465856306e-02
7.735331332274530958e-02
-3.746330106170333574e-01
1.000000000000000000e+00
