-3.925726516206239358e-01
-3.804736195525366682e-01
2.016758330308126013e+00
8.004019547677621027e-01
3.544296048436217816e+00
1.377429723751548707e-01
-6.210089968222511914e-01
4.633100542373107533e-01
-3.715959893271136849e-02
-2.896902396066347585e-02
-2.185504057588489868e-01
4.245503187102566134e-01
2.766055586726518190e+00
-6.915421810884192499e-01
-1.650295156081840853e+00
-2.729316569874420395e-01
7.634532563659524040e-01
-1.822278268582089744e+00
-5.989938438934894194e+00
-3.561829777766974403e-01
-5.674235945663785863e-01
6.268466936086523056e-01
-1.022963917101590736e+00
-3.093267818044837192e+00
3.777095329085979891e+00
-8.968232863077802985e-01
-2.246308424640569845e-01
-1.493209867089184684e-02
5.508733077595096006e-01
2.725237936129545901e-01
4.493566682953777480e+00
6.883937804735282828e-01
-7.078416134148524108e-02
-3.305212697318153925e+00
-1.640971346290396315e-01
1.217919246633298314e-01
1.139308662521065774e-01
-2.853820839827818201e+00
8.576293392934793980e-01
1.372158622604827904e+00
-8.024840620335257357e-01
-2.246979379890222450e+00
-2.044527048397760005e+00
8.586753935278770289e-01
-9.749854765258114675e-01
-3.841376264180369482e-01
7.684991332009076803e-01
-1.989648444949782435e+00
-4.537282812027650936e-01
4.370332008869032947e+00
1.112562172169444530e+00
2.723919412827732422e+00
9.288852346552580741e-01
3.417872216516476769e+00
9.920089629272850207e-01
-1.198794506094745804e+00
2.317363580367476583e+00
4.396950683711944308e-01
-7.797598713655485847e-01
2.546714162420036232e-01
1.139976272369375376e+00
-1.241483386993845972e+00
5.736284659658732465e-01
-7.402248889817131250e-02
7.128484588504868658e-01
-1.742621316042081148e-02
-9.077919035744896892e-01
2.463071317701126528e+00
-8.528705453868989927e-02
6.602032978258252083e-01
-2.114094419209632481e+00
3.272045586762953873e-01
-7.382843196319868184e-01
-5.100243552037639905e-01
1.525965615038484824e-01
1.383300853604623404e+00
2.442823278534855369e+00
9.703508582321194176e-01
-1.360959737588440799e-01
-8.274744963613140936e-01
-1.129184357213349976e+00
-5.468548067315588401e-01
-1.706672387568025862e+00
-8.194328262554120279e-01
7.683628121021484070e-01
7.227885596626757447e-01
-5.960097949162515896e+00
-6.143480249638491042e-01
-1.092356208842299337e+00
-3.278578147440117441e+00
-7.328518549154894313e-01
5.529739993304010337e-01
1.108985950766699036e+00
-9.452669570046474679e-01
7.573749256340853719e-01
2.819571889030481060e-03
8.921187915019244130e-01
-7.146894375466934513e-01
4.290209641704711974e-01
-3.448394487544371056e+00
-2.666087158320506578e+00
-2.720255123955882759e+00
1.190162275911027523e+00
-1.856236163540690987e+00
-3.791963021306266057e-01
-2.490581214576566005e-01
1.119245109638809410e+00
7.009704388009363463e-01
-6.512434939572029347e-01
6.717629195453092006e-01
-5.260092779058723522e+00
7.828662832105575120e-01
-7.992814210553316201e-01
-6.305100385328793466e-01
1.218288330808670050e+00
4.494328331034651569e-01
-5.605319280632468093e-01
-7.420484903603599136e-01
4.370536861133292872e-01
2.362321911170655042e-01
-1.922324580404754846e+00
-9.008075035535911823e-01
-4.153251301903350678e-01
4.508014821713239861e-01
2.918021936002817007e-01
8.508584612527949620e-01
2.119159706742745009e+00
-5.756761716582707855e-01
-7.377453465293366541e-01
-5.751759814838852680e-01
3.039096178257038039e-01
4.335467872293770064e-01
-8.947977189795468522e-01
-9.518061201305041408e-01
-1.802201107496382626e+00
8.885842256471272460e-01
-4.134360984408148809e+00
-2.580250151244162793e-01
6.062348861093036501e-01
4.176366340518171683e-01
1.579240494810543183e-01
-8.375277069312623279e-01
5.957832646125393872e-01
4.774539034944038640e-01
1.317005134463871130e-01
6.141015271932650066e+00
-1.157393338214744549e+00
-9.421626472273759711e-01
8.907061266411291367e-01
3.626754829369700950e+00
6.943115610948018546e-01
2.479278094699536972e+00
-8.310121252064757158e-01
1.880923034111359193e-01
1.980082181576273692e+00
3.766480531543303201e+00
-4.289295677865312406e-02
2.455810707398475845e-01
-5.240046159974659501e-01
-6.090159500062533038e-01
3.519461249235975586e-01
3.617820051846230012e-01
1.529625064436566539e+00
-9.235040066695399119e-03
1.193403172869954149e-01
9.555677545055347721e-01
3.523309119496200736e-01
2.665069676358476913e-01
-2.534152987229548071e+00
7.717172805778855782e-01
5.874871249075845903e-01
3.093504748428709261e-01
2.810269247835753159e+00
7.819837517658815296e-01
3.253737386075405968e-01
-2.730752558347240289e+00
2.135631742678031131e+00
-3.038259418860667527e+00
7.145817239605964932e-01
5.805373854830451208e-01
5.566145563078317426e-01
-7.343730924744829025e-01
-1.244511055169464697e+00
6.491405838915181858e-01
-4.413237983228228134e-01
-1.712302971482002389e+00
1.161091603833376507e+00
-2.858295297916115807e-01
-3.496577564376219804e-01
9.406273741974524594e-01
1.480915587493355223e-01
-3.381169037594185411e+00
-8.586196324192947316e-01
-6.203430980152517815e-01
-2.013659186645853527e+00
-5.707907286174934702e-01
1.601934654761824506e+00
-8.222290049581828519e-01
5.279665925399782411e-01
-9.284385449165335480e-01
2.837218597506505069e-01
1.088856809004366655e+00
4.579600001741211734e+00
-8.883494653299253141e-01
1.921790498316673590e+00
-1.802876796603449350e+00
1.818928767868200458e+00
-4.546990326831534812e-01
4.211992850902228636e-01
-1.517465056792163036e+00
-1.353799531039956872e+00
-2.527970284166081161e+00
1.663309506110750569e+00
-9.988139134330578095e-01
-3.779930563475639271e+00
4.945901799639034757e-01
7.346271599778386729e-01
-8.262893450598267631e-01
3.252028646958440294e-01
7.547881810543710657e-02
-8.231161904244379546e-01
4.813239008186429579e-01
4.820496669746157092e-01
-3.889403291020590570e-02
-5.157649326803195322e-01
-1.770696264612576343e+00
-1.638714605568862837e-01
8.958730664669718458e-01
8.926910018510715306e-01
5.270879545067952421e-02
3.098159478579909809e+00
7.736589045616728555e-01
3.625557293687944771e+00
7.750268534376234530e-01
1.411936716985696005e+00
-1.196023058658798988e+00
7.889458417492253295e-01
-1.868247551491173830e+00
2.393628463901791292e-01
1.175094680587073004e+00
-7.315497973905356055e-01
-7.718158130938601591e-01
-8.399389000020738294e-01
-1.292313239356267740e+00
7.329183910111563005e-01
-2.413715415152326571e-01
4.095875436004674519e-01
9.571485193731328334e-01
3.075866734924489254e+00
-6.096866957822639765e-01
-3.200651950560660097e-01
6.622008976927984403e-01
-4.904221611671190750e+00
-2.894696977666200155e-02
-1.903166897504575683e-01
-2.317416260032350017e-01
2.676569011110346175e+00
-3.832166193101538276e-01
5.938095512229805140e-01
1.238563374490213365e+00
-1.000000000000000000e+00
-2.176822244730427514e+00
-7.546749430545984794e-01
-1.000000000000000000e+00
1.171916947244560081e+00
