-8.654183376184600984e-01
-9.840313550894671524e-01
3.891055614490552816e-01
6.049745246592478365e-01
1.494674569707523659e-01
1.000000000000000000e+00
-1.000000000000000000e+00
8.351166956806930219e-01
-1.000000000000000000e+00
5.485125535400976471e-01
-7.137921258708215255e-01
1.338742630112834675e-01
-7.116721006396382609e-01
-1.000000000000000000e+00
-1.000000000000000000e+00
-6.772052914707220594e-01
-4.593758107042567040e-01
4.207342188243812231e-02
1.976753169485830908e-01
1.000000000000000000e+00
-1.000000000000000000e+00
2.538803843013992534e-02
-4.421439370079314202e-01
-7.340005652858716534e-02
1.013465765020578058e-01
-6.430010483467324400e-02
-1.000000000000000000e+00
3.015848309478807998e-02
8.637029912323747061e-01
6.654025108029812952e-01
1.000000000000000000e+00
1.000000000000000000e+00
-4.717591469222508493e-01
-4.733900494096446310e-01
-1.000000000000000000e+00
-6.979725229574710310e-01
5.852183481658107533e-02
3.430862361905342439e-01
1.000000000000000000e+00
1.000000000000000000e+00
-2.006369011035811223e-01
-1.000000000000000000e+00
-5.699716724709718019e-01
-5.914967256075710500e-01
-2.320923920364281745e-01
-3.036502727598651141e-01
-1.000000000000000000e+00
-6.955156263393462712e-01
6.399513845648817645e-01
-1.000000000000000000e+00
9.906814554888628832e-01
9.693795203724804299e-01
-5.948204812863657764e-01
-3.320821962834099583e-01
-9.484727205705847375e-01
-8.533839791145607645e-01
-7.232495881829734685e-01
7.124937597665472744e-01
1.000000000000000000e+00
-2.657708420311084563e-01
6.627435480069968632e-01
7.220385458075093688e-01
1.000000000000000000e+00
-6.191232076141162111e-01
1.518922920619243666e-01
-6.211370427366147418e-01
-1.000000000000000000e+00
6.379571084399204839e-01
-2.320127106119616034e-01
-1.686698764072107337e-01
-7.084152848043194783e-01
7.908200593493461827e-01
-4.911005954321221445e-01
-1.000000000000000000e+00
-7.300675185234687392e-01
1.000000000000000000e+00
6.849971245820735133e-01
-1.000000000000000000e+00
5.274333412039668989e-01
2.572142822293924658e-01
-1.000000000000000000e+00
1.000000000000000000e+00
-7.648875458387205395e-01
-1.909417460044193771e-02
-7.872639152906302229e-01
-3.585869230311884426e-01
7.159970836013282991e-01
4.463470723579900934e-01
1.000000000000000000e+00
-5.227420616811020437e-01
-9.218281673129185005e-01
5.665032146199286966e-01
-1.000000000000000000e+00
-1.514503460622307340e-01
-1.000000000000000000e+00
1.000000000000000000e+00
1.000000000000000000e+00
6.786965748339591764e-01
1.000000000000000000e+00
1.000000000000000000e+00
-6.756580890657529759e-01
-6.969913972975190219e-01
-3.856415961970524608e-02
-1.000000000000000000e+00
8.783839876473671371e-01
2.428822951459494450e-02
6.716191032322393895e-01
-3.409120907668070632e-01
1.000000000000000000e+00
-1.000000000000000000e+00
-1.230055971238765422e-01
5.984687985735015481e-02
-2.641377016310062498e-01
9.366040738289604928e-02
3.640692080991104196e-01
-6.444213810732396519e-01
6.430578934838034888e-01
-2.156416763490071054e-01
-7.963664436805562019e-02
-3.421573939466413528e-01
1.663175091715343168e-01
-6.865930666594732834e-01
1.000000000000000000e+00
3.858447722710622863e-02
-1.135433506124905456e-02
1.411108919516885774e-01
8.907139701944342125e-01
-9.859891019953737068e-01
-1.000000000000000000e+00
9.493230435712969317e-01
-1.000000000000000000e+00
1.000000000000000000e+00
-2.943296806705494317e-01
-8.614412488757092756e-01
-1.000000000000000000e+00
-7.990694872792669656e-02
-1.688410349686339795e-01
2.492535197410787884e-01
-1.000000000000000000e+00
1.000000000000000000e+00
-3.422334636189181545e-01
-9.094537265654716318e-01
1.000000000000000000e+00
3.386133546102720882e-01
-3.039592320149624993e-01
-1.000000000000000000e+00
-1.000000000000000000e+00
-1.000000000000000000e+00
5.057146621331042313e-01
1.000000000000000000e+00
1.000000000000000000e+00
-1.000000000000000000e+00
1.000000000000000000e+00
4.337119471371561064e-01
4.227937046408059008e-02
-3.917443676234866334e-03
-1.000000000000000000e+00
1.000000000000000000e+00
1.000000000000000000e+00
1.000000000000000000e+00
1.000000000000000000e+00
1.000000000000000000e+00
-3.611303554614215816e-01
-1.000000000000000000e+00
9.667919810827874105e-01
7.658091389878347588e-01
-1.000000000000000000e+00
-1.000000000000000000e+00
-2.412064861753470402e-01
-2.034172524756046041e-01
1.000000000000000000e+00
-4.871064988378768223e-01
-1.229134943174003958e-02
9.560138035032674786e-01
9.715915921260687149e-01
1.000000000000000000e+00
-8.964145542158449276e-01
1.000000000000000000e+00
-6.077795353092031450e-01
3.900218898099387932e-01
2.649160882459489219e-02
7.304357494943758411e-02
-3.967868302628321242e-01
-2.139476418728933349e-01
1.000000000000000000e+00
-2.085742227173755514e-01
1.000000000000000000e+00
-8.850228400722226496e-01
5.423099154528061572e-01
1.141075132322484365e-01
-1.137062475601697820e-01
-1.000000000000000000e+00
-1.325745348124480749e-01
1.000000000000000000e+00
5.865236323553042475e-01
-1.088145949074073582e-01
6.071305327678729880e-01
-1.000000000000000000e+00
-3.521657727689003758e-01
1.000000000000000000e+00
-1.000000000000000000e+00
1.000000000000000000e+00
9.193884873138546965e-01
2.325442416809031521e-02
-1.721710365257633768e-01
-1.000000000000000000e+00
-1.000000000000000000e+00
-1.000000000000000000e+00
3.924659304600361942e-01
-4.469912023820025726e-01
1.620378072585209328e-01
5.814224198759982976e-01
-6.449059629266793436e-01
1.000000000000000000e+00
3.188032043986845088e-02
-3.076635966952367962e-01
-1.000000000000000000e+00
1.765153538712813663e-01
-2.255379218096393856e-01
-7.469881438892413961e-01
2.866414229863536445e-01
3.034873440857969173e-01
-5.971018014152466025e-01
-7.659215890953205985e-01
4.363897112657960653e-02
-3.165348598663533242e-01
1.000000000000000000e+00
-3.340781601455228289e-01
1.000000000000000000e+00
1.583060965061138248e-01
1.641210057267206146e-02
-7.235627658449956812e-01
-7.743937351270619995e-01
-1.000000000000000000e+00
8.990142509089658063e-01
-1.000000000000000000e+00
-2.807297184379977661e-01
1.000000000000000000e+00
1.222613365380631756e-01
7.681159596411268886e-02
1.000000000000000000e+00
5.147307696143587075e-01
-7.474812113321896989e-01
-8.540249484268762625e-01
1.000000000000000000e+00
4.658492113922392264e-01
-3.286669867619528285e-01
5.853630038428359050e-01
-8.229557961582671943e-01
5.201281399751376266e-01
7.576900627683900158e-01
1.000000000000000000e+00
-8.449764483523074521e-01
8.398087471999726716e-01
6.263527148886733897e-01
-1.000000000000000000e+00
-1.000000000000000000e+00
1.000000000000000000e+00
4.356724194925255533e-01
1.372811189622186179e-01
-4.876084598445786233e-01
-3.955245400625057028e-02
1.000000000000000000e+00
-4.427264673877473466e-01
-1.000000000000000000e+00
