1.000000000000000000e+00
1.000000000000000000e+00
1.000000000000000000e+00
1.000000000000000000e+00
9.371338388456567081e-01
-1.202230585725578837e-01
-1.000000000000000000e+00
1.000000000000000000e+00
-1.000000000000000000e+00
4.124234312234209554e-02
-4.319836369363636575e-01
-1.000000000000000000e+00
-5.685921965142977097e-01
1.000000000000000000e+00
1.000000000000000000e+00
-5.105670685482841531e-01
1.000000000000000000e+00
-1.121217854576908035e-01
-1.000000000000000000e+00
4.123343068305891368e-01
1.000000000000000000e+00
1.000000000000000000e+00
1.000000000000000000e+00
-1.000000000000000000e+00
1.000000000000000000e+00
-6.237989906018115427e-01
8.158483889406088485e-01
3.882365301665829382e-01
3.627629224101815986e-01
-1.000000000000000000e+00
7.521001573084308278e-01
-1.000000000000000000e+00
-7.466230994842578683e-01
3.933991417965193027e-01
-1.000000000000000000e+00
-1.000000000000000000e+00
-1.000000000000000000e+00
4.554377653611657584e-02
2.352297899854471908e-01
8.305401399980429922e-01
1.000000000000000000e+00
1.000000000000000000e+00
1.000000000000000000e+00
1.000000000000000000e+00
3.430591139641615550e-01
1.495906168827934035e-01
-2.755732820136245209e-01
1.000000000000000000e+00
2.973846831582241390e-01
-1.000000000000000000e+00
-1.000000000000000000e+00
1.000000000000000000e+00
-1.000000000000000000e+00
3.804247410227835635e-01
7.284123317705433198e-01
-4.570472942865170252e-01
-1.000000000000000000e+00
1.000000000000000000e+00
1.000000000000000000e+00
8.353204874600621554e-01
-1.000000000000000000e+00
-7.751155678410733829e-01
-1.000000000000000000e+00
-1.000000000000000000e+00
1.000000000000000000e+00
-4.023148750265734819e-01
1.000000000000000000e+00
-7.181531794207889341e-01
1.000000000000000000e+00
8.861520535092770601e-01
-4.122783330617636466e-01
2.088055378832973097e-01
-1.000000000000000000e+00
-6.583738909600868050e-01
4.198175194930708898e-02
-7.397899466997437390e-01
-8.873655373621314180e-02
1.000000000000000000e+00
-1.000000000000000000e+00
-1.000000000000000000e+00
1.000000000000000000e+00
-1.000000000000000000e+00
-1.000000000000000000e+00
1.000000000000000000e+00
-7.858553982609906008e-02
1.000000000000000000e+00
3.949915055379228379e-01
-1.000000000000000000e+00
-1.000000000000000000e+00
1.000000000000000000e+00
-1.000000000000000000e+00
-1.000000000000000000e+00
2.330949448499688437e-01
8.526469399233236324e-01
-4.703341679388879371e-01
-1.000000000000000000e+00
-1.000000000000000000e+00
5.289022502205518173e-01
1.000000000000000000e+00
-1.000000000000000000e+00
1.000000000000000000e+00
3.334863241923016197e-01
1.000000000000000000e+00
1.000000000000000000e+00
-1.000000000000000000e+00
1.000000000000000000e+00
1.000000000000000000e+00
1.000000000000000000e+00
1.522265284236948846e-01
1.000000000000000000e+00
1.000000000000000000e+00
-1.000000000000000000e+00
-1.000000000000000000e+00
6.963626843723846882e-01
1.000000000000000000e+00
-3.242455618872451817e-01
-1.000000000000000000e+00
-1.000000000000000000e+00
-1.000000000000000000e+00
-9.184328466697728732e-01
-1.000000000000000000e+00
-1.000000000000000000e+00
-1.446658131334743747e-02
8.775055483695196612e-01
-1.000000000000000000e+00
-3.447398392983709314e-01
8.426523755943792215e-01
-6.504485513164584010e-01
1.000000000000000000e+00
-4.099304021741896342e-01
-1.000000000000000000e+00
-2.696735511543385533e-01
4.127207385103273118e-01
-1.000000000000000000e+00
7.685391273849827565e-01
-1.000000000000000000e+00
1.000000000000000000e+00
-1.000000000000000000e+00
3.921145859529291955e-01
1.000000000000000000e+00
-1.197456457690351250e-01
1.000000000000000000e+00
1.000000000000000000e+00
-1.000000000000000000e+00
-6.044401601367540566e-01
-7.820388965926317049e-01
-1.000000000000000000e+00
-1.000000000000000000e+00
1.000000000000000000e+00
-2.304772910034806888e-01
1.000000000000000000e+00
6.995284852440607493e-01
1.000000000000000000e+00
5.430497612522477979e-02
3.991699244283382075e-01
1.000000000000000000e+00
1.000000000000000000e+00
-1.000000000000000000e+00
-6.633504305381143773e-02
8.141222309027590365e-01
8.175533244724064730e-02
-1.000000000000000000e+00
-7.224789694200705048e-01
-3.734248888952623746e-02
-6.161380861541480014e-01
-2.999209000948948045e-01
-1.000000000000000000e+00
1.000000000000000000e+00
4.977429969795608700e-01
-1.000000000000000000e+00
-1.000000000000000000e+00
-1.000000000000000000e+00
-1.225746708671571206e-01
-1.000000000000000000e+00
-4.925846431499106282e-01
-6.311433121581035977e-01
-2.774239359874219879e-02
-1.000000000000000000e+00
-1.000000000000000000e+00
1.000000000000000000e+00
-4.755521511203777418e-01
1.000000000000000000e+00
-1.000000000000000000e+00
1.000000000000000000e+00
4.246047432820348466e-01
-1.000000000000000000e+00
-3.655619892600708298e-01
1.000000000000000000e+00
-1.000000000000000000e+00
2.918942992061981379e-01
1.033417792539310653e-01
-1.237690897568057835e-01
-1.000000000000000000e+00
-4.807115511995424528e-01
1.000000000000000000e+00
1.000000000000000000e+00
7.778382286195945072e-01
4.460201734059623391e-01
-1.000000000000000000e+00
-1.000000000000000000e+00
-1.000000000000000000e+00
-1.000000000000000000e+00
-5.379812367690608443e-01
-1.283965845137791106e-01
1.000000000000000000e+00
1.000000000000000000e+00
-1.000000000000000000e+00
-2.466886107923756954e-01
-9.924661371886955852e-01
-1.000000000000000000e+00
3.943211067193423403e-01
-1.000000000000000000e+00
-1.000000000000000000e+00
1.000000000000000000e+00
-5.564768246421891718e-02
1.000000000000000000e+00
-1.000000000000000000e+00
1.000000000000000000e+00
2.538245877214246882e-01
-4.475631281382562721e-01
-1.000000000000000000e+00
-1.000000000000000000e+00
7.923370459939128585e-01
-1.000000000000000000e+00
1.000000000000000000e+00
-3.380365971070982134e-01
-1.721557742319394513e-01
-1.027714508928094794e-01
-9.019352115845136186e-01
-3.247496387836178444e-01
2.103545221451224301e-01
-1.000000000000000000e+00
7.263505108891867845e-01
-1.000000000000000000e+00
-1.000000000000000000e+00
-1.000000000000000000e+00
9.718642622069748604e-01
1.000000000000000000e+00
2.239619648938486751e-01
1.018559042536746340e-01
-1.000000000000000000e+00
4.286652107386808019e-01
-1.000000000000000000e+00
2.608088794013166956e-01
-1.000000000000000000e+00
-2.195982901269597498e-01
-1.000000000000000000e+00
1.000000000000000000e+00
1.000000000000000000e+00
1.000000000000000000e+00
-1.000000000000000000e+00
1.000000000000000000e+00
-6.048226017961608747e-01
2.897863969580262156e-01
1.000000000000000000e+00
8.172333712997237321e-01
5.219770766926091765e-01
-1.000000000000000000e+00
1.000000000000000000e+00
-1.000000000000000000e+00
-1.000000000000000000e+00
2.901780384724773065e-01
1.000000000000000000e+00
-6.612577173715671330e-01
1.000000000000000000e+00
