-2.600454642610116052e-01
6.952134728385361839e-01
-8.562539194410940802e-01
7.956929078535639466e-01
1.437878535302443694e+00
2.248192256216213103e+00
3.289007011615988407e+00
-3.120836782117364372e+00
5.141865081320615261e+00
-1.253800507427627942e+00
-3.707900109102461705e+00
5.758167033038906979e+00
4.833997745026659132e-01
3.985470620048839230e+00
-2.370924396740095030e-01
-3.843337798647532555e-01
-3.877026415013475891e+00
8.604815563948911006e+00
3.375220961967739353e+00
-1.144473776017616462e+00
7.167051411787683790e+00
-2.583096254076177267e+00
-5.317098742840309367e-01
-2.342587957514165709e+00
-5.010380865805768025e-01
5.721639685732207159e-01
-9.739154391618740636e-01
4.074941700531646838e+00
1.594298664714304703e+00
2.671354589927288359e+00
-2.062605247927329799e+00
-4.355451239163272148e-01
1.230100778251811411e+00
-1.132408675067412052e+00
2.601726884484694136e-01
6.222041547532410899e-01
-4.233143989224112946e-01
-4.780624512680609062e-01
1.546309303355509757e+00
-9.976460091820620324e-01
6.757433783617019962e+00
-4.236372423766940898e-01
1.724778266999071885e-01
-5.007703989169192127e-01
4.886619353414078937e-01
-9.518499469134897861e-01
-2.627309719541225386e-01
8.767004643082318971e-01
2.440406527371611567e+00
-9.607414263946771893e-01
-2.087557656592675226e+00
3.353692958109324884e+00
-1.128936264764950792e+00
-6.585621369492580257e-01
-6.230355574759613990e-01
3.347809710082640944e-01
-1.470791351763440780e-01
2.980560267309463329e-01
-2.159590381003015924e-01
9.356198577005270245e-01
4.404409240883699894e-01
-3.672001603362176958e+00
8.436875477349328190e-01
-2.356356744961196625e-02
3.251031497678555926e+00
-1.752920321138018434e+00
4.194907388088144895e-01
6.286363119054383386e-01
5.416505604647559036e-01
-1.748001091374001614e+00
-2.925466480614111742e-01
6.562311262770931464e+00
-8.472427963189466116e-01
1.471037685350805813e+00
2.714324438979160092e+00
1.404798995720213606e+00
-3.387607015857123649e-01
-3.631203203697084270e-01
-6.356726875052176595e-01
-1.829349047177757370e+00
-8.145680500032772553e-01
5.977850641489097505e-01
-9.451799499923796422e-02
-8.566270179264341422e-01
-1.295900258720866116e+00
1.223939820310722126e+00
1.781758508777684380e-01
-9.366454126342079745e-01
-3.330638851371432452e+00
-7.765037731154026623e+00
-6.240205677006027685e-02
3.010267438229859316e+00
2.851330806457657019e-01
3.637375898756695092e-02
-2.466101078912687150e+00
3.253059104847198846e+00
9.028580186404933094e-02
-1.032455554348230997e+00
7.373797469002718596e-01
-6.441400705976283447e-01
-5.962394017495209475e+00
-1.775383251574651489e+00
3.044462059387347264e-01
-1.099139002885678451e+00
-2.873838287179043327e+00
-8.908005000053111910e-01
-4.094244351693059336e-01
4.460484884760238522e-01
-4.076244791576270288e+00
-9.854838944870136785e-01
3.732609412055872600e+00
5.612758630265988202e-01
1.201110165847564915e+00
-3.471600358363466921e-01
5.206113751811463075e-01
4.112553181973122030e-01
1.245217068083801726e+00
-9.441287123714582341e-01
4.771141101633054049e-01
-4.937716703484231751e-01
-9.285963863954878050e-01
-9.663993128893573203e-01
-2.324463556643016737e+00
-4.574239359144546269e-01
6.148319289927410836e-01
-2.665225373520819563e+00
2.465477077163841901e+00
1.986698477208621583e-01
8.458177997188358610e-01
4.578068965523021117e-01
-7.378721249338960675e+00
1.660227932349813251e+00
1.572117316208976989e+00
-3.169142349143401205e-01
9.785848082481978238e-01
-8.932503599405697825e-01
3.700292522320418609e-01
9.835539248910674104e-03
2.130825035034117132e+00
3.720232246498734519e+00
-3.332221713636278615e-01
-4.714479707148941046e+00
-6.419635332450350784e-01
1.862420595127434853e+00
3.639141965349286245e-01
5.906570016438608128e+00
2.355559419368962182e-01
3.282499900124640213e-01
1.204467851006159718e+00
6.720779623690696924e-01
-2.549969525346116761e+00
8.924486990967166467e-01
1.906062660399694408e-01
2.780122294217091117e+00
-2.320630221770526802e+00
1.320406971676154395e+00
2.602407352260750484e-01
3.613319339890067816e+00
5.786319403923323446e-01
-1.931253371130818852e-01
8.429937070819752964e-01
8.248856649284499909e+00
-4.528947524009168113e-01
-4.014670550064713961e-01
-1.540084293251298364e+00
-7.903717339039981749e-01
-8.995982810951825837e-01
5.709841880839778838e-01
-1.148626343126821103e+00
-1.082967604839613074e-04
3.932179060129227466e+00
-4.358575720382391605e-01
-2.299591725776022333e+00
-2.255939879670527670e+00
1.207045362450979376e+00
-2.563450594692549434e+00
5.995795114668522885e-01
-3.166130875251038646e-02
1.388737595370477695e+00
-4.132615051955518481e+00
-9.222685004933135478e-01
-1.518273779590708639e-01
-5.486192624775079185e-01
-4.782040579088362442e-01
4.158778057921834304e+00
3.917452673931299145e+00
3.812006806327892239e-01
-7.190113164372724519e-01
-2.361765067567158649e-01
-2.551392034300456579e+00
3.398764259844749169e+00
-5.578286478260888082e+00
1.866099340173474341e-01
-4.093147873658377067e-01
7.241616619600588223e-01
-4.074215271372148006e-01
1.183790963439368404e-01
3.025401706655728162e-01
-8.360874486045395404e-01
-1.607127228003164765e+00
-1.549602900025782048e+00
8.210826225862608574e-01
5.874662202867577676e-01
3.826301312931823517e-01
2.346253391316142523e+00
-3.608523904254922865e+00
2.899291691425369688e-01
2.196834327372502393e+00
-6.694187106584525981e-01
2.155295199360142355e+00
-8.100976703853652872e-01
-8.517945202480551314e-01
-1.017420519742734952e-01
1.000000000000000000e+00
-1.257139369276383256e+00
-5.958000267991047094e-01
-1.946758904960586012e-01
3.719601776344894084e-01
7.235018329825106953e-01
6.199680422838083071e-01
-4.233060651904432259e-01
1.218576410859284698e+00
3.061129820461752971e+00
4.846198821051369565e-01
6.190436758335504663e-01
1.330196538806807105e-01
-8.520403317279843236e-01
4.453395042809602522e-01
-1.011739291654289108e+00
-8.340269165447196098e-01
5.005948993923243329e+00
-7.154811968524471544e-02
-7.224782622561330969e-01
-2.020024897241037287e-01
-4.401304557723891286e-01
-4.054155117653810980e-01
-3.083298826247540259e-01
9.845886663393119687e-01
-4.608909716637861198e-01
7.212380301015383743e+00
-2.407693795684949789e-01
-9.252299663839058663e-01
7.727448244583027259e-01
5.346411531341139778e-01
-2.277802200602110361e+00
2.162164705412337184e-01
1.998542051836222910e+00
-7.002700384108168086e-01
2.434959611220612885e+00
9.583034667310996735e-01
3.512438319157347166e-01
-3.879019520447378078e+00
1.427301712345786289e+00
2.059888379979758266e+00
2.308097063891256351e+00
7.471346538081302668e-02
-5.269761177025589216e-01
-3.148382668505485427e+00
-1.900624310485192758e-01
2.182217525565135485e-01
7.985315364122855808e-01
4.218669101749222827e-02
-5.567265139306301069e-01
-9.661318653208272877e-01
3.691050824088739635e+00
