1.000000000000000000e+00
3.119083175092500770e-01
1.000000000000000000e+00
4.301054394218996046e-01
4.114542292328228212e-01
-1.000000000000000000e+00
-1.000000000000000000e+00
-1.000000000000000000e+00
1.000000000000000000e+00
1.000000000000000000e+00
3.847438065592784784e-01
1.000000000000000000e+00
1.000000000000000000e+00
-3.539584783374216670e-01
-2.084491231290255264e-01
-1.000000000000000000e+00
1.000000000000000000e+00
-1.000000000000000000e+00
-9.022105213870095231e-01
1.000000000000000000e+00
1.000000000000000000e+00
1.000000000000000000e+00
-6.453834663190801679e-01
1.000000000000000000e+00
-7.483350672535382664e-01
-1.000000000000000000e+00
1.000000000000000000e+00
-1.000000000000000000e+00
1.000000000000000000e+00
8.369235097089461339e-02
-5.658048046980823642e-01
-1.000000000000000000e+00
1.000000000000000000e+00
1.000000000000000000e+00
7.113857092368873758e-01
7.935645169852337810e-01
4.696411110481252260e-02
-1.959116249979886426e-01
1.000000000000000000e+00
1.000000000000000000e+00
2.421550050649721175e-01
1.000000000000000000e+00
6.797410784708899367e-01
1.000000000000000000e+00
6.794503331138144198e-01
-1.000000000000000000e+00
-1.000000000000000000e+00
4.004301413919117425e-01
-1.000000000000000000e+00
-1.000000000000000000e+00
-3.288947123447060195e-01
-1.000000000000000000e+00
1.000000000000000000e+00
1.000000000000000000e+00
-1.000000000000000000e+00
1.000000000000000000e+00
-1.000000000000000000e+00
-1.000000000000000000e+00
7.816397373202150778e-01
1.000000000000000000e+00
1.000000000000000000e+00
1.000000000000000000e+00
-1.000000000000000000e+00
-1.000000000000000000e+00
-1.601746414232039228e-01
-2.036213070565164873e-01
-1.000000000000000000e+00
1.000000000000000000e+00
1.000000000000000000e+00
-1.000000000000000000e+00
1.000000000000000000e+00
-7.738544276887049378e-02
1.000000000000000000e+00
-1.000000000000000000e+00
1.000000000000000000e+00
-7.938402638601858019e-01
-1.000000000000000000e+00
1.000000000000000000e+00
-1.000000000000000000e+00
-1.000000000000000000e+00
-9.869351286354693942e-01
1.000000000000000000e+00
-2.749843050027704905e-01
9.050527447194423036e-02
1.000000000000000000e+00
-1.000000000000000000e+00
-9.273003250409763698e-01
-1.000000000000000000e+00
-1.000000000000000000e+00
1.000000000000000000e+00
-1.000000000000000000e+00
-1.010493175794016096e-01
-1.000000000000000000e+00
-1.000000000000000000e+00
1.000000000000000000e+00
-2.369008211680223575e-01
1.000000000000000000e+00
6.513291913895487006e-01
-1.000000000000000000e+00
-6.406164095788555723e-01
-1.000000000000000000e+00
1.000000000000000000e+00
-9.899165438416337448e-01
1.000000000000000000e+00
8.261898348766697486e-01
1.658522137047091505e-01
1.000000000000000000e+00
1.000000000000000000e+00
-1.000000000000000000e+00
-1.000000000000000000e+00
1.000000000000000000e+00
1.000000000000000000e+00
-1.000000000000000000e+00
-1.000000000000000000e+00
1.000000000000000000e+00
1.000000000000000000e+00
-1.000000000000000000e+00
-1.000000000000000000e+00
1.000000000000000000e+00
1.000000000000000000e+00
1.000000000000000000e+00
1.000000000000000000e+00
-1.000000000000000000e+00
-5.728164939426585445e-01
1.000000000000000000e+00
1.000000000000000000e+00
1.000000000000000000e+00
-5.188255115579512022e-01
1.000000000000000000e+00
1.000000000000000000e+00
-1.000000000000000000e+00
-4.445003896530878018e-01
1.000000000000000000e+00
-1.000000000000000000e+00
1.855204679685680258e-01
-5.087494794559268563e-01
-1.000000000000000000e+00
-1.000000000000000000e+00
-1.000000000000000000e+00
-5.857202780448755863e-01
-3.323868580394792049e-01
1.000000000000000000e+00
1.000000000000000000e+00
-1.000000000000000000e+00
-8.209008803213291294e-03
-1.000000000000000000e+00
3.492720034499532389e-01
1.000000000000000000e+00
1.000000000000000000e+00
-1.000000000000000000e+00
-4.534663867950594618e-01
-1.000000000000000000e+00
1.000000000000000000e+00
1.000000000000000000e+00
-1.000000000000000000e+00
-9.463616565345546183e-01
1.000000000000000000e+00
1.000000000000000000e+00
9.111287027185797083e-01
1.000000000000000000e+00
7.521259991893700647e-01
-6.557387922642045064e-01
1.000000000000000000e+00
3.560061797369635794e-01
7.474172402188523634e-01
1.000000000000000000e+00
1.000000000000000000e+00
1.000000000000000000e+00
1.000000000000000000e+00
-5.021173089617073648e-01
1.000000000000000000e+00
1.000000000000000000e+00
1.000000000000000000e+00
-1.000000000000000000e+00
1.000000000000000000e+00
1.750764311786822125e-01
1.000000000000000000e+00
1.000000000000000000e+00
1.000000000000000000e+00
-1.000000000000000000e+00
3.870891206039607235e-01
1.000000000000000000e+00
1.000000000000000000e+00
1.000000000000000000e+00
1.000000000000000000e+00
-1.000000000000000000e+00
-3.442289399821182871e-01
-8.925387101494421938e-01
1.000000000000000000e+00
1.000000000000000000e+00
-1.000000000000000000e+00
6.911808544894992856e-01
8.488187655826894273e-01
-4.191184876706671725e-02
6.457441050769096025e-01
-1.000000000000000000e+00
-1.000000000000000000e+00
-1.000000000000000000e+00
-1.000000000000000000e+00
8.019457642837075628e-01
1.000000000000000000e+00
-1.000000000000000000e+00
-1.000000000000000000e+00
-1.000000000000000000e+00
1.000000000000000000e+00
1.000000000000000000e+00
-2.238991609688557594e-01
-1.000000000000000000e+00
1.000000000000000000e+00
-4.561549550101788864e-01
-1.000000000000000000e+00
1.000000000000000000e+00
1.000000000000000000e+00
1.000000000000000000e+00
6.624880105022066257e-01
-1.000000000000000000e+00
-1.000000000000000000e+00
1.000000000000000000e+00
-1.000000000000000000e+00
-5.313860440116933148e-01
-4.453604195816436295e-01
-6.031766903965265492e-01
-3.345148404881792548e-01
1.000000000000000000e+00
1.000000000000000000e+00
-1.000000000000000000e+00
-1.000000000000000000e+00
-1.000000000000000000e+00
3.739873296461965202e-02
1.000000000000000000e+00
-1.000000000000000000e+00
-1.000000000000000000e+00
-1.000000000000000000e+00
-1.000000000000000000e+00
-1.000000000000000000e+00
1.000000000000000000e+00
1.000000000000000000e+00
3.239331980806032796e-01
1.000000000000000000e+00
1.000000000000000000e+00
1.000000000000000000e+00
1.000000000000000000e+00
1.000000000000000000e+00
1.000000000000000000e+00
1.000000000000000000e+00
-1.000000000000000000e+00
-1.000000000000000000e+00
6.988596748847657469e-01
1.000000000000000000e+00
-1.000000000000000000e+00
-9.033748078926537861e-01
2.499625110235175196e-01
1.000000000000000000e+00
-1.000000000000000000e+00
5.435543371051575201e-02
-1.000000000000000000e+00
-4.963565447212522352e-01
-1.000000000000000000e+00
1.000000000000000000e+00
1.000000000000000000e+00
1.000000000000000000e+00
1.000000000000000000e+00
8.627951108046579831e-01
1.000000000000000000e+00
1.000000000000000000e+00
