1.000000000000000000e+00
-2.194451692234494766e-01
-6.511833415577282791e-01
8.552471088729256543e-01
-5.662195928186267713e-01
-1.000000000000000000e+00
-1.000000000000000000e+00
-6.851327532010837995e-01
1.000000000000000000e+00
1.000000000000000000e+00
1.000000000000000000e+00
2.611973502244735457e-02
-8.753982512438951424e-01
-1.613992512621885700e-01
-4.585990205088683602e-01
-1.000000000000000000e+00
-3.425319763633176695e-01
4.179805381659262853e-01
1.217364210493105392e-01
1.000000000000000000e+00
-9.693075404070943257e-01
1.876605647342444172e-01
-1.000000000000000000e+00
-7.440819893934016438e-01
-9.453846789776667592e-01
3.408281839710722849e-01
7.688309555173047372e-01
1.000000000000000000e+00
6.643749118525916764e-01
8.015467829084039764e-01
-7.226544493880807662e-01
1.000000000000000000e+00
-1.000000000000000000e+00
-4.071052814642719397e-01
8.826107521912391896e-01
1.000000000000000000e+00
-1.842637545504017815e-01
4.136530074315885042e-01
-2.254234677925912589e-01
-8.549375643100909361e-01
-4.982182954775857819e-01
-8.862941502788064529e-02
-3.637765234644314560e-01
-4.828076678916034536e-01
5.641244643945906301e-01
1.000000000000000000e+00
1.000000000000000000e+00
-4.291047126091693809e-01
-1.000000000000000000e+00
-9.877425289735780600e-02
-1.000000000000000000e+00
9.314928207534145521e-01
5.492601823828072716e-01
-3.941609964371264319e-01
1.000000000000000000e+00
5.664818464659828745e-01
2.906125347275373971e-01
6.633544471376118246e-01
-8.808968674173358604e-01
-1.000000000000000000e+00
3.534044357908754375e-01
1.000000000000000000e+00
3.045187171154977168e-01
-1.000000000000000000e+00
-5.495689087903299352e-02
7.991966623026619532e-02
6.420256700009147055e-01
1.000000000000000000e+00
7.008683530871003819e-01
-1.000000000000000000e+00
-2.991546703895106019e-01
-2.806021589650342651e-01
-3.670779756151285600e-01
-1.000000000000000000e+00
5.111415897766333760e-01
-3.791432122666560378e-01
3.295120740336505705e-01
-1.151323237871926253e-03
1.000000000000000000e+00
-8.286461493797647737e-01
1.000000000000000000e+00
1.000000000000000000e+00
4.203629995564317490e-01
-1.000000000000000000e+00
1.000000000000000000e+00
9.656113524210760968e-01
-2.578722852922168407e-01
-6.130143374522445399e-03
3.879534151788128771e-01
1.982149146640888038e-01
-4.760701013628176881e-02
-2.187726297631192862e-02
-1.000000000000000000e+00
5.110482144346173428e-01
2.844127633225603802e-01
5.777818326902919299e-01
-7.039087510110635382e-01
-1.000000000000000000e+00
1.792910437505036703e-01
-1.000000000000000000e+00
9.924371769585513814e-01
-1.000000000000000000e+00
5.249609547933473674e-01
1.000000000000000000e+00
-7.830445784596651304e-01
1.000000000000000000e+00
1.000000000000000000e+00
-6.812954991122459614e-01
-1.000000000000000000e+00
-5.637184775191497188e-01
8.668941075534801755e-01
3.283251661018931067e-01
1.000000000000000000e+00
1.000000000000000000e+00
-1.000000000000000000e+00
1.000000000000000000e+00
6.323545725763759506e-01
2.640977528775028116e-01
-7.127331188363235093e-01
1.936478913554366965e-01
1.000000000000000000e+00
-2.621837278847858332e-01
-9.239903509408048388e-02
8.342274273622336533e-01
2.604951871971983302e-01
-9.704395353799443180e-01
-4.510227173927194855e-02
-7.798914943358792318e-01
-9.012807136850342626e-01
4.017132419964393186e-01
-5.263729107152090858e-01
-1.000000000000000000e+00
6.142244142655690631e-01
8.612690497937940393e-01
1.000000000000000000e+00
1.000000000000000000e+00
-8.184529197128143085e-01
1.000000000000000000e+00
3.352246511446997368e-01
1.000000000000000000e+00
1.135501747942577744e-01
1.000000000000000000e+00
-5.499385682945721054e-01
-9.800813527704290706e-01
-1.485590558178300213e-01
-6.655772408376772198e-01
1.000000000000000000e+00
1.000000000000000000e+00
5.338595162733068555e-01
-1.000000000000000000e+00
9.467721907837198803e-01
-9.398376389337768089e-01
3.894255004914803919e-04
5.987919425296134301e-01
6.925369919544088759e-02
3.326333993969554648e-01
4.385039836115753320e-01
5.393151410115321065e-01
2.879207963595380448e-01
-7.945079780297210625e-01
-3.009206295626312144e-01
-5.855997544676447841e-01
-1.000000000000000000e+00
2.450073054671599859e-01
-4.421815245487619173e-01
9.109934103180976628e-01
-4.975110963857505286e-01
-7.376701133459004911e-01
-1.000000000000000000e+00
5.518336690856648907e-01
-6.900803759458267184e-01
2.439414487925550823e-01
1.560232414896632891e-01
-4.626159926415465140e-01
-7.700413947205217990e-01
6.426739869026454333e-01
-6.877413733608871427e-01
1.940348752042808655e-02
6.687457833758989612e-01
1.847297894305905963e-01
1.635633616903422460e-01
-1.000000000000000000e+00
1.334209096469909372e-01
-2.826718563332560330e-01
-4.347078426119699301e-03
7.175811621965795251e-01
5.848619801527291662e-01
5.710884947592720362e-01
-9.883711837777997555e-01
-1.000000000000000000e+00
-4.705513981615561114e-01
-1.000000000000000000e+00
5.557264492031461778e-01
-6.705048451881974181e-01
-6.697814156151185028e-01
-7.346929886740464211e-01
1.000000000000000000e+00
1.460795251561769481e-01
-1.000000000000000000e+00
-1.000000000000000000e+00
1.000000000000000000e+00
1.487390208148587911e-01
-1.977290583423465808e-01
-9.822102455544103883e-01
4.480837852644379282e-01
1.652612338452930096e-03
-9.032781728254446474e-02
-7.064986193867461850e-02
2.365974174206295633e-01
9.475455831153305475e-01
-2.486276773659030770e-01
-8.785110567919780511e-01
1.347352414437139601e-01
-4.870213592128432856e-01
1.414962998262627725e-01
-1.927580254366094703e-01
-1.621525049427572363e-01
-1.775523756832364519e-01
-5.315846806722268614e-01
-1.021636175023796778e-01
-8.516079018495480435e-01
-4.448079970382994297e-01
9.059430538518431497e-01
-1.987450378226390812e-02
-1.000000000000000000e+00
-3.576719522240758842e-01
-8.260529054325957965e-01
-7.256861270381063100e-01
9.147168915405217149e-01
1.000000000000000000e+00
-9.891986820894824728e-01
2.160366369101589523e-01
-7.001887350761104578e-01
1.000000000000000000e+00
7.237225037135077699e-01
-8.453013543775915739e-01
-9.093418932087825590e-01
4.951648524068570922e-01
6.142372190132430188e-01
-7.062432578188693189e-01
-1.000000000000000000e+00
-4.233166512290187367e-01
1.000000000000000000e+00
9.256053761387019740e-01
2.248564246603428352e-01
-1.000000000000000000e+00
9.093303420725056263e-01
-1.000000000000000000e+00
1.000000000000000000e+00
7.293702498228291642e-01
-1.000000000000000000e+00
-1.150642678366131655e-01
-8.522165689025240631e-02
9.673495879782780804e-01
-4.541880964541681331e-01
-3.227408163693334942e-02
-3.675307801642524463e-01
4.820716070493243910e-01
1.868441754536824817e-01
-9.346836803632285751e-02
5.725228611766424169e-01
5.850076784997693125e-02
6.855492209315461327e-01
7.722882213418702513e-02
1.000000000000000000e+00
