1.000000000000000000e+00
-7.173052485740740725e-01
8.008871709864007205e-01
-2.861457314129669527e-01
2.122848696489898490e-01
5.984235334876233381e-01
-3.531596533618165390e-01
-1.803077028286548256e-01
7.455246015252721126e-01
-3.008960389972965555e-01
-1.000000000000000000e+00
3.129119542393707931e-01
-1.000000000000000000e+00
9.013987028948093894e-01
-1.000000000000000000e+00
9.381188756938141360e-01
-1.249986454445601025e-01
-6.032929889952169944e-01
-6.028230560669318727e-01
7.867892882844800262e-01
2.635746115274109069e-01
8.577966218937520537e-01
-2.203288536653486007e-01
6.561518127154928326e-01
-9.131884368541214325e-01
-4.553085846333078113e-01
-7.996574737337774907e-01
3.726467774069326389e-01
1.427380728889462436e-01
-8.453095776148475959e-01
7.591343729622674896e-01
6.773424310289994921e-01
-1.000000000000000000e+00
-6.978622007148662654e-01
9.582886295662280673e-01
1.071594003310032406e-01
1.000000000000000000e+00
-1.000000000000000000e+00
9.880801739323139543e-01
-1.409415202745345486e-01
1.000000000000000000e+00
7.679878996039926076e-01
9.290302900870350822e-01
-6.315458220396559241e-01
1.000000000000000000e+00
7.690264747924600020e-01
7.690161559857400242e-02
9.177875901454823904e-01
-6.876136677881552473e-01
-1.000000000000000000e+00
-1.975648378290672247e-01
3.601430091224656627e-01
1.000000000000000000e+00
2.010086627724175790e-01
1.544578711839897922e-01
-4.702493842084494169e-01
8.178565721832529167e-01
5.951879562710935545e-01
-1.000000000000000000e+00
1.000000000000000000e+00
1.000000000000000000e+00
2.932577875879784912e-01
1.000000000000000000e+00
1.000000000000000000e+00
1.000000000000000000e+00
3.091958588216205950e-01
-5.208979018513262282e-01
-3.658009495060950966e-01
8.506803283318553621e-02
1.000000000000000000e+00
-8.510374388381891642e-01
9.823165272605751674e-01
9.644708930444561013e-01
1.000000000000000000e+00
3.810914389662471979e-01
1.000000000000000000e+00
2.386801379991760896e-01
-2.784638179413243542e-01
4.658087591909030878e-01
4.351369248336067752e-02
6.840050257982266402e-02
-3.948326462109008617e-01
-3.584048534193721158e-01
-2.978198516481356251e-01
2.609094759120376139e-01
1.000000000000000000e+00
-2.562345117041611164e-01
-5.920635070574460368e-01
1.000000000000000000e+00
-8.408489246029891007e-01
-3.483110543216219046e-01
-8.055008823952959363e-01
-1.000000000000000000e+00
-5.037004048830311387e-01
5.530953796967659208e-01
-1.000000000000000000e+00
3.892142115081165255e-01
6.817455855247369634e-01
-4.919697772530592927e-01
1.000000000000000000e+00
3.431971020327868604e-01
-1.000000000000000000e+00
6.970389970128743062e-01
-9.433685728841425533e-01
1.000000000000000000e+00
-4.920428524517586055e-01
8.829552169420273877e-01
-6.987332986796799261e-01
-7.261512799597380496e-01
-3.523272758988529318e-01
5.558440677812386266e-01
-8.951424289362935882e-01
2.587243905930542986e-01
1.692692917013505216e-02
-7.085338981096618305e-01
9.178546555265385543e-01
-8.219679456198480949e-02
-3.745836831364017794e-01
1.000000000000000000e+00
4.695824168465270176e-01
9.800673495023735082e-01
-7.786796861040852225e-01
-1.000000000000000000e+00
-9.758208802146339789e-01
5.522599389998246178e-01
1.058618585318976679e-01
-1.000000000000000000e+00
3.644769101900164898e-01
-1.189457196503704850e-01
-7.219926971598731313e-01
-1.000000000000000000e+00
-4.205823944978426265e-02
1.000000000000000000e+00
6.181946863037179885e-01
5.101547743773138244e-01
6.001321641773575966e-01
-1.000000000000000000e+00
-1.000000000000000000e+00
-1.493516697350640854e-01
-8.361336864799053803e-01
3.630541239750238458e-01
-3.120043063341115808e-01
1.000000000000000000e+00
-7.519538158807430595e-01
1.000000000000000000e+00
-7.789258835960409799e-01
6.501673651005999144e-01
7.260798470154645745e-01
-1.000000000000000000e+00
-4.444479478412257656e-01
-8.692387667946078755e-01
5.943941721770450437e-01
6.566233745740969185e-01
-1.000000000000000000e+00
-3.452004714063454660e-01
-3.447093432449807038e-01
8.085212066107944073e-01
-8.291920319280019491e-01
-1.000000000000000000e+00
-8.311539771306801772e-01
1.000000000000000000e+00
3.846568532063208146e-01
-1.000000000000000000e+00
1.967379121884124116e-01
2.798858562649227943e-01
4.653191752985539886e-01
-6.954759946406516846e-01
1.000000000000000000e+00
1.941426443195091167e-01
9.017844283635088054e-01
-1.470654107095596963e-01
-3.899099284442525959e-01
-9.681589331370250573e-01
-7.453405549559066756e-02
-5.731925221915505908e-01
5.964880761197125514e-01
-1.914321364499312894e-01
1.000000000000000000e+00
1.000000000000000000e+00
-5.269671470251626744e-01
1.000000000000000000e+00
-2.556161430144702762e-01
-8.734624336522291976e-01
3.982937585188208729e-01
5.458215286381538078e-01
-1.833553065022602846e-01
5.293482338835288070e-01
3.840813414318755559e-01
-9.449601792955497626e-01
1.000000000000000000e+00
3.097131491753677413e-01
-5.258234764865505895e-01
1.000000000000000000e+00
-1.000000000000000000e+00
1.000000000000000000e+00
-6.397118736893300239e-01
1.000000000000000000e+00
6.489217712042694153e-02
3.509155165113813091e-01
-3.901746951817663955e-05
1.729582396159210500e-01
-1.426702809561998242e-01
-6.364990310705391785e-01
-5.247470379818548469e-01
-3.150742764960774434e-01
6.187723158416970071e-01
1.000000000000000000e+00
-5.239976474480627644e-01
4.700185319708711784e-01
1.000000000000000000e+00
8.405675832175609763e-01
-9.377899007836714151e-01
-1.000000000000000000e+00
1.000000000000000000e+00
1.535434170170827395e-01
-8.875014516166008782e-01
8.831553123923401305e-01
1.000000000000000000e+00
-1.000000000000000000e+00
1.000000000000000000e+00
2.913099092369620946e-01
-8.640850013940801766e-01
-1.000000000000000000e+00
3.974098363460351058e-01
-1.000000000000000000e+00
-4.951590288986646993e-01
-2.487873258716462033e-01
-3.975128263757249369e-01
1.259794252679495852e-01
1.000000000000000000e+00
2.314806676802433349e-02
-5.158802310341987774e-01
-1.000000000000000000e+00
7.987260107726499303e-01
-5.533791232119272818e-01
-1.306179027986773544e-01
7.389189416608212824e-01
1.000000000000000000e+00
6.323413912728153008e-01
-1.000000000000000000e+00
-9.890050457512729043e-01
-9.714422252872696451e-01
1.000000000000000000e+00
9.258850906522892998e-01
3.542730825337314648e-02
-1.000000000000000000e+00
4.001712517499791399e-01
8.496432871180926716e-01
2.653633620732434029e-01
-5.565344990605066711e-01
-8.438575595735531287e-01
-7.977863212765048395e-01
-5.619792912666589091e-01
1.000000000000000000e+00
1.000000000000000000e+00
-2.481978058785365426e-01
3.547754074298175020e-01
3.732040900929614047e-01
3.267902056744263484e-01
6.619730780910587642e-02
-6.602237885588211341e-01
-1.000000000000000000e+00
1.000000000000000000e+00
-2.176655354647392127e-01
-1.000000000000000000e+00
