1.677166574251742759e-02
4.026606306592277473e-01
-5.684443401564878151e-01
4.226006100844090785e-01
9.896583535139311660e-01
9.816549818937694294e-01
-1.914685560370339434e-01
-9.756146406086818601e-01
3.541640605902718342e-01
9.232322150235676705e-01
-4.462719861716601955e-01
-3.123623341314547552e-01
-3.646834000705154732e-01
-5.068338479644904915e-01
1.304834346197238926e-01
-1.037901296415921770e-01
-6.910489911899042603e-02
3.790541385389347706e-01
-2.316311376063315830e-01
2.309674989599663775e-01
4.294888196384603063e-01
7.654793933603716294e-01
4.138509521202042851e-01
-7.695481911249590912e-01
2.650923140167811276e-01
2.777094174266130366e-01
-7.505977681045068461e-01
-4.835014736514009481e-01
9.039871935079193399e-01
7.309346990987266590e-01
-1.410722455500432737e-01
3.765664507579558062e-02
3.744437829334625878e-01
-5.666632011293037952e-01
-5.051145366828857508e-01
5.904607646555048994e-02
8.310562912524570578e-01
-2.896098195166867395e-01
-1.987616735630834963e-01
8.826886546777439335e-01
-1.276902386834022352e-01
-6.528865130920042947e-01
1.238518938767207977e-01
5.791375323395819841e-01
3.545345502233279156e-01
5.462556001663796401e-01
-4.125479722848728326e-01
-4.404222022178732043e-01
2.844489203491153972e-01
-1.843537268530126561e-01
2.097408383743439853e-01
-7.245970838587010299e-01
-3.650097344774627661e-01
-3.791873514241861365e-01
-5.652708468682223764e-01
-9.144533656851048242e-01
1.796316437352851736e-02
3.295379085265053298e-01
3.686883637902416133e-02
1.144464252112471492e-01
-1.345974087551913279e-01
8.820956003384572419e-02
-5.833362391633243327e-01
-3.468951428167874607e-01
-6.093670222048566121e-01
4.244996856112648320e-01
-4.770116833351492058e-01
9.279018631369875258e-01
-6.816929483574218906e-02
-4.133036742950784159e-01
-4.814146085538024700e-01
-1.385733930057824193e-01
-7.420303929565070788e-01
5.214528403121969635e-01
9.550005474864056154e-01
-8.681938284839365583e-01
1.979048378991905555e-01
-1.441434381610406934e-01
8.911144792109759738e-01
-3.024334540352049405e-01
6.967421730135159308e-02
-7.992815168105298351e-01
-8.468091117103582199e-02
7.971983953217418595e-01
8.188236662918184638e-01
2.161287565266998278e-01
-4.701454152666701969e-01
-5.907057629353051897e-01
6.880745308486224676e-01
-7.776636600086710427e-01
-5.881009484786297037e-01
-2.039567778642721319e-01
-9.262535600408474679e-01
-2.147167404221044240e-01
7.234905764963401875e-01
6.218911383255054659e-02
-3.358110041544479785e-01
-9.424735880659822485e-01
-4.879988996469348805e-01
5.461635691717121599e-01
-3.406328316342928098e-01
-5.259569365528489193e-01
2.145866820416642007e-01
-9.195322580428966219e-01
5.165959261640540312e-02
-1.385392679799928306e-01
-7.720745464964484661e-01
5.574181134841789120e-01
-2.726453591530428877e-01
-7.864887136790279509e-01
6.486496470401530434e-01
6.763273861754064420e-01
4.069914911744627606e-01
-1.214293933823547000e-01
-4.516292310704206336e-02
8.815542393684423494e-01
-3.306455618391657136e-01
-4.228805910781303634e-01
5.592024163406645876e-01
-9.082568097519769790e-01
-9.285859501707220964e-01
2.347058370211110301e-01
8.846406652907676804e-01
4.635440575473492864e-02
-4.734927991617723375e-01
2.890864340419518896e-02
5.883309495142410306e-01
4.648894020646407998e-01
-9.067667956890983483e-01
6.553795981373822244e-02
-3.617931848035826903e-03
-9.338779420727583158e-03
4.456633812077537282e-01
6.346748683318881312e-01
-6.558272907440145794e-01
-2.013425959606718330e-01
-9.754918075020488910e-01
5.158525185872040453e-01
1.655885799867502506e-01
-9.728720330679658801e-01
4.013318147759648014e-01
-8.702469494838660502e-02
1.150878956251550900e-01
-5.287097223271359780e-01
8.586709987644736142e-01
2.361623411771038850e-01
-5.819757665644460509e-01
-8.436810013763316185e-01
-9.396189007547195438e-01
-9.107493908647594782e-01
-8.072271676344353608e-01
-5.992195805600295522e-01
-4.461408270828037814e-02
4.437141137335922636e-01
7.847546126782649623e-01
5.068164948853870477e-02
1.113122072659460393e-01
8.648150288669613772e-01
-6.335647161404525107e-01
9.234018479036121274e-01
8.312993680009272968e-01
-5.787525338891064131e-01
4.623285700799959486e-01
3.406987993332204478e-01
-9.053081478788209679e-01
9.174177714166307229e-01
-2.584855316260186164e-01
1.669687847168368489e-01
-1.293990544512000351e-01
-1.501851493527324166e-01
-4.401280605880701913e-01
4.234796402046892005e-02
3.579909792898439136e-02
-7.552503250219395614e-01
4.184743091847049623e-01
1.661234165290541576e-01
8.133863033995978320e-01
3.896439870507673042e-01
3.691125712041896101e-01
-3.373793981509816131e-01
1.046696650500140713e-01
-9.806501659891153633e-01
8.300972570030942244e-01
-9.251536691333559492e-01
1.750832661922945288e-01
7.455556462513746041e-02
-5.247462021516191566e-01
4.621132363815387833e-01
1.251322147033528953e-01
2.522370823325699174e-01
-7.317452641018327153e-01
-3.136542623417029052e-01
9.908500493644805118e-01
-2.543324861652660474e-01
5.487889361282829448e-01
-9.230236453063256352e-01
1.482241542037994186e-01
9.215708305486800533e-01
2.695934424106929406e-01
4.858191640394793342e-01
-5.741311624616478593e-01
-1.349078289158809341e-01
-9.465298950289044999e-01
1.109459879570144913e-01
7.677054605245776653e-01
-7.103743249016802874e-01
2.556060497870753512e-01
-6.383235475463207020e-01
9.355327058694609121e-01
-3.173964707920529094e-02
1.760393307971155341e-01
8.991644442408448512e-01
3.232393830084530073e-01
2.834250559791806623e-02
3.151259960308450125e-02
-9.734663489834998185e-01
4.326503404455821489e-01
-4.952099283400619445e-01
2.294103723984981524e-01
2.982169262631766404e-01
-9.688040974464260380e-01
9.432996264732531611e-01
-9.184119007890267916e-01
1.438512929768376303e-01
-5.356683913191500057e-01
-8.628061348960891497e-01
6.021845472840339220e-01
7.840003747828807601e-01
2.526802468376481148e-01
7.944519936224649914e-01
-5.835980558005877672e-01
-8.749982100320883305e-01
-1.825896941656646177e-02
7.093387257459380368e-01
-9.664641782741925091e-01
-5.126104268347193571e-01
5.634863020389089261e-01
7.187911374693767286e-03
-5.937945760328176004e-01
2.386889097913309499e-01
-8.849901867487262042e-01
-3.886947209096114353e-01
5.671481602199686112e-01
6.765174107495697253e-01
-1.052446277165250965e-01
-7.285270302084416727e-01
-2.858117602884489017e-01
1.832703777220379138e-02
-2.067948121605940326e-01
9.426021719844837055e-01
8.660752649881684473e-01
2.083770556003918806e-01
1.433172838570342389e-01
8.667917615829745515e-01
-4.454490581272001481e-01
-5.862797831686663574e-01
3.230036303821959276e-01
4.954844264206683668e-01
-3.503649274511544398e-01
4.475733970689612651e-01
-1.533346844476222159e-01
2.107612998859695885e-01
-8.533379014748985192e-01
-4.211321826493350517e-01
2.084779498980497969e-01
