-3.405925051077181021e-01
5.500676259961612136e-01
-9.600770881532059153e-01
-2.205775007876746852e-01
1.110616516191231806e-01
4.218680847324249861e-01
-9.876251331219063623e-01
-9.869107912478030098e-01
-1.509055326024639765e-01
-1.258712611837231599e-01
9.826054215891710797e-01
5.077150411373048122e-01
3.296131582215293676e-01
-2.029681149201012502e-01
6.065487304248473599e-02
2.753849799462959602e-02
4.460178195339723484e-01
9.418726933998586848e-01
-2.027244417545137622e-01
9.805038537985821812e-01
4.630106382643777163e-01
7.077143911583760882e-01
9.519836391763363270e-01
-4.773183853514615382e-01
2.858678177979310231e-01
-5.595569305000069882e-02
8.056605045291251876e-01
-5.372904611389845986e-01
-2.305455105400098237e-01
7.111368382036797886e-01
-1.658572208012238924e-01
6.964858419725805661e-01
-9.459526519991690030e-02
-9.557131045717812690e-01
-7.988200808185967894e-01
-6.986493178602986021e-01
8.383811798749507549e-01
3.539695142818397589e-01
-1.589067125136645053e-01
7.181558820371747309e-01
6.089203199669404043e-01
7.651718003662508760e-01
-3.447160608977588581e-01
-9.954845006357384563e-01
-8.546888951881923546e-01
9.963509710037254941e-01
-8.143368474198786622e-02
4.048986866994743750e-01
4.081948367467611583e-01
8.282007718997448364e-01
8.212295420863717776e-01
-7.680851943644064761e-01
9.858121277086766554e-01
-7.556573352431747992e-01
2.607580055034790512e-01
-7.673071117676053543e-01
-8.818021743591692996e-01
-5.145454111011134035e-01
-4.988618734753034190e-01
-9.962423800341178026e-01
1.239606421668044689e-01
-7.835401862943947027e-01
-3.718327159497341050e-01
6.656812373703000496e-01
5.379101376603783180e-01
-7.120387884004957257e-01
-9.469972303849520934e-01
-5.626157623445207090e-01
5.036429731300058332e-01
3.475795776967638417e-01
-5.880683334907366167e-02
-6.430105570231650081e-01
6.121870472756425485e-01
-4.438360611235956377e-01
8.728827361465145707e-01
-1.697230727226402003e-01
-4.659825412053304472e-01
3.980868974781079928e-01
-2.028052018431927284e-01
-2.110705116385851454e-01
1.829448771479109670e-01
6.433991292887570879e-01
6.963546468498975628e-01
7.907596532852638749e-01
-1.431842906218327993e-01
2.600216696451258525e-01
-7.079428887825518490e-01
5.637563552504443187e-01
9.167138011419464494e-01
-8.189937427452365082e-01
-7.516806928684409694e-01
-2.869447461930030308e-02
-7.873920331170818354e-01
-8.255356890835823247e-01
3.018649816856626700e-01
-2.024561391579495773e-01
9.212314656825018044e-01
2.157120922427562260e-01
5.946568549831672268e-01
-1.273630145132089719e-01
7.356430929474266911e-02
7.050928148583444077e-01
4.963074604132311496e-01
7.439178731797921884e-01
-6.865164053642205388e-01
-9.875417900083021117e-01
-3.190527122074302557e-01
-1.191302627737325093e-01
-4.866132300602248328e-01
9.417338525144309802e-01
9.424974581137071095e-01
4.028133641994080527e-01
5.419433043641506131e-01
-6.582829561593919188e-01
-3.150935820194233905e-02
9.809248735947631026e-01
-9.469651923582860231e-01
1.878028322651668081e-01
-3.027483406463571391e-02
-9.234644486695826604e-01
-6.727872856967507254e-01
9.562165175128183314e-01
-3.068506652045164262e-01
-2.119183320093989131e-01
-6.264599818113623098e-01
9.646662969661554676e-01
-2.685592438771222668e-02
9.207935071759825174e-01
1.975395134984374579e-01
8.156736430971074370e-01
5.043925283249162117e-01
3.732212980992730689e-01
8.536220709017983133e-02
1.794998337567690339e-01
-5.608781042111283810e-01
8.619237342705343696e-01
7.551968120928416184e-01
9.062611171466290472e-01
4.782971503469548580e-01
3.470260811211631768e-01
2.768428889392253733e-01
-3.736749852174672260e-01
-7.568743930819943344e-02
-9.447332882997603321e-01
9.209318210716368469e-01
3.114588564353337752e-02
1.482321198327734013e-01
2.282629583564910192e-02
-4.865127960675048602e-01
-7.460093873687436705e-01
8.119789135477015751e-01
2.417928507968418739e-01
-4.010408874772577459e-01
7.834502762118964458e-01
7.228503422189418437e-01
1.808700766637860724e-01
2.613632404258858788e-01
-2.434305861982632990e-02
-9.593629071269038633e-01
-7.101636538998890025e-02
-5.686950616635910727e-01
5.155852633802602281e-01
7.735211184964385644e-02
2.462315466655728979e-01
8.571013266567717448e-01
-5.881421506415345224e-01
-3.978029544872203616e-01
2.539718295595851938e-01
3.681229418689582200e-01
2.496500810789801239e-01
6.174852183152828022e-01
-6.196115427939219433e-01
6.373409352981611597e-01
6.902202414571017020e-01
-9.397018468630924382e-02
9.466179291824547981e-01
-1.726686009737243843e-01
7.391121106877245328e-01
4.685382880616144607e-01
1.088540946557072786e-01
-2.385996453591776589e-01
8.231763831861209635e-01
-9.694186023499211657e-01
9.359283356688543609e-01
1.547097771422136780e-01
-7.137736694022864814e-01
4.001940349272949948e-01
-6.501859855981271252e-01
7.720292656798559694e-01
-3.440230912727644252e-01
-1.749362163786285507e-01
-5.533114536818672935e-01
-3.811464563150641638e-01
-9.511968615383736836e-01
6.326766228412461501e-02
-3.022582490640819408e-01
4.226128114152425397e-01
-5.663352082323618308e-01
-2.764265925027307169e-01
1.608672809184494845e-01
-2.107749444158659724e-01
-7.988584685954802644e-02
-1.747533819351112516e-01
-6.090475579535352679e-01
-5.864471427702144801e-02
-4.752470276084623801e-01
-1.651731464395223004e-01
2.117287945635739632e-01
6.247840651735372397e-01
-3.448619836142501338e-01
-1.245860014538857641e-03
-6.004729609659338330e-01
9.066244841652082442e-03
2.025613384903126590e-01
-4.186680800764341903e-02
6.288711791623295966e-01
-7.171335051445975051e-01
8.047240905817727441e-01
5.573803348225361276e-01
-4.519806149598333267e-01
-5.501115911728422514e-01
1.082417422129362539e-01
3.691894277617655540e-01
4.180467211377885128e-01
-3.694968088069239265e-02
-2.986764645343262803e-01
1.776466085755168400e-02
3.187089212209088807e-01
9.032020818985071475e-01
9.143317167182565264e-01
9.763919821148636657e-01
-6.668867573776624535e-01
8.867345350718849328e-01
3.309782377978625068e-01
2.556655399371801085e-01
-9.465193508859801597e-01
-3.450453239934903049e-01
8.920335746639935781e-01
2.840479576397936246e-01
-5.071512236304682730e-01
-3.910091436598146508e-01
-1.459404929528131944e-01
-5.420960468140041399e-01
-4.240014736979755838e-01
-9.053874274636086739e-02
-2.438227053326231797e-01
6.927998036971791951e-01
-2.717349612659671898e-01
4.694795806504457047e-01
8.963197624646033201e-01
-8.910039802463636249e-01
-1.906312562811498523e-01
7.024705107939732684e-01
2.833779267003611047e-02
9.706543775145097808e-01
4.504834431961191044e-02
-9.107272273889812642e-01
8.984115911510064389e-01
4.359550328874450820e-02
5.265740382062307212e-01
-6.764601724415966189e-01
-4.455871750350099969e-01
5.360074249424044979e-01
5.420887477923317377e-01
-9.598607101938771979e-01
