-1.000000000000000000e+00
6.438153691529335809e-01
1.000000000000000000e+00
-1.000000000000000000e+00
1.000000000000000000e+00
1.000000000000000000e+00
-1.000000000000000000e+00
1.000000000000000000e+00
1.000000000000000000e+00
-1.000000000000000000e+00
1.000000000000000000e+00
-1.000000000000000000e+00
1.000000000000000000e+00
1.000000000000000000e+00
1.000000000000000000e+00
6.891947684512700345e-01
1.000000000000000000e+00
1.000000000000000000e+00
6.449983088888930904e-01
-1.000000000000000000e+00
-1.000000000000000000e+00
-1.281034510541932403e-01
-8.675014035526342759e-01
-1.000000000000000000e+00
-1.000000000000000000e+00
-5.723635396311148593e-01
1.708254940581546144e-01
-1.000000000000000000e+00
1.000000000000000000e+00
-1.000000000000000000e+00
-1.979758323187352786e-02
-1.000000000000000000e+00
-1.000000000000000000e+00
1.000000000000000000e+00
-1.000000000000000000e+00
-5.272696391279807493e-01
-1.000000000000000000e+00
-2.454001300636871608e-01
-1.000000000000000000e+00
1.000000000000000000e+00
1.000000000000000000e+00
1.000000000000000000e+00
-1.000000000000000000e+00
1.000000000000000000e+00
-9.063765464736124322e-01
1.000000000000000000e+00
-1.000000000000000000e+00
-1.000000000000000000e+00
-7.015156642925468589e-02
3.163316564425673327e-01
7.805894076144809235e-02
-1.000000000000000000e+00
-8.496773373856617573e-01
-1.000000000000000000e+00
-1.000000000000000000e+00
-1.000000000000000000e+00
1.000000000000000000e+00
-6.711886924847507707e-01
-1.000000000000000000e+00
1.727527381272885298e-01
1.000000000000000000e+00
5.319616935053305129e-01
-1.000000000000000000e+00
-1.000000000000000000e+00
-1.000000000000000000e+00
-1.000000000000000000e+00
1.000000000000000000e+00
-4.540062736545289468e-01
-1.000000000000000000e+00
-1.000000000000000000e+00
-2.255585243850046773e-01
-1.000000000000000000e+00
-1.000000000000000000e+00
1.000000000000000000e+00
-1.000000000000000000e+00
1.000000000000000000e+00
1.000000000000000000e+00
1.000000000000000000e+00
-1.000000000000000000e+00
5.886530649704638796e-01
1.000000000000000000e+00
-1.000000000000000000e+00
5.642510975503187698e-01
1.000000000000000000e+00
1.000000000000000000e+00
1.000000000000000000e+00
-1.286369652259968799e-01
-6.513492379558007972e-01
-1.000000000000000000e+00
-5.423220413375251514e-01
7.174340716758987879e-01
1.000000000000000000e+00
1.222911867345066739e-02
1.000000000000000000e+00
5.641475280426743177e-01
1.000000000000000000e+00
-1.000000000000000000e+00
-1.000000000000000000e+00
-1.000000000000000000e+00
-1.000000000000000000e+00
1.000000000000000000e+00
1.000000000000000000e+00
-1.000000000000000000e+00
-1.000000000000000000e+00
-1.000000000000000000e+00
-1.000000000000000000e+00
1.000000000000000000e+00
-1.000000000000000000e+00
-1.000000000000000000e+00
1.000000000000000000e+00
-3.832508634830965599e-01
-9.326237413050952885e-01
-1.000000000000000000e+00
-1.000000000000000000e+00
1.000000000000000000e+00
-1.000000000000000000e+00
-1.000000000000000000e+00
4.156049351735153774e-01
1.000000000000000000e+00
-1.000000000000000000e+00
3.868973383762902563e-02
1.000000000000000000e+00
-1.000000000000000000e+00
2.182874081397648824e-01
-1.000000000000000000e+00
3.123640004343350984e-01
1.000000000000000000e+00
1.000000000000000000e+00
-2.410138798051371101e-01
1.000000000000000000e+00
8.370525627151523818e-01
1.000000000000000000e+00
-1.000000000000000000e+00
-5.038783718443335946e-01
3.923871528615097137e-01
4.488988944999255937e-02
1.003697203500705654e-01
1.000000000000000000e+00
1.000000000000000000e+00
5.162221277281919818e-01
7.527548024677048755e-01
-2.561950095119268633e-01
1.000000000000000000e+00
4.451793173787846891e-01
1.000000000000000000e+00
-1.000000000000000000e+00
-1.000000000000000000e+00
-5.515478402883704501e-01
-1.000000000000000000e+00
2.366894654982051316e-01
3.756096923138005916e-01
1.358595972879933500e-01
-1.000000000000000000e+00
7.083670425424897221e-01
-2.281766447071025272e-01
-2.158533279551467232e-01
-1.000000000000000000e+00
7.898501780283344598e-01
-1.000000000000000000e+00
-9.066570243829005782e-02
-1.000000000000000000e+00
-1.000000000000000000e+00
-1.000000000000000000e+00
-3.968214689410166640e-01
1.330179504385479994e-01
1.000000000000000000e+00
-1.000000000000000000e+00
4.288905683555671033e-01
-1.000000000000000000e+00
-5.047023170006283976e-01
1.791191218981221800e-01
1.000000000000000000e+00
-8.666842511651940972e-01
3.531956796985524782e-02
1.000000000000000000e+00
1.000000000000000000e+00
-4.163889339755545704e-02
1.000000000000000000e+00
-1.000000000000000000e+00
1.000000000000000000e+00
4.209747306890648799e-02
-1.000000000000000000e+00
1.000000000000000000e+00
-6.234577762800972422e-01
-1.000000000000000000e+00
-5.953681806248771746e-01
1.000000000000000000e+00
-6.390270926378613936e-01
-1.000000000000000000e+00
-1.000000000000000000e+00
-1.000000000000000000e+00
-6.684016363233287183e-01
-9.516323821802621374e-01
1.000000000000000000e+00
-4.303255471179838754e-01
-1.000000000000000000e+00
5.057748413423333034e-01
1.000000000000000000e+00
1.000000000000000000e+00
-1.000000000000000000e+00
1.000000000000000000e+00
1.000000000000000000e+00
-1.000000000000000000e+00
-1.000000000000000000e+00
1.000000000000000000e+00
-1.000000000000000000e+00
-1.000000000000000000e+00
1.000000000000000000e+00
-9.862453053619020249e-01
7.986658090055016590e-01
-1.000000000000000000e+00
-8.604680541968914298e-01
-9.560886760441565935e-01
1.000000000000000000e+00
-8.857133159356247454e-01
3.191660655316230777e-01
-1.000000000000000000e+00
1.000000000000000000e+00
1.000000000000000000e+00
-1.000000000000000000e+00
6.318172961936078247e-01
-1.000000000000000000e+00
5.673576184624653518e-01
-1.000000000000000000e+00
-7.598538877067194663e-01
-1.000000000000000000e+00
5.625878754564459516e-01
1.000000000000000000e+00
1.000000000000000000e+00
1.250293712654378941e-01
-6.045087378779057108e-01
4.074405600775685699e-01
-1.000000000000000000e+00
2.707851623074517544e-01
-1.000000000000000000e+00
-1.000000000000000000e+00
-1.000000000000000000e+00
1.000000000000000000e+00
9.791660438150155965e-01
-1.000000000000000000e+00
-1.000000000000000000e+00
9.241170569712637839e-01
-4.097067505157391265e-01
-1.000000000000000000e+00
1.000000000000000000e+00
-1.000000000000000000e+00
2.403540024762836902e-01
5.973079798371443427e-01
2.344105124699252807e-01
1.000000000000000000e+00
-4.596326505646572969e-01
1.000000000000000000e+00
-3.112206323374114292e-01
1.000000000000000000e+00
-1.000000000000000000e+00
-1.000000000000000000e+00
1.000000000000000000e+00
-1.000000000000000000e+00
1.000000000000000000e+00
1.000000000000000000e+00
-1.000000000000000000e+00
1.131446259092333539e-01
-1.000000000000000000e+00
-1.388472816965727330e-02
1.000000000000000000e+00
