-9.803790040378881354e-01
1.425371159787317543e-01
-1.000000000000000000e+00
-8.682265665656545561e-01
-1.053431787539547138e-01
-5.353279723500976583e-01
-1.000000000000000000e+00
1.000000000000000000e+00
5.498167024160912630e-01
-1.000000000000000000e+00
-1.228288293953947452e-01
-8.079058049466001368e-01
7.370420928020178231e-01
-4.762328612412082274e-01
-7.409636376524095791e-01
-7.757708698013876525e-01
1.000000000000000000e+00
-1.874371185076331159e-01
2.780283368892108031e-01
7.544727654046796683e-01
-2.429964233406911589e-03
1.000000000000000000e+00
2.320764002719272190e-01
2.517038358848993074e-01
-1.000000000000000000e+00
-4.891721209781896285e-02
-1.398581407123213327e-01
1.000000000000000000e+00
-7.386689465263249765e-01
9.901090306534754415e-01
1.000000000000000000e+00
-3.552050505640600431e-01
1.000000000000000000e+00
1.000000000000000000e+00
-9.912622588997608286e-01
-1.000000000000000000e+00
1.000000000000000000e+00
-5.365612150085005139e-01
-6.693426721642659061e-01
1.000000000000000000e+00
-1.720964087412903964e-01
1.000000000000000000e+00
-2.776200895187316275e-01
-7.990122959914087719e-01
-7.535983703333826167e-02
9.408834804786361250e-01
1.000000000000000000e+00
1.000000000000000000e+00
-1.000000000000000000e+00
-1.000000000000000000e+00
9.323929831220493236e-01
-5.693687032676753024e-01
-1.000000000000000000e+00
6.947744213302785576e-01
1.000000000000000000e+00
1.000000000000000000e+00
-1.000000000000000000e+00
-1.000000000000000000e+00
-1.000000000000000000e+00
-1.000000000000000000e+00
-2.798051429251580124e-01
-8.047423894443993531e-01
-6.703304287618320201e-01
-8.595773356513149999e-01
1.000000000000000000e+00
1.000000000000000000e+00
1.000000000000000000e+00
1.000000000000000000e+00
5.590238182875744144e-01
1.000000000000000000e+00
-4.127294067631090968e-01
-1.000000000000000000e+00
-1.000000000000000000e+00
-1.000000000000000000e+00
1.000000000000000000e+00
1.000000000000000000e+00
-1.000000000000000000e+00
-6.229863676038193132e-01
1.000000000000000000e+00
1.000000000000000000e+00
-1.000000000000000000e+00
9.668222474015132351e-01
-3.148639840257176914e-01
7.415242271004385266e-01
-1.000000000000000000e+00
1.000000000000000000e+00
1.000000000000000000e+00
-1.000000000000000000e+00
-3.169883735568054250e-01
-1.000000000000000000e+00
-1.069265527776857572e-01
-1.000000000000000000e+00
1.000000000000000000e+00
-5.107891819932797173e-02
-1.000000000000000000e+00
7.789124671424813018e-01
-2.088208106729353419e-01
1.000000000000000000e+00
1.000000000000000000e+00
-1.000000000000000000e+00
-3.138560334850236666e-01
-1.000000000000000000e+00
5.284361870219893564e-01
-9.959201013398860658e-01
1.000000000000000000e+00
1.562655406147472892e-01
3.373134319861460506e-01
1.000000000000000000e+00
1.000000000000000000e+00
1.000000000000000000e+00
3.862104415411496960e-01
1.000000000000000000e+00
9.591256968771301183e-01
5.300474214278115825e-01
7.016110978370335705e-01
-7.029884549398152105e-01
6.454695605155142957e-01
-2.399056358782192255e-02
-9.254457279976779915e-01
7.901555391868866352e-01
-2.890554622712659394e-01
8.998420338477434166e-01
-4.642008314691996596e-01
6.952628318064330015e-01
-2.344182742527389784e-01
9.858228843368596062e-01
1.000000000000000000e+00
1.000000000000000000e+00
1.000000000000000000e+00
-3.126460561970112462e-01
1.000000000000000000e+00
-1.535572914134470945e-01
6.013564238995325884e-01
2.565785571740172299e-01
1.000000000000000000e+00
7.685589868903518473e-01
1.000000000000000000e+00
-1.000000000000000000e+00
-5.347127303049292735e-02
-1.000000000000000000e+00
1.000000000000000000e+00
-1.000000000000000000e+00
6.420885151358690646e-02
-1.000000000000000000e+00
1.000000000000000000e+00
-1.000000000000000000e+00
1.042393707585631546e-02
-7.175076323211083684e-01
6.484709142676913229e-01
-1.000000000000000000e+00
1.000000000000000000e+00
-1.000000000000000000e+00
-9.513062178015021519e-01
7.410588599006335819e-01
-1.758608179051176501e-01
8.178161003656722050e-01
-8.200831070717256033e-01
1.148526177726695574e-01
-1.000000000000000000e+00
-1.000000000000000000e+00
1.000000000000000000e+00
1.000000000000000000e+00
-4.031198309556741632e-01
-9.305074886548336810e-01
-1.000000000000000000e+00
1.000000000000000000e+00
-5.368288071647278059e-01
-3.614137166289421721e-01
-1.860376943534347571e-02
1.000000000000000000e+00
6.342321367892734818e-01
5.214661196350358630e-01
-1.000000000000000000e+00
-1.000000000000000000e+00
-9.114156105368479421e-01
-2.066325882050016327e-01
7.231406340766202145e-01
-1.000000000000000000e+00
-1.000000000000000000e+00
-1.000000000000000000e+00
-9.519698501674470625e-01
5.744243473604689898e-01
-1.000000000000000000e+00
-9.543553968349670624e-01
1.000000000000000000e+00
2.450570160927953434e-01
1.000000000000000000e+00
-1.000000000000000000e+00
1.000000000000000000e+00
3.382746199399652154e-01
1.000000000000000000e+00
1.000000000000000000e+00
6.194218757900638028e-01
-1.000000000000000000e+00
1.000000000000000000e+00
-9.608847423763646756e-01
1.000000000000000000e+00
-1.272452467691645994e-01
-1.074345979092024006e-01
1.456858875028688161e-02
-1.000000000000000000e+00
3.551109111722715594e-01
5.829254151934770700e-02
1.000000000000000000e+00
1.000000000000000000e+00
7.680089854959871731e-01
-3.064763574958034864e-01
8.466460851996415737e-02
1.000000000000000000e+00
1.000000000000000000e+00
1.024119962160523478e-01
-2.580174174418075062e-01
9.732313860553447604e-01
-5.181518338175319371e-01
8.169482865183557152e-01
-9.410973983739834292e-02
-1.000000000000000000e+00
5.460375570444602200e-01
-1.000000000000000000e+00
-1.000000000000000000e+00
-1.000000000000000000e+00
3.156503529632658234e-01
-8.852402004808928027e-01
1.000000000000000000e+00
1.000000000000000000e+00
-1.000000000000000000e+00
1.000000000000000000e+00
2.208031657285066673e-01
1.000000000000000000e+00
-6.016437753225721830e-01
-5.470936649729479795e-01
-1.000000000000000000e+00
-1.000000000000000000e+00
-1.000000000000000000e+00
1.000000000000000000e+00
-1.000000000000000000e+00
1.000000000000000000e+00
2.010071955296283130e-02
1.000000000000000000e+00
1.000000000000000000e+00
-1.000000000000000000e+00
-1.000000000000000000e+00
-1.000000000000000000e+00
-2.676098868316186818e-01
3.278122354919976722e-03
-1.000000000000000000e+00
-1.000000000000000000e+00
-9.708371984598698212e-01
-2.706366343529378327e-01
-1.000000000000000000e+00
8.410352386125289348e-01
-1.000000000000000000e+00
1.000000000000000000e+00
1.000000000000000000e+00
1.000000000000000000e+00
-1.000000000000000000e+00
1.000000000000000000e+00
8.393032771347260779e-01
8.019982903521977180e-01
7.382126984557786376e-01
-8.988790126067001118e-01
-1.000000000000000000e+00
4.450017046691072675e-01
8.243967263202396367e-01
1.000000000000000000e+00
