-9.781278951106449071e-01
1.000000000000000000e+00
4.369698708229896589e-02
-8.558189500991646437e-01
6.870069878320650414e-01
1.000000000000000000e+00
1.000000000000000000e+00
-1.000000000000000000e+00
-8.632411978669924935e-01
-2.578260648209300676e-01
5.319636068261657247e-01
1.724728628805304309e-01
1.000000000000000000e+00
3.899813988171954571e-01
-1.000000000000000000e+00
1.000000000000000000e+00
6.726934917484366228e-01
6.587605552371004203e-01
-2.991910246600077983e-01
-1.293616566471511575e-02
-1.000000000000000000e+00
9.280124646116745257e-01
-1.000000000000000000e+00
-7.886054883005022553e-01
-3.740093922526556147e-01
-1.000000000000000000e+00
-5.419827610215535163e-01
1.000000000000000000e+00
1.000000000000000000e+00
-1.000000000000000000e+00
1.000000000000000000e+00
-1.000000000000000000e+00
4.973989202020429046e-01
1.000000000000000000e+00
1.000000000000000000e+00
4.394270701872921014e-01
-1.000000000000000000e+00
-5.440906006034478271e-01
1.000000000000000000e+00
-1.000000000000000000e+00
-7.914324495190498965e-01
-1.000000000000000000e+00
1.000000000000000000e+00
-1.000000000000000000e+00
-4.156154132905616194e-01
2.687566310846282169e-01
6.241205221707459838e-01
-4.392162925218880964e-01
-1.000000000000000000e+00
-1.164715258009529908e-01
1.000000000000000000e+00
-9.741586310340955013e-01
1.000000000000000000e+00
-5.004424289459636910e-01
-1.000000000000000000e+00
1.000000000000000000e+00
-1.000000000000000000e+00
1.000000000000000000e+00
8.158787581343892592e-01
-1.000000000000000000e+00
1.000000000000000000e+00
5.508433190788373235e-01
2.652380558369327179e-01
1.000000000000000000e+00
8.699432830290734220e-01
-1.629914416880438588e-01
-1.000000000000000000e+00
-1.000000000000000000e+00
-8.282737997328815105e-01
-1.000000000000000000e+00
-1.000000000000000000e+00
-1.000000000000000000e+00
-1.000000000000000000e+00
5.457674433120545121e-01
-3.509846882059693973e-01
-1.000000000000000000e+00
-1.000000000000000000e+00
1.000000000000000000e+00
-1.000000000000000000e+00
-4.442707430029498861e-01
1.000000000000000000e+00
1.000000000000000000e+00
-1.000000000000000000e+00
-1.000000000000000000e+00
-2.113027762696310097e-01
-1.000000000000000000e+00
-1.000000000000000000e+00
8.283024874340990662e-01
-1.000000000000000000e+00
-9.942483927984246961e-03
-2.731243472022360508e-01
-8.694654649710621408e-01
1.000000000000000000e+00
1.000000000000000000e+00
4.971877937102338052e-01
1.000000000000000000e+00
-1.000000000000000000e+00
7.007956529619552288e-01
3.935787945251434383e-01
-7.382644853545656805e-01
7.378341032519507570e-01
6.379721627053851485e-01
-6.663884149341194885e-01
-1.000000000000000000e+00
8.354480059775433176e-01
1.000000000000000000e+00
4.281469158339072933e-01
3.103431851157688603e-01
-4.839809362878468302e-01
-1.000000000000000000e+00
-9.526325821425496443e-01
-1.264269601297429713e-01
-7.539376257593153330e-01
1.000000000000000000e+00
8.661887093585187714e-01
-5.359613093189086186e-01
-1.000000000000000000e+00
-1.000000000000000000e+00
-2.603323031912530561e-01
-1.000000000000000000e+00
-1.000000000000000000e+00
-1.000000000000000000e+00
-1.000000000000000000e+00
3.045948318915558950e-02
4.515045980207323950e-01
-9.358436038884491159e-01
-1.000000000000000000e+00
1.000000000000000000e+00
-8.421702299644334699e-01
1.000000000000000000e+00
1.000000000000000000e+00
6.743389823867989019e-01
1.855593663933600146e-01
-1.000000000000000000e+00
1.000000000000000000e+00
1.000000000000000000e+00
-7.380120109203464063e-01
4.295782639492809474e-01
6.519831510663751661e-01
7.215301028437026698e-02
8.844005893094536441e-02
5.441541636094042733e-01
-1.000000000000000000e+00
-1.000000000000000000e+00
-6.699520118672745994e-01
-1.000000000000000000e+00
-1.000000000000000000e+00
8.021533488893022312e-01
-1.000000000000000000e+00
-8.017718400570006398e-01
-1.000000000000000000e+00
-1.000000000000000000e+00
1.000000000000000000e+00
-4.147545799763218133e-01
1.000000000000000000e+00
-2.267374491972218298e-01
-1.000000000000000000e+00
1.903306527602699472e-02
1.000000000000000000e+00
-1.000000000000000000e+00
-1.000000000000000000e+00
-1.789992986972093192e-01
1.000000000000000000e+00
-7.163342727877410887e-01
1.000000000000000000e+00
-1.000000000000000000e+00
-1.000000000000000000e+00
1.000000000000000000e+00
-6.081321045338351494e-01
2.600311005446209744e-01
-1.000000000000000000e+00
6.717905750388069031e-01
-1.000000000000000000e+00
-7.812132891904612908e-01
-8.303404752619074625e-01
-6.116780917738461332e-01
-9.054204358259876351e-02
-1.000000000000000000e+00
-5.124060591476788940e-01
1.000000000000000000e+00
1.000000000000000000e+00
-1.000000000000000000e+00
-9.620004578097844927e-01
-5.458498894942680479e-01
2.469237420807031402e-01
-1.647527516154088101e-01
-1.002128792613274921e-01
-1.238369291163100572e-01
7.852530796957259973e-01
-1.000000000000000000e+00
9.431977238254374285e-01
-1.000000000000000000e+00
1.000000000000000000e+00
-7.164613077629422566e-01
1.000000000000000000e+00
5.951092507980664248e-01
3.913238058388872620e-01
-4.993843956072891999e-01
-2.456467507834961816e-01
1.000000000000000000e+00
-1.000000000000000000e+00
-1.958845885428853184e-01
1.000000000000000000e+00
-1.000000000000000000e+00
1.000000000000000000e+00
1.000000000000000000e+00
-1.000000000000000000e+00
1.756336654503707351e-01
-1.000000000000000000e+00
-1.000000000000000000e+00
-1.000000000000000000e+00
-1.000000000000000000e+00
1.000000000000000000e+00
1.000000000000000000e+00
1.000000000000000000e+00
-1.000000000000000000e+00
9.740780710202900927e-03
-1.000000000000000000e+00
3.164062971623897713e-01
-6.867194855224429961e-01
-5.594277523807877905e-01
-1.000000000000000000e+00
1.000000000000000000e+00
-1.000000000000000000e+00
-1.000000000000000000e+00
-1.000000000000000000e+00
1.000000000000000000e+00
-1.916919348585965910e-01
2.870049331523712999e-01
2.010340866318435227e-01
-1.000000000000000000e+00
9.935438921886363683e-02
1.000000000000000000e+00
-1.000000000000000000e+00
1.000000000000000000e+00
-8.213801376236991025e-01
-1.000000000000000000e+00
-7.348310096327776986e-01
-6.718979568255714074e-01
-1.689290741744232660e-01
-1.000000000000000000e+00
6.427512662291794410e-01
-1.860593545105648783e-03
-5.494164814446411693e-02
1.000000000000000000e+00
-1.258232870495916145e-01
1.000000000000000000e+00
1.000000000000000000e+00
6.042084205199627078e-02
1.000000000000000000e+00
-1.867415746877671978e-01
7.283081700194471431e-01
9.870350618423515687e-01
1.000000000000000000e+00
-1.000000000000000000e+00
-1.929613542340660182e-01
9.546903519524903015e-01
-4.119195273357709741e-01
1.000000000000000000e+00
-3.263632641042830684e-01
-1.000000000000000000e+00
-1.000000000000000000e+00
-1.000000000000000000e+00
-3.076132277420229322e-01
4.137669577553726441e-01
