3.636626811258247827e-01
2.385952994121089965e-01
-8.412442004770130932e-01
-3.848205089107550325e-01
-1.448186411826208886e-01
4.962504244643062279e-02
-6.161881202309957839e-01
-9.033237476382822706e-01
8.463592963445525363e-01
-8.952531067928173325e-01
9.666243839265524773e-01
-5.572714555314588480e-01
-2.756047488419932634e-01
-2.179060020675740450e-01
2.470159229403983137e-01
-1.693483412463463456e-01
4.574789054752947948e-03
-1.452500227328128446e-01
-2.709445320798129497e-01
-9.080167435136154985e-02
-9.453486410163569609e-01
2.717393158913106177e-01
-4.892779297049127951e-01
5.109338068429656321e-01
3.746048190365331987e-01
-5.293149295444121716e-01
-2.526928424198615630e-01
7.861219723900025880e-01
-2.861035710980308622e-01
-9.434778584691825287e-01
-6.646960537525261614e-01
-6.868096608205198628e-02
5.859667115514408664e-01
-7.919890741016979430e-01
-3.683579729559518512e-01
5.557744231629409004e-01
-5.722183873355459749e-01
3.732447917495715917e-01
3.684286973393608999e-01
-2.178689878913588895e-01
8.453542251364163373e-01
1.837765137021385442e-03
4.940247015102554595e-01
-6.417227518689496701e-01
4.914046545461998594e-01
-6.784160692931737735e-01
2.313456392452286625e-01
6.151416916223426679e-01
-1.938713096702127103e-02
-9.763895687963763947e-02
-1.149423695337785656e-01
-8.676883084338959939e-02
-6.881346388031419625e-01
5.437553632409157789e-01
8.874927375218153447e-01
6.109182966738135878e-01
9.851550195011840039e-01
-9.055852594436932801e-01
9.147939262585724762e-03
4.550617472659819196e-01
4.574724720136247313e-02
9.831849689513181278e-01
2.378844233129600028e-01
-4.568928741433442298e-01
-2.199261966034311566e-01
6.662103716199478942e-01
-9.525075096753798931e-01
4.018871877307717000e-02
3.233383500924840170e-01
3.855654900223430825e-01
7.332827275134579104e-02
6.924959166608368744e-01
4.868050310593867724e-01
-9.557086189504546692e-01
-4.740369310624164001e-01
-4.055260783963898774e-01
-9.029198839849714719e-01
-5.414264590958699497e-01
4.924645000772909231e-01
4.724403688005442969e-01
4.462964469813659463e-01
5.983593682462950980e-01
-5.792276433720355833e-01
3.316796420064216377e-03
3.654437520891891111e-01
-3.907108729612929210e-01
7.435854975299269753e-01
-4.088176106576286717e-01
6.289349378521629230e-01
3.644293596887884235e-01
2.093994184402863112e-01
3.238473093499412148e-01
-1.814604665912089576e-01
-9.855201170340621708e-01
8.887517811210186025e-01
5.200917416832318008e-01
7.341669792335687728e-01
-5.191286950208617856e-01
1.539768787743349687e-01
-7.434678464090265226e-01
-2.516138862025318890e-01
2.747960871934975735e-01
-1.004654016586556953e-01
-7.800083807084230436e-01
-2.456837200098624940e-01
3.306448092120519711e-01
-2.585731080753972400e-02
7.736311341156629773e-01
9.925059685219965733e-01
-8.091749935477501321e-01
-7.456202421059998642e-02
-7.480782628609732310e-01
-3.191185220669514599e-01
-5.624254707649334328e-01
-2.869895430991427077e-01
-9.588677469248414464e-01
-4.841661678674469282e-01
2.382687481572729471e-01
4.837459409207425232e-01
-5.914880876674897259e-01
-1.585452650999192858e-01
-7.174470361645286509e-01
-2.594952600933719822e-01
4.066842999812720905e-01
-5.693286672463562237e-01
6.345883447512532527e-01
-3.165477252698523092e-01
-5.385382764551707169e-01
7.139902307518952718e-02
-5.551520886388905396e-01
-4.881083202489193695e-01
6.220036001908901824e-03
-4.051949782551611534e-01
7.578922527424818423e-01
3.775557586446631753e-02
-5.287817473688336545e-01
6.312179250201863656e-01
7.737114165389962217e-01
6.851314771677001758e-01
-2.240561291707907632e-01
-4.996500220466548736e-01
4.745492779456987886e-01
8.879918143946474718e-01
-1.833677889490084034e-01
6.369722776025992239e-01
-5.267080552078293731e-01
-6.601012927211891146e-01
6.315565968131291452e-01
4.165214197225950432e-01
8.009900917350869509e-01
3.122103194658996106e-01
6.347001740139288639e-01
3.249851855441610038e-01
1.188697035624060039e-01
8.356686723989754650e-01
9.470428173468594668e-01
8.360121184681881257e-01
-2.048683769879509065e-01
-5.190741020792959404e-01
-5.682272674294219783e-02
-4.841259954491028417e-02
4.374518294352129910e-01
-8.704179274306600433e-01
9.184057304790120835e-01
-2.876199896776658882e-01
7.830886838596560207e-01
-5.155645726491588920e-01
-3.429673145396248124e-01
2.085465298182702654e-01
-1.298077176863696724e-01
-5.398116052358983286e-01
-3.210527378626504280e-01
-8.993273297109016795e-01
-2.620669540131828068e-01
-6.984877504155855288e-01
-7.437120733138020690e-01
-1.566177532350829793e-01
-9.347767716800827742e-01
6.164728228608207239e-01
9.458223220269101894e-02
-8.310693654166352307e-01
-8.630729708806534894e-01
5.457622137260489392e-01
-2.492668413078027445e-01
4.072081590436111842e-01
8.836582976741305107e-01
8.774775991929755214e-01
9.392671956856359916e-01
3.109255041997007751e-01
1.918695497241074133e-01
4.851392528548541527e-01
-3.849281130347297353e-01
-1.002082905365675458e-01
-1.726382649826223581e-01
-1.463837125047606769e-01
9.431594322137930586e-01
8.630994232155797530e-01
-1.363169960042109885e-01
-6.672321960765970061e-01
-7.420795500075583195e-01
-5.461771310282665937e-01
-4.693185756941429254e-01
-4.535598590429210653e-01
-8.355805590625491330e-01
-7.143714749238179174e-01
-2.217437258144685508e-01
-8.539788352716219944e-01
2.547333105874940440e-01
-8.040827817651874376e-01
-6.252328915061016179e-01
-8.435239376324510374e-01
-6.996653191790036530e-01
-1.397661084751502525e-01
7.377983473442473183e-02
-8.943268273938165258e-01
2.754201389139707690e-01
8.471667837774448095e-01
-3.501898648832897365e-01
-9.200055719991797609e-01
-6.885060323409388783e-01
8.580364125949357934e-02
-2.817909022709792488e-01
9.069912600359977262e-01
4.051454205944837739e-01
-8.683439399910088952e-01
2.407897779427035090e-01
-6.889239105555813314e-01
-3.482884836036497234e-01
-5.548169371196047805e-01
6.216457683320357752e-01
6.410630228204998726e-01
-2.881046386490155875e-01
6.204996140970371332e-01
6.153741836306276802e-01
8.385282101017896839e-01
-7.663489694503833327e-02
2.263133721953876076e-01
8.763714338083397060e-01
8.365876631709578959e-02
8.822828629779653209e-01
6.837062096458657035e-01
3.891238694217309391e-01
-2.316647861623895022e-01
2.464203349222067185e-01
-7.279513295401196515e-02
-6.162695167801204299e-01
9.181677208441578752e-01
5.670581549513549202e-01
5.284943296723687567e-01
-6.815664654921635979e-01
-8.436917983144591737e-01
-6.805086000349984676e-01
-2.458872813292154458e-01
-4.138348522728987344e-01
-8.242025083699773269e-01
6.605503743276102124e-01
-2.160859239033197099e-03
-3.211602878618875501e-01
-3.986211600777544994e-02
-7.904470173454360982e-01
-5.841318829665929080e-01
4.289638996130966664e-01
4.245150712557848038e-01
4.584670030691033737e-01
8.718763347539686404e-01
