-9.831205782568930296e-01
-2.903512621363446566e-01
-4.179894519910916095e-01
-4.977920197876382069e-01
-2.651159714540183288e-01
-7.459781256779935976e-01
7.675001275425468172e-01
-2.579434174090906584e-01
7.619404095351314243e-01
-3.710145092629879571e-02
7.188167210161684473e-01
4.829850779328082044e-01
8.404866494937550669e-01
-1.113711805570816171e-01
-5.175347580669067415e-01
1.792456031724956045e-01
2.827968657583452838e-01
9.849672139501282064e-01
8.561479576605468544e-01
-5.054302386165518968e-01
-9.705558508650915517e-01
5.306958275101332223e-01
7.751650461995944763e-01
6.740345765148436641e-02
1.079464768451696699e-01
-8.119339501466702469e-01
5.877036610381851656e-01
3.322307052104396252e-01
-8.022215997609827287e-01
-1.360579395214407405e-01
-1.344897554884245672e-01
6.659508155199385104e-01
5.397899157036596396e-01
8.931096912292175727e-01
6.068495544289773669e-01
-5.593517803359393525e-02
7.684312219589635173e-01
-5.625060805626029836e-01
-8.450774437073294010e-01
-9.619081059722756066e-01
9.693232446473987185e-01
4.186381377128414183e-01
8.663119471573794694e-01
1.366045273353599931e-02
-4.606706766942962883e-01
9.391861317766490025e-01
4.421011736375994872e-01
3.770961899501092951e-01
1.982612352261960975e-01
-7.018182511701569481e-01
-8.825077776544716368e-01
-8.899185054210250190e-01
2.397394456480661518e-02
9.328525888211338657e-01
-5.858462818870531219e-01
5.472923723465648038e-01
-3.717680882409468701e-01
-7.871181652093639514e-02
4.964463559918537161e-01
6.382000960914937515e-01
-1.451723841403749216e-01
-2.374146223301736303e-01
-7.447607517283019174e-01
-3.870881990131114225e-01
-7.023950705299180086e-01
-2.618735543635206664e-01
-3.964930910507229456e-01
5.112441091190274012e-01
4.282382234703563384e-01
-9.857177638873237946e-01
9.857858648058590578e-01
-9.523343468458476124e-01
2.414664787662876844e-01
-1.376075079699967674e-01
3.610800128997417868e-01
4.853365929123281131e-01
7.629364227743735682e-01
1.489581531034340767e-01
3.464047317775587054e-02
2.373656943313022794e-01
1.632694448830496192e-01
-8.352679434586653962e-01
-8.640640046171437216e-01
9.774477156891605567e-01
5.077685442803621108e-01
1.950541650683661477e-01
3.121911985309777648e-01
-1.128934547492244089e-01
6.839720303205845120e-01
6.053235995469663511e-01
-5.531598593274207332e-01
4.789594999318327329e-01
-7.893099032956862882e-01
-7.659867158097282136e-01
-4.995210950695656571e-01
6.915135682036246401e-01
8.033115738350020685e-01
4.783557213009603792e-01
-7.404748008668999848e-01
-7.084915187911733359e-01
-9.136209492926972153e-02
-8.489954149352363366e-01
7.147862706600087712e-01
5.800949521124050268e-01
1.537879220770761446e-01
4.093190945956437510e-02
3.580002413504490555e-02
1.672372010701432821e-01
8.015212611462789738e-01
-2.326290705437314976e-01
6.939462832394445169e-01
-2.055237202905235705e-03
-3.720733753147997813e-01
2.910061305202438220e-01
7.674453848738089778e-01
3.163512642381316464e-01
-9.421413236410347558e-02
-2.053821586891197981e-01
-7.662221903793569044e-01
-1.514358818643914972e-01
9.279075330016053336e-01
9.075297565714637305e-01
-2.494435574818694157e-01
-9.513274296086542403e-01
4.504250970253504960e-01
3.307533163206928251e-01
-6.072703014633571428e-01
-4.975262719757393981e-01
9.833906462091437373e-01
-2.609963932016041710e-01
-4.952473148918106194e-01
-8.243865661373679377e-01
9.311852020173418953e-01
9.443258592794019357e-01
6.289883757870902148e-01
3.026797875746773947e-01
2.031775353018150376e-02
4.675066746012981334e-01
3.267049003400721574e-01
-5.488879932598078604e-02
-6.000774099408583417e-01
1.194389097116610454e-01
6.536384409063393797e-01
1.787015459302896403e-01
8.563071726919448956e-01
-2.275052151899661368e-01
-8.263295591852479749e-01
6.729829414880739158e-02
-1.551340824439282340e-01
-1.473079984296843392e-02
7.728991750955829243e-01
-1.247869192225055102e-01
6.475224192978676907e-01
3.324733507982307046e-01
-9.830068328269172540e-01
-5.721224721621667175e-01
8.712821820947842522e-01
2.585764403915662424e-01
-8.265031791719152920e-01
1.661435625180176512e-01
-1.810717833825516987e-01
7.038199985731676822e-01
8.524119931102358549e-01
-7.888426870727849316e-01
9.846894200610034620e-01
5.141334832537782784e-01
-3.440720958238561167e-01
-3.120942137528481819e-01
8.898575812599516244e-01
1.290142189194893874e-01
6.810543399809887433e-01
7.390043169331272921e-02
8.705062753139578557e-01
8.697332562262571898e-03
2.573401302612241537e-01
4.903442700115003827e-01
-3.502494384767211866e-01
-8.555085927916070698e-01
-8.026493789865221107e-01
5.238604296889051160e-01
2.105856689904195278e-01
-1.340268380246210089e-01
-3.630986264237485717e-01
8.634341131737244268e-01
1.034148389416444935e-02
8.779218135388098254e-01
4.618779600714564282e-01
-4.473351624737567089e-01
-4.647609180880982738e-01
-9.642612760401783056e-01
-1.136923285376438830e-01
3.848391778766457882e-02
-9.048846333836997324e-01
9.556880119147739272e-01
-4.632903307913827096e-01
-8.178438842958142274e-01
2.281225641262516479e-01
8.557455478959530293e-01
-8.067166205944826807e-01
-3.929688778131041893e-01
2.836632638827099040e-01
-1.726650471140305232e-01
-1.147261984405665292e-01
4.840886286189232113e-01
-1.029965532580954246e-01
-9.996080675580376607e-01
-8.594500904104251937e-01
-2.109280376091924314e-01
-9.938932820035406568e-01
-6.469465263634748275e-01
-2.027508839367893057e-01
-1.817409290451916792e-01
8.469011218028570376e-01
-7.479502140457217063e-01
-8.607925010806329880e-01
9.594421923504372618e-01
-8.365959684759807224e-01
8.821583293187980068e-01
6.860761864018176670e-01
2.259953295429011355e-01
7.811757551645013287e-01
-2.340938661940732413e-01
-5.295803041862381377e-01
5.691155409191961390e-02
-3.483243115156584579e-01
-5.593938138261247417e-01
-2.860392805476252853e-02
2.661590522098820077e-01
-9.280699246219326071e-03
7.304120349584890537e-01
-7.653958928690236529e-01
-4.465911103366571044e-01
1.312397805672107509e-01
1.852450196371742130e-01
3.120851524845853486e-01
-9.522866109132437362e-01
9.472503159651792792e-01
-4.667017233439074708e-01
5.645464090735845542e-01
-9.959015886487063707e-01
-7.605489912759719751e-01
6.702138142266504950e-01
-2.300202397827253442e-01
7.745897483343289203e-02
1.075533988467902713e-01
9.146625428051473605e-01
8.213066157991337768e-01
-1.277891599411291601e-01
7.525991933232618614e-01
7.699307259440808515e-01
1.423413209559876158e-01
-8.160280651218418946e-01
-7.828656506802862403e-01
2.198102200961815633e-02
-6.677875528491914459e-01
1.345231695619644174e-01
3.986142503516536539e-01
-8.685850857243804235e-02
-9.957268336003677334e-02
4.275372281931191232e-01
2.786564067588115368e-01
-6.414083970975774651e-01
-8.740778129282720244e-01
-3.051090904581115204e-01
-3.099047989759482480e-01
