-1.000000000000000000e+00
-1.000000000000000000e+00
-1.223927000451396907e-01
1.000000000000000000e+00
-1.000000000000000000e+00
2.345236444617618821e-01
8.482761750793454958e-02
5.379315645818831815e-01
7.365191608222936281e-01
-1.000000000000000000e+00
5.114818519643009598e-01
-1.000000000000000000e+00
1.000000000000000000e+00
-6.496606955900742220e-01
5.167315796200406819e-01
-7.705232414161240495e-01
-8.187766695381519799e-01
1.000000000000000000e+00
1.000000000000000000e+00
7.302732954816431032e-01
-2.426268756127952786e-01
4.314672152454885889e-01
-1.322982351184620042e-01
1.000000000000000000e+00
-9.219558906026585898e-01
7.478457375081402070e-01
-1.000000000000000000e+00
-8.042874562939206218e-01
-1.000000000000000000e+00
1.000000000000000000e+00
-9.293952651067420856e-01
-1.000000000000000000e+00
-1.000000000000000000e+00
1.000000000000000000e+00
-9.475910156075677548e-01
-1.000000000000000000e+00
3.392685503032151217e-01
1.000000000000000000e+00
-1.978203134441360866e-01
2.387914763030452026e-02
1.000000000000000000e+00
-1.000000000000000000e+00
4.898657113392953510e-01
-1.000000000000000000e+00
-8.858185790581485364e-02
-5.371668083964955542e-01
1.000000000000000000e+00
-7.978909589472871211e-01
-1.000000000000000000e+00
-8.502069417714348543e-01
-1.000000000000000000e+00
1.000000000000000000e+00
1.957391984739015878e-01
1.000000000000000000e+00
5.346437769314765776e-01
4.076395856137051688e-01
-1.000000000000000000e+00
1.000000000000000000e+00
-3.840372836363568076e-01
1.000000000000000000e+00
4.913453095992738606e-01
-1.000000000000000000e+00
1.000000000000000000e+00
1.000000000000000000e+00
2.221729104331462701e-01
-8.931772868985977665e-01
-1.000000000000000000e+00
1.000000000000000000e+00
4.224157359790662869e-01
-1.640210453895244169e-01
-6.215635140139963433e-02
5.617029151482516580e-01
-1.000000000000000000e+00
1.000000000000000000e+00
-2.700951773557911384e-01
-2.251266980983012145e-01
-5.721900487335204177e-01
1.000000000000000000e+00
-1.000000000000000000e+00
-1.000000000000000000e+00
2.793002834229798559e-01
-1.000000000000000000e+00
-4.602710211064198198e-01
-1.000000000000000000e+00
1.791730115204266394e-01
-8.580709088464223422e-01
3.894956005642077335e-01
8.558260096638403702e-02
-1.000000000000000000e+00
-1.000000000000000000e+00
-1.000000000000000000e+00
-2.269831996230504967e-01
-1.000000000000000000e+00
1.000000000000000000e+00
8.470151839037298735e-01
-1.000000000000000000e+00
-1.000000000000000000e+00
-6.390297788543684021e-01
-4.072230255414287514e-01
1.000000000000000000e+00
-8.311122634264620501e-01
1.000000000000000000e+00
-1.000000000000000000e+00
1.000000000000000000e+00
-5.874459841153694128e-01
-1.847753564037996066e-01
6.643937701273170404e-01
1.000000000000000000e+00
7.044801291199400683e-01
7.658699823106912552e-01
1.000000000000000000e+00
1.000000000000000000e+00
1.000000000000000000e+00
9.144838497739602445e-01
1.000000000000000000e+00
1.000000000000000000e+00
-1.000000000000000000e+00
1.000000000000000000e+00
-1.000000000000000000e+00
1.000000000000000000e+00
-7.849032314427316637e-01
7.203951281201610435e-01
1.000000000000000000e+00
-3.391510556397057119e-01
1.000000000000000000e+00
1.000000000000000000e+00
1.000000000000000000e+00
1.960469949302810488e-01
-1.000000000000000000e+00
2.961891265134984907e-01
9.745536843590625331e-01
-1.000000000000000000e+00
1.840746300387440249e-01
1.108344072329287000e-01
-1.000000000000000000e+00
-3.005861323422351905e-01
-9.332697870719789401e-01
-5.760492613227429226e-01
-5.365793560036148380e-01
-1.000000000000000000e+00
3.414152171923557355e-01
-7.300491943226288249e-01
6.966276998585617664e-01
-1.000000000000000000e+00
1.000000000000000000e+00
1.000000000000000000e+00
1.000000000000000000e+00
-9.790677785649222198e-01
-1.000000000000000000e+00
1.000000000000000000e+00
1.000000000000000000e+00
-4.184150714796991966e-01
-2.442213858422619399e-01
-1.531470324134880379e-01
-1.000000000000000000e+00
-1.000000000000000000e+00
1.000000000000000000e+00
1.000000000000000000e+00
1.000000000000000000e+00
3.692780433806900908e-01
-7.378263513022997877e-02
1.000000000000000000e+00
1.000000000000000000e+00
2.206850363817591809e-01
-4.150856254848168669e-01
1.479575493657317997e-01
1.000000000000000000e+00
-1.000000000000000000e+00
1.186163585522143071e-01
1.000000000000000000e+00
4.171514305988772708e-01
2.145036444089366556e-01
-1.000000000000000000e+00
1.000000000000000000e+00
-1.000000000000000000e+00
8.177168194371791099e-01
1.000000000000000000e+00
9.573340043532818644e-01
-1.000000000000000000e+00
1.000000000000000000e+00
-1.000000000000000000e+00
-5.375709492038920345e-01
-3.591839598115422749e-01
-1.000000000000000000e+00
-1.000000000000000000e+00
-7.879709914517369906e-01
-1.000000000000000000e+00
1.000000000000000000e+00
5.328460517108517536e-01
1.000000000000000000e+00
-7.360967193114105189e-01
1.000000000000000000e+00
1.000000000000000000e+00
1.000000000000000000e+00
1.000000000000000000e+00
-4.207817519306561449e-01
-1.000000000000000000e+00
1.000000000000000000e+00
-1.000000000000000000e+00
1.000000000000000000e+00
7.405532873280582518e-01
8.975332507226867484e-01
1.000000000000000000e+00
-1.000000000000000000e+00
-3.967265636902107540e-01
-7.247924371150384071e-02
1.000000000000000000e+00
1.000000000000000000e+00
6.119056987260624858e-01
-1.000000000000000000e+00
-5.216472772705074146e-01
-1.000000000000000000e+00
-2.968956621216324310e-01
6.452955493628650396e-01
-5.550316386856851691e-01
8.033472320118457688e-01
1.000000000000000000e+00
-6.122179887561125522e-01
-4.646497544209490238e-01
7.093746432958403236e-01
9.330900291328070306e-01
1.000000000000000000e+00
5.959963046735913261e-01
-1.000000000000000000e+00
1.000000000000000000e+00
-8.789556163384575349e-01
-4.964532251360195270e-01
5.747514911399518311e-01
8.159115353571499973e-01
1.000000000000000000e+00
1.000000000000000000e+00
-6.207156774586850556e-01
1.000000000000000000e+00
-4.906435224856593447e-01
-1.000000000000000000e+00
7.804458238819798055e-01
-4.619230202337185620e-01
-3.369973430635897493e-01
-9.146163347517144437e-02
-1.000000000000000000e+00
1.335789495606990451e-01
1.000000000000000000e+00
-1.000000000000000000e+00
-1.000000000000000000e+00
-8.022408483220568876e-01
1.000000000000000000e+00
-1.000000000000000000e+00
-1.000000000000000000e+00
-8.231900109608492055e-01
-3.430444794916254203e-01
-9.705138501306532772e-01
-1.940951861255990618e-01
-1.000000000000000000e+00
6.962379990841170985e-01
9.711672490224638743e-01
4.764023027755029949e-01
1.000000000000000000e+00
5.989373144221821210e-02
1.769361493403449059e-01
-1.000000000000000000e+00
-1.000000000000000000e+00
1.000000000000000000e+00
1.000000000000000000e+00
-9.477742944752856613e-03
-4.387466562772073253e-01
