8.259346391581625646e-01
1.000000000000000000e+00
3.481692870729338196e-01
-1.000000000000000000e+00
1.749983245625001960e-01
5.244033163154208088e-01
9.383200791767654092e-02
1.000000000000000000e+00
1.000000000000000000e+00
-6.739261154455848946e-01
-3.881438205988549939e-01
9.803787419291816185e-01
-1.478609035852858078e-01
-8.069609789140941292e-01
1.000000000000000000e+00
-1.534610934301564589e-01
-1.000000000000000000e+00
-1.000000000000000000e+00
1.000000000000000000e+00
1.000000000000000000e+00
7.035161517851959978e-01
5.238392739778490181e-01
-1.000000000000000000e+00
1.000000000000000000e+00
-1.000000000000000000e+00
-1.000000000000000000e+00
-5.669690657199610850e-02
-1.000000000000000000e+00
1.000000000000000000e+00
-3.881312621461516232e-01
1.000000000000000000e+00
1.000000000000000000e+00
-1.000000000000000000e+00
-1.000000000000000000e+00
1.000000000000000000e+00
1.000000000000000000e+00
4.025777154164397187e-01
-1.000000000000000000e+00
1.000000000000000000e+00
4.164799765863310688e-01
-1.000000000000000000e+00
1.000000000000000000e+00
7.543898569420107170e-02
1.000000000000000000e+00
-1.000000000000000000e+00
1.000000000000000000e+00
-1.841516735822940065e-01
-2.664429715365050910e-01
-7.255807692718059254e-01
1.000000000000000000e+00
-7.275008527844527562e-01
1.000000000000000000e+00
1.000000000000000000e+00
-5.811314868427168712e-01
1.000000000000000000e+00
2.770116796248355273e-01
6.082955120562076878e-01
-5.700143532845526329e-01
1.780052451047360595e-01
-7.682859707676794603e-01
-1.000000000000000000e+00
1.016642004416472567e-01
1.000000000000000000e+00
2.782585641712351787e-01
-1.000000000000000000e+00
-3.403302688518973218e-01
4.172632726255872115e-01
2.967408858795165250e-01
6.196467372497079795e-01
1.124515150040509281e-01
9.969608977859745202e-02
5.296698654075157053e-01
5.472152932433305139e-03
-1.000000000000000000e+00
1.000000000000000000e+00
-1.000000000000000000e+00
-1.000000000000000000e+00
8.414738829990413560e-01
1.000000000000000000e+00
1.000000000000000000e+00
1.000000000000000000e+00
-1.000000000000000000e+00
-1.769139113015227860e-01
-1.337554769131035215e-01
6.954036372684060385e-01
-6.736342251680808024e-01
-1.000000000000000000e+00
4.133229025518845301e-01
1.000000000000000000e+00
-1.000000000000000000e+00
-5.222089464974167816e-01
-1.000000000000000000e+00
9.895192245540183063e-01
1.000000000000000000e+00
-1.000000000000000000e+00
4.906453333791808702e-01
8.429449399132611376e-01
-1.003334869345204883e-01
-1.000000000000000000e+00
1.000000000000000000e+00
-4.737753272854652309e-01
1.000000000000000000e+00
2.003846692052156930e-01
1.000000000000000000e+00
-2.744262405517887138e-01
-1.000000000000000000e+00
-1.000000000000000000e+00
-6.948381788932538328e-01
2.842640072358606496e-01
8.374727772805062864e-02
-1.000000000000000000e+00
1.000000000000000000e+00
5.483923612410808168e-01
-1.000000000000000000e+00
1.000000000000000000e+00
8.968977924184242667e-01
7.021126757122445050e-02
7.552152674235029783e-01
-2.875399937349132906e-01
2.131020658224421771e-01
4.084317713921659099e-01
-8.319753999865951988e-01
-1.000000000000000000e+00
5.602534194873072249e-01
1.705532755941346901e-01
1.000000000000000000e+00
-2.894922066351167667e-01
-1.000000000000000000e+00
7.334071438249614161e-01
2.770889871778674518e-01
7.641556349891180933e-01
2.799049909425226357e-01
-1.263069252737718529e-01
-1.000000000000000000e+00
-1.000000000000000000e+00
1.000000000000000000e+00
-1.000000000000000000e+00
-1.000000000000000000e+00
1.000000000000000000e+00
-9.345828466909616994e-01
1.000000000000000000e+00
-1.000000000000000000e+00
-1.000000000000000000e+00
1.000000000000000000e+00
-5.083137871051421341e-02
-1.000000000000000000e+00
4.666330751179531555e-03
1.000000000000000000e+00
1.000000000000000000e+00
1.000000000000000000e+00
-3.104305310114184868e-01
-7.412751128610487461e-01
2.216399565947613504e-01
1.000000000000000000e+00
1.000000000000000000e+00
-1.000000000000000000e+00
1.000000000000000000e+00
1.000000000000000000e+00
-1.000000000000000000e+00
-9.951398949852913178e-02
-8.829220989593015156e-01
-1.000000000000000000e+00
1.000000000000000000e+00
1.000000000000000000e+00
-1.000000000000000000e+00
-4.305519460422532196e-01
-1.000000000000000000e+00
7.657277623513110143e-01
1.000000000000000000e+00
1.000000000000000000e+00
1.000000000000000000e+00
1.000000000000000000e+00
8.521343438422049887e-01
1.000000000000000000e+00
-1.000000000000000000e+00
1.000000000000000000e+00
-5.589497888070521503e-01
1.000000000000000000e+00
9.865069480092358845e-01
1.000000000000000000e+00
1.000000000000000000e+00
-4.854343094084514476e-01
6.257263441290196182e-01
-1.000000000000000000e+00
-8.829760453685985278e-01
9.275908150643430439e-02
1.149520133452777149e-01
1.000000000000000000e+00
1.000000000000000000e+00
-4.656317004127572545e-01
8.164939755740919791e-01
5.339157949462353114e-01
-2.753692563921614767e-01
-4.685589712713567057e-01
-1.000000000000000000e+00
-1.000000000000000000e+00
-1.000000000000000000e+00
3.540551949212262794e-01
1.000000000000000000e+00
9.556826977095098652e-01
1.000000000000000000e+00
-6.917406980524316573e-01
-1.155381104248738855e-01
1.000000000000000000e+00
1.000000000000000000e+00
-6.118851396821806121e-01
-8.085301016932489038e-01
1.418956850107621626e-01
1.000000000000000000e+00
7.704105822734611531e-01
-1.000000000000000000e+00
-1.741654293414819921e-01
3.837948818720049449e-01
-5.250609919638489220e-01
1.000000000000000000e+00
-1.000000000000000000e+00
-3.380467874209275303e-01
6.780679059383276641e-02
8.700901795779987236e-01
1.000000000000000000e+00
-1.000000000000000000e+00
-1.000000000000000000e+00
-3.599376895472051752e-01
-2.356544366774661059e-01
-1.000000000000000000e+00
-8.696144307145045049e-01
-5.582853968901640984e-01
1.866984071293526504e-01
1.000000000000000000e+00
1.000000000000000000e+00
-1.991849365976533504e-01
-5.141705482450082965e-01
1.000000000000000000e+00
5.972072984573051357e-01
-1.000000000000000000e+00
9.916556523720745364e-01
1.000000000000000000e+00
-9.435158030027388509e-01
-1.000000000000000000e+00
9.526255422400431438e-02
-5.912923512652128455e-01
-1.000000000000000000e+00
1.000000000000000000e+00
1.000000000000000000e+00
1.000000000000000000e+00
9.726776719221905676e-01
1.157328795330118676e-01
2.748851811082769769e-02
1.000000000000000000e+00
-9.531571700697365479e-01
-1.000000000000000000e+00
4.315075320640894274e-01
1.000000000000000000e+00
7.491968605910523937e-01
1.000000000000000000e+00
-1.000000000000000000e+00
1.000000000000000000e+00
6.068014272783558427e-01
3.446747312789422146e-02
-1.000000000000000000e+00
-1.000000000000000000e+00
3.997523356640605430e-01
4.061843676584365737e-01
6.534291438690082998e-01
-1.000000000000000000e+00
