4.031362653047142197e-02
-1.134403396808890685e-01
1.000000000000000000e+00
-1.000000000000000000e+00
7.251662878727360706e-03
-1.376535504391551701e-01
3.025291736614058591e-01
-7.480332998519939602e-01
-1.370546956740384403e-01
-1.000000000000000000e+00
9.963899232890913726e-01
-1.000000000000000000e+00
-6.492093432877132919e-02
7.259573861780015402e-01
1.000000000000000000e+00
-1.000000000000000000e+00
1.000000000000000000e+00
8.666991197308098194e-01
9.144064532028565173e-01
-1.000000000000000000e+00
7.280504243412195819e-01
-1.000000000000000000e+00
2.181246656427536235e-01
1.679750547379159631e-01
-8.775932088170718126e-01
1.502285044039192718e-01
-3.722482920653866767e-01
-9.695323886870133023e-02
-4.515744916281978494e-01
-6.707688827433022638e-01
-4.518447309513842214e-01
1.000000000000000000e+00
2.158652423096579231e-01
8.441526850251941383e-01
-6.166621965641898573e-01
-1.000000000000000000e+00
1.000000000000000000e+00
-9.182937923157618032e-01
-1.000000000000000000e+00
-2.055907479508098934e-01
1.320490438427585067e-01
9.006889259417383276e-01
5.633992180499157731e-01
4.283592857709178636e-01
-1.000000000000000000e+00
-4.468471512764256026e-01
6.738707405134625184e-01
4.208329213069097463e-01
-4.162111036543669762e-02
4.681674958084248162e-01
1.119249787234284366e-01
1.000000000000000000e+00
-3.995676999899072657e-01
-4.591374100670393421e-01
-2.218999024836845191e-01
7.910294395268703260e-01
3.868130380474363861e-01
1.000000000000000000e+00
-3.363355937820013963e-01
-4.526616956665567848e-01
-2.884442550390458049e-01
1.000000000000000000e+00
5.443854474494340678e-01
3.794606761010348439e-01
-8.443734394661686071e-01
9.569926002858116787e-01
4.559991349683395478e-01
-4.446812019766726021e-01
1.000000000000000000e+00
3.930416780395784571e-01
-1.000000000000000000e+00
-1.000000000000000000e+00
3.878015037680629939e-01
-1.658332907685422519e-02
-1.000000000000000000e+00
-9.505471823396969278e-01
3.708628554260121613e-01
-1.000000000000000000e+00
-8.988871093852257577e-01
2.558069347089534373e-01
6.497420568675698060e-01
3.144548989595620236e-01
-7.916501140952969529e-01
-3.591686483688427689e-01
-8.550871059463378554e-01
1.000000000000000000e+00
1.000000000000000000e+00
-1.000000000000000000e+00
-1.509551519157260602e-01
1.000000000000000000e+00
-1.000000000000000000e+00
1.000000000000000000e+00
6.875434738777019827e-01
-1.000000000000000000e+00
1.000000000000000000e+00
6.690607430352788487e-01
2.927137075427919122e-01
-1.000000000000000000e+00
-1.000000000000000000e+00
-6.575698349961811573e-01
-1.000000000000000000e+00
5.893809554122939609e-01
1.289378855520003642e-01
-4.917761243111917757e-02
-1.000000000000000000e+00
-1.257849808696116511e-01
-5.034597868539677501e-01
-3.236253974176844794e-01
-1.000000000000000000e+00
-1.000000000000000000e+00
5.520718226137526496e-01
-2.297896622174342429e-01
1.000000000000000000e+00
-7.892192527221748577e-01
1.000000000000000000e+00
1.000000000000000000e+00
1.000000000000000000e+00
-1.000000000000000000e+00
9.448298969349984144e-01
-3.200492409733912691e-01
1.000000000000000000e+00
1.000000000000000000e+00
2.009151120072971697e-01
-3.916009028695353056e-01
1.000000000000000000e+00
2.626315080856769235e-01
-5.176206716035458566e-01
-8.620995893187672898e-01
1.000000000000000000e+00
8.698644314632116847e-01
1.000000000000000000e+00
9.502495565621646989e-01
1.000000000000000000e+00
1.000000000000000000e+00
1.000000000000000000e+00
1.000000000000000000e+00
-4.900390861612302640e-01
-5.615353298046898978e-02
9.807714892431960152e-01
7.450685040087334787e-01
6.787199945020419012e-01
-1.000000000000000000e+00
-9.035185012442470409e-01
1.000000000000000000e+00
-1.000000000000000000e+00
1.402769825438302531e-01
-1.000000000000000000e+00
-1.000000000000000000e+00
1.292359752436544884e-01
1.000000000000000000e+00
-1.000000000000000000e+00
4.777057961002310060e-01
-1.000000000000000000e+00
-5.286871282880492573e-02
-1.000000000000000000e+00
9.778606566060988881e-01
7.917195185374588107e-01
-3.620264466075372445e-01
-9.512698138245511137e-01
-1.887394412103521324e-01
-1.000000000000000000e+00
-6.938358980574821366e-02
-7.032774290995580380e-01
1.000000000000000000e+00
9.476653803423981115e-01
7.940126537946774476e-01
1.000000000000000000e+00
-1.000000000000000000e+00
-1.000000000000000000e+00
1.000000000000000000e+00
6.139189354661414022e-01
2.120155072774046467e-01
-8.957205729342923028e-01
-4.316326439554694083e-01
1.000000000000000000e+00
-9.691666987921507825e-01
-1.221024279702644932e-01
-4.745406965625118545e-01
-5.998157967545316716e-01
-4.401067379908145671e-01
-1.024494508373585688e-01
3.171917127763584920e-02
5.649047603082728575e-01
7.783298713800896884e-01
-6.403854380635198851e-02
3.628064880892173383e-01
-6.618605249448384908e-01
-2.392507974115443137e-02
1.000000000000000000e+00
-1.000000000000000000e+00
-1.000000000000000000e+00
-1.000000000000000000e+00
-1.000000000000000000e+00
1.000000000000000000e+00
-8.839155927417700065e-01
-1.000000000000000000e+00
8.633344525004976733e-01
-4.694068126887198655e-01
2.670480025028619808e-01
-7.448149514285673511e-01
7.849544469795552981e-01
1.000000000000000000e+00
-1.000000000000000000e+00
1.000000000000000000e+00
-1.000000000000000000e+00
6.612610527172770869e-01
-2.938389893950592580e-01
-1.000000000000000000e+00
-1.000000000000000000e+00
1.000000000000000000e+00
-3.991188709613502361e-01
-1.496261470240299873e-01
1.000000000000000000e+00
1.000000000000000000e+00
-1.000000000000000000e+00
5.911694797431237269e-01
-8.201050482251683871e-01
-1.000000000000000000e+00
8.730439157937908146e-01
-1.000000000000000000e+00
-8.342306483894393887e-01
-1.000000000000000000e+00
7.249278344279137531e-01
-1.000000000000000000e+00
-7.334902700095069505e-02
-5.533181804728315445e-01
-1.000000000000000000e+00
1.000000000000000000e+00
2.624236184926088677e-01
1.000000000000000000e+00
-1.000000000000000000e+00
9.152811695572995454e-01
1.000000000000000000e+00
1.000000000000000000e+00
1.000000000000000000e+00
-3.311842091822143619e-01
-1.000000000000000000e+00
1.000000000000000000e+00
5.873599798188394727e-01
-5.936479312824192167e-01
1.000000000000000000e+00
4.971638372861368893e-01
-1.000000000000000000e+00
1.000000000000000000e+00
6.684316875056318663e-01
6.592569524289100258e-01
7.815258665776783076e-01
-9.462807397712438284e-01
7.839821264277710977e-01
1.000000000000000000e+00
1.338172220891468145e-01
1.000000000000000000e+00
-1.000000000000000000e+00
-1.000000000000000000e+00
-3.035009387572751294e-01
-1.000000000000000000e+00
4.282297297292009253e-01
9.511437252033552170e-01
1.000000000000000000e+00
1.000000000000000000e+00
1.000000000000000000e+00
4.809073862039319192e-01
1.000000000000000000e+00
9.445933310287121243e-01
1.000000000000000000e+00
