-7.688960083679863278e-01
-6.511330973567437397e-01
-6.536367185052851525e-01
-8.336337389148602561e-01
-1.000000000000000000e+00
1.363669173218338138e-01
-3.389691316055373216e-01
-1.185318934228603016e-01
1.000000000000000000e+00
-3.076113116116476753e-01
-7.509350267104828447e-01
-1.324460621651653014e-01
2.388255882840790711e-01
8.247987438140258476e-04
3.154071683571540996e-01
-4.700785892153240830e-01
-4.376558975087272430e-01
1.000000000000000000e+00
-2.679439054145213994e-01
3.313313457810240781e-01
-9.534866415365823578e-01
-1.000000000000000000e+00
5.078110840280918303e-01
1.000000000000000000e+00
-3.526129343713881870e-01
5.178183541271377255e-01
-1.000000000000000000e+00
1.000000000000000000e+00
1.000000000000000000e+00
-1.628094889377595944e-01
3.488262367568842892e-01
-6.862458519544205604e-01
3.587860446011501558e-01
7.420550085838908405e-01
5.980658299687144908e-01
-5.986732683615456629e-01
7.806339376509268124e-01
-3.610467792100752193e-01
1.000000000000000000e+00
4.558681029848354882e-01
9.261930667532813910e-01
-4.646292357216735835e-01
1.000000000000000000e+00
-8.009417850057704014e-01
-2.414280573127287610e-01
-8.003523506971197410e-01
-1.000000000000000000e+00
7.421629987376654469e-02
-7.919712563718216414e-01
1.000000000000000000e+00
-7.032246296738473568e-01
-4.418748209590983578e-03
6.710859661602222026e-01
2.945523140398387252e-01
9.560166868041088950e-01
-5.297102313871469015e-01
4.677612386301199798e-01
-1.000000000000000000e+00
8.483824419901433989e-02
5.225752395265703676e-01
-2.076175733675388324e-01
7.786673502481433751e-01
3.259632211470531171e-01
8.365384846978760613e-01
-9.997188794324500805e-01
7.104365077626000335e-01
-2.905805675508148500e-01
9.340555575125244481e-01
-5.724922969953760710e-01
-4.031842894295428747e-02
-1.000000000000000000e+00
-2.569030684422128896e-01
6.122777865698525446e-01
7.738645197202356218e-01
7.211241082326647067e-01
1.000000000000000000e+00
-9.269963542765451425e-01
-3.209273571664088553e-01
1.656580645540342012e-01
8.140730275052652232e-01
-4.220889292971081730e-01
-3.882629394170603598e-01
-2.784147917239101488e-01
-4.099513853183573975e-01
1.000000000000000000e+00
1.000000000000000000e+00
9.310071138499464993e-02
-1.529751629322287920e-01
6.523042666850219495e-01
-1.000000000000000000e+00
9.580698221187778918e-01
-5.393154840658732629e-01
-1.000000000000000000e+00
-1.000000000000000000e+00
2.452125355230148074e-01
-1.000000000000000000e+00
8.024502039738135029e-01
-7.150671232448769787e-01
1.790266047861965859e-02
8.243304349764389860e-01
-7.922209046920285491e-01
2.061458436856111742e-01
1.852485084484361000e-01
1.000000000000000000e+00
-7.527038746952051662e-01
1.319624383232453901e-01
4.177689793515704242e-01
-9.178247390769228575e-01
9.183681657477626992e-01
1.000000000000000000e+00
1.000000000000000000e+00
6.147522000456959734e-01
8.133380799802436556e-02
1.000000000000000000e+00
1.000000000000000000e+00
2.686514669341641959e-01
-6.148150438345612034e-01
-9.569039318555356832e-01
1.000000000000000000e+00
8.815131427185445290e-01
-3.435054663321902568e-01
-5.247884817377799216e-01
-2.548302883123980678e-01
2.187047647993894395e-01
-1.000000000000000000e+00
-1.000000000000000000e+00
1.000000000000000000e+00
-4.877187164377760897e-01
1.000000000000000000e+00
1.000000000000000000e+00
-1.925385437053054316e-01
2.057101733709272295e-01
-2.099342370323336038e-01
-2.442751247802075754e-01
-5.099234572143354072e-01
-1.000000000000000000e+00
1.000000000000000000e+00
7.216286517233110320e-01
4.799669761878159191e-01
1.000000000000000000e+00
-8.399616762280663895e-01
-1.977596044318328805e-01
1.000000000000000000e+00
3.944053653556491845e-01
4.917065571315391015e-01
2.977804628604374670e-02
1.000000000000000000e+00
1.000000000000000000e+00
-6.598970913247015346e-03
-8.362695256639094410e-01
7.314483090364218287e-02
1.000000000000000000e+00
3.180430714992477648e-01
-8.326267411754997294e-01
-6.854749428298076985e-01
4.329337533115944492e-01
1.035425741966389257e-01
-1.000000000000000000e+00
5.237676948587273174e-01
9.175901317025157988e-01
5.118364877891364850e-01
-2.495641037981157773e-01
9.556596866163209469e-01
-2.707989104276672387e-01
1.000000000000000000e+00
-1.815631305724670908e-01
3.460290597744696828e-01
-1.000000000000000000e+00
-6.475561173367028189e-01
-8.078096436559853988e-01
4.821505784832191832e-01
-8.521377783138730511e-01
-6.337571966032624626e-01
-3.000788777170269039e-01
-5.548975098697150887e-01
-1.000000000000000000e+00
1.000000000000000000e+00
-3.431823215343918765e-01
5.451336792050993640e-01
2.130318981122006905e-01
-7.653528506145468313e-01
3.957699815345983030e-01
6.932265773106840445e-01
-3.015352357273053396e-01
-3.726478609236991701e-01
-6.718698823770912210e-01
-4.480640521796275255e-01
1.000000000000000000e+00
-8.660688433094081429e-01
2.870710822814785956e-01
-5.612693121862810663e-02
-2.661202236968118751e-01
-4.133468025174897864e-01
-1.000000000000000000e+00
6.372566713059060195e-01
3.445479937203592691e-01
-7.564838944931532305e-01
6.029793170620196818e-01
4.501180290912107362e-01
1.000000000000000000e+00
3.286351970212814111e-01
4.884096074852073976e-01
-1.181530932544950785e-01
5.784899738704831762e-01
9.733049868865646381e-01
1.000000000000000000e+00
-1.000000000000000000e+00
4.271775481205011271e-01
5.236863279840517915e-01
7.153576045106657677e-01
5.310838271204096905e-01
-9.459102924166722381e-01
-8.230642885794201558e-01
9.173802538087720837e-01
1.000000000000000000e+00
-5.872766882479647510e-01
-6.212768586110783975e-01
-1.000000000000000000e+00
-4.293153299616223606e-01
1.414186779304424380e-01
-8.057473460271393773e-01
-5.477140785162708525e-01
7.115185665883967392e-01
9.348983935780676990e-01
-4.792593505085602779e-01
-9.462983801293785024e-01
-4.437258270971389251e-01
4.917078859370462851e-01
3.764807881129738631e-01
-7.091641182155812295e-01
4.838727315506297089e-02
5.608775121506039962e-01
1.255002985925757208e-01
1.000000000000000000e+00
-1.067724639999823033e-01
1.928856939317302732e-02
1.000000000000000000e+00
5.303623435966884347e-01
-5.010699011746810871e-01
-2.191234066919971468e-01
-2.401672770490610453e-01
-4.210653696454869088e-01
-4.226265504120674255e-01
3.680348680072704770e-01
-1.000000000000000000e+00
7.120797361038353479e-01
1.000000000000000000e+00
-8.604838741173157501e-01
1.000000000000000000e+00
9.179695329905105394e-01
-1.415105918891537140e-01
6.960856131609935993e-01
1.000000000000000000e+00
-9.672490039073289303e-01
-1.878372538888755106e-01
-8.271143176343348502e-01
-3.859972716920246349e-01
1.000000000000000000e+00
-8.984036936010033614e-01
-1.000000000000000000e+00
-1.003609924592545610e-01
-1.000000000000000000e+00
-1.000000000000000000e+00
-2.387645631829289350e-01
1.000000000000000000e+00
