-1.548556598486048319e-01
-1.000000000000000000e+00
-5.880716037402586860e-01
-1.000000000000000000e+00
-1.000000000000000000e+00
8.008718589868859539e-01
1.000000000000000000e+00
1.000000000000000000e+00
-1.000000000000000000e+00
-1.000000000000000000e+00
-1.000000000000000000e+00
-8.034264587149264614e-01
1.000000000000000000e+00
6.959428793675870306e-02
-1.000000000000000000e+00
1.000000000000000000e+00
1.000000000000000000e+00
2.519652411843349427e-01
-1.000000000000000000e+00
-1.000000000000000000e+00
-1.000000000000000000e+00
-7.249188862784229359e-01
1.000000000000000000e+00
-1.000000000000000000e+00
-1.000000000000000000e+00
1.000000000000000000e+00
1.000000000000000000e+00
1.000000000000000000e+00
-5.683210550607654676e-01
7.339091033197564506e-02
-8.141879957604646334e-01
-1.000000000000000000e+00
-1.000000000000000000e+00
-1.000000000000000000e+00
-1.000000000000000000e+00
-1.000000000000000000e+00
1.000000000000000000e+00
2.896970968741215957e-01
1.000000000000000000e+00
1.000000000000000000e+00
9.274996873342697956e-01
-1.000000000000000000e+00
1.000000000000000000e+00
1.629218786944324204e-01
1.000000000000000000e+00
6.104950925015104612e-01
-6.452081081987592892e-01
-1.000000000000000000e+00
-1.000000000000000000e+00
-1.601918832502994272e-01
-1.000000000000000000e+00
5.762858857240901189e-01
1.000000000000000000e+00
1.000000000000000000e+00
-5.388967975621383744e-04
1.000000000000000000e+00
1.000000000000000000e+00
1.891381482938192526e-02
-1.000000000000000000e+00
6.353682510145435280e-01
-1.000000000000000000e+00
5.182687368097679270e-01
5.096634715572391228e-01
1.000000000000000000e+00
-1.000000000000000000e+00
-6.016064637840004004e-01
-1.000000000000000000e+00
-1.000000000000000000e+00
-1.000000000000000000e+00
-1.000000000000000000e+00
5.736655130565495586e-01
7.955258421070562358e-01
-5.435265438477722144e-01
7.474530398021947963e-01
9.786634614227126550e-01
2.167338138095689093e-01
1.000000000000000000e+00
-1.000000000000000000e+00
-2.802179859216565871e-01
-1.000000000000000000e+00
7.215206839165582142e-01
-1.000000000000000000e+00
7.235985665537985057e-01
-9.877024213801266495e-02
1.000000000000000000e+00
-1.000000000000000000e+00
-9.579912535561896370e-02
-1.000000000000000000e+00
-6.033916804513919097e-01
-9.751142080874850571e-01
-1.000000000000000000e+00
1.000000000000000000e+00
-1.000000000000000000e+00
6.720046612936037000e-01
8.261204303543819849e-01
-4.341425331820409905e-01
-1.000000000000000000e+00
-1.000000000000000000e+00
1.000000000000000000e+00
-1.000000000000000000e+00
1.000000000000000000e+00
-1.000000000000000000e+00
-1.000000000000000000e+00
-1.000000000000000000e+00
-4.221175278725970981e-01
-1.000000000000000000e+00
1.000000000000000000e+00
1.000000000000000000e+00
5.102354436575097241e-01
1.000000000000000000e+00
-1.000000000000000000e+00
-1.000000000000000000e+00
6.395498620410002832e-01
1.000000000000000000e+00
-9.538643622275206901e-01
1.555621143367106329e-01
-8.696874935679054230e-01
5.912287869693366726e-01
-1.000000000000000000e+00
-5.419228482426041715e-01
-1.000000000000000000e+00
1.000000000000000000e+00
-1.000000000000000000e+00
-1.000000000000000000e+00
1.000000000000000000e+00
-1.000000000000000000e+00
1.000000000000000000e+00
1.000000000000000000e+00
-9.717435434759912338e-01
-1.000000000000000000e+00
1.000000000000000000e+00
-5.555134169952673506e-01
-1.000000000000000000e+00
-1.000000000000000000e+00
1.000000000000000000e+00
-7.226425325414181922e-01
-7.219250403086752144e-02
-1.000000000000000000e+00
-1.000000000000000000e+00
1.260951550951882050e-01
-1.000000000000000000e+00
-7.538503123616799861e-01
-1.000000000000000000e+00
-1.000000000000000000e+00
-1.000000000000000000e+00
-1.000000000000000000e+00
1.000000000000000000e+00
-1.000000000000000000e+00
-3.371107076057433538e-02
6.846033767453929553e-01
-1.000000000000000000e+00
7.012974465306648364e-01
1.000000000000000000e+00
1.000000000000000000e+00
-1.000000000000000000e+00
1.000000000000000000e+00
-1.000000000000000000e+00
-1.000000000000000000e+00
8.681784585321181691e-01
-5.234340403601098757e-01
-1.000000000000000000e+00
-1.000000000000000000e+00
1.000000000000000000e+00
1.000000000000000000e+00
-1.042807700161065831e-01
4.142391904407349834e-02
-7.138487365764032422e-01
1.000000000000000000e+00
1.000000000000000000e+00
7.387210619676182199e-01
-1.000000000000000000e+00
-5.621241791003939170e-02
1.000000000000000000e+00
1.866658725592978962e-01
-1.339414438283740849e-01
-6.007713378089640788e-01
-1.000000000000000000e+00
1.000000000000000000e+00
-7.787138996690796677e-01
-1.000000000000000000e+00
1.000000000000000000e+00
1.000000000000000000e+00
7.640118977718636240e-01
1.995997475722049719e-01
3.266905776689364993e-01
-1.000000000000000000e+00
-1.000000000000000000e+00
-1.000000000000000000e+00
1.000000000000000000e+00
-1.000000000000000000e+00
1.000000000000000000e+00
-1.000000000000000000e+00
7.431130960325478263e-01
1.000000000000000000e+00
-1.000000000000000000e+00
1.007275591108760804e-01
-8.383937457340434607e-01
-1.000000000000000000e+00
1.000000000000000000e+00
-3.834529110410125341e-01
-1.000000000000000000e+00
3.058250925306781332e-01
-1.642531267695248598e-01
1.000000000000000000e+00
1.000000000000000000e+00
1.000000000000000000e+00
6.902718999821348955e-01
-1.000000000000000000e+00
1.000000000000000000e+00
-1.000000000000000000e+00
-1.000000000000000000e+00
-1.000000000000000000e+00
1.000000000000000000e+00
1.000000000000000000e+00
-1.000000000000000000e+00
9.269951481280130912e-01
1.000000000000000000e+00
9.526930212822415367e-01
1.000000000000000000e+00
1.000000000000000000e+00
1.000000000000000000e+00
8.075035555691031375e-01
-5.282004190393567722e-01
1.000000000000000000e+00
9.685829582552648587e-01
3.375664358169572221e-01
1.000000000000000000e+00
-9.449149090147791474e-01
-1.000000000000000000e+00
-1.000000000000000000e+00
-1.000000000000000000e+00
-1.000000000000000000e+00
-3.340946438108943761e-01
-6.527507721459983037e-01
-3.456887988770516174e-01
-6.777101245482484160e-01
-1.000000000000000000e+00
-3.830215749091124833e-01
1.000000000000000000e+00
-1.000000000000000000e+00
-1.000000000000000000e+00
-1.188569001114792023e-02
-5.224867609789847211e-01
-7.167942277658861938e-01
-4.510728676025475559e-01
-1.000000000000000000e+00
-5.054253073691036269e-01
-1.273457027397133512e-01
1.000000000000000000e+00
-1.000000000000000000e+00
-1.000000000000000000e+00
4.100959643515735831e-01
-9.011344929082294453e-01
-8.264814834034619473e-01
3.504957743122134595e-01
-6.714175908844310925e-02
-1.000000000000000000e+00
1.000000000000000000e+00
-2.864297803495987615e-01
-1.000000000000000000e+00
-4.441628706519211711e-01
7.112377922557712173e-01
-9.874609727912397883e-02
1.000000000000000000e+00
1.000000000000000000e+00
