-1.000000000000000000e+00
-9.231643183732355373e-01
1.000000000000000000e+00
6.317308228273272874e-01
-1.000000000000000000e+00
-8.466716259107534004e-01
1.000000000000000000e+00
-1.739797041783100462e-01
-1.000000000000000000e+00
-4.464477872251529367e-01
-1.000000000000000000e+00
-5.976857471297347679e-02
-9.808166496282118008e-01
9.775812701967898644e-01
-1.000000000000000000e+00
1.000000000000000000e+00
1.000000000000000000e+00
-1.000000000000000000e+00
6.383647335960277447e-01
1.000000000000000000e+00
1.000000000000000000e+00
-1.000000000000000000e+00
1.000000000000000000e+00
-1.000000000000000000e+00
-1.614779896574871643e-01
1.799329754043511032e-01
-1.000000000000000000e+00
-1.000000000000000000e+00
1.000000000000000000e+00
6.061061661712704440e-01
-4.159070320198887671e-02
-1.000000000000000000e+00
-1.554795957294374809e-01
2.619680535075313843e-02
-5.806617424899895852e-01
-4.491769303677747294e-01
3.425093235432965511e-01
1.000000000000000000e+00
4.878198085051123623e-01
7.784077636979640502e-01
1.294541902379781062e-01
-1.000000000000000000e+00
1.000000000000000000e+00
-9.939690216639316400e-01
1.000000000000000000e+00
-1.392718353226022332e-01
7.021658121902499827e-01
-1.000000000000000000e+00
1.000000000000000000e+00
-1.000000000000000000e+00
1.000000000000000000e+00
1.000000000000000000e+00
-1.000000000000000000e+00
-1.000000000000000000e+00
4.670417557061024016e-02
-1.000000000000000000e+00
-3.589230692261655697e-01
-1.000000000000000000e+00
1.000000000000000000e+00
1.000000000000000000e+00
-1.000000000000000000e+00
-1.000000000000000000e+00
1.000000000000000000e+00
-1.000000000000000000e+00
1.000000000000000000e+00
5.013696228872605021e-01
-1.455208611912442995e-01
-1.296230617539211871e-01
-5.297441075376895236e-01
-9.586524002599243754e-01
-1.127235289096697873e-01
-2.171818972040218121e-01
6.020881213282531785e-01
-1.730163301748905980e-01
-1.000000000000000000e+00
-6.554918164845646711e-01
2.779076162647164949e-01
1.000000000000000000e+00
1.000000000000000000e+00
-7.128652556359250658e-01
1.000000000000000000e+00
6.082298032936301890e-01
-3.345548179731782090e-01
1.000000000000000000e+00
-1.000000000000000000e+00
-1.000000000000000000e+00
4.619911423853379495e-01
-1.000000000000000000e+00
1.000000000000000000e+00
-3.805616867679846860e-01
-2.660012300620752113e-01
1.000000000000000000e+00
-8.783957253918397434e-01
9.827239640378594432e-01
1.000000000000000000e+00
1.000000000000000000e+00
5.407813957041021080e-01
-9.978410292107797730e-02
-1.000000000000000000e+00
-8.515784427141923629e-01
2.124796283026191279e-01
-6.662177081259821332e-01
-3.791666291075280748e-01
1.000000000000000000e+00
1.000000000000000000e+00
-1.226285462603153298e-01
1.247321846749753771e-01
-1.000000000000000000e+00
1.000000000000000000e+00
-5.592842798930107717e-01
-5.256175437154817498e-01
-7.023493425496228904e-01
2.743658293276473037e-01
1.000000000000000000e+00
5.119072735673877439e-01
1.549013723425640698e-01
-1.000000000000000000e+00
-1.000000000000000000e+00
9.974472045992256453e-01
3.117638620195948285e-01
-7.284705970941529607e-02
1.000000000000000000e+00
5.393731371635557270e-02
-7.716798810431935163e-01
-1.508968955277379398e-01
1.000000000000000000e+00
1.463771705735417705e-01
-8.868075017391574555e-01
1.000000000000000000e+00
-1.000000000000000000e+00
6.115996420150768831e-01
1.000000000000000000e+00
-5.882451971899147480e-01
7.531478503223126841e-01
-1.000000000000000000e+00
1.000000000000000000e+00
1.000000000000000000e+00
-1.555477770028768081e-01
-1.000000000000000000e+00
1.306396273910498951e-01
2.018556854710951143e-02
1.000000000000000000e+00
-1.000000000000000000e+00
1.000000000000000000e+00
1.559293659174741109e-01
1.000000000000000000e+00
-1.000000000000000000e+00
1.000000000000000000e+00
-9.257116716417490565e-01
-1.000000000000000000e+00
-4.251179867293319314e-01
-1.000000000000000000e+00
-3.529378055880948994e-01
-1.000000000000000000e+00
7.921543820924981105e-01
-1.000000000000000000e+00
1.000000000000000000e+00
6.752508624183392039e-01
4.420757700224454689e-01
-1.000000000000000000e+00
-1.000000000000000000e+00
-7.503440719023031225e-01
1.000000000000000000e+00
1.000000000000000000e+00
-1.000000000000000000e+00
-1.000000000000000000e+00
1.000000000000000000e+00
-7.471951804806389319e-01
2.338637343985388028e-01
-1.000000000000000000e+00
7.815279858287141890e-01
1.000000000000000000e+00
-1.189261094880232905e-01
-1.000000000000000000e+00
1.000000000000000000e+00
3.039177124819305020e-01
-9.500155588121148575e-01
1.000000000000000000e+00
-5.023321113027620077e-01
-7.447389684222720518e-01
1.000000000000000000e+00
-1.000000000000000000e+00
-1.000000000000000000e+00
4.933988918863423390e-01
1.000000000000000000e+00
-1.000000000000000000e+00
-6.670737678993190478e-01
-1.000000000000000000e+00
1.000000000000000000e+00
7.178493674803236857e-01
-1.000000000000000000e+00
3.173199530404196000e-01
2.394289369232511788e-01
-1.000000000000000000e+00
-1.000000000000000000e+00
1.000000000000000000e+00
-8.478166296432434468e-01
-1.000000000000000000e+00
1.000000000000000000e+00
-9.844875791594032144e-01
1.907546974867601886e-01
1.000000000000000000e+00
3.918143287121540475e-01
-7.361145109857385460e-01
1.831412594000935978e-01
1.000000000000000000e+00
-7.585346478226824285e-01
1.061235932520707692e-01
1.000000000000000000e+00
-1.262712045728805466e-01
8.312633002291626161e-01
-1.000000000000000000e+00
5.391403422835438358e-02
3.697846577029650916e-01
-1.000000000000000000e+00
4.807272241547360103e-01
1.000000000000000000e+00
-1.000000000000000000e+00
1.000000000000000000e+00
-7.912220928190931701e-01
9.678780835003841787e-02
6.003897344126494229e-01
8.315679763393912793e-02
1.000000000000000000e+00
6.958232365441745504e-01
1.000000000000000000e+00
8.862705843899070235e-01
6.227077032428420811e-01
1.000000000000000000e+00
3.938660398042492100e-02
-1.000000000000000000e+00
-3.236193223214018921e-01
1.000000000000000000e+00
-1.000000000000000000e+00
-1.000000000000000000e+00
-7.254321930858679268e-01
-1.000000000000000000e+00
-4.700936889391700291e-01
1.000000000000000000e+00
-1.000000000000000000e+00
-1.000000000000000000e+00
-1.000000000000000000e+00
1.000000000000000000e+00
-1.394936571389874536e-01
1.000000000000000000e+00
-9.935022473205473714e-01
8.019858221758011663e-01
1.000000000000000000e+00
-1.000000000000000000e+00
-6.085685328118086712e-01
-6.121945954907299647e-01
1.000000000000000000e+00
1.000000000000000000e+00
-3.384296369115853964e-01
5.091486224512420389e-01
-1.000000000000000000e+00
-2.732311749982904159e-01
1.000000000000000000e+00
1.000000000000000000e+00
-7.860162206843643862e-01
-1.050989086434708231e-01
1.000000000000000000e+00
1.000000000000000000e+00
7.433945309965888093e-01
-1.000000000000000000e+00
