-7.485818022243060366e-01
3.343427506645120229e-01
-7.990966161212074148e-01
1.091492789509772576e+00
8.940978630254854398e-01
-8.586064356868300385e-02
-4.095132392342090699e-01
8.853532181685537239e-01
2.040905297801173024e+00
5.885818591478674255e-01
3.917059557176139073e-01
-1.987030272740180070e-01
-2.715533080242372499e+00
1.164579259102945130e+00
1.814583722425995305e+00
-5.549434643613877505e-01
-4.138980920760313431e-01
9.057069141838991477e-02
-1.580698807890456026e+00
2.667108559790146050e+00
-2.014983479341212913e+00
-4.457179443365695271e+00
6.670433124264990576e-03
-4.766473321261213703e-01
4.606081050803959576e-01
-2.996854839890148448e-01
-1.216862470669818896e-02
-1.378389009968129963e+00
1.475634839070163740e-01
-7.964830008590692012e-01
-7.487884901872852161e-01
1.907922119756987334e+00
-3.242484661725443251e-01
-2.436316190750508204e-01
4.691691575682903625e-01
-5.008881362793041747e-01
-2.675121984114503526e+00
3.082087420936299171e-01
-7.031747886081158860e-01
1.952339000989663731e+00
-1.340570576444185091e+00
-4.090174884702659774e-01
3.446796127098201268e+00
3.858624139666329889e+00
4.041362546813467738e+00
-2.148491004245233760e-01
5.014057768031632278e-02
-1.359501271419186308e+00
1.897776820562274924e+00
-1.072111190028620875e+00
2.462033270423536813e+00
2.969417380685014596e+00
-3.491056723498524583e-01
1.350221355981153781e-01
-1.235267381889397553e+00
-1.557920891136048702e-01
-1.203775733770175771e+00
4.992833255732013198e-01
9.283800601836438293e-01
-8.945123233824480158e-01
1.199476145940246541e+00
-1.007994411353614339e+00
2.217692399627502198e-02
-5.069501147800128393e-01
7.837456092721941658e-01
8.120701257475579915e-01
1.736502470279871257e+00
-8.588472364377028878e-01
6.397093277319030324e-01
-4.183540714531737592e+00
-1.085150311018048708e+00
7.315227220349902471e-01
3.983703112065966057e-01
5.496380345752844843e-01
-2.464677100823372324e+00
6.490275915141778817e-01
6.206013393576612081e-02
8.565323921773599913e-01
3.068470256083531300e+00
-2.188895708193141498e+00
-4.566425476825587415e-01
6.235493255590363049e-01
1.183750357161543088e+00
6.700515268892656140e-01
-4.701429735213276118e-01
5.776136967612153228e-01
-3.296170306507898218e+00
-1.446164164075153913e+00
-1.768792799857383802e+00
1.224538683502154113e+00
-2.689584294388077002e+00
6.692172653501586854e-01
1.954401623199365723e+00
-4.009243037772374230e-01
-1.058192225822509380e+00
1.205744744995336237e-01
-2.180702085616710306e-01
8.097914843313025468e-01
2.109967622578405866e+00
-2.962193703940581013e-01
-2.047251520702512428e-01
-2.594024560788475764e+00
-6.400373936572198996e-01
-4.478906558611916999e-02
6.186675328169926047e-01
1.526802476177295365e+00
-1.885557331222159627e-01
-3.083248635442207952e+00
-1.825093431929409871e-01
9.957153132223365288e-01
-4.830952349847407179e-01
-3.964620523501417582e-01
8.907912187165366591e-01
-1.663850734474657811e+00
3.936339160306879581e+00
-2.981448894752772638e+00
-6.409729943720079426e-01
-3.136653782337475160e-01
7.943983663294489350e-01
-1.465692890134462134e+00
8.971085938358922540e-01
1.638071988750423369e+00
-1.006124756373308449e+00
2.577857716644331720e-01
-1.925436502435510233e-01
2.741389109907154342e+00
-1.324301800544447349e+00
-9.043957473151180704e-01
-1.646973904946007483e+00
-1.406831897964382128e+00
-4.339995960678876274e-01
-5.855826445596787888e-01
-1.168772357825810460e+00
6.037078872463763624e-01
1.030324705950673936e+00
3.358833247786245924e-01
1.753898953121717064e+00
3.487402680510356401e-01
-6.920208875697242412e-01
6.876562779370800627e-01
-9.873921404435785920e-01
-9.441624325938038353e-01
-4.498602715844026156e-01
1.383248823588312248e+00
-5.311434245950139577e-01
-1.683185264438114004e-02
-2.370174010162846567e-01
-6.817537994642797194e-01
3.830726496486758226e-01
6.802044397664546160e-01
-7.296240280447725546e-01
-1.409989483391574039e+00
1.078366066940807722e+00
-9.055407707178108057e-01
1.358856345557502454e+00
1.641098200244709204e+00
1.892288119520340040e+00
2.884852819914107247e+00
-2.844795941056270649e-01
-1.000000000000000000e+00
-3.220749178952565517e-01
-1.060564613089870489e+00
1.855661444131803783e+00
2.477581772054335829e-01
1.493110343114437022e+00
7.063220896488068279e-01
-3.391562849646947431e-01
6.566530227154222521e-01
1.225908086071785696e+00
1.069937027483836012e+00
3.319946800437238998e-01
1.337065349117759983e+00
-1.696071973603797911e+00
-1.330170910525289241e+00
-7.771868408987752108e-01
4.072651229105651360e+00
1.460075890439183510e+00
-8.677483172749639317e-01
-1.119047968282985916e+00
2.165473354670878203e-01
-1.216640019702494468e+00
-7.132899940029866492e-01
8.742195107030678036e-01
1.583053762481909654e-01
-1.637615329644326767e+00
-2.051152864383099406e+00
-8.567818570809492273e-01
1.048816603724851415e-01
2.621124374816192759e+00
-1.777538512291068962e+00
4.954634330514349205e-01
-2.685171892000368654e-01
-5.124020863317685359e-01
1.442600879828949356e+00
-1.287497960898986715e+00
7.947843637836988773e-01
-2.155063072458890172e+00
-1.377061256766878961e+00
1.681271305426419227e+00
-6.280483745601350698e-02
4.441373342454272288e-01
1.725353432873411585e-01
9.056230563525280441e-02
1.219398382215839627e+00
2.448093407106138208e+00
-3.553659365204293596e-01
-1.022224657263817615e+00
6.381830347374933821e-01
-1.422339297688542725e+00
-1.649847642687870319e+00
-3.653469250559415293e+00
1.087835050893919631e+00
2.095651697582509687e+00
1.134891607275974046e+00
-8.072949524426831225e-01
-6.173772688721712587e-01
-3.271243380065442796e-01
2.256276969801491727e-01
7.926117729511181764e-01
-1.718270758008586530e-01
1.165292334347869385e-01
1.203849841137014653e+00
-6.581603113269083316e-01
-4.142786146680832449e-01
2.500697184321172273e-01
5.523185588343999530e-01
4.425945788174008300e-01
7.601611053091412717e-01
-2.057823118072494406e+00
-2.632248575826172110e-01
-3.034981423187144145e-03
8.585409632958574955e-01
-1.182050402504033204e-01
-1.076289312942445009e-01
7.401916858188373194e-02
-2.117406204614203702e+00
2.362128396065793501e-02
2.139463429690040108e+00
-4.287892132907363818e-01
-4.923046474878572942e-02
1.402589610706286294e-01
-1.167795500061290292e+00
-6.703531049033812916e-01
-1.994432113423593833e+00
5.504603650592765351e-01
-2.682056827789943143e-01
6.571148809483450259e-01
-2.830578926261934636e-01
-3.749936981189756491e-01
1.849646679174206110e-01
2.299406149159839874e+00
-1.564883227172345848e+00
3.837721197820488372e-01
4.800206888357465562e-01
-2.477996177018520818e+00
-6.252523534879280698e-01
-6.663476728662920401e-02
4.365355257559833113e-01
-1.496735310248531237e+00
-7.180971805878642034e-01
1.000000000000000000e+00
1.355624824996067179e+00
1.744211021723169885e+00
1.029045018387558796e-02
-1.515180908434362372e+00
