1.056255047804173230e-01
6.802058078552248865e-01
4.797692301582212604e-01
9.322459736890160720e-01
-3.969484885922334172e-01
-4.291450332674608958e-01
-4.600362506222996917e-01
-5.242288204613518854e-01
3.855966855775938562e-02
-4.906419894999083375e-01
-7.360587718510158695e-01
-1.621830424268189130e-01
9.650011865270031741e-01
-4.827775040452935151e-01
9.924827297568705742e-01
4.963305636929522535e-01
-2.955438931562013316e-01
-3.775728268242994901e-01
-4.715268310302727084e-01
4.000653279506187765e-01
1.876429845289333542e-01
-9.303761482094101698e-01
-7.866836946772572947e-01
-4.650607451082551247e-01
2.996103792175710545e-01
-5.406339641819317698e-01
6.135435217469775715e-02
-8.997454668264548427e-01
-5.389630487019836380e-01
-4.940513039688725350e-01
-1.334143029554595294e-01
-5.011475614091318587e-01
6.453618890357997184e-01
-4.970443516889659907e-01
-9.711255661277913287e-01
7.240645397942955253e-01
9.883492397381803407e-01
9.162199438272360386e-01
-5.812676023257721258e-01
-4.062354937935837018e-01
9.885262287433915773e-02
9.148026706527554452e-01
5.837846161010484813e-02
-8.207228871640905865e-01
7.589040206990889104e-01
-5.886472646143294796e-01
9.618306182747016209e-01
8.335412168968856506e-01
-2.130899262316032772e-01
7.765679332426258519e-01
3.852965059376043389e-01
-2.795645087204470247e-01
9.967285035532036375e-02
-2.816360842779244145e-01
-8.850820113338695450e-01
7.733281009444150644e-01
-4.860552569842393478e-01
5.291337916769034422e-02
5.244347927812327281e-01
-3.768674626654540116e-01
4.096784388683096800e-01
-1.931620422506044044e-01
-7.437313531658107379e-01
1.623464597288968303e-01
-8.415148429785521689e-01
4.046034647568430564e-02
-2.513424971088062954e-01
2.399319853433368177e-01
-5.199332285280793275e-01
4.970647460211981006e-01
-6.379162634732749027e-02
-4.007094717910042458e-01
-5.821447458121862262e-01
2.567263375753525700e-01
2.554939665400035587e-02
-1.147118107890103822e-01
8.186423827958786426e-01
-8.847091901318484553e-01
-1.126106928615742131e-01
-4.255165168734562631e-01
-6.959523971344232507e-01
-5.094553529666843161e-01
-2.750691091513535191e-01
5.262496733141388550e-01
-7.991253042216786007e-01
6.569587177936710987e-01
-3.749081132032823227e-01
-5.377161119934623645e-01
6.620513177865885446e-01
8.163198545630916403e-01
6.453722372123336104e-01
5.753860919626627712e-01
-9.973287591570059174e-01
-3.916402935602925073e-01
9.305323967259704343e-01
-4.109787606682104855e-01
6.835728358744990185e-01
-9.225144425005518123e-01
8.386643969052236525e-01
-2.647256021289532413e-01
3.892296103254011541e-02
2.417875384817307349e-01
2.023477916029594592e-01
-8.498359427732988802e-01
-5.375872067574394286e-02
6.007373801943858282e-01
5.975372085786843090e-01
-7.852448797298838823e-01
-2.622114930320749160e-01
-8.972957809164845422e-01
-9.087153842542958770e-01
-3.358145774731835509e-01
5.561876582503508804e-01
-6.197653858557508055e-01
-1.796049909623318452e-01
1.090673129853605428e-01
6.328113399055004251e-01
-9.082779939109519862e-01
5.367589897982072422e-02
5.011002785996332420e-02
-9.685857758819746977e-01
9.294628241123878976e-01
-7.641817906457459841e-03
7.587889192314498654e-01
-9.633366586307543500e-01
6.571114330668428316e-01
7.196942815694042928e-01
-6.656281259152214691e-01
-2.626836039296311931e-01
9.888471888662246911e-01
2.265531554908684075e-01
-3.937313710638878916e-02
-5.545563964927335832e-03
-8.266225300559835176e-01
-9.214782906185812195e-01
8.113506052059444862e-01
-9.355075088757065505e-01
1.458119444110168583e-01
5.163809187367400799e-01
-2.332385651141777316e-01
3.855867389234157727e-01
-5.377274329955197274e-01
-7.731255184669190150e-01
1.186699925119059085e-01
-3.797037528825799590e-01
1.933138229702899835e-01
7.498363871308966200e-01
-2.499152137193894063e-01
-1.340465024448358466e-01
7.219552338837531558e-02
-7.351483281529829217e-01
6.118626366035464503e-01
-9.627741234771458601e-02
-8.953015222589275623e-01
-6.761990048542561027e-01
7.359067293513579244e-01
-5.773617288245045387e-01
-1.510851977777940558e-01
-1.084190644495000022e-01
-7.775688556953435082e-01
-4.761731685112779999e-02
8.239811375650580860e-01
-3.062595307171056547e-01
5.664287667015157623e-01
-2.755728805415358362e-01
-7.532878181829401054e-01
5.777205922635113566e-01
-9.052086336741778094e-01
-3.655749660429847836e-01
5.717070470601561816e-01
-2.906526194333156621e-01
-4.682456143320501418e-02
2.367605095136602333e-01
-5.909783882507078090e-01
8.644831481253036909e-01
4.305681900707378773e-01
5.904204773728700673e-01
5.527054604246144365e-01
-7.831772600018194197e-02
1.102448040351651226e-01
1.869454868074593712e-02
-2.118873188973331434e-01
6.420107627009004059e-01
-2.749775266818641484e-01
-5.282260181167532931e-01
-2.015451848883920150e-01
-6.483006331317255899e-01
-9.969234242075617480e-01
-5.198926465947755204e-01
8.817641104023119514e-01
6.367424144844646694e-01
-8.971628868605996399e-01
2.913500577508267853e-01
3.767623642355508728e-01
-7.112827306421831697e-01
9.571446365907239073e-01
-2.657467441975907008e-01
-9.178471106420205139e-01
7.818636106626226656e-01
8.780055158188417863e-01
3.407506407567606477e-01
1.561668678785186337e-01
3.997778083688996453e-01
9.684226841828558197e-01
-3.743839870431564520e-02
-8.208350594682904955e-01
8.882725235639397088e-01
7.546138271465152592e-01
-8.345593240797908319e-01
-9.621150621601048947e-02
-1.465444156009836352e-01
-7.030123321023140637e-01
4.665681219087782772e-01
-1.725353410439276480e-01
-6.458117502612679139e-01
-2.525405213177913666e-01
7.066997703546311627e-01
3.027015307557627821e-01
2.030002772164807290e-01
8.204238235986731631e-01
-5.974230977963015388e-01
8.253101008932850480e-01
-2.471998069858678537e-01
9.785793739577013373e-01
-8.232586836692146193e-03
7.829642730380041993e-01
1.765012421649632124e-01
-2.175257508841377252e-02
5.742806266643563085e-02
5.328852992531543098e-01
2.349325393230312642e-01
-9.769291580085188720e-01
-6.267812734213760173e-01
7.925832558708625353e-01
-5.702684609773911451e-01
8.298132463190071029e-01
8.035902656412685641e-01
6.667013660938860831e-01
6.662970477179921414e-01
-3.941988459998024830e-01
-6.568262710250747372e-01
-5.576684708001307111e-01
5.810788820657064591e-01
-6.343804404915718287e-01
-9.598092802367632626e-01
-5.989349230988549877e-02
4.669241037919842352e-01
-6.605807420699210120e-01
9.059186882379368644e-01
-7.176182002005411231e-01
7.664996107337462838e-02
6.440858328889360607e-01
-9.423309682204408233e-01
-2.609113376988954069e-01
-5.196783376116616004e-01
-5.795917600027122862e-01
8.557390169902907573e-01
8.727470341589604885e-01
8.612263389042875694e-01
-4.299069990196162649e-01
-4.284464877507689895e-01
-9.362504704104532838e-01
1.973183879627915527e-01
8.756386807473237610e-02
-1.155465454491846344e-01
