-4.818043058368026710e-01
-8.336613140793982524e-01
5.405961874256110633e+00
-9.883743792879422507e-01
-7.557617365527349307e-01
1.393182686365703749e+00
3.146886854442819403e-02
2.651347099480221736e+00
-4.800971778532623357e-01
6.473722600933329296e-02
1.434669404206356802e-02
-1.469796015264026590e+00
-1.721151256537924445e-01
4.725116871449559497e-01
-6.117984670388549873e-01
1.357657552502582465e-01
1.064053349083802447e+00
-8.465991966428113358e+00
8.814742524878877994e-01
-1.314566706445996491e+00
-9.058704108894726215e-01
3.138659920684981230e+00
4.062079374648233099e-01
3.711099521746745733e-01
-9.674699170968423800e-01
9.177977772089794817e-01
-1.411553022636710786e+00
2.108739331135378592e-02
-6.279029622772482888e-01
-8.488756682671247944e-01
6.844662514366020023e-01
-1.913653099323616713e+00
2.620333302272340958e+00
4.483697546473786488e+00
-3.490827990121458946e-02
-6.219313819533092147e-01
-3.733021631762964976e-01
6.831034747458637479e-01
9.839989466652756533e-01
8.187872384197405484e-01
-3.144923069710777952e+00
9.203455752009357393e-01
-2.964895411645555257e+00
6.148035959042092991e-01
-2.029731447207505202e+00
4.591114970746217328e-01
1.726532181012171430e+00
4.727328927111889012e-01
1.588409815986557838e-01
-1.060276266718827021e-01
1.650452105707882478e+00
2.036406254666749405e+00
2.343078424303530749e-01
-1.151115302373297844e+00
1.128826575550376798e-01
4.770627763807506749e-01
-2.705620968894626444e-01
4.484891644076796080e-01
-3.441097051398489537e-01
5.104069311177215074e-01
7.437322065609343724e+00
1.666688037609941109e+00
-8.760278111234005571e-01
-4.291048145442211137e-02
-4.088571630641346655e-01
-6.610757868936311121e-01
-3.725387767999909228e-01
9.920829504305412883e-01
-4.585342067323876503e-01
-8.701580065977643219e-01
4.062232557739831051e-02
-1.504489915558560043e-01
1.396301372272670482e+00
-8.911845675418548218e-01
-7.846950289629220920e-01
6.429931703371545293e-01
-2.625963371962591886e-01
6.086594531837605793e-01
-8.440510975509900593e-01
8.391294042889922977e-01
5.953773568868405697e-01
-1.261088906472020987e-01
-9.588367775080892663e-01
-6.876996259842760306e-01
9.554847653947582398e-01
-6.242327770663997910e-01
4.579136445435560976e-01
-1.502197536015345836e-01
-1.046968830042382947e-02
4.812607554690246925e-01
-3.899751335218387682e-01
2.379086039101911965e-01
-4.163779003824343850e-01
8.682545385250355352e-01
9.966613709577920588e-01
2.405735217453910835e+00
9.131281932846440075e-01
-1.034181107655724741e-01
-4.531672406300226719e-01
1.371717354891487828e+00
8.591275179080464230e-01
-4.032218005907737268e-01
1.946552086191839948e+00
6.006155322160378063e-01
-3.696388837820622220e-01
1.290423709103226901e+00
-8.377043572426272622e-01
9.368500608070081670e-01
-5.048548331912096065e-01
-7.791743597569222857e-02
8.237895465555618024e-01
-1.690680029902196235e-01
7.792155066846095934e-01
-5.844051663173549516e-02
-1.022517325440305935e+00
1.327998755043210410e-01
-2.503078075742952713e+00
5.567697684569070660e-01
1.048654256660744188e+00
5.713026252737729571e-02
-6.850971575140674119e-02
7.659896247723394502e-01
2.420691657956084875e+00
6.486805974284526322e-01
-2.819420030908341701e-01
6.782052542304657372e-01
1.425279246837911629e-01
-2.668355025585650520e+00
-2.054954508364290611e+00
9.954259209824488641e-01
6.624615924355792274e-01
-1.488078127338121615e-01
3.721465360582911774e-01
-5.161293119313101752e-01
-7.536740343602088554e-01
-1.295531573457569419e+00
-2.879237465621398151e-02
8.994785598108532287e-01
3.494944753802855519e+00
-9.744259045488790072e-01
4.844003019530929155e-01
8.912961561419754375e-01
-7.460291473416571506e-01
1.405732445264031849e+00
-8.431205363314605572e-01
-1.001393212258895549e+00
-4.630883154489515707e-01
-1.292311909424692096e-01
1.655451324130099433e-01
-3.852266090770117835e-02
-3.456334629315212514e-01
2.890911775024767039e-01
-2.263606405379636755e-01
3.016478819364110109e-01
-9.289654620322762568e-02
7.043501460965733152e-01
-5.999423254218281265e+00
-1.401828272145244636e+00
-1.062555888265519055e+00
3.543176073831551420e+00
-1.621385358518796505e+00
-2.254180184351109784e+00
6.163965903011342506e-01
-3.427803425592916287e-01
1.060115807251250875e+00
-9.428158485725645077e-01
-1.662093238407807760e+00
1.505457444206638407e+00
-2.784314357251316263e-02
1.133214901939272323e-02
-3.316845606212976971e-01
-4.683792366613828140e-01
-6.762037218284142615e-01
3.103290343376217120e-01
2.033965405447505370e-01
-5.208467859470033989e-02
-8.435728634544155113e-01
-6.426796064649641371e-01
8.772469012350634365e-01
2.965483998348670269e+00
-1.275537195293714676e+00
4.599584389731843359e-01
-3.194182048264323504e-01
-1.142596615503909785e+00
1.978368149637200979e+00
-1.941459115390655743e-01
2.621350110245046494e+00
-7.301692026128427937e-01
-4.462135059785299340e-01
7.588200962201305799e-01
-5.421442300380558965e-01
-2.797491969162273495e-01
9.574191711045876296e-02
-1.886988060942956347e+00
3.369016196394993834e-01
3.298124572243321673e-02
-1.156930751040655014e+00
-7.171243677168426256e-01
1.925769365270856959e+00
-1.160244470385956017e-01
-6.680683961686828543e-01
-5.378824364651125123e+00
2.269557456669790696e-01
-2.119717561338737788e+00
-1.303969391627763486e+00
-4.762889137793864247e-01
-1.122406589885946770e+00
-1.834019937438398085e+00
-4.459457188055548915e-01
3.923962387580484101e-01
6.151819290127735762e-01
-4.762860163313312190e-01
1.551598918529296212e+00
1.726271910731200343e+00
-8.007257176823243672e-01
-2.575731928533644854e+00
1.939633832633591570e-01
-2.783630022363816625e-01
8.693457027010542681e-01
-9.602974476836041440e-01
-1.062132830082334056e-01
-1.236186359163798265e+00
8.681767957300134952e-03
9.214891087193088914e-01
-3.050709182010424847e-02
8.797852518236093378e-02
1.417188046716361338e+00
-4.344929320327706179e-01
-5.259254271619808740e-01
-8.074384680624938637e-01
-2.970895910615412028e-01
-8.728686915374233024e-01
-9.631833296042398018e-01
-2.052378932922227506e-02
-1.532544567783628908e+00
-6.758453568388014254e+00
-4.143908543597767391e-01
-9.049806995487119643e-02
1.295981209057903705e-01
7.730487118263036361e-01
1.037185423909898763e-01
-1.759268833881344030e+00
2.846802375092674087e-01
9.110613478277267419e-01
-1.401967700804511496e+00
-3.245924749299605061e+00
-7.539659747786842114e-02
7.046354457877102018e-01
4.641693164987686915e-01
7.397858223677733491e-01
-5.156289541889189643e-01
6.518534666778750264e-01
-3.509465900421850915e-01
4.771475308432872708e+00
-6.608829057950538211e-01
-4.723077703551730178e-01
4.180073825317300873e-01
-4.073994299980763234e-01
-3.290221660162111483e-01
-1.038319918559126087e+00
9.460735125511170462e-01
-4.575625152352773561e+00
6.597413650044290367e-01
-3.646927460042430624e-01
-1.890986152590471647e+00
