-5.793620677814538267e-01
-4.154407779778410692e-01
2.312568084657546374e-01
1.231695869508987184e-01
-1.000000000000000000e+00
1.000000000000000000e+00
-4.546991508393836146e-01
1.000000000000000000e+00
1.000000000000000000e+00
-4.253910380187971851e-01
1.000000000000000000e+00
1.810810244430137161e-01
5.724292830547139665e-01
-2.091108843795648209e-01
4.002300913000005345e-01
-5.170836382506578399e-01
-9.917983775950258707e-01
-1.000000000000000000e+00
1.000000000000000000e+00
-5.971944593556635095e-01
4.242523882798290291e-01
6.048234545387571881e-01
7.507093235010513510e-01
-9.691495775048444283e-01
1.606762168124533097e-01
1.000000000000000000e+00
1.000000000000000000e+00
-9.726283326829723297e-01
-1.000000000000000000e+00
-3.802402604503964945e-01
1.000000000000000000e+00
-2.657271894994468475e-01
-1.507419854382330837e-01
-4.695000814075063200e-01
-5.339217067606831790e-01
1.105840507276514839e-01
-1.000000000000000000e+00
1.000000000000000000e+00
-7.609050214391577249e-01
-3.538697141974048166e-01
-6.275037002979422240e-02
-1.000000000000000000e+00
1.000000000000000000e+00
-1.356241231676167391e-01
1.000000000000000000e+00
1.000000000000000000e+00
1.000000000000000000e+00
-1.000000000000000000e+00
-4.310954931654868982e-01
-4.040046359915032692e-01
-7.512670550020317251e-01
-1.000000000000000000e+00
8.272349004750100265e-01
-6.161161319025778571e-01
4.831514437884965041e-01
-5.685942802690406861e-01
1.000000000000000000e+00
-2.567482715439015628e-01
-1.162409706878526627e-01
-1.577534530365798382e-01
8.760945301732963042e-01
6.880979809179388340e-02
5.203696516715065057e-01
5.288523481034812512e-01
4.491631344974966744e-01
2.355402649303760532e-01
-2.882140446320116123e-01
1.000000000000000000e+00
-3.109284696291889638e-01
8.056127051015282703e-01
1.000000000000000000e+00
-9.097945803406062293e-01
1.000000000000000000e+00
-8.895741919663404662e-01
-5.572400223448351064e-02
-8.174277569060117710e-01
-4.408220425877416582e-01
-4.159305701390235699e-01
1.000000000000000000e+00
1.000000000000000000e+00
2.344432150810077109e-01
-3.285403170806899809e-01
-8.816996379836896658e-01
-3.547660666664504969e-01
-9.553944595493620850e-01
2.464773958051937608e-01
1.000000000000000000e+00
-1.000000000000000000e+00
-6.599292870470718775e-01
1.000000000000000000e+00
-4.651508621291550738e-01
1.000000000000000000e+00
-1.000000000000000000e+00
-6.843291636352764051e-01
-4.928749606950807438e-01
-1.000000000000000000e+00
1.000000000000000000e+00
1.000000000000000000e+00
8.946396666682803200e-01
-1.000000000000000000e+00
-8.833180124631265784e-01
-1.000000000000000000e+00
3.447486795569387752e-03
3.745558608772014964e-01
-3.372291831429241604e-01
1.000000000000000000e+00
7.221519208283051494e-01
8.406694622842905140e-01
9.814747555980953830e-01
1.000000000000000000e+00
1.000000000000000000e+00
7.850978923685825173e-01
-2.219213568312139451e-02
4.623655210609971533e-01
-1.000000000000000000e+00
8.107422755441152651e-01
-8.597984412511217034e-02
-1.000000000000000000e+00
-1.000000000000000000e+00
-5.352399907844189730e-01
-2.429945879895397953e-01
-4.098249511276133017e-01
4.809938349253572998e-01
7.563183007217115783e-01
5.949149891141869428e-02
5.345002747362290751e-01
1.000000000000000000e+00
-2.924135302601188480e-01
-6.637337113887745721e-01
2.300882579187985555e-01
1.000000000000000000e+00
2.771379759763496486e-01
-2.350133932207487675e-02
-4.768558054705911431e-01
4.982182752841176065e-01
7.877105602992726663e-01
-1.000000000000000000e+00
-1.000000000000000000e+00
-7.647496171046905822e-01
-3.509241062721102367e-03
9.262562320174835273e-01
-8.774775351892420971e-01
1.000000000000000000e+00
-9.175761509548213679e-01
2.726738531807009203e-01
6.392069110094001916e-01
4.247117691113433402e-02
-1.000000000000000000e+00
5.224661397287428954e-01
-5.953479375308878829e-01
1.000000000000000000e+00
9.901530371688085364e-01
1.000000000000000000e+00
1.000000000000000000e+00
5.684941317805913830e-01
-1.109755631356024175e-02
9.049316015764181653e-01
-9.852568005650456096e-01
1.000000000000000000e+00
1.000000000000000000e+00
-9.287404500310501021e-01
-8.390808403898648571e-01
1.000000000000000000e+00
-6.015228143814366213e-02
-1.470634383039710613e-01
-6.160444863130639659e-01
5.029232721463876565e-01
-4.258850175475785704e-01
5.387457923745665456e-01
-1.000000000000000000e+00
8.485352046028790118e-01
6.281427417096434596e-01
1.000000000000000000e+00
1.000000000000000000e+00
-4.300829089122952809e-01
-1.547094867228639981e-01
1.000000000000000000e+00
-1.000000000000000000e+00
-8.754271019207316984e-01
-1.000000000000000000e+00
-1.000000000000000000e+00
-6.502515185873813941e-02
-8.118431591815058468e-01
8.886338240680717870e-01
1.000000000000000000e+00
5.689376736531335244e-01
-1.000000000000000000e+00
9.172781960049807282e-01
8.075529019452307722e-01
1.000000000000000000e+00
-1.678017253896707528e-01
-4.807468425751681984e-01
-1.424959937588964332e-01
-1.000000000000000000e+00
5.472758217754036814e-01
7.265750991357606825e-01
1.803334122268041018e-01
-1.860972117940817849e-02
8.231850669744681381e-01
-9.330038253660033476e-01
9.881332070820112445e-01
7.917439486129908000e-01
1.763638545034938998e-01
3.118086632870145092e-01
1.000000000000000000e+00
9.151545067659117016e-01
-4.410735216302530404e-02
-1.000000000000000000e+00
-4.231473599030144417e-01
-1.000000000000000000e+00
-4.000261989493589243e-01
1.000000000000000000e+00
3.487537072115812209e-01
-1.000000000000000000e+00
7.859620967756844045e-01
-8.777959165994321244e-01
-1.000000000000000000e+00
8.862804196003718493e-01
9.787183793935494425e-01
-1.340095138613268677e-01
-8.232379771564779514e-01
2.663062786147616934e-01
6.923100777329509459e-01
3.896216677760889202e-01
3.553050960923770374e-01
1.000000000000000000e+00
-1.000000000000000000e+00
1.000000000000000000e+00
8.005567501970813904e-01
-1.000000000000000000e+00
1.000000000000000000e+00
-1.000000000000000000e+00
1.000000000000000000e+00
1.000000000000000000e+00
-1.000000000000000000e+00
-4.689103692230824905e-01
9.756441883828066430e-01
1.266609582317695937e-02
-1.000000000000000000e+00
-1.000000000000000000e+00
-1.000000000000000000e+00
-6.718792445651686762e-01
1.000000000000000000e+00
1.000000000000000000e+00
7.910411618055588345e-01
2.621118694404864780e-01
3.141061315750641181e-01
7.643590044491954671e-01
4.374557110296019014e-01
-1.000000000000000000e+00
1.261080959475361363e-01
-6.650728588590666401e-01
1.000000000000000000e+00
-6.491876672557151950e-01
-1.000000000000000000e+00
1.000000000000000000e+00
1.000000000000000000e+00
-1.000000000000000000e+00
-9.852830606198170749e-02
-1.000000000000000000e+00
-6.763188479795806396e-01
2.978915020811628844e-01
1.000000000000000000e+00
8.624673556240933792e-01
9.879943524493352003e-01
