-6.687386192348432346e-01
-4.997896611136809497e-01
-2.436026812888478776e-01
-4.851349858668161374e-01
-1.000000000000000000e+00
-1.000000000000000000e+00
4.514484153746822770e-02
-1.000000000000000000e+00
4.909793044947390328e-01
-2.004793221501344203e-01
1.000000000000000000e+00
8.224748980484881677e-01
5.602249516596295997e-01
9.725495338739279516e-01
1.000000000000000000e+00
-9.267024347285339747e-01
-1.397784263377104264e-01
4.330977861239142523e-01
-3.920487742617093652e-01
3.574638177515756521e-01
1.000000000000000000e+00
1.000000000000000000e+00
-6.056257382388272603e-01
-7.339162045134339785e-02
1.000000000000000000e+00
-7.798401586220846671e-01
-8.692600991521926002e-01
-2.182355051174567906e-01
7.535165257284945906e-01
-8.369799245017859324e-01
-8.222926359507404248e-01
-5.022557143498425081e-01
-8.725221258504531896e-01
2.511458128470506757e-01
-5.669286195037017695e-01
8.395991960224867823e-01
1.000000000000000000e+00
5.266801277006845083e-01
2.457926195886911414e-02
-1.000000000000000000e+00
7.966457309436765222e-01
-5.880684121543777731e-01
-6.063335130377389692e-01
9.904789856862934450e-01
1.000000000000000000e+00
8.039719365835502618e-01
-3.539410542786523006e-01
5.731748713370801163e-01
5.227483882268784132e-01
-1.000000000000000000e+00
-4.087475572337764262e-01
-5.006652184555296925e-01
-9.835182362582239879e-03
6.743752620731260361e-01
-3.023493592684722842e-01
-1.000000000000000000e+00
-3.073195435178637247e-01
-3.178388145540034238e-02
-1.377974688246754731e-01
-7.032890272166572587e-02
1.000000000000000000e+00
1.000000000000000000e+00
4.334977582096792847e-01
1.000000000000000000e+00
5.880313905688083764e-02
1.000000000000000000e+00
1.965707842285995544e-01
1.000000000000000000e+00
7.583442279905925343e-01
4.247083059577532183e-01
9.216326993601062778e-01
1.000000000000000000e+00
-1.000000000000000000e+00
1.000000000000000000e+00
-8.193045936513860816e-01
-1.000000000000000000e+00
8.360765601176454176e-01
9.009995856546682003e-01
-7.741767868376532302e-01
4.490221551008510836e-01
-8.741413112993036139e-01
-5.171716828548111877e-01
8.431971212568158958e-01
2.159213253195673143e-01
-3.317768453653873184e-01
1.000000000000000000e+00
-9.887670335679976663e-02
-7.009218856025114519e-01
4.944968472940173831e-01
-3.068124684703166238e-01
-7.536252497157975849e-01
-2.902586153429539406e-01
1.000000000000000000e+00
2.835463959907127407e-01
-4.093591670482281675e-01
-1.240749542565103836e-01
-9.129904930900722970e-01
1.280010262287663014e-01
-9.597687221778610223e-01
5.522322276827882348e-01
-3.582459337523229426e-01
-7.395407528066528791e-01
1.723261386135096496e-01
9.486403008588186747e-01
1.000000000000000000e+00
-3.598670338981417860e-01
3.138195498095399660e-01
4.093518144364547418e-01
-6.963505625671329025e-02
-9.519315922889748371e-02
-1.580862109029539386e-01
7.044896926514343516e-01
3.302779841027084218e-02
1.785986280555449390e-01
-8.488258654150427907e-01
1.212280420196234498e-01
9.957765064195527316e-01
-8.950994048020317617e-01
1.000000000000000000e+00
1.000000000000000000e+00
4.670281110798122359e-01
-3.258986782324874154e-01
1.000000000000000000e+00
9.195491680522884792e-01
-6.884318136116653886e-01
1.000000000000000000e+00
2.901891974796895202e-01
1.000000000000000000e+00
-5.144277008106903359e-01
4.111820961529115692e-01
2.480612312532839425e-01
1.897863588560584347e-01
5.508691385182868938e-01
9.656157016658803993e-01
-3.432319291864841526e-01
2.402964847607218513e-01
4.800684088100980462e-01
-1.000000000000000000e+00
-3.452271226977687846e-02
3.876819301613885216e-01
-7.972363023041455499e-01
-4.528384630648396580e-01
-3.622732338958413179e-01
-3.744169318998402662e-02
-1.000000000000000000e+00
5.434232831253478224e-01
3.414415118509615821e-03
-6.681981021206376825e-01
-2.555359884169841056e-01
-7.857235383330847256e-01
5.419153917053673997e-01
-2.600516153260998831e-01
7.600421366984146943e-01
-1.000000000000000000e+00
8.664020583254721242e-01
-2.560628423014555954e-01
6.900227837576946577e-01
-9.331029496625766750e-01
-6.607035585849387882e-01
7.529114802230723047e-01
1.591316648794842692e-01
9.940972808464751953e-01
7.322596848128428704e-01
-7.491491380162347280e-01
-1.000000000000000000e+00
1.000000000000000000e+00
-1.000000000000000000e+00
1.658518462204865429e-01
1.000000000000000000e+00
1.000000000000000000e+00
6.883498076212326566e-01
-1.000000000000000000e+00
6.063670921648421919e-01
1.197831571231672415e-01
-1.000000000000000000e+00
-8.462652521940585704e-01
2.445777687066439388e-01
-8.219657157606788944e-01
-1.000668986089241486e-01
-7.176396342779143289e-01
9.556517286285768353e-01
-1.000000000000000000e+00
8.483309423095635182e-01
-8.192780735550819760e-02
1.000000000000000000e+00
1.000000000000000000e+00
-1.161569898581317206e-01
-2.545260660320538756e-02
-1.328026224788911858e-01
2.670608571495628469e-01
7.482316172977345747e-01
3.611714658526792299e-01
8.018843730841866968e-01
5.068616988872651774e-01
6.464224875208854915e-01
-1.766555366532389648e-01
9.663876104395843214e-01
-1.000000000000000000e+00
1.847037890870251164e-02
-1.000000000000000000e+00
-1.000000000000000000e+00
2.942756906953281071e-01
-1.000000000000000000e+00
-4.155779629039701994e-01
-2.571254819704149597e-01
-9.871149881899239364e-01
2.403351604704928590e-02
1.000000000000000000e+00
-5.746107284542572025e-01
-4.770212373760085445e-01
-1.936290134768816618e-01
-2.660198324479357557e-01
-6.375776911104171774e-01
2.911658231389831486e-01
8.118980147284636795e-01
-3.658357709900017518e-02
-1.000000000000000000e+00
1.000000000000000000e+00
6.261055326274064248e-01
-1.000000000000000000e+00
-4.441670126076231462e-01
-1.000000000000000000e+00
1.831697485630314759e-01
-2.786511079710074501e-01
1.000000000000000000e+00
-1.000000000000000000e+00
-5.516698109563710206e-01
1.000000000000000000e+00
-7.359198709106806735e-01
-1.000000000000000000e+00
-4.423252707358460434e-02
8.107193134782851862e-01
8.017693005054754574e-01
1.000000000000000000e+00
6.038364507973417172e-01
9.644852498062883583e-02
-3.062295704278426012e-01
-1.652356791628222243e-01
4.839918730456344020e-01
1.826821968909487781e-01
-1.000000000000000000e+00
7.627314403788404418e-01
9.469310254019496220e-01
1.000000000000000000e+00
7.001814880158443444e-01
-7.783864176245389732e-01
7.500844530971688684e-01
4.585526476151287611e-01
2.123518107860463688e-01
7.430312255656168485e-01
4.463465288558041699e-01
1.000000000000000000e+00
1.000000000000000000e+00
3.134029873268414645e-01
-4.441047603499528318e-01
8.006157915368770084e-01
-4.304679200755341384e-01
9.310346991660864990e-01
-6.633311186894919054e-01
5.782708292542098061e-01
-2.631519798533027421e-02
-3.799483972687686673e-02
-5.538453702679518864e-01
7.610582552276985435e-01
-5.828943126829695398e-01
