-1.563441714718407649e+00
1.955447498983644561e-01
3.195821403608211764e+00
2.512007866718072968e+00
-8.842729037545185022e-01
1.005864738724819407e+00
-1.238977007697996680e-01
-1.000000000000000000e+00
-2.032782306857201071e+00
-1.000000000000000000e+00
6.208781388458586292e-01
1.000000000000000000e+00
-2.548952563382916647e+00
1.000000000000000000e+00
-5.987529113767282585e-01
2.031334761983806914e+00
1.334415898066868333e+00
-1.908298974912198132e+00
-1.000000000000000000e+00
-1.000000000000000000e+00
2.216808689280199474e+00
8.700774324068823173e-02
-7.251849149870217559e-01
-1.543800948038103193e+00
9.314112791368729383e-01
2.341898162679669770e+00
-6.335620763915724929e+00
4.348645041202612305e-01
-3.730662976773754247e-01
-1.052378673947137244e+00
4.742826912407857698e+00
-1.000000000000000000e+00
-6.434647947689424718e-01
-1.357704409784086241e+00
8.575439305877898821e-01
-3.960833054823844623e-01
1.000000000000000000e+00
-2.626201982256564094e+00
3.309717668228540077e-01
2.342138461745762457e-01
1.998996654774741089e+00
-7.816112615473446157e-01
-3.427485962653943119e+00
3.177327446065225658e+00
3.656456186846437917e-01
-1.000000000000000000e+00
-2.480787843512691104e+00
2.751933699266258859e+00
-1.000000000000000000e+00
-1.000000000000000000e+00
1.811686925719833141e+00
-1.033681015848106899e-01
-1.000000000000000000e+00
-6.471582014799225346e-01
1.000000000000000000e+00
3.263258618104182940e+00
1.000000000000000000e+00
-1.954877541613364578e+00
-1.320411321387903625e+00
8.191434017525952571e-01
-2.708623414955588782e-01
1.000000000000000000e+00
1.700262975199874571e+00
1.345322711462041632e+00
-1.000000000000000000e+00
1.229683624605788506e+00
-4.898422883027819807e+00
-1.000000000000000000e+00
1.127504465360216201e+00
1.376219156862377169e+00
-6.201809020537220718e+00
4.909539106595647295e-01
-1.054074157228654274e+00
5.063655619600246904e-01
-1.062859899630030691e+00
1.000000000000000000e+00
1.000000000000000000e+00
1.026245286255882405e-01
-1.342260849759070451e+00
1.783133170899130704e+00
-1.000000000000000000e+00
1.462653326285434652e-02
8.154249494699632450e-01
-2.227232704815787834e+00
1.000000000000000000e+00
-3.406695318363872071e-01
-3.220597607323861800e-01
-4.868256604823297806e-01
-2.760513115484024560e+00
-2.293461748094065111e+00
-8.418620728920879204e-01
-4.181734980093805287e-01
-1.000000000000000000e+00
1.000000000000000000e+00
-1.713633234405512518e+00
4.996529074235955825e-01
1.413445082770199202e+00
-2.552656955066368916e+00
-3.560178602966344030e+00
6.307810234717686759e-02
2.901034841110971207e+00
2.155819909197473905e+00
8.513816539367526914e+00
-2.295849815709816166e+00
-6.337827079768532101e-02
1.373659504038256873e+00
-1.000000000000000000e+00
1.947866105919531021e+00
-1.134294467249455707e+00
8.170690819552925421e-02
-1.000000000000000000e+00
-3.591325709586670634e+00
-2.122877722442883641e+00
-3.624681304775150270e-01
-1.000000000000000000e+00
-3.187334787497291266e-01
-3.412415734577979531e+00
-2.420574945883746665e-01
-8.841353456116716192e-01
3.327816137450224865e+00
4.849142286791802148e-01
-1.000000000000000000e+00
-7.009236814024056850e-01
2.392428412799153747e+00
3.617729784027676754e+00
-8.375348621748619493e-01
-4.963367359086709452e-01
-7.384893617646017816e-01
-1.712067816505465689e+00
-3.999260935681512308e-01
6.659599333478400496e+00
1.000000000000000000e+00
-4.095019282168468333e-01
-1.000000000000000000e+00
-1.000000000000000000e+00
5.282386474432244627e-01
5.123015517985114453e-01
4.292944545626255604e+00
1.221667447543389740e-01
-3.445162966583313890e-01
-3.114868854777916862e-01
-3.379508301810356663e+00
9.120496503877446592e-01
-4.886638966337119028e-01
9.278571870333968130e-01
-3.155174099482108030e+00
-4.626469532205563340e+00
-6.276316691547207949e-01
9.987991465281765846e-01
-8.947960408671051802e-01
8.038457324127928905e-02
1.000000000000000000e+00
3.596171734934391129e+00
-1.000000000000000000e+00
1.864481993900575230e-01
-1.000000000000000000e+00
-7.737620272102452290e-03
-1.000000000000000000e+00
-1.000000000000000000e+00
1.000000000000000000e+00
-1.834814557208867658e+00
-3.146622507857500306e+00
-1.582555321608226651e+00
-1.171655158638862160e+00
1.000000000000000000e+00
-1.000000000000000000e+00
-8.919766019446397909e-01
-3.336302408505723793e+00
1.856465820497716468e+00
3.287933257434413337e-01
1.000000000000000000e+00
1.000000000000000000e+00
-2.350133829048731915e+00
-1.000000000000000000e+00
2.004858051448928702e+00
-1.425804710109921380e+00
3.198402010880924795e+00
-5.128152674202561823e-01
-1.000000000000000000e+00
2.547057424249113300e+00
-1.000000000000000000e+00
1.756469779419959742e+00
-1.000000000000000000e+00
1.032584958844656592e-01
1.000000000000000000e+00
-7.120752845209596948e-01
1.000000000000000000e+00
1.000000000000000000e+00
-1.000000000000000000e+00
-2.314400248921065995e+00
-1.034138990823301185e-01
-6.545954190717172549e-01
3.808835808089310326e-01
-7.640333173699276337e-02
-5.710854286267874613e-01
1.007627395854951979e+00
2.696657696210860600e+00
-1.285061784450208133e+00
-1.000000000000000000e+00
-1.000000000000000000e+00
-1.000000000000000000e+00
1.159129988030468850e+00
1.000000000000000000e+00
-1.000000000000000000e+00
-1.000000000000000000e+00
-5.958902085951359062e+00
4.718193024620410903e+00
-6.213199294580596721e+00
1.973280555736731001e+00
-2.225255190809550143e+00
9.842938489187739171e-01
-2.685006790404926402e+00
1.889940849949767632e+00
4.742326311286712559e-01
2.660128375435795167e-01
1.517550925457572530e+00
-7.842168191298808821e+00
-4.405404844195492942e-01
1.000000000000000000e+00
2.744219952736459245e+00
-7.404387184422181467e-02
1.890160712363770035e+00
-1.000000000000000000e+00
-4.943393810475315675e+00
1.000000000000000000e+00
3.491103713935455932e+00
7.476038434739847860e-01
-4.252917533658846061e+00
1.000000000000000000e+00
-5.317029579511542980e-01
1.000000000000000000e+00
2.165069247585417411e+00
1.474959488136856622e-01
-2.680269889501685654e+00
-1.000000000000000000e+00
3.684381254601114541e-01
4.670591884202272004e-01
1.000000000000000000e+00
-1.000000000000000000e+00
-2.234238022372238008e-01
2.773758310242739000e+00
1.000000000000000000e+00
3.831350195673661307e+00
1.000000000000000000e+00
-5.129787240811586102e+00
1.531540787315203822e+00
1.000000000000000000e+00
2.250591380637962491e+00
-2.335682099596502415e+00
-1.000000000000000000e+00
-2.687108540614076002e+00
1.013592582607748538e+00
6.215565477683275830e-01
1.000000000000000000e+00
5.265885119489290833e-01
1.000000000000000000e+00
4.294429014510441345e-01
-1.000000000000000000e+00
-1.330588493942786776e+00
-1.000000000000000000e+00
-9.175324516546065068e-01
1.000000000000000000e+00
-2.395891030772629549e+00
5.865795188878778710e+00
-1.978238324392052938e+00
