2.672994396655012928e-01
2.520591192558940818e-02
-1.000000000000000000e+00
1.000000000000000000e+00
5.197858647113202668e-01
1.000000000000000000e+00
5.116748553236729613e-01
4.437385836258068705e-01
-6.435608732159391332e-01
-1.000000000000000000e+00
1.000000000000000000e+00
3.465840803289008676e-01
-5.469240679595137600e-01
-1.000000000000000000e+00
-6.677216108770265279e-01
-3.579309016799170351e-02
-6.637139420906207343e-01
-1.492152119023203993e-01
-8.573309947461431602e-01
-1.000000000000000000e+00
1.000000000000000000e+00
-1.000000000000000000e+00
-1.000000000000000000e+00
-3.931712252188708234e-01
8.631632055516231805e-01
2.762446126312694261e-01
-6.373177339395130758e-01
-1.000000000000000000e+00
7.173757643147788965e-01
-1.000000000000000000e+00
-5.243552056131921546e-01
-1.000000000000000000e+00
-1.000000000000000000e+00
-3.506459175014903229e-01
6.117164371972240167e-01
5.619345104541723090e-01
1.000000000000000000e+00
7.532354033664627746e-01
9.252696481423615671e-01
-1.000000000000000000e+00
1.000000000000000000e+00
-1.000000000000000000e+00
5.642829978107576361e-01
1.000000000000000000e+00
1.015636473867709277e-02
-1.000000000000000000e+00
-5.245306297413808716e-01
-4.709039105708049400e-01
-7.459733130587449246e-01
5.417121543889962254e-01
1.000000000000000000e+00
1.000000000000000000e+00
9.447424464652154352e-01
-7.089216979006640607e-02
1.631937380968266904e-01
6.826571080172960659e-01
5.574221646318053836e-01
-2.254580469175833102e-01
-1.000000000000000000e+00
-1.000000000000000000e+00
-2.122033098381049809e-01
-1.000000000000000000e+00
-1.000000000000000000e+00
-5.002440683191750059e-02
-1.000000000000000000e+00
-1.000000000000000000e+00
1.000000000000000000e+00
4.200541910937573564e-01
-1.000000000000000000e+00
-3.959714262532912366e-01
-7.334403407836203037e-01
1.000000000000000000e+00
-1.000000000000000000e+00
-1.000000000000000000e+00
-7.788743537195772504e-01
-4.574213667112065895e-01
-1.000000000000000000e+00
-1.398359671337330301e-01
1.000000000000000000e+00
-9.982915201545385919e-01
-7.427637242603069012e-01
1.000000000000000000e+00
9.689392971677045496e-01
1.000000000000000000e+00
1.000000000000000000e+00
-1.503868458039681055e-01
-5.245908297938139953e-01
-2.524749324934161265e-02
-1.795349406940484061e-01
1.000000000000000000e+00
1.405677548880190919e-01
7.365773519088694155e-01
2.018614743003050993e-01
4.679468648359759730e-01
-1.671622055104723947e-01
1.173106907586642933e-01
2.040463136385210208e-01
8.315814708415957268e-01
-1.000000000000000000e+00
2.827875388779190757e-01
-1.000000000000000000e+00
1.000000000000000000e+00
-9.996416565425381151e-04
7.154920625821548086e-02
1.206056728587112659e-02
2.585429035274628418e-01
1.000000000000000000e+00
3.312207065828813857e-01
1.999006267651397550e-01
2.997454009627161797e-01
1.000000000000000000e+00
-1.000000000000000000e+00
4.414509964789028462e-01
-1.000000000000000000e+00
-5.069216263574083392e-01
6.024795357801644435e-01
2.927523102498781338e-01
1.000000000000000000e+00
-9.644468818468858728e-01
-1.000000000000000000e+00
1.000000000000000000e+00
1.000000000000000000e+00
-1.000000000000000000e+00
1.000000000000000000e+00
-1.000000000000000000e+00
-1.000000000000000000e+00
1.000000000000000000e+00
-4.675510515709511150e-01
-1.133562080556473894e-01
3.403136253508234343e-01
1.000000000000000000e+00
-6.737144593386708014e-01
1.000000000000000000e+00
7.222701241982740772e-01
7.960025090004438919e-01
-1.000000000000000000e+00
-4.174373848496997219e-01
5.406132979777937830e-01
-1.000000000000000000e+00
5.768070842763408645e-01
-1.000000000000000000e+00
5.725275974373289500e-01
-9.333975793033233437e-01
9.591881920070316481e-01
3.354344974849721162e-01
-8.653415112474048820e-01
5.244856151566865687e-01
1.000000000000000000e+00
-3.849922850843945366e-01
-6.625888688654101299e-01
-3.543637509673962516e-01
9.354775284355185683e-01
3.664112368278501508e-01
1.000000000000000000e+00
-5.932799879814319999e-01
1.000000000000000000e+00
1.000000000000000000e+00
-1.000000000000000000e+00
-3.761216836243064243e-02
-1.000000000000000000e+00
-1.000000000000000000e+00
-4.859242215869427617e-01
6.932712210604428105e-01
-1.000000000000000000e+00
1.000000000000000000e+00
-8.908008390578243674e-01
-7.330789859876751802e-02
1.000000000000000000e+00
1.000000000000000000e+00
-1.000000000000000000e+00
-1.000000000000000000e+00
-4.865359192517346165e-02
1.000000000000000000e+00
-1.000000000000000000e+00
-1.000000000000000000e+00
-2.782663080306039260e-01
-1.000000000000000000e+00
4.025105665545680722e-02
-8.742016012986550955e-01
1.000000000000000000e+00
-1.000000000000000000e+00
-8.544941335825664286e-01
-1.000000000000000000e+00
4.503375163771718981e-01
-1.000000000000000000e+00
5.931272304181252064e-01
-1.000000000000000000e+00
-1.000000000000000000e+00
-1.000000000000000000e+00
9.984153259113321965e-01
-1.000000000000000000e+00
1.000000000000000000e+00
-1.000000000000000000e+00
-5.068551084733536882e-01
1.509289789651536706e-01
5.571288991269762736e-02
-4.585511602608358661e-01
-5.409236702462105750e-01
-1.000000000000000000e+00
-3.500965035775380763e-01
9.866385211924115772e-01
1.915519971544672462e-01
-6.527821175615715621e-01
9.471390582969281269e-01
1.000000000000000000e+00
1.036680161308586867e-02
-9.367505950762697875e-01
7.860568597022989934e-01
-1.000000000000000000e+00
4.123685543487632943e-01
7.669148469772643084e-01
6.171729955037341675e-01
-5.469917855861119449e-01
1.821154489007281718e-02
7.675200455684910716e-01
-1.000000000000000000e+00
4.610741075991775517e-02
1.000000000000000000e+00
-1.000000000000000000e+00
9.625331245720327722e-01
-5.190977567729998521e-01
1.000000000000000000e+00
-1.000000000000000000e+00
-9.452209073822104290e-01
-1.396734501969767450e-01
1.000000000000000000e+00
-4.725655903418353176e-01
-4.850151537529334700e-02
-1.000000000000000000e+00
8.440508540952745831e-01
1.000000000000000000e+00
1.000000000000000000e+00
5.552535376525016275e-01
1.000000000000000000e+00
-4.600046773035758596e-01
-1.000000000000000000e+00
-2.653989596495218706e-01
-1.000000000000000000e+00
-1.000000000000000000e+00
-1.000000000000000000e+00
1.000000000000000000e+00
3.683712457632394299e-01
1.000000000000000000e+00
1.000000000000000000e+00
-1.000000000000000000e+00
-2.220358372403157254e-01
5.616013875224677709e-02
1.000000000000000000e+00
9.896674863044685466e-03
-8.813665971532806953e-01
-7.951163556655971298e-01
3.721368392647153023e-01
-1.231327537096404967e-02
6.520885563417878616e-01
-3.352258771222572653e-01
1.000000000000000000e+00
1.000000000000000000e+00
7.844178532788181890e-02
1.000000000000000000e+00
1.000000000000000000e+00
7.208525090675588221e-01
1.000000000000000000e+00
-1.000000000000000000e+00
-4.951580770439105716e-01
1.000000000000000000e+00
