-7.387767126854718480e-01
5.990026742677767579e-02
-1.000000000000000000e+00
4.114038686256122901e-01
8.614489987604925236e-01
-8.137221515961394758e-01
1.423421667970465876e-01
-1.000000000000000000e+00
-4.750770245796005486e-01
1.655271207716600967e-01
3.661157818858044033e-01
3.828324907808435262e-01
-8.722209709694308533e-01
9.367575674557699905e-01
6.019429811316662216e-01
-3.228425974840274382e-01
7.433008780649186242e-01
-7.366716494552170147e-01
8.850718596244808722e-01
7.411596358913754568e-01
-5.043360717814775462e-01
-5.057783193473326389e-01
9.577661327515800682e-01
7.162643264758616901e-01
5.272079504593649713e-01
-1.795986002887048072e-01
-5.621199764323192571e-01
-4.022067924872598232e-01
1.000000000000000000e+00
-2.700625139142360798e-01
-1.144984815964684710e-01
5.750328096086847474e-01
7.978581888408911027e-01
-6.854290157153108964e-01
-1.391413574818238796e-01
3.892359903988937830e-01
-2.189314067328523850e-01
3.436395329048966829e-01
6.931399922729362117e-01
-8.663842249145441432e-01
4.456656848593774090e-01
4.471064775588995399e-01
1.166825537634403886e-01
-2.537161841445016996e-01
-9.802728373573965648e-01
7.997033694675046434e-01
-9.474388788051337773e-01
-1.000000000000000000e+00
-7.397600685704255330e-01
-4.180530890720974835e-01
-1.637551597991915298e-01
-3.145792953391592928e-01
1.466990489341488679e-01
1.000000000000000000e+00
-9.721397930788189257e-02
-4.936154909313412720e-01
-1.000000000000000000e+00
-4.925907798080778610e-01
-1.000000000000000000e+00
-1.593104393491293624e-01
5.739987147309559834e-01
9.053482805163970415e-01
-2.685205716089971162e-01
-2.218032688518767337e-01
-4.739183369373936028e-01
7.780956171612367633e-01
-9.590663528844463048e-01
-3.676075079983327498e-01
-5.061580445790978544e-01
5.676163949834911460e-01
7.558106714717287566e-01
5.984058931261471148e-01
-7.234701211825811384e-02
-8.521846390781739888e-01
1.000000000000000000e+00
-1.756646699739428108e-02
-8.532771816734014969e-01
-4.379525109022688323e-01
-7.735488969563203421e-01
3.373344781547553684e-01
9.424241188741697695e-01
-3.071507342840831267e-01
6.173075739472277945e-02
-5.982047879849980987e-01
-7.739933320911835946e-01
6.505170663033050804e-01
-1.000000000000000000e+00
-8.162326689883763198e-01
-1.000000000000000000e+00
1.000000000000000000e+00
-3.784106732614198609e-01
-8.322803572464669841e-01
-9.106469256591023242e-01
-7.837432903427439257e-01
-9.290668692085155556e-01
-1.000000000000000000e+00
-1.876555022331318767e-01
3.273627804660192986e-01
4.045138621941228863e-01
3.010542733500325419e-01
-9.530442914993206838e-01
5.021204352370647328e-01
-2.970577740810524947e-01
7.233078355513153923e-01
4.048772641686109175e-01
4.716375327016884000e-01
8.760671432078104282e-01
1.000000000000000000e+00
5.759678967999981580e-01
-1.000000000000000000e+00
2.579113684390474948e-01
7.500062400914662142e-01
8.087070214127352052e-01
9.630267663753322438e-01
-9.982487309847114521e-01
-5.149794363581978729e-01
-8.639177868179581665e-02
1.545243491156944593e-02
-1.629749700668776669e-01
-4.825397189480673532e-02
1.277011828590464138e-01
-8.501981094423274321e-01
-9.948903457092042046e-01
1.000000000000000000e+00
-4.453703423365880099e-01
-6.382481809869888778e-02
5.185659265964706055e-01
2.483427831282948306e-01
7.855839715216044183e-01
-8.529178339090428551e-01
-9.507145870780207009e-01
9.074276580057412112e-01
-1.000000000000000000e+00
-9.175535613573801985e-01
-8.448392684329020241e-02
-4.989615538728044974e-01
7.140851690265326290e-02
-1.000000000000000000e+00
6.769443624527073933e-01
-6.686819701750870149e-01
-1.865464869363124834e-01
5.790647031375710796e-01
1.000000000000000000e+00
-9.877258861258586542e-01
-3.012664292839801750e-01
-1.413529911281278251e-01
-8.304341662689809223e-01
4.380977535774128739e-01
1.000000000000000000e+00
6.119687313867221423e-01
-7.683448017869478619e-01
5.442773919107390945e-02
4.491267142547177293e-01
-3.574628695728290229e-01
8.253631469464972614e-01
-7.893816875174569647e-01
1.000000000000000000e+00
8.164153912917517797e-01
4.017894735219431634e-01
4.844975327596701131e-01
5.463199997733332314e-01
-1.000000000000000000e+00
-1.000000000000000000e+00
1.127123660089202062e-02
7.610925710411766687e-01
7.995745884740963483e-01
3.596986727754978297e-01
-4.819874193924202910e-01
1.603656964709176957e-01
-6.360922994037416789e-01
-8.340797062883940072e-01
-5.920418238338693850e-01
7.350613728809225478e-01
-7.626375375116323241e-01
-2.337902198001728937e-02
2.742741418679395249e-01
-9.104848967285243955e-01
9.771902942697496819e-01
1.249566636323686808e-01
-7.454334869414549480e-01
7.339616677475528927e-01
-8.367200767238192061e-01
5.251630396322093386e-01
-4.815033070807213100e-01
2.434942286881915940e-01
3.860401813052727338e-01
5.048232708043114414e-01
8.221680615324336028e-01
4.409768990657714216e-01
2.860413882701351440e-01
1.949705848172808009e-01
5.089292088751440346e-02
-8.054389755904125536e-01
-9.322652554052781593e-01
5.099724990253688972e-01
-5.074028742541536463e-02
5.380107143218211263e-01
-4.328529598647385956e-01
-9.819396566964544437e-01
-9.948803223985489552e-01
9.821213488170650319e-01
-3.326630863252990622e-01
-4.751752229737866706e-01
-4.876594460451009194e-01
-8.253820097710082848e-01
6.452736968876071622e-02
-1.752199921349006928e-03
1.529344927310460900e-01
-4.746927466324155631e-01
7.323005958551029870e-01
-4.719906206543855731e-01
-1.118247952426409952e-02
-1.247164149065040917e-01
5.613654574929669572e-01
8.486476134280076522e-01
8.649474919921009697e-01
2.052118867138241765e-01
-1.848168015802924558e-01
6.159785068049639101e-01
-4.389930910510870810e-01
-6.046149137392986539e-02
8.685493898935101598e-01
-1.021819908740431160e-01
-4.706566614020528672e-01
-2.765498680448308377e-01
-6.615289878599466267e-01
9.552130645521939023e-02
6.367426094806289960e-01
-1.353137131091148582e-01
6.064294122136534293e-01
9.652007282166783497e-01
8.755233605376885331e-01
1.265844604535730777e-01
-7.280937169959189603e-01
-6.545144723730051961e-01
2.812020786706679321e-01
1.000000000000000000e+00
4.842945160414124928e-01
-5.037243679331475654e-01
-7.279052646604773358e-01
-1.544327284577808324e-01
5.991088642370385742e-01
-1.000000000000000000e+00
-2.640031267811044913e-01
7.297276505832748228e-01
6.237282730339481773e-01
-9.058440350656316031e-01
-3.403012471772111081e-01
-1.000000000000000000e+00
-9.775267136164604853e-01
-4.056290361769048225e-01
-1.000000000000000000e+00
-2.882710002902839630e-01
1.000000000000000000e+00
8.601773330720141608e-02
-9.942233386081777979e-01
-5.259910011518087458e-01
-5.457953737811478412e-01
1.000000000000000000e+00
-1.810459037571279239e-01
1.839310816759689438e-01
-1.000000000000000000e+00
5.125266648815602899e-01
-4.850986649522837091e-02
-7.525834700711924174e-01
