1.000000000000000000e+00
-1.000000000000000000e+00
1.250647929205364606e-01
-9.445810379457929562e-01
1.000000000000000000e+00
1.000000000000000000e+00
1.000000000000000000e+00
-6.837455868381401292e-01
1.182047310715414190e-01
1.000000000000000000e+00
5.242830512312882663e-01
2.806416607633430704e-01
-1.000000000000000000e+00
-1.000000000000000000e+00
1.000000000000000000e+00
1.000000000000000000e+00
-1.000000000000000000e+00
1.000000000000000000e+00
1.000000000000000000e+00
-1.000000000000000000e+00
3.798872468696246063e-01
-1.000000000000000000e+00
8.751116602646005771e-02
1.294657284324583213e-01
1.000000000000000000e+00
1.000000000000000000e+00
8.591380358275306772e-01
1.000000000000000000e+00
1.000000000000000000e+00
-1.000000000000000000e+00
-3.445995201045948253e-02
-8.484547492399971969e-01
-5.878236340108158320e-01
1.000000000000000000e+00
-5.931808171581308686e-01
-1.000000000000000000e+00
1.526002472457302639e-01
-1.000000000000000000e+00
-6.600504332316238232e-01
2.071694572673779267e-01
-3.728223886678183607e-01
1.000000000000000000e+00
1.000000000000000000e+00
1.000000000000000000e+00
1.000000000000000000e+00
-1.000000000000000000e+00
-1.000000000000000000e+00
1.000000000000000000e+00
6.523005874395322312e-01
-1.000000000000000000e+00
-8.112503164008133538e-01
6.268126463615265598e-01
-4.954188099052130312e-01
-9.332828035115756649e-01
3.351476308885541489e-01
-1.000000000000000000e+00
-4.434229670496622200e-01
-4.702582301671718312e-01
1.000000000000000000e+00
9.177815980414842922e-01
-1.000000000000000000e+00
1.000000000000000000e+00
1.000000000000000000e+00
4.616956757169976555e-02
-1.000000000000000000e+00
-1.000000000000000000e+00
-1.000000000000000000e+00
-1.000000000000000000e+00
-1.000000000000000000e+00
1.000000000000000000e+00
-4.053622873966715723e-01
1.000000000000000000e+00
-1.000000000000000000e+00
-1.000000000000000000e+00
1.000000000000000000e+00
1.000000000000000000e+00
9.704787821282179205e-02
-9.491890721281334153e-01
-1.000000000000000000e+00
1.000000000000000000e+00
-8.503669054874700706e-01
-1.000000000000000000e+00
-5.454171158462317592e-01
-1.000000000000000000e+00
4.752227185320839764e-01
1.000000000000000000e+00
-1.000000000000000000e+00
1.000000000000000000e+00
1.000000000000000000e+00
5.536517229577163635e-01
5.495094955524486569e-01
-4.346709471614046416e-01
-5.268751991720173056e-01
1.000000000000000000e+00
-1.000000000000000000e+00
-1.000000000000000000e+00
-1.000000000000000000e+00
1.000000000000000000e+00
1.000000000000000000e+00
-1.000000000000000000e+00
-1.000000000000000000e+00
-1.000000000000000000e+00
4.942249808243581732e-02
-1.000000000000000000e+00
-1.000000000000000000e+00
2.851561764996308757e-01
-1.000000000000000000e+00
1.000000000000000000e+00
-1.000000000000000000e+00
3.744597218463852628e-01
-4.804668828694458327e-03
-1.000000000000000000e+00
-1.000000000000000000e+00
-1.000000000000000000e+00
-1.000000000000000000e+00
-1.000000000000000000e+00
1.000000000000000000e+00
-7.627518326262101578e-01
4.503678752304811628e-01
-5.962657831931005292e-01
-1.000000000000000000e+00
-4.360024188774498377e-01
1.000000000000000000e+00
5.014608430826268393e-01
-2.398215113908117035e-01
-7.247921250467288523e-01
-3.779982666636370059e-01
-1.000000000000000000e+00
1.000000000000000000e+00
1.000000000000000000e+00
5.921077780951733427e-02
1.799323120699836687e-01
1.000000000000000000e+00
-1.000000000000000000e+00
-1.000000000000000000e+00
2.841563094452248528e-01
1.000000000000000000e+00
1.000000000000000000e+00
-9.079099679946047718e-01
-1.000000000000000000e+00
-5.900221254447404196e-01
1.000000000000000000e+00
-1.000000000000000000e+00
1.000000000000000000e+00
-3.302499758526855622e-02
-6.552288919520433685e-01
-1.000000000000000000e+00
1.552736720262684056e-01
-7.039215573780399637e-01
1.000000000000000000e+00
8.581953074503867462e-02
-5.709767626388406736e-01
-2.695466698311803633e-01
-9.003982659925671150e-01
-1.000000000000000000e+00
1.000000000000000000e+00
-4.527315963862145187e-01
8.042710121503308107e-01
-2.824719066126616385e-01
1.000000000000000000e+00
1.000000000000000000e+00
-2.815513965512491112e-01
8.761169431659355800e-01
-1.000000000000000000e+00
-1.000000000000000000e+00
-1.000000000000000000e+00
-1.000000000000000000e+00
1.000000000000000000e+00
1.000000000000000000e+00
-1.000000000000000000e+00
1.000000000000000000e+00
-1.000000000000000000e+00
-1.000000000000000000e+00
-5.809591026940148506e-01
1.000000000000000000e+00
-1.000000000000000000e+00
-1.000000000000000000e+00
-1.000000000000000000e+00
-1.000000000000000000e+00
1.000000000000000000e+00
1.000000000000000000e+00
1.000000000000000000e+00
-1.000000000000000000e+00
-1.000000000000000000e+00
-1.000000000000000000e+00
-4.209974129778599194e-01
-5.256024383992788929e-01
1.935247345231072558e-01
-1.000000000000000000e+00
-2.093905802082729473e-02
1.000000000000000000e+00
-1.000000000000000000e+00
1.000000000000000000e+00
-1.000000000000000000e+00
1.000000000000000000e+00
1.000000000000000000e+00
-4.960102789356102271e-02
2.673610701504508524e-01
-6.519224904719050917e-01
5.133123802148997772e-01
5.958488860196733405e-01
1.000000000000000000e+00
1.000000000000000000e+00
1.616081292733051455e-02
-1.000000000000000000e+00
1.000000000000000000e+00
-1.000000000000000000e+00
2.181203019707426138e-01
2.002998781210462154e-01
9.699754529963033889e-01
-1.000000000000000000e+00
1.000000000000000000e+00
1.000000000000000000e+00
3.498451749294084756e-01
-8.114154078278499327e-01
-4.023583110104667071e-01
-1.000000000000000000e+00
1.000000000000000000e+00
6.698622195868999540e-01
1.000000000000000000e+00
1.629152870487553528e-01
-1.000000000000000000e+00
1.000000000000000000e+00
-5.692855855418726962e-01
-1.520637765685878273e-01
1.000000000000000000e+00
-1.000000000000000000e+00
-1.000000000000000000e+00
1.000000000000000000e+00
-1.000000000000000000e+00
-1.000000000000000000e+00
4.539652401080007671e-01
4.268794107542980276e-01
1.000000000000000000e+00
9.521935875066938060e-01
-2.108143376825608595e-01
1.000000000000000000e+00
-1.000000000000000000e+00
-9.970499203133942334e-01
1.000000000000000000e+00
1.000000000000000000e+00
4.970058727260734388e-01
-4.898380500786636560e-01
1.000000000000000000e+00
-1.000000000000000000e+00
1.000000000000000000e+00
1.000000000000000000e+00
-1.000000000000000000e+00
1.000000000000000000e+00
-7.236871464704670576e-01
7.223197066164133151e-02
-4.091704319747312413e-01
1.000000000000000000e+00
-1.000000000000000000e+00
1.000000000000000000e+00
-5.149595806704798662e-01
-1.000000000000000000e+00
5.493635030570603872e-01
1.000000000000000000e+00
1.000000000000000000e+00
-1.000000000000000000e+00
-3.495884452220090477e-01
-1.000000000000000000e+00
1.000000000000000000e+00
-1.278271724562110023e-01
