-1.000000000000000000e+00
1.000000000000000000e+00
1.000000000000000000e+00
7.697397207441003530e-02
-1.000000000000000000e+00
7.878318450683635676e-01
-1.000000000000000000e+00
-1.000000000000000000e+00
-1.000000000000000000e+00
-1.000000000000000000e+00
1.000000000000000000e+00
-1.000000000000000000e+00
-5.905093399402328025e-02
1.000000000000000000e+00
-1.000000000000000000e+00
-6.265430770746153177e-01
1.000000000000000000e+00
1.000000000000000000e+00
1.000000000000000000e+00
-1.000000000000000000e+00
-2.855880551794831579e-01
-5.907011992749405804e-01
-1.000000000000000000e+00
1.000000000000000000e+00
1.000000000000000000e+00
1.000000000000000000e+00
-7.326502775219082553e-01
-1.000000000000000000e+00
-1.000000000000000000e+00
1.000000000000000000e+00
9.302651567252846476e-01
-1.000000000000000000e+00
1.000000000000000000e+00
-4.515358736332538703e-01
1.000000000000000000e+00
-1.000000000000000000e+00
-1.000000000000000000e+00
-4.999085472885269610e-01
1.000000000000000000e+00
-1.000000000000000000e+00
-1.000000000000000000e+00
-1.000000000000000000e+00
1.000000000000000000e+00
-8.852739525908657203e-01
7.140480295022826329e-01
-1.000000000000000000e+00
7.690438114991506868e-01
1.000000000000000000e+00
-3.940961318372767641e-01
2.431209914880562151e-01
1.000000000000000000e+00
-4.841131611821123532e-03
1.000000000000000000e+00
-1.817021770629738686e-01
4.768310029098723479e-01
2.110809007874105969e-01
-5.088406839814116900e-01
-1.671395136353270167e-02
1.000000000000000000e+00
1.000000000000000000e+00
-1.000000000000000000e+00
4.560283254679587950e-01
1.000000000000000000e+00
1.000000000000000000e+00
3.856653829277739698e-02
-1.000000000000000000e+00
-6.917266945297635417e-01
9.696789354574035791e-01
2.614127303697837412e-01
6.838230806634035819e-01
-1.000000000000000000e+00
4.415842145121090523e-01
1.000000000000000000e+00
9.212958652662668335e-01
7.571178304518066948e-01
9.071219607176064237e-01
-6.684682788964378952e-01
3.161702294410469460e-01
-1.000000000000000000e+00
1.114455668324090265e-01
-1.000000000000000000e+00
-1.940202473811764028e-01
-1.000000000000000000e+00
-1.000000000000000000e+00
-2.826860631505072607e-01
2.955077681509099552e-01
5.375556717612181012e-01
4.666321215009290591e-02
-9.028020742621342132e-01
1.000000000000000000e+00
5.817882817244259819e-01
-9.868980458505625109e-01
-7.551452159759464156e-02
1.000000000000000000e+00
-6.536155333362055897e-01
-1.587150747401787632e-01
-6.231700476669204125e-01
3.456928845482393764e-01
-1.000000000000000000e+00
-1.000000000000000000e+00
1.000000000000000000e+00
6.169973672506430529e-02
-2.902577257307475955e-01
1.000000000000000000e+00
-1.000000000000000000e+00
1.000000000000000000e+00
1.000000000000000000e+00
3.502163418536332617e-01
-8.773105489172591254e-01
1.850365658088620191e-01
3.013767789445614964e-01
9.961868453621547381e-01
-9.066580884298487408e-01
1.000000000000000000e+00
-5.638671674604821549e-01
1.000000000000000000e+00
8.707213556727741999e-01
7.143635774379589742e-01
1.000000000000000000e+00
-6.180433638526032780e-01
-1.000000000000000000e+00
1.993411190206177686e-01
-8.320419658535538332e-01
-7.484925732647728092e-01
-1.000000000000000000e+00
6.073805398305074377e-01
9.639365348631004915e-01
-1.000000000000000000e+00
-1.000000000000000000e+00
-6.046701443762523276e-01
-9.203848364709674712e-01
-1.000000000000000000e+00
3.357497622381599989e-02
1.000000000000000000e+00
-1.000000000000000000e+00
-1.000000000000000000e+00
-2.922447566582895284e-01
1.000000000000000000e+00
2.586211948037841490e-01
-6.102674840928727917e-01
-9.730402926410847142e-01
-1.000000000000000000e+00
2.053240259353805719e-01
3.769903988895213498e-01
3.011748057932353562e-01
1.000000000000000000e+00
-1.000000000000000000e+00
6.071964264554750024e-01
2.825886711471995438e-01
1.000000000000000000e+00
7.551885798447326437e-01
1.000000000000000000e+00
1.000000000000000000e+00
-1.000000000000000000e+00
-1.000000000000000000e+00
9.949437945333718947e-01
8.555006766385377937e-01
-7.418174533004580073e-01
8.706341579077364612e-01
-1.000000000000000000e+00
-1.000000000000000000e+00
1.000000000000000000e+00
-8.456783142282588983e-01
-5.859495197619716267e-01
9.018496579365931076e-02
8.124777520840773537e-01
1.000000000000000000e+00
1.000000000000000000e+00
1.000000000000000000e+00
1.000000000000000000e+00
8.128383648677499629e-01
1.000000000000000000e+00
3.641663414604073834e-02
-6.013719762946952985e-01
-1.000000000000000000e+00
-3.111293025627689945e-02
-2.429931677466503626e-01
-4.665909184134098275e-01
3.973786797538310100e-01
1.000000000000000000e+00
-5.751969110932273477e-01
1.000000000000000000e+00
-2.697548444881180396e-01
-8.859219018054893535e-01
-1.000000000000000000e+00
-1.000000000000000000e+00
4.616570743457938386e-01
-1.000000000000000000e+00
1.000000000000000000e+00
4.917526114369321633e-01
-1.000000000000000000e+00
-1.886324504537845170e-01
1.000000000000000000e+00
1.000000000000000000e+00
4.061127985318204736e-01
6.532684143588561865e-01
-1.000000000000000000e+00
1.000000000000000000e+00
-1.000000000000000000e+00
-3.698820768382646840e-01
6.133325291946156721e-03
7.919565903542524765e-01
-8.766854104385275459e-01
1.000000000000000000e+00
-9.537402833461683382e-02
2.830697572298686016e-01
1.000000000000000000e+00
6.425972907333976636e-02
7.632179842233672851e-01
1.000000000000000000e+00
-1.000000000000000000e+00
-1.000000000000000000e+00
-6.255689756776605659e-01
3.454510045414227459e-01
-3.307631661768023479e-01
-6.225165413889330868e-01
4.353594200317461027e-01
1.000000000000000000e+00
9.598488910887970071e-02
-2.107377431718351901e-01
1.000000000000000000e+00
2.252727452796777219e-01
9.213658561220854359e-01
2.039319109826682741e-01
-3.287416901705039751e-02
-1.000000000000000000e+00
1.000000000000000000e+00
3.031462973644201142e-01
-3.595180509854261144e-03
-1.000000000000000000e+00
-2.447383941255858453e-01
5.310605800007976995e-01
9.548443574079917839e-01
1.000000000000000000e+00
8.615869284003985218e-02
-3.316335644741025823e-01
2.660599614225533927e-01
1.000000000000000000e+00
5.237347810562537065e-01
6.188558698599502250e-01
4.184941590835133951e-01
-2.701043730185543890e-01
1.000000000000000000e+00
-1.000000000000000000e+00
6.784571803647876376e-02
-1.000000000000000000e+00
1.000000000000000000e+00
-6.271465028958197463e-01
-1.000000000000000000e+00
-1.000000000000000000e+00
-6.771714743265798697e-01
3.348388627287701702e-02
8.745322052350483766e-01
8.175269628278029055e-01
-1.000000000000000000e+00
5.605472017193177114e-01
-1.000000000000000000e+00
1.000000000000000000e+00
1.000000000000000000e+00
9.090139052236918538e-01
8.405387953431751047e-01
-3.062726406201914386e-01
1.000000000000000000e+00
2.771818279516313765e-01
5.086258180667806439e-01
