1.000000000000000000e+00
-1.000000000000000000e+00
1.000000000000000000e+00
5.109873609210882073e-01
1.746531819108922967e-01
8.594996185532606248e-01
3.200148157174018682e-01
1.000000000000000000e+00
1.742431014862046990e-01
8.772446437345866599e-01
1.000000000000000000e+00
-1.000000000000000000e+00
2.307364212826095717e-01
-1.000000000000000000e+00
-6.904271223065668872e-01
-1.000000000000000000e+00
1.000000000000000000e+00
8.804523849363504739e-01
-7.953079757187107024e-01
1.000000000000000000e+00
6.367428089672064750e-01
1.000000000000000000e+00
1.000000000000000000e+00
1.000000000000000000e+00
1.000000000000000000e+00
-1.000000000000000000e+00
-2.378573249720661309e-02
1.000000000000000000e+00
3.310328621039875241e-01
5.040665149090246544e-01
-1.000000000000000000e+00
4.448601722597813612e-01
-1.000000000000000000e+00
-9.891064523428177990e-01
1.000000000000000000e+00
1.000000000000000000e+00
1.000000000000000000e+00
-4.405263619281470922e-01
1.000000000000000000e+00
-5.116026801549720116e-01
1.000000000000000000e+00
-1.000000000000000000e+00
-8.463745186839177759e-03
-6.494265076872762776e-01
-6.494076564616582115e-01
-6.921156314792900055e-01
1.000000000000000000e+00
1.000000000000000000e+00
6.576510179830880043e-01
4.983228482859647368e-01
-3.304141574173362628e-01
9.483842764306097406e-01
-6.650876750096273993e-01
-1.000000000000000000e+00
-1.000000000000000000e+00
1.000000000000000000e+00
8.489483333638601081e-01
1.000000000000000000e+00
1.000000000000000000e+00
-9.257712797904923407e-01
6.920613695036592627e-01
1.000000000000000000e+00
1.037491627689290929e-02
-1.000000000000000000e+00
-1.931815371641806278e-01
-1.000000000000000000e+00
-6.574582212215995813e-01
-1.000000000000000000e+00
-6.887239287205717542e-01
1.000000000000000000e+00
1.000000000000000000e+00
-1.000000000000000000e+00
-2.362504616604130248e-01
-6.191779092912019777e-02
1.000000000000000000e+00
-1.000000000000000000e+00
6.630565495675463383e-01
-9.792544880406719443e-01
1.000000000000000000e+00
1.000000000000000000e+00
5.099127857056631186e-01
-5.526748910344725374e-01
-5.573739577472454076e-01
1.000000000000000000e+00
-1.000000000000000000e+00
-2.643387892478001877e-01
9.796925200226350716e-01
-8.439069227130198136e-01
-1.000000000000000000e+00
-4.363493436912443402e-01
3.222225569196393025e-01
-1.000000000000000000e+00
1.000000000000000000e+00
-2.255166409441899944e-02
-1.000000000000000000e+00
-1.000000000000000000e+00
-1.000000000000000000e+00
1.000000000000000000e+00
1.000000000000000000e+00
1.000000000000000000e+00
-1.641517833701044982e-01
-1.000000000000000000e+00
-8.164653263549329631e-01
-1.000000000000000000e+00
1.000000000000000000e+00
-2.623723874183245819e-01
-1.000000000000000000e+00
4.182463223831562327e-01
-1.000000000000000000e+00
-1.000000000000000000e+00
1.000000000000000000e+00
-3.583099638062904324e-01
-6.858439980907340416e-01
-8.893977497586783576e-01
1.000000000000000000e+00
-1.000000000000000000e+00
-8.368788912615164888e-01
1.000000000000000000e+00
-1.000000000000000000e+00
9.606539558757734021e-01
-1.000000000000000000e+00
-1.000000000000000000e+00
-1.000000000000000000e+00
-1.000000000000000000e+00
4.891876202071186452e-01
1.000000000000000000e+00
6.347831906852889894e-01
-8.147619102618390841e-01
-1.000000000000000000e+00
2.415054419069864178e-01
4.296517196999247723e-01
1.000000000000000000e+00
-7.936828413080335709e-01
1.000000000000000000e+00
-5.967929201351394042e-01
-1.000000000000000000e+00
1.000000000000000000e+00
-1.000000000000000000e+00
-4.975559453710188818e-01
1.000000000000000000e+00
-1.000000000000000000e+00
-1.000000000000000000e+00
1.752111699595999272e-01
1.000000000000000000e+00
-1.000000000000000000e+00
-1.000000000000000000e+00
6.366700437882613084e-01
-1.000000000000000000e+00
-2.446111320010841972e-01
-1.000000000000000000e+00
1.000000000000000000e+00
1.000000000000000000e+00
1.000000000000000000e+00
-1.000000000000000000e+00
7.974713759453277984e-01
-5.733137272745894020e-01
-4.981846515216121762e-01
1.000000000000000000e+00
-3.822748711515111530e-02
6.826237243482050632e-01
-1.000000000000000000e+00
1.000000000000000000e+00
1.000000000000000000e+00
-6.992385658852103836e-01
-1.000000000000000000e+00
2.652906419567926388e-01
-1.000000000000000000e+00
-1.000000000000000000e+00
-3.267674167100003135e-01
3.255055499790522333e-01
-1.000000000000000000e+00
-1.000000000000000000e+00
-8.440089657571202553e-01
3.627094021686551317e-02
-1.000000000000000000e+00
1.594346978002618709e-01
-1.000000000000000000e+00
1.000000000000000000e+00
-1.000000000000000000e+00
-3.157492065062498243e-01
-1.000000000000000000e+00
-3.686761114738659195e-01
1.000000000000000000e+00
4.730447130619725993e-01
1.000000000000000000e+00
1.000000000000000000e+00
-6.820857391560275484e-01
-1.000000000000000000e+00
6.392354352087414870e-01
9.589055879798020765e-01
-1.000000000000000000e+00
8.223488917527563835e-01
-1.000000000000000000e+00
1.000000000000000000e+00
-5.334156618171673747e-01
-1.747810972942526186e-02
1.000000000000000000e+00
4.466257721488074983e-01
-5.307291568047860508e-01
-1.000000000000000000e+00
-1.000000000000000000e+00
-1.388164556540383288e-01
-9.516093675749209835e-01
-4.545851305665871145e-02
-6.273577476343776826e-01
7.357843903501970484e-02
1.000000000000000000e+00
-1.000000000000000000e+00
-1.372298538566181225e-01
7.503419020002661810e-01
-1.000000000000000000e+00
3.410248448845145663e-01
1.000000000000000000e+00
1.000000000000000000e+00
-1.000000000000000000e+00
-6.331097614846237231e-01
6.497296193995280023e-01
-8.347390077128569175e-01
-3.551063785585262256e-01
1.000000000000000000e+00
-1.620434696731378743e-01
-4.498460547441858193e-01
-4.267404632175875179e-01
-1.000000000000000000e+00
3.198378288471908082e-01
7.896725898969939594e-01
1.000000000000000000e+00
-1.000000000000000000e+00
-6.259611201665753466e-01
-5.252855281217017058e-01
4.170294171031153907e-02
-1.000000000000000000e+00
-1.000000000000000000e+00
8.745477716962338777e-01
-1.000000000000000000e+00
-2.591169958104823090e-01
-3.566762012504731683e-01
8.003077002232350523e-02
1.000000000000000000e+00
1.000000000000000000e+00
-2.276814990674762840e-01
-1.000000000000000000e+00
-1.000000000000000000e+00
-1.208826642004303675e-01
-1.000000000000000000e+00
-1.000000000000000000e+00
1.000000000000000000e+00
-5.611513346060057472e-01
-1.000000000000000000e+00
1.000000000000000000e+00
1.000000000000000000e+00
-1.000000000000000000e+00
1.000000000000000000e+00
9.766905436041892763e-01
6.687892626167544208e-01
-6.742228280394663154e-01
-1.000000000000000000e+00
-1.000000000000000000e+00
1.000000000000000000e+00
1.000000000000000000e+00
3.504862202861833698e-01
-1.000000000000000000e+00
1.000000000000000000e+00
1.000000000000000000e+00
-1.000000000000000000e+00
