-4.964149934446095980e-01
-1.849438131318816847e-01
-6.436107913397814961e-02
4.407592914304452325e-01
-8.133661359365884636e-01
-1.977113356473700900e-01
7.560804105991456581e-01
-1.478197818001281139e-01
9.437906133134841280e-01
2.405768088320292541e-01
5.558660565397561815e-01
-3.683784953271806994e-01
4.259706042403008652e-01
9.308710305973160182e-01
-3.631318803755156921e-02
-7.104808939534574819e-01
-8.081551549939309798e-01
-7.295030865387934771e-01
-6.839141863688245060e-01
7.958942728524196486e-01
-4.597519087972905538e-01
1.766325143696716449e-01
2.595523763350806590e-01
1.338086462204983729e-01
-4.529527432813873489e-02
2.355004935771851660e-01
-3.536855114538846045e-01
-8.085598735536430048e-01
-7.560111135957510164e-01
-3.352178656634274834e-01
-7.236845099825912619e-01
-8.974055212002201021e-01
-4.237437296889923211e-01
-9.833314563176367429e-01
-1.839807249457605653e-01
8.515868050363630815e-01
2.269147365095876001e-01
-6.321339267478245372e-01
2.473913241090803794e-01
5.702683978201004145e-01
9.414616042982744126e-01
-8.092820523928874188e-01
5.132309207976428755e-01
6.113009965615112673e-01
5.172225994938937088e-01
-3.327730357975016151e-01
-6.631175269360036761e-01
5.917125463786916395e-01
-4.240846489943310704e-01
9.258427006318721286e-01
-7.935613704931276935e-01
4.316537995193927557e-01
5.121923211147889621e-01
-6.412957218739125942e-01
-5.771498618844330686e-01
8.020705947002348957e-01
7.535049962978916938e-01
-4.552717251124909215e-01
-1.530532354988489718e-01
7.687529000626702747e-01
2.317153621027208121e-01
9.700879159299224952e-01
3.548125159314294841e-01
4.076466225011812217e-01
5.718187798484319906e-02
-1.911182185036541803e-01
2.587139865661969296e-02
3.849762643930516592e-01
-3.826596699255029321e-01
6.356661082846941646e-01
-9.286143119625935860e-01
7.496422412026815252e-02
-9.459941934561868493e-01
-2.298675287589064808e-01
7.223255607008221002e-01
-4.744846590718498902e-02
5.688509740396747727e-01
9.661464500401917288e-01
-6.237107232744443230e-02
1.444073872656912449e-01
-7.844326532260696982e-01
-4.140444965791858500e-01
-1.446912380478049265e-01
-9.456502890043347875e-01
-2.870999478493501123e-01
-4.081346801848133587e-01
4.301276493818662061e-02
-4.130559485455984614e-01
1.973114075268405099e-01
-7.638548772750417548e-01
7.031330562687272412e-01
-4.442967185221338156e-01
4.839427126132873624e-01
5.006996799333152115e-01
2.676474262536039372e-01
2.161613818449101831e-01
-2.218372948901923269e-01
9.406945850306343004e-01
4.772066113168744739e-01
2.979144558709738710e-01
-3.696478918816947790e-02
-7.351559624612327148e-01
-5.681599647121831076e-01
2.942470504240524143e-01
-3.668066978461717031e-01
-5.790131070554944692e-01
3.389047849980666438e-01
-4.210047331670383475e-01
-5.366570203021454599e-01
6.396321144093355393e-01
5.789286027340612151e-01
-1.223718447185340175e-02
-4.269232344258568901e-01
-5.900337534168360598e-01
-7.889770645773499513e-01
8.003612611153669842e-01
-1.008209711333218905e-02
-5.521829012942134352e-01
-4.640838867814425228e-01
-2.584692887549868701e-01
7.149537184206420370e-01
-5.044965722936394226e-01
-5.395358014280609016e-01
-8.559205439157726580e-01
-4.403215231717989564e-01
6.148204608506138147e-01
7.423470749706306826e-02
-2.159414609531462581e-02
5.479762655983133612e-01
-3.765579043400602011e-02
9.691858029544515585e-01
-9.695369206020885144e-01
3.213186622460575403e-01
6.179702809159870469e-01
2.744994589047513589e-01
2.499834570472532214e-01
5.678169610123955380e-01
5.572899633336858560e-01
7.767484371646540264e-01
2.645974382599747265e-01
9.067244955590185729e-01
3.094065652923509990e-01
-1.072622920903096855e-01
-7.396456875522661178e-02
-9.905422357174860082e-01
-5.654386436361953372e-01
6.746297429493275377e-01
9.462399207177010219e-01
-9.630894513064551798e-01
9.255125196899443019e-01
5.175749070096378190e-01
-6.802706072073831933e-01
8.841563722545986437e-02
3.169961891660670883e-01
9.314519024504213096e-01
2.634010710522118881e-01
2.122632543328839549e-01
8.735988497498712313e-01
-5.343598151438151422e-01
3.386075767062437514e-01
6.927155293349149812e-01
-7.829466330220402615e-01
5.959985314061635453e-01
-8.924162309133591986e-01
7.722526261901589972e-01
1.677749385065989696e-01
-2.921911741743525859e-01
4.297848195914819591e-01
5.175906246477381956e-01
6.703779733769930083e-01
-1.728204876348553576e-01
1.924473458421613881e-01
6.736172984155428534e-01
-6.943692990824537059e-01
3.833906344993331938e-01
-8.327492112235284072e-01
8.665057506429190148e-01
9.135084907558590483e-01
5.119259191296412492e-01
4.845220851352478597e-01
-8.218108818983211883e-01
7.582796053087950128e-01
-8.125626478171281697e-01
-6.019639608069646819e-01
-5.101491668548752134e-01
-3.153388316483132225e-01
-3.814629463584910951e-01
-2.805311630820421787e-01
-5.384791814998264314e-01
-7.208410381257013277e-01
-8.164856211935438424e-01
-6.964407914465335914e-01
-3.449794839925794943e-01
1.548394063876568083e-02
5.028766208350008426e-01
-1.035247915341019898e-02
-3.772515605668655958e-01
8.047298905945095004e-01
1.158482499854336378e-01
-4.874852079729232734e-01
8.205622339483893413e-01
5.046492875295860436e-02
9.163257346723512331e-01
4.851084877369027382e-02
5.550356999587897633e-01
-8.503879765803090685e-01
9.639067092031412542e-01
9.134792685161476911e-01
-5.278392722814191362e-01
3.701147020965727119e-01
-4.363512071486590482e-01
6.324610565550647934e-01
-2.422200040944162414e-01
7.524752152397662375e-01
7.910033054762588556e-02
-9.596787813985965254e-01
8.521025895264462413e-01
-7.300266603484066863e-01
-6.320225416386460182e-02
8.105734855220989576e-01
3.794232772883900928e-01
-6.379687572747834157e-01
-4.871741874503856540e-01
-3.125259233469810383e-01
1.401770385843825739e-01
-1.936342536808972614e-01
-3.421236231291573393e-01
7.893381624684849829e-01
8.920607602762891108e-01
4.708524000761655781e-01
-3.978392139225384039e-01
-8.130936189171289463e-02
-5.129041401208584983e-01
-9.854639926183461629e-01
7.375092439404182798e-01
-6.646002907930625980e-01
7.731004309538220820e-01
-9.513081963971770083e-01
-3.876964960624142975e-01
-6.330229882036682021e-01
-2.309003153759636717e-02
-1.300444586453306517e-01
8.180998957344498557e-02
5.479596699949893512e-01
5.207093287707058593e-01
9.586078436534177794e-01
-4.642189807850098937e-01
-6.403128192373546135e-01
7.849273077880714045e-01
2.165143691218325284e-01
3.581018223928236210e-01
-3.766239551978385336e-01
4.987128911126406106e-01
-2.220266296785569082e-01
2.889411347700272525e-01
2.300887196469443285e-01
-4.568283703163911191e-02
-8.482955387197896879e-01
5.049015209192349030e-01
-4.649805060682576929e-01
-8.666771859159292379e-01
-3.923566497582542389e-01
-7.623034544724107686e-01
-6.685485336567105197e-01
3.408200873813458376e-01
