1.741769393379928310e-01
9.468571344978596871e-01
-6.298400043826427597e-01
5.448349552557224529e-02
9.879507648443714984e-01
2.597161309418256625e-01
1.000000000000000000e+00
-6.260757461383076317e-01
1.000000000000000000e+00
1.000000000000000000e+00
8.425528466858029919e-01
1.000000000000000000e+00
-1.000000000000000000e+00
8.789374424118152618e-01
-1.000000000000000000e+00
1.000000000000000000e+00
-1.000000000000000000e+00
-1.000000000000000000e+00
1.000000000000000000e+00
-1.000000000000000000e+00
1.655993182692372945e-01
-9.932293672065063417e-01
7.853422376105443359e-01
1.000000000000000000e+00
1.000000000000000000e+00
-8.440277927558426097e-02
1.000000000000000000e+00
-6.661132738392303576e-01
-4.482006889493341806e-01
-1.000000000000000000e+00
1.000000000000000000e+00
-5.834093607966709394e-01
-1.000000000000000000e+00
1.000000000000000000e+00
1.000000000000000000e+00
-1.000000000000000000e+00
9.884343264792943007e-01
7.493134497711082531e-01
-8.474775105283065546e-01
8.867592430724545727e-01
1.000000000000000000e+00
-1.000000000000000000e+00
-5.473066746174373165e-01
-7.632498976443691241e-04
1.000000000000000000e+00
-1.000000000000000000e+00
-1.000000000000000000e+00
1.000000000000000000e+00
-3.127810075950215873e-01
-1.551891773610486469e-02
1.000000000000000000e+00
1.000000000000000000e+00
-9.937904447265744068e-01
-1.000000000000000000e+00
-5.759009065547950890e-01
-5.442120299074556522e-01
8.756657555119390368e-02
2.396776345415381482e-02
1.000000000000000000e+00
-1.000000000000000000e+00
4.291800248400312601e-01
4.832977229393103924e-01
1.000000000000000000e+00
-1.000000000000000000e+00
1.000000000000000000e+00
6.217543483960101813e-01
-1.000000000000000000e+00
-7.441686479871892912e-01
-1.000000000000000000e+00
-5.607777520762776691e-01
-2.150737507986177910e-02
-2.102498372849100627e-01
-1.000000000000000000e+00
2.659971912335179489e-01
2.460796940048594061e-01
-5.394587798306771376e-02
3.162870756088854707e-01
2.888668462258486280e-01
-1.000000000000000000e+00
2.650775065396548946e-01
-1.000000000000000000e+00
-6.872347637223896744e-01
1.000000000000000000e+00
8.597515254139553864e-01
-1.000000000000000000e+00
-1.000000000000000000e+00
3.669132022103706037e-01
-1.000000000000000000e+00
8.955258229675819859e-01
-1.000000000000000000e+00
1.000000000000000000e+00
-1.000000000000000000e+00
-2.472365254843378324e-01
-7.542717610032512177e-01
-1.000000000000000000e+00
-1.000000000000000000e+00
-1.000000000000000000e+00
1.000000000000000000e+00
3.146460820740559772e-01
1.000000000000000000e+00
5.456406194184877378e-01
-1.000000000000000000e+00
-1.000000000000000000e+00
9.445473788284819427e-02
-1.000000000000000000e+00
1.000000000000000000e+00
1.000000000000000000e+00
-1.000000000000000000e+00
4.653553833844705778e-01
2.619156378196366708e-01
1.000000000000000000e+00
1.000000000000000000e+00
-3.730950685675547551e-01
1.000000000000000000e+00
3.434501498338793368e-03
1.000000000000000000e+00
3.651544609847299228e-01
1.000000000000000000e+00
4.787336956660632747e-01
6.827690364550933477e-01
4.013774284358167521e-01
1.000000000000000000e+00
-2.669723043035909793e-01
2.474021170954798787e-01
-1.000000000000000000e+00
-1.000000000000000000e+00
6.306819019202387633e-01
-6.453832917260726720e-01
-9.643939126516889448e-01
-1.000000000000000000e+00
3.622351370656600178e-01
1.000000000000000000e+00
-5.908458568696093316e-01
1.000000000000000000e+00
-1.000000000000000000e+00
-6.509601259211073021e-03
1.000000000000000000e+00
8.608928527018017141e-02
3.136802116885106795e-02
-1.000000000000000000e+00
-3.161151771826274937e-01
-8.535188033458807055e-01
7.704530971583058996e-01
7.474376557064243976e-01
-7.807729856517837685e-01
-1.000000000000000000e+00
-1.000000000000000000e+00
-1.000000000000000000e+00
1.000000000000000000e+00
1.000000000000000000e+00
-1.000000000000000000e+00
1.000000000000000000e+00
1.000000000000000000e+00
-1.000000000000000000e+00
-1.000000000000000000e+00
4.571455308589006394e-01
1.000000000000000000e+00
1.000000000000000000e+00
1.000000000000000000e+00
1.000000000000000000e+00
-1.000000000000000000e+00
1.239471967989387302e-01
-1.000000000000000000e+00
1.000000000000000000e+00
1.000000000000000000e+00
-7.478013012596856912e-01
-1.000000000000000000e+00
-1.000000000000000000e+00
-1.000000000000000000e+00
-1.000000000000000000e+00
1.000000000000000000e+00
1.000000000000000000e+00
9.897445381330098879e-01
-1.000000000000000000e+00
-6.986928813744174294e-01
-1.000000000000000000e+00
-7.165447931059405473e-01
1.000000000000000000e+00
6.049753854957096166e-01
-8.230410372665560859e-01
8.206611330401089033e-01
-1.000000000000000000e+00
1.000000000000000000e+00
-1.000000000000000000e+00
-7.506726530764904481e-01
-2.858596950805311621e-01
1.749603940804272117e-01
-9.261185145445134381e-01
-1.000000000000000000e+00
-1.000000000000000000e+00
1.000000000000000000e+00
-5.294435176636070883e-01
-1.000000000000000000e+00
-2.836858685371882460e-01
1.323416306133686493e-01
8.195257976150541745e-01
8.777566860347034705e-01
1.000000000000000000e+00
1.000000000000000000e+00
-1.000000000000000000e+00
3.190345114601669252e-01
2.652631593339576099e-01
1.000000000000000000e+00
-1.000000000000000000e+00
1.000000000000000000e+00
-1.000000000000000000e+00
1.000000000000000000e+00
1.000000000000000000e+00
-1.000000000000000000e+00
4.726154906257704624e-01
1.000000000000000000e+00
-1.000000000000000000e+00
-1.000000000000000000e+00
7.022911539728178276e-01
3.425323544952083576e-01
-2.713876234461098935e-01
9.317535274020588565e-01
8.934322389944426845e-02
-1.000000000000000000e+00
2.441639718260283365e-01
1.000000000000000000e+00
-1.000000000000000000e+00
1.000000000000000000e+00
-3.532598284741197414e-01
4.156702289406838946e-01
-1.000000000000000000e+00
1.000000000000000000e+00
-1.000000000000000000e+00
8.071038101653755792e-01
-1.000000000000000000e+00
-8.517914389157081878e-01
5.346879587586523819e-01
9.632589306889607350e-01
-1.000000000000000000e+00
-1.000000000000000000e+00
1.000000000000000000e+00
-1.000000000000000000e+00
9.021347073471114308e-01
1.000000000000000000e+00
3.123199048277184309e-01
-1.000000000000000000e+00
-7.662637510362875215e-01
8.112866384529158204e-01
-1.000000000000000000e+00
8.726144078982513985e-01
-1.000000000000000000e+00
-8.742190033280151651e-01
1.000000000000000000e+00
8.596520525848905248e-01
-1.000000000000000000e+00
-3.829022184899434356e-01
1.000000000000000000e+00
1.000000000000000000e+00
6.408974605668524838e-01
-4.681148426974303667e-01
-7.050961928953332070e-01
8.089437514115183081e-01
2.010610738149583021e-01
5.500031338849915574e-01
-1.852080842190462207e-02
5.709946212911544139e-01
-9.117635800643686395e-02
7.644003872527593835e-01
1.000000000000000000e+00
-3.931254909492926108e-02
