2.102623545463315757e-01
9.852857979497724461e-01
-9.625527663553398172e-01
-2.293496070482878846e-01
-1.961911465485475237e-01
3.413762517742193747e-01
4.540847439330342183e-01
8.114762489429305781e-02
6.943847688594451117e-01
-2.319524912075450196e-01
-3.638218378465296610e-01
1.000000000000000000e+00
-1.140141424760242606e-01
3.167544561696273853e-01
1.000000000000000000e+00
-4.467368184692632749e-01
-1.000000000000000000e+00
5.315315854668474227e-01
3.016406413936315589e-01
-4.180693400058801412e-01
-6.392781899773702925e-02
-1.281865451207298001e-02
5.476308038415300672e-01
-4.801720507540974126e-02
-8.360916448300230730e-01
7.956264559737736830e-01
-8.354102261593510104e-01
-5.959725431594529166e-01
-3.959628786217206375e-01
1.000000000000000000e+00
-3.520535372945221564e-01
-6.477951064826286132e-01
-8.362602554817066824e-02
-1.549890216912868102e-01
-2.619036473351408212e-01
9.773755209204648686e-02
-7.194638774124253455e-01
1.000000000000000000e+00
-1.053347489920408719e-02
6.431645986749265909e-01
-5.947459844346989488e-01
1.000000000000000000e+00
-5.633053963776768480e-01
-2.200615131550234249e-01
7.512230828562458385e-01
5.988911006236548040e-01
-5.772702529240782976e-01
-1.000000000000000000e+00
-2.138659644438678509e-01
-3.600971356076465568e-01
3.062262817639993528e-01
1.405726552520598638e-01
-3.035756900743313835e-01
4.088804847661768882e-01
-9.349473626553840289e-01
-4.709249428034403273e-01
-2.342753568265958375e-01
-5.060881437415096773e-01
-1.000000000000000000e+00
7.218646747481776149e-01
3.363125755257179161e-01
3.969487624249434798e-01
7.541293753775986097e-01
6.264370491274524611e-01
4.444895843267695490e-01
8.950997112240131059e-01
-9.853832407567526541e-01
1.000000000000000000e+00
2.561138017896182895e-01
6.476243479418954951e-01
-5.783796684468227589e-01
1.864834654604947684e-01
1.000000000000000000e+00
9.312744091714115768e-01
-2.033421995988102804e-01
-5.378312729934920933e-01
2.382153571934080283e-01
-3.919545165865081504e-01
-7.078250083120078973e-01
-7.063286170526841268e-01
-9.801203987374289550e-01
-1.000000000000000000e+00
5.025536489867171719e-01
2.263428823286973701e-01
-3.875435099111654846e-01
-8.756691666834773846e-01
1.000000000000000000e+00
5.922493515008087073e-01
3.871241352091021604e-01
-1.995957930432870064e-01
7.754262609133220074e-01
-3.522765268525063220e-02
-5.300380286459343004e-01
-9.015738135153600341e-01
6.353033033303903121e-01
6.003470903635432787e-01
7.502902610168868947e-01
9.509352868600208231e-01
-6.144427737967250724e-01
-3.718759306416519195e-03
-1.691641241310268828e-01
8.585918350059933424e-01
-1.037739513856061890e-02
2.172001538022261258e-01
-3.760013346801958090e-01
-3.138624513856431708e-01
2.932944273624555898e-01
3.774651971349570201e-01
-6.074744623225460938e-01
2.193510225701260641e-01
-9.145046163039864950e-01
-1.000000000000000000e+00
-1.161334893865939577e-02
-5.897493010732735019e-01
9.400372537047905208e-01
1.000000000000000000e+00
-3.040985156375517473e-01
9.478193070122606922e-01
7.838986907458234121e-02
-5.127935448224021364e-01
-1.000000000000000000e+00
-7.055440055523454213e-02
-5.317482703707039349e-01
9.452442318425303691e-01
-4.646494942584205035e-01
-1.736716490845150729e-01
8.512632527593385623e-01
-7.455693670681071694e-01
-2.246334155389062559e-01
-7.272182490868834837e-01
-7.801378083915659900e-01
5.418967941730068461e-01
2.559209111271703030e-01
8.147137756953861665e-01
-1.852125532410426878e-01
-2.055614304684355576e-02
-5.023707485769528525e-01
-1.000000000000000000e+00
3.156838020331518280e-01
6.050372841454498829e-01
7.736939267049258717e-02
7.811480179952055014e-01
2.349096072372425237e-01
-1.000000000000000000e+00
-9.295386552270024083e-03
7.107912194426693198e-01
-8.044414601068665682e-01
-6.924812700459439530e-01
-2.944475806572091070e-01
1.000000000000000000e+00
1.833120267663772562e-01
-1.000000000000000000e+00
-7.605852563580024484e-01
3.249843721153737874e-01
2.397959439795502856e-01
-9.267508346742781011e-01
2.483941286393156478e-01
3.267878107579582636e-01
-2.314041201970489237e-01
-2.571148275689383311e-01
-1.000000000000000000e+00
-5.015928208453133141e-01
-4.168384065133512451e-01
1.000000000000000000e+00
-7.051537628482995590e-01
1.000000000000000000e+00
-8.817175359290247982e-01
6.825235488156398134e-01
-4.663343894453452210e-01
-5.231529826406036143e-01
4.901394775640928181e-01
-2.180353971096027355e-01
9.939841207588040461e-01
-8.307332082151250852e-01
-5.687368757610713477e-01
-7.205261608602395729e-01
2.017505849820876995e-01
5.083598655482735040e-02
8.010336382223980367e-01
2.957284723633257784e-02
-6.849301876692819313e-01
9.114877616739888166e-01
-3.523899542024317988e-01
6.648258262159065790e-01
-7.953723988593459637e-01
4.695311616808175437e-01
-5.581530479455496518e-01
1.000000000000000000e+00
5.608575689664554442e-01
-5.758614165786202221e-01
-9.527794085790979306e-01
7.877561175913441183e-01
1.000000000000000000e+00
4.630243846204740166e-02
1.667002214587159914e-01
3.345316620895617543e-01
-1.000000000000000000e+00
6.682381335730174232e-01
-1.885702166669607216e-01
-1.000000000000000000e+00
2.527631241629816894e-01
9.120192450218889135e-02
-6.511608697070702112e-01
-1.469591493544590843e-01
1.317405371593190488e-01
-6.678164726251891725e-01
-8.912096047513828889e-01
-1.000000000000000000e+00
1.000000000000000000e+00
4.522986061085552123e-01
-2.911167972682703886e-01
5.508737953582010238e-01
3.025476932722639400e-01
-8.648101040614475377e-01
1.000000000000000000e+00
9.333002281397106970e-01
6.288632987136144603e-01
1.000000000000000000e+00
-1.000000000000000000e+00
-2.737173677576558717e-01
1.000000000000000000e+00
-3.212233768348611851e-01
-8.145725032289903300e-01
9.171503898687936029e-01
-7.967623232325371507e-01
-8.818130918310291833e-01
-8.128554724612666593e-01
-1.000000000000000000e+00
5.272647576674276415e-01
7.824207120262826054e-01
1.159847325199795109e-01
-3.627665797585291063e-01
-2.370974248263013617e-01
7.624384506911185966e-01
1.000000000000000000e+00
-2.803084925703239749e-01
6.830670070162436769e-01
6.293174645213424068e-01
-4.147280910541506493e-01
6.245289588681017801e-01
-6.591247492365805982e-01
8.473285908455299165e-01
3.244766368124105682e-01
-3.508969195996116675e-01
1.000000000000000000e+00
9.777816814294544301e-01
1.205638644537796733e-01
1.000000000000000000e+00
-5.908333793231903552e-01
-8.700074944661686516e-01
-4.608992342048767732e-02
1.000000000000000000e+00
2.714563622027943435e-01
1.000000000000000000e+00
-1.000000000000000000e+00
7.069818587218934525e-02
7.410821070605255745e-01
1.340375425054196601e-01
5.184353554207035142e-01
2.721804339516948890e-01
-4.302213083975103824e-01
-8.348451284097067049e-01
1.000000000000000000e+00
-1.000000000000000000e+00
9.133698647524044478e-01
