-4.337239091942368674e-01
-7.095129150351826564e-01
-3.852883159034747873e-01
-6.346971002357626457e-01
1.126350527980555238e-01
-3.277061288982088261e-01
4.596533537503859623e-01
-8.860209303257733371e-01
9.856140549133594053e-01
-5.762857674767691840e-01
9.727396935418390900e-01
-4.186478930980117585e-01
1.425790327260245682e-02
-1.079042430036145639e-01
6.510475282029979383e-01
-7.361002551784718850e-01
7.486314632390023149e-04
8.988389974221888679e-01
-9.148128063581695280e-01
1.347118332298238297e-01
6.785049998869308041e-02
5.945736376055443806e-02
-9.254345041451805809e-01
-9.147295509457407103e-01
-6.649179089120187403e-01
8.951166385339905940e-01
-7.586476502878662931e-01
5.756376474976538926e-01
3.314506311043090570e-01
6.985149207747940459e-01
8.560780565095766903e-01
-1.325372126550052876e-01
5.514952306890368305e-01
9.885818360682894212e-01
-7.321149149944810031e-01
6.454085722064837327e-01
-3.827946888701299066e-01
3.509338419936554043e-01
7.257209003104787559e-01
-6.390731726586107442e-03
-8.730353985697725250e-02
9.067784150030349100e-01
-6.361630195449350378e-01
-9.105319775635400958e-02
-4.720102183194354595e-01
5.694596673136724796e-01
-6.357494209891905168e-01
2.446638450261409137e-01
7.988417657261399629e-01
4.070861411639390415e-01
-2.908702148001673926e-01
-1.309842682734239094e-01
6.601449234236236308e-01
-1.049364197467208548e-01
-6.611853352017549312e-01
-6.093610284249570963e-01
-7.597182418330008513e-01
9.311362761743362526e-01
4.179190144990783118e-01
-7.898344391773612916e-01
-4.874546784491040619e-02
-4.072601287622583666e-01
-6.220049831776501836e-01
2.090919442028906783e-01
-2.381491578042882473e-02
-4.508886059110750466e-02
-2.351368623059817420e-01
-5.480769955472297728e-01
8.690751675213814753e-01
-4.465169251548712914e-01
5.222038147862262392e-01
-4.550418471416377564e-01
1.713485222171780009e-01
-4.360577012965689558e-01
2.244040706945895636e-01
6.951684649209830535e-01
-5.959820010684202529e-01
1.187283009214401552e-02
-6.100039015284919319e-01
-6.576642959115408527e-01
-1.546915511993751657e-02
7.581938586345779996e-01
-9.292588477487966347e-01
9.807720678970901496e-01
7.163467418633717720e-01
6.329916497641208117e-02
3.207366605718493524e-01
5.039875238488940035e-01
-5.617233673282175932e-01
-6.371747614365015355e-01
1.187862720292565122e-01
1.751724086405646030e-01
-3.262713639425494083e-01
8.956603616785367983e-01
5.779270178741795494e-01
-4.782857062651524327e-01
8.146263061925338445e-01
-7.940141842767876046e-01
9.122674546013511687e-01
-6.884003345358007397e-01
3.517356216091283017e-03
4.546548716501395138e-01
-1.877883242403757258e-01
-4.396555246063753586e-01
-3.696537475320582633e-01
2.203704359544143010e-01
-6.471538134970242773e-01
-9.549351976963464939e-01
-3.785928487493905870e-01
-5.941737735607603987e-01
4.475970769608565991e-01
9.241593730557728925e-02
-2.370299373336393067e-01
-2.089822934039866631e-01
5.019470515152126833e-01
-9.331199255793953817e-02
3.967064649026608159e-02
7.079344477610847175e-01
-2.756568676504305149e-01
-3.435066766995806820e-01
-7.111796974045823116e-01
-5.191403476103970682e-01
-7.226654679354977961e-01
7.222159493560009746e-01
4.414898484876406126e-01
9.094890029857116698e-01
-2.734340779146151590e-01
-9.701090383859143351e-01
-7.523248210939232905e-01
3.171091113111097481e-01
-5.090288718508921839e-01
-2.507805738364565773e-01
-6.772176638512723557e-01
-5.898367784424207727e-03
-4.151997128088069644e-02
-2.801380810178779601e-01
-9.638206621362868098e-01
8.356700320265455506e-01
-1.347873146126181698e-01
-4.841517576863227923e-01
1.968682491330850937e-01
-4.517362905538202522e-01
-8.441667693724332899e-01
5.021968006070256507e-01
2.109211799287096234e-01
-9.341964075936441958e-01
-9.222078283170900281e-01
4.746894482731427445e-01
-9.583300718608676050e-01
-2.605100711423480320e-02
-4.238324915656084269e-01
8.440927588087492328e-01
-3.409453273305853571e-01
2.377197967539452783e-01
9.889473601642924105e-01
3.226806795946479678e-01
1.313573324321799518e-01
-4.278251995416804121e-02
8.867082026446169163e-01
3.504415136593919122e-02
6.823003679201082861e-01
-4.452212584057619882e-01
-2.550024092715004187e-01
-2.796032694357633019e-01
2.207147934689372981e-01
-1.377922224179137789e-01
-5.411358428636650064e-01
5.000115319889293364e-01
-3.098627594124028217e-01
3.729428779678698458e-01
-9.381470326333136711e-01
5.644215826211917975e-01
-7.985982970583105356e-02
-1.672579938794112042e-01
1.247039060108676711e-01
-1.704575388848599271e-01
2.988309079786699574e-01
2.461464014620149410e-01
4.298202650391356183e-01
-8.258780797510545391e-01
-3.285423526491415558e-02
2.106659522465883505e-01
-8.557075390088209055e-02
-6.766680937904541171e-01
-8.914155160492429619e-01
-8.929671829055967347e-01
2.639745862520050945e-01
8.073691566293135224e-01
-6.923918674475659785e-02
7.279408835820040391e-01
8.034465769725755990e-01
9.030535267813457612e-01
-9.920846235161375759e-01
-5.476121446235286960e-01
5.808494278069098460e-01
2.565095069984613119e-01
2.790638418534949761e-01
-2.658423802748373088e-01
4.807666846085398848e-01
-6.311637738742419401e-01
2.883261742888232337e-01
-4.836913524473622772e-01
9.202094336641963856e-02
6.885586312710121337e-01
8.955516998421260144e-01
-8.783369994425060945e-02
3.992008225531684662e-01
3.681229578098932365e-01
4.415366044797746081e-01
2.429179611099918645e-01
-3.655908126289137972e-01
2.961213109327121007e-01
8.254274596404422848e-01
5.464360281421491994e-01
-6.941512179172641961e-01
7.890892572190213450e-01
4.051414427578441391e-01
-7.286851194754120353e-01
4.594634534646075963e-01
3.969532235619330773e-01
1.517294576093457525e-01
-5.781248612259037856e-03
4.862079945401034387e-01
5.246734526307976765e-01
-9.647924028766372562e-01
-3.785299562335351364e-01
-7.175410118823788430e-02
-6.670235240632476081e-01
7.721328690554303265e-01
-1.862281378028862733e-01
-3.380456730042988855e-01
-1.757466341875060234e-01
-2.308791552628506327e-01
9.809614855767412323e-01
-7.418245104860128336e-01
-3.960024040013887525e-01
-9.262139034825835893e-01
-5.093531553605448181e-01
-4.246833824680726899e-01
-6.629924762373688996e-01
-5.694400650320334822e-01
-5.014472703479211368e-01
-8.788799522338479608e-01
-7.022898311288232609e-01
3.672200112723629228e-01
-6.943056561192992859e-01
8.590962496068930143e-01
7.326885677758276927e-02
3.863448605951931292e-01
2.775247539983314304e-01
-1.815273967146304734e-01
2.965042843668486139e-01
9.491013239500680765e-01
6.103441087594372316e-01
5.552174351588410328e-01
-2.427967465009694958e-01
-8.370645661806896953e-03
9.069118054339289081e-01
-7.432587567741477663e-02
8.055649769962867079e-01
1.776372309228488877e-01
8.588173889361367941e-01
-9.537797742446667559e-01
-5.830291846895641061e-01
9.958768059806897277e-01
