5.507846941888524528e-01
1.416630401342084955e-01
1.190170479329748510e-01
-8.179104554506461122e-01
6.832172963610942951e-01
9.655057519969307833e-01
-8.653122773539807522e-01
1.000000000000000000e+00
5.606648413500068262e-01
3.158266875772537396e-01
-8.353520998933383623e-01
-1.000000000000000000e+00
-1.000000000000000000e+00
-3.037610298643136364e-01
5.424458536791119112e-01
8.271035677891769300e-01
-1.708189329949116875e-01
2.510564216367558998e-01
-7.598793525299329943e-01
8.563768498747159619e-02
7.746710802963419074e-01
-4.452348166293756959e-01
3.278100401645431816e-01
-6.437478364663533625e-01
-3.969622931005226674e-01
7.906576129948188481e-01
-7.326594066349882972e-01
8.977731815076230859e-01
2.376857626531014844e-02
2.352109255138736532e-01
2.086945872046993555e-01
2.793788269257108658e-01
2.258078502667286713e-01
-3.842407900145388133e-01
8.687383617114889933e-01
8.569897337305538709e-01
-7.855502241673228969e-01
1.757374581933244251e-01
4.752833265236184879e-01
5.417089513433928083e-01
1.000000000000000000e+00
-2.410853335264648845e-01
-5.722202343645155231e-02
-3.149002210274587377e-01
4.172951132408171393e-01
-5.740373556797155885e-01
1.006825747312278807e-02
9.771040827191256328e-01
8.892267387684453794e-01
-3.203584940984907092e-01
-9.840127052595692980e-01
1.646104065916698111e-01
-2.806148753805026708e-02
-9.386273001650569103e-01
-3.759494015010211854e-01
8.951036619462822141e-01
-2.676415887011358574e-01
-9.778829411160732121e-01
-6.841679709489161265e-01
-9.817073915166302234e-01
-8.651602708294736654e-01
2.404778861867167272e-01
-1.275241998167937485e-01
-1.000000000000000000e+00
9.308267915221153377e-01
-8.132071307508232927e-01
-2.789459345119205125e-02
-7.197735271684790881e-02
8.749733895589018040e-02
2.769195138282094515e-01
-4.785231179362181564e-01
2.945270337031589136e-01
-6.456738700669538700e-01
-3.825654167042078502e-01
-7.863076392055619035e-01
-5.701172657998843096e-01
-1.507662319204747803e-01
7.673166859775923943e-01
-6.444989353875425486e-01
9.558728247800871713e-01
-1.558418325425952045e-01
-1.097576768017094473e-02
-9.455136178716041506e-01
2.105379407342322651e-02
4.209852907140860800e-01
-1.035951702071438163e-01
2.620267925584403024e-01
4.151912642213131388e-01
2.867254205045454141e-01
-8.651321254546837647e-01
2.373497740670345024e-01
2.445094953651558711e-01
7.473635054369298647e-01
-1.000000000000000000e+00
3.940812067802068608e-02
-7.015286105760387692e-01
-8.467276774890905022e-01
-2.864599325399479479e-01
9.947338337290383414e-01
-9.823765464989016039e-01
6.927905988839291318e-01
5.737518774565344426e-01
-6.829896395829424538e-01
-8.781289527574724918e-01
2.800884902919935637e-01
-2.816657924299632021e-01
-7.756241083071067077e-01
1.000000000000000000e+00
-3.315882771093521253e-01
-3.600688126600806171e-01
1.000000000000000000e+00
-8.521608596977399142e-01
1.000000000000000000e+00
-2.566678459244413624e-01
-8.242825465755887482e-01
1.000000000000000000e+00
1.000000000000000000e+00
-8.139094555155270694e-01
-1.000000000000000000e+00
5.979698410868314884e-01
8.869543499359335836e-01
-8.565778476674599240e-01
8.411406861029764315e-01
-7.788538881682671722e-01
-1.381537319247705398e-02
-1.000000000000000000e+00
-5.948135253259427824e-01
-4.903435302707448429e-01
-5.669232370107346597e-01
9.671820807359297056e-01
1.571664878038911972e-01
1.015990715023216140e-01
7.228768950470019217e-01
-7.125196618896622036e-01
-6.543669491292729568e-01
5.283712412252841162e-01
-4.071531503747043423e-01
2.851275097842391748e-01
-8.390266617067239086e-01
-4.306796332225748536e-01
-5.810186772126755272e-01
-3.748024326097629810e-01
7.359324739690749073e-01
1.222093166771500705e-01
3.609661876532710423e-01
-1.313377092734189233e-01
8.939101159809177410e-01
-4.955850039102185356e-01
-3.928050091128238996e-01
9.425076467252369028e-01
6.763000975097750445e-01
-6.844691950193408925e-01
-6.218297379767303568e-01
-8.828440786972411303e-01
6.983767808030145741e-01
1.000000000000000000e+00
2.589313433370306061e-01
-4.117156818424450027e-01
6.049615770225491573e-02
-2.450273703227858757e-01
3.054331615390326604e-01
7.127995079791278332e-01
2.681753976805745232e-01
-7.586334978378722615e-02
-1.000000000000000000e+00
-7.585044686797304259e-01
-6.788598233372208357e-01
-1.000000000000000000e+00
1.000000000000000000e+00
-2.545707188284618283e-03
1.416412801091908591e-01
5.030643886728409786e-01
7.634986305820330443e-01
-8.353927996547141355e-01
5.784429467033509464e-01
5.702837643736091700e-02
6.864062416981722148e-01
1.796429109122674728e-01
3.036636868493938213e-01
-4.661320669766746416e-01
7.070404498583076069e-01
8.632878977229185846e-02
9.837215147364295476e-01
-6.642843768906498969e-01
1.000000000000000000e+00
6.844939990203127156e-01
6.058276550642414104e-01
-3.276399532163239425e-01
-6.025039427243739087e-01
-7.796651271876768874e-01
-3.635073046965819898e-02
-4.770700282057860342e-01
1.000000000000000000e+00
-8.925834962551126850e-02
7.678745087532679037e-01
-6.308150763776554371e-01
7.189357558566111805e-02
-4.944982079842692446e-01
-4.605818558682488462e-01
4.884390809793075494e-01
3.062426890131908497e-01
-5.179721590118528951e-01
5.903632785530152915e-01
1.043035191555565788e-01
-5.273366354352801988e-01
-2.444249568210528079e-01
-8.710683737889348688e-01
-8.679710590647484736e-01
8.275182176581377114e-01
3.042574867189753451e-01
-9.724678612784452003e-01
3.237552630441462576e-01
-1.581153044663130558e-01
4.839451936858711889e-01
-3.182997058871501750e-01
-9.893646095183405986e-01
1.521987199079328779e-01
-1.087880734938933558e-01
-5.465281549439832132e-02
6.656042417401886180e-01
-7.740863271880440433e-01
-2.116835461134796148e-01
-2.486378222484486589e-01
5.421523369664813519e-01
-7.491950088075116643e-01
2.206404422776351293e-01
-3.745557998933053412e-01
-2.156909543157529696e-01
-6.460559569301256300e-01
2.742748611411949256e-01
5.023589442139229089e-01
6.889600054212936531e-01
7.850809805534790797e-01
-5.736609022603629260e-01
-9.886860247696664938e-01
-1.000000000000000000e+00
2.685394571799548658e-01
6.064842480496057675e-02
7.091619938423765479e-01
-2.650701321018460455e-01
-6.661635754646049179e-01
-6.125364070043406439e-01
6.553002584066984770e-01
5.678076463945485042e-01
5.670893887124364152e-01
-1.000000000000000000e+00
4.077408112978700427e-01
-8.894896042321793761e-01
7.632847612726725295e-01
-9.332651702581216124e-01
1.000000000000000000e+00
5.016086972423825507e-01
-1.000000000000000000e+00
2.048056326953106576e-01
1.810924926025627713e-01
-1.719676882443736954e-01
-6.825460571387511610e-01
5.485536217366688838e-01
1.800450492768537469e-01
1.259013053544899563e-02
-9.990456948444577101e-01
1.046716129013520735e-01
9.423088600381832602e-01
-3.678573275041407409e-01
7.803712713563513148e-01
