1.000000000000000000e+00
-1.000000000000000000e+00
1.000000000000000000e+00
1.000000000000000000e+00
6.261796034277919976e-01
1.000000000000000000e+00
-1.000000000000000000e+00
3.510680668324862586e-01
9.725369500324736460e-01
1.000000000000000000e+00
5.252740977928493926e-01
1.000000000000000000e+00
-1.000000000000000000e+00
-1.000000000000000000e+00
1.000000000000000000e+00
-1.000000000000000000e+00
1.000000000000000000e+00
6.403640515418640433e-03
-8.056177843985461440e-01
-1.000000000000000000e+00
1.000000000000000000e+00
-1.000000000000000000e+00
1.000000000000000000e+00
1.000000000000000000e+00
1.000000000000000000e+00
8.574744641304519188e-01
-1.000000000000000000e+00
-1.000000000000000000e+00
-1.000000000000000000e+00
4.798230792747848472e-01
-1.000000000000000000e+00
-1.000000000000000000e+00
1.000000000000000000e+00
4.142160188106951413e-01
1.951785848835572157e-01
-1.000000000000000000e+00
6.067297231681360037e-01
8.175759729473767168e-01
-1.000000000000000000e+00
1.000000000000000000e+00
-1.000000000000000000e+00
-1.000000000000000000e+00
8.284758398470201124e-01
1.000000000000000000e+00
-1.000000000000000000e+00
-1.000000000000000000e+00
-1.000000000000000000e+00
1.000000000000000000e+00
-1.000000000000000000e+00
1.000000000000000000e+00
-1.000000000000000000e+00
1.000000000000000000e+00
1.000000000000000000e+00
6.578250708631572241e-01
1.000000000000000000e+00
-1.299062536673898927e-01
4.451560012455509918e-01
-1.000000000000000000e+00
1.000000000000000000e+00
-1.000000000000000000e+00
-1.000000000000000000e+00
-1.000000000000000000e+00
1.000000000000000000e+00
9.817666356089482793e-01
1.758022027297601042e-02
-5.853257329137173670e-02
1.000000000000000000e+00
-1.000000000000000000e+00
1.000000000000000000e+00
-1.000000000000000000e+00
1.000000000000000000e+00
-1.000000000000000000e+00
1.000000000000000000e+00
1.000000000000000000e+00
-1.000000000000000000e+00
1.000000000000000000e+00
-1.000000000000000000e+00
-1.000000000000000000e+00
2.637489087271620569e-01
-7.244972924845693996e-01
1.000000000000000000e+00
1.000000000000000000e+00
2.147843572826890757e-02
-3.024785748517511141e-01
-1.000000000000000000e+00
1.000000000000000000e+00
1.000000000000000000e+00
1.000000000000000000e+00
1.000000000000000000e+00
-1.000000000000000000e+00
1.000000000000000000e+00
1.000000000000000000e+00
-1.000000000000000000e+00
-3.073707940222031310e-01
-1.000000000000000000e+00
-9.460710311543987228e-01
1.000000000000000000e+00
1.000000000000000000e+00
-1.000000000000000000e+00
1.000000000000000000e+00
-1.000000000000000000e+00
-1.000000000000000000e+00
7.423968297301442032e-01
-1.000000000000000000e+00
-1.000000000000000000e+00
-1.000000000000000000e+00
-1.000000000000000000e+00
-1.000000000000000000e+00
-1.000000000000000000e+00
1.000000000000000000e+00
-2.722996003150723876e-02
-1.000000000000000000e+00
-1.000000000000000000e+00
-5.878085800827281826e-02
1.000000000000000000e+00
-7.521092134242544081e-01
1.000000000000000000e+00
-2.258116806914242103e-01
5.409352379966115842e-01
1.000000000000000000e+00
1.000000000000000000e+00
-7.061871731497204596e-02
-1.912727592481422434e-01
-1.000000000000000000e+00
9.242530859763224971e-01
-9.684730409594100031e-01
-1.000000000000000000e+00
-1.000000000000000000e+00
1.000000000000000000e+00
-1.000000000000000000e+00
1.000000000000000000e+00
-1.000000000000000000e+00
1.000000000000000000e+00
7.102398871740869257e-01
-1.000000000000000000e+00
-2.525564362988197975e-01
1.000000000000000000e+00
5.298977679841657684e-01
-2.810641310966328632e-01
1.000000000000000000e+00
-1.129908196723655722e-01
8.058641211464951937e-01
8.546083840725008374e-01
-1.000000000000000000e+00
-2.416593870532219857e-01
1.000000000000000000e+00
1.000000000000000000e+00
-8.218776708037913714e-01
1.000000000000000000e+00
1.000000000000000000e+00
1.000000000000000000e+00
5.090349569478730407e-01
-1.681131050095583390e-01
1.000000000000000000e+00
-1.000000000000000000e+00
1.000000000000000000e+00
-1.159115359709355086e-01
2.668005753329941721e-01
-1.000000000000000000e+00
-7.609234331479660662e-01
5.774112508393440812e-01
-1.000000000000000000e+00
1.000000000000000000e+00
1.000000000000000000e+00
9.881205098075938054e-01
1.000000000000000000e+00
-1.000000000000000000e+00
1.000000000000000000e+00
3.831042978035412716e-01
8.728206891736886019e-01
1.681832671955909575e-01
-8.879642723907573698e-01
6.894256366090965038e-01
1.000000000000000000e+00
1.000000000000000000e+00
-1.000000000000000000e+00
1.000000000000000000e+00
6.804458059520079871e-01
1.000000000000000000e+00
-1.000000000000000000e+00
3.154978526935140470e-01
-1.000000000000000000e+00
-2.703519443158792779e-01
6.535628742785701828e-01
1.000000000000000000e+00
2.079385300847980955e-01
-2.933001313125313536e-01
1.000000000000000000e+00
-1.000000000000000000e+00
-8.231543132247806094e-01
3.146263046726627266e-02
-8.304062280826312037e-01
5.787944425699238504e-01
1.000000000000000000e+00
-5.730772801494214974e-01
4.124870065825090304e-01
-1.000000000000000000e+00
1.407116183210217475e-01
1.611023301573862865e-01
-1.000000000000000000e+00
-1.000000000000000000e+00
-1.000000000000000000e+00
-1.000000000000000000e+00
1.000000000000000000e+00
-1.000000000000000000e+00
-1.000000000000000000e+00
-1.000000000000000000e+00
-3.919935385388328974e-01
-1.000000000000000000e+00
-1.000000000000000000e+00
-2.825687646095672023e-01
-1.000000000000000000e+00
6.543886067868014411e-01
-1.000000000000000000e+00
-1.000000000000000000e+00
-1.000000000000000000e+00
1.862100091689860015e-01
-1.000000000000000000e+00
-1.000000000000000000e+00
6.913234993409527185e-01
-1.000000000000000000e+00
4.161964241812855514e-01
1.000000000000000000e+00
-1.000000000000000000e+00
1.000000000000000000e+00
-1.000000000000000000e+00
-1.000000000000000000e+00
-6.692283307186921437e-01
1.000000000000000000e+00
9.493102294453676926e-01
-1.000000000000000000e+00
7.529502778440686495e-01
9.011499320188766093e-01
1.000000000000000000e+00
-1.000000000000000000e+00
2.579082240302743578e-02
1.000000000000000000e+00
-1.000000000000000000e+00
1.000000000000000000e+00
1.000000000000000000e+00
1.000000000000000000e+00
-1.000000000000000000e+00
-1.000000000000000000e+00
1.000000000000000000e+00
-1.000000000000000000e+00
9.724110183032557142e-01
1.000000000000000000e+00
1.000000000000000000e+00
1.000000000000000000e+00
7.958423344488361195e-01
-8.014480857095999111e-01
4.092547401284327702e-01
9.447644016897240871e-01
3.565828118103815392e-01
1.000000000000000000e+00
-1.000000000000000000e+00
-3.509290368175767005e-01
-8.826199223228741175e-01
-9.168943212235407536e-01
8.631651862347614612e-01
-1.000000000000000000e+00
1.205714169304498151e-01
1.000000000000000000e+00
-1.000000000000000000e+00
7.078822885342507254e-01
