5.911757223922122773e-01
8.801389605226406232e-02
3.092153936496742084e-01
1.354977469359845699e-01
-1.000000000000000000e+00
1.000000000000000000e+00
1.000000000000000000e+00
-9.931067344583527357e-01
-1.000000000000000000e+00
-1.000000000000000000e+00
-6.378810891666852889e-02
-1.000000000000000000e+00
-1.000000000000000000e+00
1.000000000000000000e+00
1.653282836601100980e-01
3.400031938812138055e-01
-1.000000000000000000e+00
6.159349106981215627e-01
1.564161777640469264e-01
1.000000000000000000e+00
1.000000000000000000e+00
6.232229558049751095e-01
1.000000000000000000e+00
1.000000000000000000e+00
6.326750758062151814e-01
1.000000000000000000e+00
-2.834962435020137450e-01
8.086975140250310390e-02
-1.208421668395348592e-01
4.610605612085151850e-01
-1.000000000000000000e+00
-1.000000000000000000e+00
-1.000000000000000000e+00
4.403218447373173916e-01
3.651782084599433098e-01
-9.440834223190970320e-01
-1.000000000000000000e+00
-1.000000000000000000e+00
1.000000000000000000e+00
1.000000000000000000e+00
3.550178075000137712e-01
-1.000000000000000000e+00
1.000000000000000000e+00
-1.000000000000000000e+00
7.804198165435829448e-01
1.000000000000000000e+00
2.181352205444338499e-01
7.258075563015835563e-01
1.000000000000000000e+00
-1.000000000000000000e+00
-7.608465522163619932e-01
5.171821605234441233e-01
-1.000000000000000000e+00
-1.000000000000000000e+00
4.650406760512733051e-01
-2.261266332384882505e-01
-7.663541492743948524e-02
1.000000000000000000e+00
-1.000000000000000000e+00
6.526812576869989169e-01
-9.014352872150680485e-01
8.232086383703942634e-01
1.531784356517482681e-01
8.841199565632851254e-02
1.000000000000000000e+00
-1.000000000000000000e+00
7.663612688787242444e-01
-1.000000000000000000e+00
1.000000000000000000e+00
1.000000000000000000e+00
2.579009146434030342e-01
1.000000000000000000e+00
5.565422497278551539e-01
-1.000000000000000000e+00
-5.563830131769593734e-01
1.000000000000000000e+00
-7.276126277999053205e-01
8.084713738272533146e-01
1.000000000000000000e+00
2.920050940513805315e-01
-3.537372434827173451e-01
1.000000000000000000e+00
-3.273807390461578315e-01
1.000000000000000000e+00
-7.125693879363006467e-01
7.372478311936589424e-02
-1.000000000000000000e+00
-8.950609602517526353e-01
-1.000000000000000000e+00
-1.000000000000000000e+00
7.032063243660475749e-01
1.000000000000000000e+00
1.000000000000000000e+00
1.115468126158598583e-01
1.000000000000000000e+00
1.000000000000000000e+00
1.000000000000000000e+00
-7.326674707696129163e-01
8.164643023075013328e-02
1.000000000000000000e+00
8.028984030072684464e-01
1.000000000000000000e+00
1.000000000000000000e+00
-7.460937898721841099e-01
1.000000000000000000e+00
2.789380987716039706e-01
-5.147624644408534955e-01
-6.703505582582591771e-01
-1.000000000000000000e+00
-9.590732254054085137e-01
-1.000000000000000000e+00
-8.971799214193967309e-01
-4.801550057773498192e-01
-8.227094492341789911e-01
-1.000000000000000000e+00
-3.526280566690157547e-01
-1.000000000000000000e+00
-1.000000000000000000e+00
-6.574172640189792638e-01
7.389524349812033321e-01
-2.257079979973423689e-01
9.440406053895391558e-01
-1.000000000000000000e+00
-1.000000000000000000e+00
-9.399926153304503096e-01
-9.027618825234218214e-01
-1.181470478910762179e-01
1.000000000000000000e+00
6.879008332712844842e-01
1.000000000000000000e+00
1.000000000000000000e+00
1.000000000000000000e+00
1.000000000000000000e+00
1.000000000000000000e+00
-4.779109242617161635e-01
-6.708298203650967517e-01
-6.795271330152496958e-01
-1.000000000000000000e+00
1.000000000000000000e+00
1.000000000000000000e+00
-1.000000000000000000e+00
-4.345923320549560653e-01
1.000000000000000000e+00
1.000000000000000000e+00
-4.083421256416455147e-01
-1.000000000000000000e+00
-1.000000000000000000e+00
9.790505974485022023e-01
2.984096820115493265e-01
-1.000000000000000000e+00
1.615882971638477328e-01
-4.990603436055236486e-01
-3.806398928193002185e-01
1.000000000000000000e+00
-5.496750179883300724e-01
-8.377084504723070202e-01
6.638928618806538839e-01
1.949937681146948210e-01
5.447776805430123437e-01
-1.000000000000000000e+00
-1.000000000000000000e+00
8.586294723125564854e-01
-2.921922649317443277e-02
-1.000000000000000000e+00
-9.107899807401258485e-01
-5.110384350063073011e-01
1.000000000000000000e+00
-6.123838024766621313e-01
5.238877891919125895e-01
-7.683513894815553469e-01
-4.500265219172070452e-01
-1.000000000000000000e+00
1.000000000000000000e+00
-8.623671811628622619e-01
7.439006983286686747e-01
6.605089538696222728e-01
-3.247775512909776285e-01
-5.248050025984122291e-01
-1.000000000000000000e+00
1.000000000000000000e+00
-3.996988810559436445e-01
1.000000000000000000e+00
-9.372070787139064052e-01
-9.180057367780407596e-01
-9.142508040046333218e-01
-9.807820033976201168e-01
5.115904048065857967e-01
9.839662556219725964e-01
-7.357325822169878959e-01
-9.142276427282625129e-02
1.000000000000000000e+00
7.872760713566939739e-01
3.567917354649116080e-01
7.764187384707331718e-01
1.202572360099654625e-01
-2.866208439711258604e-01
2.824639659243644019e-02
5.147021798180415608e-01
2.890353493820578823e-01
-1.000000000000000000e+00
7.258594775029489909e-01
1.000000000000000000e+00
-6.558680775112006867e-01
1.000000000000000000e+00
1.000000000000000000e+00
3.778673352480151904e-01
-1.000000000000000000e+00
2.650066896277394335e-01
-1.417307466682020678e-01
-1.743907641692294952e-01
-1.000000000000000000e+00
-1.000000000000000000e+00
4.010166459336726996e-01
1.670200295034245386e-01
8.439481626517952861e-01
-9.048951570634332642e-01
1.000000000000000000e+00
-1.000000000000000000e+00
-8.664093243836625824e-01
1.000000000000000000e+00
-1.000000000000000000e+00
-1.000000000000000000e+00
-1.000000000000000000e+00
5.660694048110024301e-01
-3.727817917360987665e-01
-1.000000000000000000e+00
-1.000000000000000000e+00
1.000000000000000000e+00
2.594904838094340693e-01
1.000000000000000000e+00
-1.000000000000000000e+00
6.625888900777279211e-01
1.000000000000000000e+00
-1.000000000000000000e+00
-1.164882829937661235e-01
-5.699212038067758002e-01
1.000000000000000000e+00
-5.327547005832462546e-01
-1.000000000000000000e+00
-9.780592398681415833e-01
-1.000000000000000000e+00
-1.000000000000000000e+00
7.885150341562012777e-01
1.000000000000000000e+00
-9.679675110692232964e-01
-1.000000000000000000e+00
-7.530068544564528787e-01
-3.042062233439848384e-01
1.000000000000000000e+00
-1.000000000000000000e+00
5.917365238996141752e-02
-1.000000000000000000e+00
-1.000000000000000000e+00
8.417927367611027778e-01
3.280346819024049232e-02
1.000000000000000000e+00
-1.000000000000000000e+00
-4.663396957603575532e-01
6.025318046309605657e-01
-4.809341358775699460e-01
1.000000000000000000e+00
-1.000000000000000000e+00
1.000000000000000000e+00
5.841136801481408014e-01
-1.000000000000000000e+00
