-1.000000000000000000e+00
1.000000000000000000e+00
1.000000000000000000e+00
1.000000000000000000e+00
-3.741458789862404100e-01
1.000000000000000000e+00
1.000000000000000000e+00
-9.534648902828269934e-01
4.941276890326774529e-01
1.000000000000000000e+00
-1.000000000000000000e+00
1.000000000000000000e+00
2.387171896675632787e-01
-8.233686380510452096e-02
-6.832998151345293092e-02
1.000000000000000000e+00
-1.000000000000000000e+00
-6.704566103247722175e-02
-1.000000000000000000e+00
1.000000000000000000e+00
-4.379982367415439781e-01
1.000000000000000000e+00
1.000000000000000000e+00
1.000000000000000000e+00
-1.000000000000000000e+00
1.000000000000000000e+00
9.014694993388677746e-01
8.685661911416779901e-01
1.384401389092958512e-01
1.000000000000000000e+00
-1.000000000000000000e+00
-1.000000000000000000e+00
-1.000000000000000000e+00
1.366854829596964305e-01
2.327626293442605077e-01
8.237136244520160133e-01
-1.595651140752198938e-01
-1.000000000000000000e+00
5.502001145578266916e-01
-1.000000000000000000e+00
-4.326259150854627755e-02
1.000000000000000000e+00
-1.000000000000000000e+00
1.000000000000000000e+00
-1.316196276760235040e-01
-1.000000000000000000e+00
-1.000000000000000000e+00
7.387183769504179764e-01
-1.000000000000000000e+00
1.000000000000000000e+00
-5.295554989615359753e-01
-6.872881773736035926e-01
-1.159073974625198789e-01
7.177629762765747046e-01
-1.000000000000000000e+00
-1.000000000000000000e+00
-1.000000000000000000e+00
-4.126198031243556441e-01
-1.000000000000000000e+00
-1.322582162973811593e-01
1.000000000000000000e+00
-7.997110114889365295e-01
-1.000000000000000000e+00
1.000000000000000000e+00
5.017188725458211485e-01
7.635099157732233577e-01
1.000000000000000000e+00
1.000000000000000000e+00
1.000000000000000000e+00
1.000000000000000000e+00
1.000000000000000000e+00
6.492254381427373655e-01
8.877900285277815495e-01
3.678827821607328907e-01
1.000000000000000000e+00
-1.000000000000000000e+00
1.000000000000000000e+00
-1.000000000000000000e+00
-9.838673416482213163e-01
-1.000000000000000000e+00
1.000000000000000000e+00
1.000000000000000000e+00
1.000000000000000000e+00
1.000000000000000000e+00
-7.504544902126101258e-01
4.696515845055321270e-01
-1.000000000000000000e+00
-1.000000000000000000e+00
1.000000000000000000e+00
8.995165305334060779e-01
-1.000000000000000000e+00
1.000000000000000000e+00
-1.000000000000000000e+00
1.000000000000000000e+00
8.905939722763356325e-01
4.127303604188553576e-01
-1.000000000000000000e+00
1.000000000000000000e+00
1.000000000000000000e+00
-1.000000000000000000e+00
1.000000000000000000e+00
6.557068025775028008e-01
-1.000000000000000000e+00
1.849188345043573101e-02
-9.084360176066641479e-01
-1.000000000000000000e+00
1.000000000000000000e+00
-1.000000000000000000e+00
1.000000000000000000e+00
-1.000000000000000000e+00
-1.000000000000000000e+00
4.704668739577047010e-01
-1.000000000000000000e+00
-1.000000000000000000e+00
1.000000000000000000e+00
-1.000000000000000000e+00
1.000000000000000000e+00
-1.000000000000000000e+00
1.000000000000000000e+00
-2.701711467483485229e-01
-1.000000000000000000e+00
-1.873982603402939429e-01
3.523172763662811846e-01
-6.411247832322160001e-01
6.276647655603746490e-01
-4.767907484313911315e-01
1.000000000000000000e+00
-6.868250226632526267e-01
1.000000000000000000e+00
-1.000000000000000000e+00
-7.651877756016234322e-01
2.441195936970768643e-01
-9.667338811987929992e-01
-1.000000000000000000e+00
-2.911500019197732492e-01
1.000000000000000000e+00
-9.666435445057088849e-01
-8.579391638119115981e-01
1.000000000000000000e+00
7.855950638922590823e-01
1.000000000000000000e+00
-1.000000000000000000e+00
-4.522538132777387254e-02
1.000000000000000000e+00
1.755569879320500182e-01
-3.464957897276770282e-01
-1.000000000000000000e+00
-1.000000000000000000e+00
-1.000000000000000000e+00
-2.205346835466652777e-01
1.000000000000000000e+00
3.930808718540016455e-01
8.614713646612766063e-01
1.000000000000000000e+00
1.000000000000000000e+00
8.125007119150082779e-01
-1.000000000000000000e+00
-1.000000000000000000e+00
9.551238254172494946e-01
6.632034661193719760e-01
-1.000000000000000000e+00
-1.000000000000000000e+00
-5.037562797573164053e-01
1.800536050041082747e-01
1.000000000000000000e+00
7.656362582982247922e-01
-1.000000000000000000e+00
1.000000000000000000e+00
1.000000000000000000e+00
-1.000000000000000000e+00
-3.727451293732502169e-01
-1.000000000000000000e+00
-1.000000000000000000e+00
1.000000000000000000e+00
5.193260064375010421e-01
-1.000000000000000000e+00
-1.108565478810038529e-01
9.288940017768411161e-01
1.000000000000000000e+00
8.972706292232833780e-01
-1.000000000000000000e+00
3.831210381431214840e-01
1.000000000000000000e+00
1.000000000000000000e+00
-7.193890548953568720e-02
1.000000000000000000e+00
-1.000000000000000000e+00
1.000000000000000000e+00
-1.000000000000000000e+00
-1.000000000000000000e+00
-1.000000000000000000e+00
-6.241925231716838329e-01
-1.000000000000000000e+00
4.833393968766327431e-01
7.714984037502917724e-01
-9.297071979173721079e-02
-1.000000000000000000e+00
1.000000000000000000e+00
-1.000000000000000000e+00
1.123461273762287327e-01
7.651407387094599777e-02
4.350180742988080107e-02
1.000000000000000000e+00
-1.000000000000000000e+00
1.000000000000000000e+00
-4.160017112273104445e-01
-1.000000000000000000e+00
6.594405526550637386e-01
3.353176657239478331e-01
1.000000000000000000e+00
-1.000000000000000000e+00
-1.781726609807305350e-01
-6.539438307177556364e-01
1.000000000000000000e+00
1.000000000000000000e+00
-1.000000000000000000e+00
-1.000000000000000000e+00
2.002444853899845167e-01
-1.000000000000000000e+00
-2.331802295436085082e-01
1.000000000000000000e+00
2.641281433383347310e-01
-8.277246898351791060e-01
4.583787200110144289e-01
-1.000000000000000000e+00
-7.674007194934734377e-01
1.000000000000000000e+00
1.000000000000000000e+00
-6.443443863098070601e-01
-1.553658973545946065e-02
-5.099820956476051048e-01
-1.000000000000000000e+00
1.000000000000000000e+00
1.000000000000000000e+00
-7.586388279113347455e-01
-1.556948319203232955e-01
-3.758105668218647555e-01
1.000000000000000000e+00
-3.192887974474982182e-01
-1.000000000000000000e+00
-1.000000000000000000e+00
1.000000000000000000e+00
9.268592174108998272e-01
1.000000000000000000e+00
1.000000000000000000e+00
1.000000000000000000e+00
1.000000000000000000e+00
1.000000000000000000e+00
-7.092338054684268478e-01
1.000000000000000000e+00
1.000000000000000000e+00
-1.000000000000000000e+00
1.000000000000000000e+00
-5.146314227285333498e-01
-2.950981794479483611e-01
4.664632325217350495e-01
-1.000000000000000000e+00
-4.003143721808025690e-01
-1.000000000000000000e+00
-3.987942933939148116e-01
-4.151730236131525587e-01
1.000000000000000000e+00
-6.637619583441274340e-01
1.000000000000000000e+00
-1.000000000000000000e+00
