1.000000000000000000e+00
1.000000000000000000e+00
1.000000000000000000e+00
9.657525168405373117e-01
1.000000000000000000e+00
9.361588843315303832e-01
1.000000000000000000e+00
-2.948813561034728803e-01
-5.596547619650327210e-01
-4.473354638370847791e-01
1.000000000000000000e+00
1.859075227374220596e-01
-1.000000000000000000e+00
1.000000000000000000e+00
1.000000000000000000e+00
1.000000000000000000e+00
1.000000000000000000e+00
-1.000000000000000000e+00
-1.000000000000000000e+00
-1.000000000000000000e+00
-1.000000000000000000e+00
6.487203974985431554e-01
-1.000000000000000000e+00
1.000000000000000000e+00
-1.000000000000000000e+00
4.401765521140759696e-01
1.000000000000000000e+00
1.258685298933979180e-01
1.000000000000000000e+00
1.000000000000000000e+00
-1.000000000000000000e+00
1.000000000000000000e+00
1.000000000000000000e+00
1.000000000000000000e+00
-1.000000000000000000e+00
1.208556990399503733e-01
1.000000000000000000e+00
1.000000000000000000e+00
-5.160669686237464582e-01
-1.000000000000000000e+00
4.919142766030839553e-01
-8.843479324342020664e-01
1.000000000000000000e+00
-1.000000000000000000e+00
1.000000000000000000e+00
4.748105386115434312e-01
5.444982960134593375e-01
1.751972024310316511e-01
8.703206007641484110e-01
-2.085347493856692935e-03
1.000000000000000000e+00
-1.000000000000000000e+00
-1.000000000000000000e+00
4.738418041493061561e-01
-9.862016346661741650e-01
1.000000000000000000e+00
-1.000000000000000000e+00
-1.000000000000000000e+00
-1.000000000000000000e+00
2.567577171341827169e-01
1.000000000000000000e+00
-5.573484676632529666e-01
-1.000000000000000000e+00
-1.000000000000000000e+00
1.000000000000000000e+00
9.950222225886808936e-01
1.000000000000000000e+00
-1.000000000000000000e+00
1.000000000000000000e+00
-3.094744337629377895e-02
1.000000000000000000e+00
-1.000000000000000000e+00
-1.000000000000000000e+00
1.000000000000000000e+00
1.000000000000000000e+00
-3.388433941408708350e-02
-1.000000000000000000e+00
1.000000000000000000e+00
1.000000000000000000e+00
6.192195722006844649e-01
-1.000000000000000000e+00
1.000000000000000000e+00
-1.000000000000000000e+00
-1.000000000000000000e+00
-1.000000000000000000e+00
3.553669800621616082e-01
-3.047424762786111740e-01
1.000000000000000000e+00
8.497620739090685493e-01
4.554784848637338790e-02
1.000000000000000000e+00
-1.000000000000000000e+00
-1.000000000000000000e+00
4.245228381042014387e-01
1.000000000000000000e+00
1.000000000000000000e+00
-1.000000000000000000e+00
-1.000000000000000000e+00
1.000000000000000000e+00
-4.673937959310723311e-01
-1.000000000000000000e+00
1.000000000000000000e+00
5.322739067331425655e-01
1.000000000000000000e+00
-1.000000000000000000e+00
8.894012256050243259e-02
-8.089442528978989522e-01
-1.000000000000000000e+00
5.036650589917162080e-01
-3.876910149101921998e-01
3.865747199683632340e-01
1.000000000000000000e+00
1.000000000000000000e+00
1.000000000000000000e+00
6.712470109470565216e-01
-2.462624584373005465e-01
-8.700539297179753495e-01
1.000000000000000000e+00
1.000000000000000000e+00
3.933407543517872251e-01
-9.247518507685361655e-01
1.000000000000000000e+00
7.118596731801123401e-01
-1.000000000000000000e+00
1.000000000000000000e+00
-1.000000000000000000e+00
1.000000000000000000e+00
-1.000000000000000000e+00
-1.000000000000000000e+00
-1.000000000000000000e+00
1.000000000000000000e+00
-1.000000000000000000e+00
1.000000000000000000e+00
1.000000000000000000e+00
1.000000000000000000e+00
-1.000000000000000000e+00
-1.000000000000000000e+00
-1.000000000000000000e+00
1.000000000000000000e+00
8.746228316532630442e-01
1.000000000000000000e+00
1.000000000000000000e+00
-1.000000000000000000e+00
-1.000000000000000000e+00
-1.000000000000000000e+00
-3.412423538288053004e-01
-1.000000000000000000e+00
-4.232519290943801415e-01
3.330476950666094726e-01
-1.000000000000000000e+00
-7.163008574476787960e-01
-5.148725313394938441e-01
8.358927378117342322e-01
-1.000000000000000000e+00
-1.000000000000000000e+00
1.000000000000000000e+00
-1.000000000000000000e+00
1.000000000000000000e+00
1.000000000000000000e+00
-1.000000000000000000e+00
-1.000000000000000000e+00
1.000000000000000000e+00
1.000000000000000000e+00
-1.000000000000000000e+00
1.000000000000000000e+00
-1.000000000000000000e+00
1.000000000000000000e+00
-1.000000000000000000e+00
1.000000000000000000e+00
1.000000000000000000e+00
1.000000000000000000e+00
1.000000000000000000e+00
-1.000000000000000000e+00
3.329900314274165662e-01
1.000000000000000000e+00
-9.819510388093198872e-01
1.000000000000000000e+00
1.000000000000000000e+00
1.000000000000000000e+00
3.662118229492339339e-02
-5.547209385192827247e-01
-1.000000000000000000e+00
-2.669687631897402769e-01
-1.000000000000000000e+00
-1.000000000000000000e+00
-1.000000000000000000e+00
-1.000000000000000000e+00
1.000000000000000000e+00
-1.000000000000000000e+00
-1.000000000000000000e+00
4.056935413831768700e-01
-1.000000000000000000e+00
1.000000000000000000e+00
-1.000000000000000000e+00
5.615109998456782048e-01
7.109803977873512260e-01
-1.000000000000000000e+00
-1.000000000000000000e+00
-2.655916389832653213e-01
1.000000000000000000e+00
-7.550927060297319970e-01
1.000000000000000000e+00
-1.000000000000000000e+00
8.724424302900968264e-01
-1.000000000000000000e+00
-1.000000000000000000e+00
-1.000000000000000000e+00
-1.000000000000000000e+00
1.000000000000000000e+00
1.000000000000000000e+00
-1.000000000000000000e+00
-1.000000000000000000e+00
-1.000000000000000000e+00
1.000000000000000000e+00
-1.000000000000000000e+00
-1.750963746237625962e-01
9.548814250151625993e-01
1.000000000000000000e+00
-1.000000000000000000e+00
-1.000000000000000000e+00
-1.000000000000000000e+00
1.000000000000000000e+00
5.400034512594211744e-01
3.053955428435498609e-01
5.812713550181425326e-01
-1.000000000000000000e+00
-1.000000000000000000e+00
4.143734099047557962e-01
6.855372199539253586e-01
1.000000000000000000e+00
-1.000000000000000000e+00
-1.000000000000000000e+00
-1.000000000000000000e+00
1.000000000000000000e+00
8.970632283028117104e-01
-4.995693610687892416e-01
1.000000000000000000e+00
-1.000000000000000000e+00
-1.000000000000000000e+00
-3.962053725076887245e-01
-1.000000000000000000e+00
-8.671343037450842672e-01
-1.000000000000000000e+00
-1.000000000000000000e+00
1.000000000000000000e+00
-1.000000000000000000e+00
-6.513711104902730753e-02
1.000000000000000000e+00
-1.000000000000000000e+00
-1.000000000000000000e+00
-1.000000000000000000e+00
-1.000000000000000000e+00
-1.000000000000000000e+00
-9.755043989624549994e-01
1.000000000000000000e+00
-8.081846390145744907e-01
1.000000000000000000e+00
1.000000000000000000e+00
1.000000000000000000e+00
-1.000000000000000000e+00
-1.412943361126517416e-02
1.000000000000000000e+00
-1.865438340752071378e-01
-1.000000000000000000e+00
1.000000000000000000e+00
