1.000000000000000000e+00
-1.000000000000000000e+00
7.167380788991140061e-02
1.004517741126609298e-02
8.851499854094524444e-01
-6.516352228051223161e-01
-5.856808811274143434e-01
6.497763704137744512e-01
9.190724522628368476e-03
-5.281431885518690361e-01
7.313227380030205005e-01
1.000000000000000000e+00
-1.000000000000000000e+00
1.000000000000000000e+00
-1.000000000000000000e+00
5.516878330420305065e-01
-4.447112631001830518e-01
-1.000000000000000000e+00
2.416825107814971063e-01
2.873650159195606513e-02
9.730465161622355863e-01
-6.134422892485044132e-01
-1.615136981679560213e-01
-9.266279303423941016e-03
3.706607669115218329e-01
1.584235041748780493e-01
-7.725832659268080382e-01
6.731534438440884838e-01
5.847799882389927983e-01
1.105372833982942726e-01
-4.597304835221596164e-01
5.226836749626225798e-01
1.000000000000000000e+00
-3.747250158052706226e-02
-4.680655319277224891e-01
-2.502200587914067409e-01
1.000000000000000000e+00
-1.533244894265766156e-01
-1.000000000000000000e+00
-1.000000000000000000e+00
4.958230325382382286e-01
-1.000000000000000000e+00
6.688278588770403266e-01
7.120799209640304994e-01
1.771429202022516414e-01
3.013710001040512676e-01
-1.000000000000000000e+00
1.000000000000000000e+00
-4.955698646020876286e-01
-7.833808870099800981e-02
-3.201853482883210145e-02
-1.000000000000000000e+00
-1.000000000000000000e+00
1.000000000000000000e+00
1.000000000000000000e+00
6.020642604230008743e-02
-4.089183495241976996e-02
2.901824235211830083e-01
-7.352099864826405762e-02
-5.690611168302350809e-01
-6.089840302758010582e-01
7.944238570663386678e-01
-4.765970712811389842e-01
-2.343498214823533932e-01
-1.000000000000000000e+00
8.973048342184426485e-01
3.427536400506722147e-01
9.630993999069581424e-01
-1.000000000000000000e+00
-1.000000000000000000e+00
-1.000000000000000000e+00
6.165780599804882023e-03
3.011613371044655763e-01
1.000000000000000000e+00
-4.869140908787987776e-01
-2.551363803424516741e-01
-1.000000000000000000e+00
9.918504107669410264e-01
1.000000000000000000e+00
1.000000000000000000e+00
-2.504002555024389398e-01
1.000000000000000000e+00
9.850615771699775536e-01
-1.000000000000000000e+00
1.000000000000000000e+00
-9.542457463851028443e-02
-8.201417312174256180e-01
-1.000000000000000000e+00
-3.949195406947694220e-01
5.144668262073284204e-01
2.614038144844179623e-01
-6.015030188273201572e-01
-1.498515880563660585e-01
3.660574149412560985e-01
2.807573505409695080e-01
-4.388623833144209563e-01
7.154443678620721059e-01
-6.105254665211207188e-01
5.985055895950853744e-01
-3.086950786453870332e-01
-7.110566471650896503e-01
2.005291391337250539e-01
-2.513569730143538905e-02
1.000000000000000000e+00
-7.861527545383586446e-01
-1.839812996452446781e-01
-8.413059255409474080e-01
-1.000000000000000000e+00
-4.739173077136623613e-01
-2.817940767447221218e-01
4.272450711867376016e-02
-3.084877394150241647e-01
8.534407125519805071e-01
-1.000000000000000000e+00
1.000000000000000000e+00
1.102454259520528890e-01
2.247986600076823382e-02
-2.498066111827945690e-01
5.631223077720166614e-01
2.231527294945973017e-01
9.505231404000785700e-02
4.630869243309291283e-01
6.430470443347306997e-01
9.799627481241474092e-01
7.979941582623457652e-01
1.000000000000000000e+00
1.000000000000000000e+00
1.000000000000000000e+00
6.995642019472465556e-01
1.177241673282314327e-01
-2.355316868419605192e-01
-6.850414410262688492e-01
4.842393724251148335e-02
1.000000000000000000e+00
-7.835473343892626064e-01
-1.000000000000000000e+00
-6.532105834867235616e-01
2.276466234931693311e-01
2.434956543469397605e-01
2.047484292669748962e-01
-7.427675685342859380e-01
1.000000000000000000e+00
-7.103819651247018641e-01
-6.209242735327882290e-01
2.008498670726538166e-03
1.000000000000000000e+00
-1.000000000000000000e+00
1.000000000000000000e+00
-7.009953243691766644e-01
8.239550293044014539e-01
7.550360914765399389e-01
-4.215077842345369419e-01
-1.340347159093819851e-01
-4.862147736929676167e-01
-9.242772988624996522e-01
-8.689239081102346773e-01
1.000000000000000000e+00
-1.000000000000000000e+00
1.000000000000000000e+00
6.279203319869562927e-01
-6.681734203829110541e-01
-1.000000000000000000e+00
1.000000000000000000e+00
-5.922747872945713921e-01
1.232528714730782848e-01
-8.217130865449568944e-01
8.340214383741594295e-01
-6.173808123686927996e-01
8.807525978551914436e-01
1.000000000000000000e+00
9.773849452933965898e-01
-4.063438119934463799e-01
-3.102287144812493347e-02
8.689653820606566548e-01
-1.539031447878208558e-01
1.000000000000000000e+00
8.428422874703820344e-01
-1.618573823175326609e-01
-2.957827594106923197e-01
1.000000000000000000e+00
4.523217656717737345e-01
-6.009757072207166928e-01
-7.179899870299959463e-01
4.236416212873143072e-01
6.657303042969096030e-01
-1.000000000000000000e+00
5.056524188674460518e-01
1.245266816240945817e-01
4.506426597246904198e-02
4.734287470002256915e-01
-1.000000000000000000e+00
3.266781446361195496e-01
4.513147995352382313e-01
-1.000000000000000000e+00
-3.487197689123308630e-02
-8.482332755762154175e-01
-1.000000000000000000e+00
-1.000000000000000000e+00
-1.000000000000000000e+00
2.990816854927547119e-02
3.820160650004855163e-01
-5.981119094594492536e-01
-7.355492579581945911e-01
-4.865575092568129034e-01
3.176628294829448862e-01
-4.255514772736688212e-01
1.000000000000000000e+00
-2.610024960292918195e-01
9.361151931723765696e-01
-1.000000000000000000e+00
6.810790985321402147e-02
-3.100678300581656277e-01
1.000000000000000000e+00
9.499359652320049641e-01
1.000000000000000000e+00
-1.000000000000000000e+00
4.247915036718301618e-01
9.068728567945085750e-01
1.000000000000000000e+00
2.398100607429860531e-01
1.797180594433523959e-01
-7.294671925353306552e-01
7.607110553007168097e-01
-1.582878939508007843e-01
-1.000000000000000000e+00
-2.177117559476610120e-03
-1.000000000000000000e+00
1.877059055943655630e-01
1.410048440281235216e-01
-1.000000000000000000e+00
3.468326636352352943e-01
4.100899448913497558e-01
-1.000000000000000000e+00
1.024254080769494424e-01
-9.495707845438949857e-01
-4.539282362464964748e-01
-5.570698167375675025e-01
-1.495876998971926164e-03
-6.578963191784008568e-01
-1.529033051782389130e-01
-1.000000000000000000e+00
8.133325823761666795e-01
1.000000000000000000e+00
-1.000000000000000000e+00
-1.000000000000000000e+00
-1.000000000000000000e+00
6.154770520955843427e-01
-1.000000000000000000e+00
1.000000000000000000e+00
-8.344533533394205005e-02
7.645997387737935025e-02
9.306516704780898319e-01
-1.962445670200139158e-01
-1.000000000000000000e+00
1.000000000000000000e+00
-1.000000000000000000e+00
-1.000000000000000000e+00
-2.919368675630851229e-02
1.000000000000000000e+00
-1.544698182823525112e-01
-5.462519969867618563e-02
-9.296184228876286371e-01
8.984517961780795758e-01
7.039907862287131390e-01
-1.000000000000000000e+00
