5.191753660909541601e-01
7.889769020074322015e-03
5.811594513659572581e-01
3.567593831710660357e-01
-6.777904559524805528e-01
4.641932428647415065e-01
-5.625018659268976595e-01
2.632573270044111791e-01
9.460749710478517649e-01
8.866226568899482352e-02
6.611023128706674523e-01
1.029703147554541509e-01
2.655666484514145331e-01
-2.066120420600880969e-02
-6.199442710529916578e-01
8.943091237523093096e-01
2.686361569246615844e-01
-2.630311714938564638e-01
4.995469569579278346e-01
-5.854918382712968050e-01
9.772803244689343138e-02
-6.179447418060877162e-01
-8.796412046737465129e-01
2.097605541875811053e-01
-3.158440658926333633e-01
-2.333153697030754259e-02
8.270238229417348208e-02
-9.309311727366686995e-01
-2.017155573737086094e-01
-4.535826565294185375e-01
1.271607236101370830e-01
-9.292859269995430438e-01
4.364683774776092484e-01
-1.273628795615049381e-01
-8.558544246034194281e-01
8.906541836781509680e-01
5.917233893794322519e-01
8.572755165981451597e-01
6.814830571889829436e-02
-7.315303980619713986e-01
1.224230669666170890e-02
5.925253649101158704e-01
7.373669022881428337e-01
-5.620723342500320019e-01
-5.098152904396748841e-01
4.859033043489955350e-01
-3.697883945000901562e-02
-3.052184242456457142e-03
-8.002480678786183521e-01
9.380427939330848730e-02
-2.002609254571849906e-01
4.925820982182373964e-01
1.762373944372805923e-01
-4.157641085141743353e-01
-5.783394036018685291e-02
6.699713783477552198e-01
9.460797942161951468e-01
7.972078136534699322e-01
-1.229633098537672442e-01
2.493198021255864649e-01
-5.865031534294098403e-01
8.972441159228292662e-01
-9.711283673581794229e-01
7.445365984741783016e-01
-4.631845800434097882e-02
8.791782757613317845e-01
5.389367539816010133e-01
8.423909052820732768e-01
-6.820580738373154261e-01
-7.179256319233062733e-02
7.282030892317163939e-01
-2.982511924123705249e-01
6.802140691268716566e-01
2.030015286656825513e-01
-2.732574230074031885e-01
1.251935307175819911e-01
9.886405459282694430e-01
-9.134895334124124577e-01
2.711155012807897613e-01
-4.626169070560082197e-01
9.388975108953143689e-01
6.462185057459368664e-01
4.589596185792585992e-01
3.631706295930388073e-01
-3.641673062405772487e-01
-3.627818525807124939e-01
3.973612237347292631e-01
4.137178080250756285e-01
3.060393144917494812e-01
-5.959353779072522617e-01
6.518650965521686214e-01
3.626311609813976933e-01
-3.858040618853322279e-01
-5.794307712080832840e-01
3.006386655085302451e-02
-2.859844092725616349e-02
-4.001135925263468174e-01
1.758384273839934675e-01
1.190314366210245556e-01
-8.668997796160955449e-01
-5.621706506977142137e-01
-7.530545553659171443e-01
-8.520798551976893620e-02
3.869857857794656297e-01
-1.332365877507177832e-01
4.958438726692793175e-01
-3.659541309357166039e-01
-6.185093773291905350e-01
-7.092338213104114608e-01
-4.351906924354198569e-01
-1.372299113592934106e-02
-8.725874565973437136e-01
-8.925909797421471836e-03
-6.596743907041227040e-01
9.249126113574697161e-01
7.652826137609589630e-01
1.103514047719873492e-01
7.276187549399417698e-01
-2.309325487034952218e-02
9.718349686006835242e-01
9.007868556559381901e-01
-9.195116876315538867e-01
-7.541134548197054865e-01
-9.280275498071899332e-01
-9.774919356730751296e-01
-9.118290619891700199e-01
-4.069512401137922453e-01
6.582702441593941689e-01
3.977601219073014782e-01
-9.654727650639742809e-01
-7.192748610050727631e-01
4.134514028635294380e-01
9.237863445448104560e-01
-2.355314291670824733e-01
4.697910913854395076e-01
6.802374179093435558e-01
-2.340093623353673991e-01
2.367637213964923770e-01
-9.804704460726636484e-01
-3.374101467496781748e-01
1.247469245788130898e-01
-8.418644164172259803e-01
-2.169421284110952808e-01
9.487600927573207610e-01
-5.867260812604984110e-01
-1.293534533841023126e-02
-4.541669826083241102e-01
-6.106750449120534885e-01
3.101761918727308220e-01
1.478194779178152451e-01
8.621267608094635992e-01
3.319604917197034322e-01
4.585144459266499162e-01
7.780573774916808016e-01
-6.072134262464325971e-01
-6.901248744646226729e-01
2.480806998757481008e-01
6.183080027708571791e-01
-5.828714777158037208e-01
3.673626605689077618e-01
4.689029699405884433e-01
-9.411379448648291568e-01
-9.889081140873678955e-01
9.783505796631304374e-01
5.846730839707505734e-01
-4.009288075905625970e-01
-1.710698750706478588e-01
5.947119066962056610e-01
8.038825416765029708e-01
8.685280042232741415e-01
-2.803194423978170313e-01
7.170417207282540062e-01
5.221771606630616347e-01
6.169290023910798393e-01
4.999040133918999373e-01
-7.732208955782338133e-01
6.146043259841547091e-01
8.287351352038534458e-01
3.472493182599700745e-02
8.751716054671245804e-01
7.053609390118695810e-01
1.044956219778812034e-01
-3.495451335856554209e-01
2.335274041686348223e-01
4.466441099560978234e-01
2.126677215124672671e-02
-3.278615019476278647e-01
-1.021616559102123123e-01
8.681575446910945182e-01
9.871293527661106904e-01
3.929540282659460537e-01
-5.389342941518528995e-01
2.144693938738506667e-02
1.357456301461206216e-01
-5.588965297775749796e-02
-3.587059294908672147e-01
-1.898923771647365033e-01
-2.468606581132564148e-01
7.907199131093309852e-01
7.815154254724907545e-01
-1.393072267925352659e-01
9.093980285207330372e-01
2.719372474292016673e-01
1.762663799656554175e-01
1.147913807719129764e-01
7.175000930067703120e-01
6.975556010038008736e-02
-3.341365657018535718e-01
1.394426406895870052e-01
-5.603795708644654372e-01
9.951204468706136286e-01
-7.377808779150789587e-01
-4.460412533572981619e-01
4.738807096058084145e-01
-3.104233710900796694e-01
-9.120406808321659398e-01
8.322076640915050394e-01
-9.137443400790765669e-01
8.544946289965105191e-01
-8.468017510994736430e-01
7.950352195038854486e-01
7.733353432571730135e-01
-2.610468974845667756e-01
1.690515657830691243e-01
-4.745625220110392117e-01
-5.438754567313366373e-01
-4.491278616685474567e-01
-1.894663083456649133e-01
6.154952555953405735e-01
4.273682631902291362e-01
-2.586817963397149978e-01
1.520721043391475291e-01
8.778224650717654232e-01
7.465725218301588750e-01
1.656326948059525517e-01
-9.694480440472779126e-01
4.743090208357483295e-01
7.329506180196792009e-01
5.593848950675681664e-01
2.689634022261719881e-01
-8.496418915896515323e-01
-6.412274009027671973e-01
-3.260684599411276530e-01
-4.811605008690524876e-01
-2.084651517798841169e-01
-3.555453326530986224e-01
5.936287392658610162e-01
4.534894435872618423e-01
-7.528898103816754617e-01
6.652233599624099991e-01
4.750692053981788732e-01
-1.709073346562939300e-02
9.162635725011760712e-01
4.405809787884584772e-02
8.728481256920823661e-01
9.012983208161167159e-01
-5.713417959143618496e-01
1.813829527424484223e-01
-3.432309664214061584e-01
-1.210654178827956784e-01
4.789701271694393192e-01
9.621014651999733047e-01
-6.751053058964218145e-02
3.956489807926966140e-01
-5.863058964023510899e-01
