1.000000000000000000e+00
-4.907551292568929635e-01
1.000000000000000000e+00
2.176483729994760363e-02
-1.000000000000000000e+00
-1.000000000000000000e+00
-4.791062171089466304e-02
2.279615907064052593e-01
1.000000000000000000e+00
-1.000000000000000000e+00
6.292983551355836314e-01
1.000000000000000000e+00
1.000000000000000000e+00
1.000000000000000000e+00
1.000000000000000000e+00
-1.000000000000000000e+00
-5.983945558868166703e-01
-1.000000000000000000e+00
1.000000000000000000e+00
1.000000000000000000e+00
1.000000000000000000e+00
-3.468434686614215723e-01
1.000000000000000000e+00
1.722661230964515067e-01
1.237810922151878490e-01
1.000000000000000000e+00
-1.000000000000000000e+00
-1.000000000000000000e+00
1.000000000000000000e+00
-1.000000000000000000e+00
1.000000000000000000e+00
1.000000000000000000e+00
-5.741051929473437454e-01
6.253762191411864624e-01
-1.000000000000000000e+00
-1.000000000000000000e+00
5.271998341940020705e-01
-1.000000000000000000e+00
1.000000000000000000e+00
-1.000000000000000000e+00
3.042954486529869662e-02
-8.758310706230703069e-01
-1.000000000000000000e+00
2.445518901710180826e-01
8.643201525715982214e-01
-1.000000000000000000e+00
1.000000000000000000e+00
-1.000000000000000000e+00
1.000000000000000000e+00
-1.000000000000000000e+00
9.346642962040652147e-02
6.309013497302129458e-02
-1.000000000000000000e+00
-2.144289305413389357e-01
-1.000000000000000000e+00
-1.000000000000000000e+00
1.000000000000000000e+00
-1.000000000000000000e+00
-1.000000000000000000e+00
-1.151891373039750643e-01
9.689319815944190672e-01
1.000000000000000000e+00
-6.094547060311570341e-01
-1.000000000000000000e+00
1.000000000000000000e+00
7.739452184576540716e-01
-1.000000000000000000e+00
1.000000000000000000e+00
1.000000000000000000e+00
-1.000000000000000000e+00
-1.000000000000000000e+00
1.000000000000000000e+00
1.000000000000000000e+00
3.716629621253630389e-01
-1.000000000000000000e+00
-9.097354878898404884e-01
-5.001000007053844065e-01
1.000000000000000000e+00
-1.000000000000000000e+00
-1.000000000000000000e+00
1.000000000000000000e+00
-1.000000000000000000e+00
1.000000000000000000e+00
4.592554069843166609e-01
1.000000000000000000e+00
6.850209269954710134e-01
-1.000000000000000000e+00
-1.000000000000000000e+00
-1.000000000000000000e+00
1.000000000000000000e+00
1.000000000000000000e+00
-9.072495847312304074e-01
1.000000000000000000e+00
-3.713160205820509319e-02
1.271625230760196068e-01
-1.000000000000000000e+00
1.000000000000000000e+00
4.509671657285049262e-01
1.000000000000000000e+00
1.000000000000000000e+00
7.035289226453922407e-02
5.084345564332526379e-02
-1.000000000000000000e+00
1.000000000000000000e+00
6.230547605476772777e-01
-7.616296187589914890e-01
-8.295944057143189720e-02
-1.000000000000000000e+00
1.000000000000000000e+00
5.800296250042216162e-01
-1.000000000000000000e+00
-1.000000000000000000e+00
-1.000000000000000000e+00
-1.000000000000000000e+00
-1.575849450500516058e-01
-1.000000000000000000e+00
1.000000000000000000e+00
-4.928516963282740804e-01
1.000000000000000000e+00
1.000000000000000000e+00
1.000000000000000000e+00
1.000000000000000000e+00
-1.000000000000000000e+00
-1.000000000000000000e+00
1.000000000000000000e+00
-1.000000000000000000e+00
1.000000000000000000e+00
-1.000000000000000000e+00
-1.000000000000000000e+00
-1.000000000000000000e+00
-1.000000000000000000e+00
1.000000000000000000e+00
-1.000000000000000000e+00
-1.000000000000000000e+00
1.000000000000000000e+00
1.000000000000000000e+00
1.000000000000000000e+00
-1.000000000000000000e+00
1.000000000000000000e+00
1.000000000000000000e+00
1.000000000000000000e+00
-3.071426673704725774e-01
-1.000000000000000000e+00
1.000000000000000000e+00
-1.000000000000000000e+00
-1.000000000000000000e+00
1.000000000000000000e+00
-1.000000000000000000e+00
2.784750789329757392e-01
-1.000000000000000000e+00
-1.000000000000000000e+00
-9.991025292696791293e-01
1.000000000000000000e+00
1.000000000000000000e+00
1.000000000000000000e+00
-1.000000000000000000e+00
1.000000000000000000e+00
-1.000000000000000000e+00
1.000000000000000000e+00
1.000000000000000000e+00
-1.282646559907249517e-01
-9.342939186913694627e-01
1.000000000000000000e+00
-1.000000000000000000e+00
4.745604135435829152e-01
-1.000000000000000000e+00
-1.000000000000000000e+00
6.632124077740890744e-01
1.000000000000000000e+00
1.000000000000000000e+00
-9.624812327014797830e-01
-1.000000000000000000e+00
1.421345154220465812e-01
7.320127551646975483e-01
-1.000000000000000000e+00
1.784100677262681067e-01
8.989050545553710636e-01
1.000000000000000000e+00
-1.000000000000000000e+00
2.411800724250862671e-01
3.477645113989156211e-01
1.000000000000000000e+00
-4.078485807250586959e-02
1.000000000000000000e+00
1.000000000000000000e+00
-6.458713892296179537e-01
1.000000000000000000e+00
-1.000000000000000000e+00
-1.000000000000000000e+00
-1.000000000000000000e+00
4.057126630829832603e-01
-2.136035788967227678e-02
5.825923295401720381e-01
-5.385290956653931982e-02
1.000000000000000000e+00
-1.000000000000000000e+00
1.000000000000000000e+00
4.240905518361304249e-01
-1.000000000000000000e+00
1.324360585196640017e-01
-1.000000000000000000e+00
-1.000000000000000000e+00
5.317692491709394842e-01
-3.680941056599790762e-01
1.000000000000000000e+00
-1.000000000000000000e+00
7.908407854795970193e-01
-2.567905501293986648e-01
-7.291660069339176431e-01
1.000000000000000000e+00
-7.320203940607450388e-01
-1.000000000000000000e+00
7.891115031671672719e-01
1.000000000000000000e+00
1.000000000000000000e+00
5.163079621589110602e-01
8.341254681088483558e-02
1.000000000000000000e+00
1.000000000000000000e+00
-1.000000000000000000e+00
1.000000000000000000e+00
-6.597292463732698509e-02
-1.000000000000000000e+00
-1.000000000000000000e+00
-1.338762755682856298e-01
1.000000000000000000e+00
1.000000000000000000e+00
-1.000000000000000000e+00
-1.000000000000000000e+00
-2.756089751243554486e-01
-1.000000000000000000e+00
7.494306930248724186e-01
-1.000000000000000000e+00
1.000000000000000000e+00
1.000000000000000000e+00
-1.000000000000000000e+00
-1.000000000000000000e+00
1.000000000000000000e+00
-1.000000000000000000e+00
-6.492441957893051452e-01
1.525022446007319177e-01
-1.000000000000000000e+00
-1.000000000000000000e+00
-1.000000000000000000e+00
-1.494252747606965581e-01
-1.000000000000000000e+00
-6.735037735222210165e-02
1.000000000000000000e+00
-1.000000000000000000e+00
-8.994167409331897955e-01
6.412126302979137549e-01
6.161775456073925739e-01
-7.662863218837554502e-01
1.000000000000000000e+00
1.000000000000000000e+00
-1.000000000000000000e+00
-3.052506813800663910e-01
-1.000000000000000000e+00
6.379761747253858140e-01
-1.000000000000000000e+00
-1.844238026992251478e-01
1.000000000000000000e+00
-1.000000000000000000e+00
3.155200054798072973e-01
-1.000000000000000000e+00
