-2.203822546470525223e-01
-2.740685615212247739e-01
-1.000000000000000000e+00
-1.000000000000000000e+00
5.935457296412938177e-01
1.000000000000000000e+00
-1.000000000000000000e+00
1.000000000000000000e+00
-9.632418716183844820e-01
4.015728470265536032e-01
1.000000000000000000e+00
1.000000000000000000e+00
-1.000000000000000000e+00
-1.000000000000000000e+00
1.000000000000000000e+00
-6.151118547293520367e-01
-1.000000000000000000e+00
1.000000000000000000e+00
3.408389401618069359e-01
1.000000000000000000e+00
-1.310407574575883083e-01
-1.000000000000000000e+00
1.000000000000000000e+00
1.000000000000000000e+00
-1.000000000000000000e+00
9.412394947604348916e-01
3.006459657045590372e-01
1.000000000000000000e+00
1.000000000000000000e+00
8.477194722215550815e-01
1.000000000000000000e+00
1.000000000000000000e+00
4.652957233347619903e-01
-1.000000000000000000e+00
7.188530803219057574e-01
1.000000000000000000e+00
3.139294540666761613e-01
7.150827852933084872e-01
-1.000000000000000000e+00
-4.126408857333833113e-01
-1.000000000000000000e+00
-1.000000000000000000e+00
-4.875272827930412500e-01
-2.938102583453053862e-01
-5.839901422002211628e-01
1.000000000000000000e+00
-7.799174650127504993e-01
-2.988622507033160680e-01
1.000000000000000000e+00
-1.000000000000000000e+00
5.665818314716355442e-01
1.000000000000000000e+00
1.000000000000000000e+00
1.000000000000000000e+00
2.040429388570147717e-01
1.000000000000000000e+00
-1.000000000000000000e+00
-2.217954217838107867e-01
1.000000000000000000e+00
-1.000000000000000000e+00
1.000000000000000000e+00
-1.000000000000000000e+00
-7.197250481876024120e-01
-9.289638046316702757e-01
-1.000000000000000000e+00
-7.587859792082567445e-01
-1.000000000000000000e+00
1.000000000000000000e+00
-1.000000000000000000e+00
-1.000000000000000000e+00
-1.000000000000000000e+00
4.930711231141727269e-01
1.000000000000000000e+00
-1.000000000000000000e+00
-3.627272753711699993e-01
1.000000000000000000e+00
-1.000000000000000000e+00
-1.000000000000000000e+00
-1.000000000000000000e+00
7.178643553866125293e-01
-3.455287854414184068e-01
-1.000000000000000000e+00
1.000000000000000000e+00
8.942442935990164710e-01
1.000000000000000000e+00
-1.000000000000000000e+00
6.574203726027016970e-02
-1.000000000000000000e+00
1.000000000000000000e+00
1.000000000000000000e+00
1.000000000000000000e+00
7.115940347222264872e-01
1.000000000000000000e+00
1.000000000000000000e+00
1.000000000000000000e+00
9.460179508829975603e-01
-1.000000000000000000e+00
1.000000000000000000e+00
1.000000000000000000e+00
-7.027360147156700432e-01
-1.000000000000000000e+00
1.000000000000000000e+00
-1.000000000000000000e+00
-2.542242356491815070e-01
-1.000000000000000000e+00
1.000000000000000000e+00
-1.000000000000000000e+00
-1.000000000000000000e+00
1.000000000000000000e+00
2.271855706071510550e-01
7.205213230715901140e-01
-1.000000000000000000e+00
-8.173461065916768353e-01
-1.000000000000000000e+00
-1.000000000000000000e+00
-1.000000000000000000e+00
-1.000000000000000000e+00
1.000000000000000000e+00
1.000000000000000000e+00
5.165182662763631027e-01
4.503086256767246942e-02
-1.000000000000000000e+00
1.000000000000000000e+00
1.000000000000000000e+00
1.000000000000000000e+00
-1.000000000000000000e+00
1.000000000000000000e+00
1.000000000000000000e+00
-1.000000000000000000e+00
-1.000000000000000000e+00
-1.000000000000000000e+00
6.944907164880321782e-01
1.000000000000000000e+00
-1.000000000000000000e+00
1.712626062314448472e-02
-1.000000000000000000e+00
1.000000000000000000e+00
1.000000000000000000e+00
2.076522105486510728e-01
2.385786500709641267e-01
-3.449477216037621918e-01
2.066090252183705456e-01
-1.000000000000000000e+00
-1.000000000000000000e+00
9.051017835979919823e-01
-1.000000000000000000e+00
-3.451886178348477774e-01
1.000000000000000000e+00
-1.000000000000000000e+00
1.848780404594541071e-01
2.943374397932634334e-01
1.000000000000000000e+00
4.165998969765671855e-01
1.000000000000000000e+00
8.240222278103194187e-01
4.945605853998188417e-01
-1.000000000000000000e+00
-1.000000000000000000e+00
-1.000000000000000000e+00
-1.000000000000000000e+00
-1.000000000000000000e+00
1.000000000000000000e+00
1.000000000000000000e+00
-4.604647515434309168e-01
-1.000000000000000000e+00
-1.000000000000000000e+00
-1.417262520491683886e-01
1.000000000000000000e+00
1.000000000000000000e+00
-1.000000000000000000e+00
1.000000000000000000e+00
-1.932523253938497609e-01
-1.000000000000000000e+00
-1.000000000000000000e+00
-1.000000000000000000e+00
-7.724120359583225293e-01
-6.189216698503829939e-02
1.000000000000000000e+00
1.000000000000000000e+00
-2.189428615185671223e-01
3.761842723848514147e-01
-1.000000000000000000e+00
-5.251062841268158143e-01
-1.000000000000000000e+00
1.000000000000000000e+00
2.865066735029169753e-01
1.000000000000000000e+00
1.000000000000000000e+00
1.555652725058012109e-01
-8.849018467288540801e-01
1.000000000000000000e+00
-1.000000000000000000e+00
-1.574911855393873461e-01
-1.000000000000000000e+00
1.997702247629678241e-01
8.759678974527074224e-01
-4.424813253982896599e-01
-4.180761547332139672e-01
-1.000000000000000000e+00
1.000000000000000000e+00
1.000000000000000000e+00
1.000000000000000000e+00
9.100870270623413472e-01
-4.877698621272459345e-01
-1.000000000000000000e+00
-7.980272606349543274e-01
1.000000000000000000e+00
8.553053676894754043e-01
-1.000000000000000000e+00
1.000000000000000000e+00
-1.000000000000000000e+00
-1.000000000000000000e+00
-1.000000000000000000e+00
8.970280787978323067e-01
1.000000000000000000e+00
-1.000000000000000000e+00
-1.000000000000000000e+00
-6.370685172839405386e-01
1.000000000000000000e+00
-2.091829001263308951e-01
-4.687990409464193320e-02
9.110242468413713990e-01
5.067891848632759544e-01
-1.546738579772096722e-01
-8.880529143167252837e-01
-1.000000000000000000e+00
-2.411298925827987105e-02
2.939616943735788857e-01
-1.000000000000000000e+00
-6.328188276524067124e-01
-8.566382135072952986e-02
7.950067324522509526e-01
9.551732273431751130e-02
-1.000000000000000000e+00
1.004806027588790451e-01
1.000000000000000000e+00
1.000000000000000000e+00
-1.000000000000000000e+00
-1.000000000000000000e+00
1.000000000000000000e+00
-1.000000000000000000e+00
-1.000000000000000000e+00
1.000000000000000000e+00
1.000000000000000000e+00
-5.783615473466716672e-01
1.000000000000000000e+00
1.000000000000000000e+00
-1.000000000000000000e+00
1.000000000000000000e+00
1.000000000000000000e+00
1.000000000000000000e+00
2.908491580466197046e-01
1.000000000000000000e+00
-1.000000000000000000e+00
1.000000000000000000e+00
-1.000000000000000000e+00
1.000000000000000000e+00
1.000000000000000000e+00
1.000000000000000000e+00
-1.000000000000000000e+00
-1.000000000000000000e+00
4.007071801444184178e-01
1.000000000000000000e+00
1.000000000000000000e+00
-1.000000000000000000e+00
