9.323918137409248352e-01
8.329280829609608805e-01
-8.186363693778724304e-01
-6.795711721191484145e-01
-4.979921228491510643e-01
-1.685152480310998513e-01
3.107087010969491470e-01
-3.786281640414190797e-01
-4.129909233678541458e-01
-4.242220487681338525e-01
6.338487875407430305e-01
-7.871064347208323042e-02
-9.086590007393089419e-01
4.708279986008809814e-01
-1.754760232078791393e-01
-8.199697254478410802e-01
8.476296654262185370e-01
1.789294728610779650e-01
7.893661714851685218e-01
-9.245730366620690255e-01
2.831648719729733532e-01
-1.951450579385847206e-01
2.851467991153733283e-01
1.034531143020505084e-01
9.346331070237454686e-01
7.799574328729161898e-01
1.925691549832224680e-01
8.129516802684408905e-01
3.157839360555239061e-01
-1.068744451227623404e-01
1.673917615270925641e-01
-1.475123054179681148e-01
-5.929222167557062217e-01
7.679125825538786199e-01
-9.599183215914051104e-01
-6.238749175085380738e-01
-3.408170079254881912e-01
-7.237609868892969089e-01
5.308244837598645738e-01
8.749921790706438607e-02
5.997974897653599591e-01
6.755715829554946872e-01
-8.729596076974568408e-01
2.944568282208250842e-01
8.187875749117634605e-01
3.051081753548352538e-01
8.059012486048160451e-01
7.748643196277733569e-01
-6.877015583592751558e-01
9.778230033033099566e-01
1.058936125524079230e-01
-9.304658249361708044e-01
8.360287972791164979e-01
6.349798874058552034e-01
2.569451498926071942e-01
1.749399412616863270e-01
-9.878586536374973637e-01
-2.892784994626647066e-01
-3.053593856808627383e-01
3.274686433858595702e-01
-7.690901303733899130e-01
-2.526211217036968826e-01
2.876352398671606636e-01
2.150348640086499064e-01
5.386122096126217951e-01
2.678620263008644198e-01
3.537107320655201725e-01
-3.174720171514584521e-01
9.796497037937148544e-01
2.439360999999786728e-01
9.731790332574430380e-04
2.933983014126801958e-01
1.786185023604061062e-01
8.396780518912529967e-01
-8.530667644353113754e-01
-4.438409058636814120e-01
2.851789097587276167e-02
-9.030069857320510707e-02
4.289425454713862162e-01
1.327409740789005088e-01
-3.856555402422470191e-01
-8.446567339525128393e-01
-2.478437041747150182e-01
3.281783570865830502e-01
3.758118383982009814e-01
-1.191916014275327118e-01
9.120807800171177870e-01
-4.253843389432501176e-01
8.969192625245505646e-01
-5.332795878271521239e-01
-2.061537893661453680e-01
-5.770276434534524768e-01
3.252247754859320938e-01
-3.224723917945064855e-01
-8.573314760212467078e-01
-2.821938321286123763e-01
6.561067993327069914e-01
8.081365328467033926e-01
1.166500818033382458e-01
-9.933809292162860682e-01
2.930820149930284391e-01
-6.629449345787428172e-01
-7.122253512520413388e-01
1.173098999626442929e-01
2.742112165884276198e-01
-3.552005098648272075e-01
6.551612938367312733e-01
-2.100439390333139755e-01
-9.517160457061835110e-02
1.791626728783797251e-01
5.842014461355116151e-01
6.624467061036649618e-01
3.841388087016570640e-01
3.768254644441719758e-01
-3.559102853598281602e-01
-8.620879514026102974e-02
7.555605141085197651e-02
-6.180394075675255117e-02
-8.296531958994746159e-01
3.316410101159730228e-01
-6.810556590734775373e-01
-5.164645794450981597e-01
9.877314816451177037e-01
-1.711705330539050607e-01
-8.810428317741560988e-01
8.678976800959299354e-01
-9.650726575705119714e-01
-6.142664068750915973e-01
7.234295404671207130e-01
7.071444323166975465e-02
3.536937889667892687e-01
3.162509590292064132e-01
8.637997642185126779e-01
-1.193707790570242011e-02
-8.418298379443145407e-02
-5.405237762928782885e-01
-7.469091451187421793e-01
-4.634441037616543468e-02
-8.249139946746577579e-01
9.478021444254767225e-01
-9.022520232957820241e-02
-6.354816053422966959e-01
1.001336431095023460e-01
6.363784414210693630e-01
-5.554482808519392023e-01
4.628763688070605120e-01
-3.541213661774376131e-01
-3.970927489431448354e-01
4.473043818743827060e-01
-4.922041088156452471e-01
6.505733983530868070e-01
-8.421673643167799650e-01
4.592213041265775786e-01
6.274421323551375718e-01
6.536598729450537881e-01
-2.108850724955040334e-01
6.193658144010893984e-01
-2.414638925335697017e-01
2.104068560188654402e-02
-4.815737367901347099e-01
4.125383475373880504e-01
6.356359025044862054e-01
5.543181418298217533e-01
-8.066979414927599734e-02
-2.708696403678678699e-02
4.738783718655359412e-01
-4.565138943414215333e-01
-9.784610240500597467e-01
-4.150335253580850203e-01
-7.917069892606110049e-01
4.760153780593128214e-01
6.180711190050933723e-01
1.232569360422972604e-01
-2.646405107354723452e-01
-1.074718814464370453e-01
-9.166399751775455851e-01
1.657326951367241730e-01
-9.930326001654299350e-01
-2.302277860924151209e-01
-2.721644749078699910e-01
-2.843121097859950819e-01
5.322611549730611458e-01
6.869519942801578516e-01
9.299696506689534292e-01
-3.249430423555739189e-01
-7.523386239353067051e-01
-8.947603339526075672e-01
-3.662488772015277672e-01
-4.876163273572879930e-01
3.880277827880376229e-01
5.846346125160626350e-01
-4.178016198614498133e-01
-7.515440359303504625e-01
2.942069085285794472e-01
-1.779315491013058192e-01
-8.109853945946972065e-01
8.206477584517750667e-01
-2.846004598897440285e-01
1.453689457110407535e-01
-8.872054461505338718e-01
5.101222274478505181e-01
3.055599897944072385e-01
-8.708612171813692182e-01
-4.857293398566444598e-01
2.757180194035642185e-01
4.942796100069932752e-01
2.209448707501107112e-01
-2.536771453253585662e-01
-1.693491383029808173e-01
7.517575903390063541e-01
-6.325628823871036754e-01
-3.024939646107671631e-01
8.502886963878681925e-01
2.695899331321058856e-01
6.701598772930090764e-01
-1.760895841825238506e-02
-7.460685787808103431e-01
9.378633407093235341e-01
6.818311854311747133e-01
3.822587668236137048e-01
-9.509143828225430362e-01
-7.314060251815517333e-01
-8.060251799807118811e-01
5.033431305915274656e-01
1.579984766108928351e-01
-7.268588384831073945e-01
4.904398944516796810e-02
5.081099132711044408e-01
3.642604284345463128e-02
2.709437039163111738e-01
-5.665987474261764412e-01
9.457746931957153880e-01
-9.774998335852247422e-01
-8.809003429037727262e-01
3.799629403489523938e-01
3.104434251739711659e-01
-8.027177748369536125e-01
-6.602187894078443975e-01
9.092053816945213640e-01
-5.069243934699558807e-01
7.414609184573675016e-01
5.563488048274802811e-01
-5.862304836277014708e-01
9.790224040282520246e-01
5.818697113072310856e-01
3.785113212812918349e-02
6.374473120912589330e-01
-5.227863614385201974e-01
9.625380402794807555e-01
-9.162363870545193745e-01
-6.150417713125264640e-01
-4.083377950086735098e-01
-6.419050776680903514e-01
6.660814194085500350e-01
2.924717667949094935e-01
2.709753859303329904e-01
7.710694751620494891e-02
3.040826448954752070e-01
-2.472836931820494577e-01
-8.306414204790917299e-01
9.975696003511087540e-01
9.029832474473911130e-01
1.705282025194458928e-01
-5.164686632536974464e-02
-6.101620210806031341e-01
