-4.915019018273940610e-01
6.398374876058323668e-01
-2.505344729897924783e-01
-1.000000000000000000e+00
4.495044748122001277e-02
5.493408979343312737e-01
-7.886656670702563154e-01
7.123104515550284788e-01
-1.000000000000000000e+00
-1.000000000000000000e+00
7.523483184116552813e-01
-4.472599251588583735e-01
-1.000000000000000000e+00
1.000000000000000000e+00
1.000000000000000000e+00
1.000000000000000000e+00
-8.330532485820363320e-01
-8.705393097475206954e-01
-1.000000000000000000e+00
5.205117497408804361e-01
-5.315434590994867481e-01
9.527142411649192066e-01
1.000000000000000000e+00
-4.193733919872359994e-01
-1.976489936543130987e-01
-9.133995458932905320e-01
-9.930481392744114899e-01
9.210764656636605263e-01
2.539315537799703426e-01
6.167898909347094838e-01
-1.000000000000000000e+00
3.979136010310073690e-01
6.817035720581969827e-01
4.362005863803026795e-01
5.081495224961620760e-01
-8.529220909809627216e-01
9.115747201852091308e-01
1.629926080634247487e-01
1.088516555523821872e-02
-1.245477377021704246e-01
3.896215115618413272e-01
-1.000000000000000000e+00
-6.948139935489892061e-01
4.847131140291960349e-01
2.729564488275009193e-01
5.757257820528147718e-01
-5.692160115225011752e-02
1.849783198905639026e-01
-8.139844306653626349e-01
8.722588358902250150e-02
4.274754531939444213e-01
-1.000000000000000000e+00
-9.949233435931161829e-01
-6.556274611426424759e-01
-1.000000000000000000e+00
6.521229352495991893e-01
1.000000000000000000e+00
-1.000000000000000000e+00
1.000000000000000000e+00
-5.419543301399205593e-01
2.433772910576025295e-01
-1.000000000000000000e+00
-1.000000000000000000e+00
3.044831186204610685e-02
3.884794854934291997e-01
1.000000000000000000e+00
6.694617817427912509e-01
-7.138068429283372929e-01
1.000000000000000000e+00
-6.590661640419585854e-02
1.000000000000000000e+00
3.232546814823535342e-01
-2.246580741420233784e-01
5.075762383348521034e-01
2.845797370307390217e-02
1.039442847732696684e-02
2.178863194690308092e-01
-6.080021048491941471e-01
1.000000000000000000e+00
5.220524218870099542e-01
1.000000000000000000e+00
-6.711590523020913857e-01
9.614124685093423661e-01
1.000000000000000000e+00
1.210655026328633088e-01
-1.000000000000000000e+00
1.231142758959972161e-01
-1.000000000000000000e+00
2.782473593623520092e-01
9.428353767917629913e-01
-8.308950590730173058e-01
-2.999903113415518519e-01
-1.169193349093891054e-01
1.000000000000000000e+00
1.000000000000000000e+00
3.635310793110341221e-01
-7.017888855339426968e-02
-2.046851271858363130e-02
9.796368757955513651e-01
-8.610081715170281313e-02
-6.597433949469103664e-01
3.346343660039080015e-01
-4.079534879084643073e-01
7.420982713844586076e-01
1.000000000000000000e+00
1.000000000000000000e+00
-1.000000000000000000e+00
-7.918712089096982543e-02
1.000000000000000000e+00
-1.000000000000000000e+00
-1.000000000000000000e+00
6.772860767687161054e-01
-1.273594924784624549e-01
-1.000000000000000000e+00
9.163047064072246672e-02
4.858856395356601077e-01
-1.000000000000000000e+00
7.265133390210181119e-01
1.000000000000000000e+00
-5.907124618273158490e-01
-7.012027225379142692e-01
1.000000000000000000e+00
-1.000000000000000000e+00
5.537113090400902493e-02
-3.590196687836043621e-01
-9.306273161653442205e-01
-2.777807602758097794e-02
1.974627289615563663e-01
-2.699457872358899113e-01
5.662995646622948076e-01
1.991284232638084184e-01
-1.444534549200834350e-01
-1.000000000000000000e+00
2.452158050445671367e-01
-1.000000000000000000e+00
-8.271080219385729126e-02
1.000000000000000000e+00
1.130691726819113008e-01
9.990868001289927580e-01
5.162079283176689293e-01
1.000000000000000000e+00
-7.719228365145762716e-01
-5.194780320453542544e-01
-2.733045467563338660e-01
-7.159006792302206046e-01
3.043483325748994051e-01
-1.850236827404827533e-01
2.930293745877341482e-01
6.040874302282973618e-01
-1.219825965238864884e-01
-7.258077413124144339e-01
5.411729751460203630e-03
7.904606364643238514e-01
7.895031750382550673e-01
-1.000000000000000000e+00
4.114167321474688777e-01
8.988021797594154538e-01
9.211943025076421154e-01
8.469640189906222361e-01
3.014549588229400445e-01
8.655389824405735899e-01
-1.277075171327783920e-01
-1.000000000000000000e+00
9.311191311935076431e-01
-2.010749772256090195e-01
1.000000000000000000e+00
6.121863714428426029e-01
5.995443495180551308e-01
1.000000000000000000e+00
-4.027438454672060963e-01
-7.129229617582969469e-01
7.394471147217751561e-01
3.259002991911499336e-01
6.933427679961442491e-01
5.255016889036929761e-01
5.031917044330058708e-02
-2.275205621001753498e-01
-5.034379588700461650e-01
3.255597801945834258e-01
-8.025168719246922322e-01
-1.000000000000000000e+00
9.122007496461865816e-01
-9.953460274926235751e-01
-2.121449858013983447e-01
-5.452543000182055177e-01
-1.000000000000000000e+00
1.000000000000000000e+00
-1.000000000000000000e+00
1.000000000000000000e+00
2.058107210713350232e-02
1.000000000000000000e+00
-1.000000000000000000e+00
-5.079126460285254829e-01
8.335730415000025539e-02
-5.882121929028762963e-01
-9.203885303888557079e-01
-4.791878082089404689e-01
-4.439005346826840892e-02
8.460057257291231370e-02
1.000000000000000000e+00
-8.885960964808596874e-01
6.205557222980486731e-01
8.748752248775752971e-01
4.167624642497742560e-01
-7.123033511165686171e-01
3.657613964269953444e-01
6.795561287705228493e-01
4.805130163490507478e-01
-6.611178170318343650e-01
4.738554314152200186e-01
8.789821769965747711e-01
-3.095898557836893605e-01
5.969165252683557021e-01
5.764521419509809341e-01
-1.000000000000000000e+00
-7.779123650049335481e-02
-6.730854267646750877e-01
1.000000000000000000e+00
-5.465857108605969295e-01
1.167711313168047216e-01
4.345307877210820013e-01
-3.428689000192390868e-01
-4.599203799552651351e-01
3.900266841149242492e-01
8.148091665701560071e-01
-1.000000000000000000e+00
1.000000000000000000e+00
-7.804583117014305405e-01
1.579625814674101569e-02
-8.013345170241810145e-01
-3.818209359427837679e-01
1.000000000000000000e+00
1.000000000000000000e+00
-1.000000000000000000e+00
-5.837721245191307418e-01
4.117179756210492814e-01
-9.702336721334063885e-01
5.652746308667919717e-01
-4.204263958151419622e-01
1.000000000000000000e+00
-3.050874744574973985e-01
7.374374568167481048e-01
-2.349291772844788184e-01
4.193078194061172770e-01
1.000000000000000000e+00
1.471232685041609922e-01
-2.559674377966969505e-01
-8.937998355802736494e-01
1.000000000000000000e+00
6.787848469313505495e-01
-1.000000000000000000e+00
-5.728822174583239057e-01
-1.000000000000000000e+00
1.178319256726911846e-02
-2.749405042734868188e-01
-7.063010606284603199e-01
2.475433185181854512e-01
-4.726845753130315408e-02
6.942980656295445474e-01
1.000000000000000000e+00
2.718901826942432542e-02
-1.000000000000000000e+00
5.547959673980735751e-01
-9.856714403763090493e-01
-1.536624569389544170e-02
