-4.822340705143126072e-01
1.000000000000000000e+00
1.971213628465919854e-01
1.000000000000000000e+00
1.000000000000000000e+00
6.232677414400100702e-01
-1.000000000000000000e+00
-1.000000000000000000e+00
-7.250362321197041382e-01
1.000000000000000000e+00
1.000000000000000000e+00
6.038293278400017616e-01
1.000000000000000000e+00
1.000000000000000000e+00
1.000000000000000000e+00
-1.000000000000000000e+00
6.904528847006750070e-01
1.000000000000000000e+00
-5.509299148816138025e-01
1.000000000000000000e+00
1.000000000000000000e+00
1.000000000000000000e+00
-1.000000000000000000e+00
1.000000000000000000e+00
-1.000000000000000000e+00
1.000000000000000000e+00
-1.000000000000000000e+00
6.079799872979675390e-01
-1.000000000000000000e+00
-6.204447354966960981e-01
-7.376862011412823605e-01
-1.598785594781095831e-01
-1.000000000000000000e+00
1.000000000000000000e+00
1.000000000000000000e+00
-1.000000000000000000e+00
1.000000000000000000e+00
-1.000000000000000000e+00
1.000000000000000000e+00
-1.000000000000000000e+00
5.766727481445739212e-01
1.000000000000000000e+00
-1.000000000000000000e+00
-1.000000000000000000e+00
1.000000000000000000e+00
-8.345563555044975823e-01
-5.314283743380210367e-01
-1.000000000000000000e+00
1.000000000000000000e+00
-7.894706831332760633e-01
-1.908131503275311558e-01
1.000000000000000000e+00
-1.757861753539796124e-01
-1.000000000000000000e+00
-1.000000000000000000e+00
-9.881222044507966817e-01
1.717282687146288733e-01
-1.000000000000000000e+00
-7.322367870130075396e-01
9.777389414440915694e-01
-2.980378876915246167e-02
1.000000000000000000e+00
-3.732395353816178041e-01
-3.456414897245210227e-01
-1.000000000000000000e+00
-7.400105398127176937e-01
-4.102840698281498000e-01
-1.000000000000000000e+00
-3.086238442204056742e-01
-1.000000000000000000e+00
4.560091936761547782e-01
-1.000000000000000000e+00
-3.901077503408616476e-01
-1.000000000000000000e+00
-7.160977669188586248e-01
1.000000000000000000e+00
-8.888653279402144447e-01
1.000000000000000000e+00
9.213712435969056980e-01
-5.137521770116260100e-01
-3.870591393946187786e-02
1.000000000000000000e+00
-1.000000000000000000e+00
1.000000000000000000e+00
1.000000000000000000e+00
-6.222341892143989917e-03
7.515114028202011243e-01
-1.296046153793353473e-01
-9.922545071362217639e-01
1.000000000000000000e+00
-1.000000000000000000e+00
7.097632311307902064e-01
-7.237341978730538194e-02
-1.368139983628948730e-01
-1.000000000000000000e+00
9.525039057396522679e-02
1.000000000000000000e+00
-1.000000000000000000e+00
-8.914647806970465993e-01
7.883607359465213404e-01
-6.606409424090033955e-01
-1.000000000000000000e+00
1.000000000000000000e+00
1.000000000000000000e+00
9.464570623562501561e-02
4.626627330242516489e-01
1.000000000000000000e+00
1.000000000000000000e+00
-4.064834809472366306e-01
-5.284625993104379305e-01
1.000000000000000000e+00
1.000000000000000000e+00
4.088288370284623996e-01
1.000000000000000000e+00
-1.000000000000000000e+00
2.167785639607084924e-01
-1.000000000000000000e+00
-1.000000000000000000e+00
-5.684200798052729819e-02
-7.071913923281436531e-01
7.322400026912254667e-01
-1.000000000000000000e+00
-8.998621244802851304e-01
-1.000000000000000000e+00
-4.951900531654916393e-01
-3.677610468820662337e-01
-4.122221687197493711e-01
-8.977499723507109675e-01
9.971460559174980531e-01
-1.000000000000000000e+00
-1.000000000000000000e+00
-1.000000000000000000e+00
1.000000000000000000e+00
3.476281308224926647e-01
1.000000000000000000e+00
-2.835329114427548314e-03
-1.000000000000000000e+00
6.971987617786992719e-02
3.640566509158883468e-01
9.260086460135972253e-01
1.000000000000000000e+00
-1.000000000000000000e+00
-5.736216475587420094e-01
-1.000000000000000000e+00
6.531526227619131042e-01
1.000000000000000000e+00
-3.707151571687824498e-01
-1.000000000000000000e+00
1.000000000000000000e+00
1.000000000000000000e+00
-1.707525132801915868e-01
-3.736461245190813019e-01
2.040963963619247534e-01
5.618242045334491674e-01
1.000000000000000000e+00
-3.817073611522014409e-01
-1.000000000000000000e+00
1.000000000000000000e+00
1.000000000000000000e+00
-1.000000000000000000e+00
-1.000000000000000000e+00
8.388700803980697618e-02
-1.000000000000000000e+00
-1.000000000000000000e+00
1.000000000000000000e+00
-7.038732473662483446e-01
4.439134462885796495e-01
1.000000000000000000e+00
7.454438156825005102e-01
-1.000000000000000000e+00
-9.044892501434336207e-01
-1.000000000000000000e+00
1.000000000000000000e+00
-5.858187134353647352e-01
1.000000000000000000e+00
1.000000000000000000e+00
-2.624146617503350098e-01
-1.000000000000000000e+00
-8.872841856374138469e-01
1.681151272682235298e-01
1.670515973017994149e-01
1.000000000000000000e+00
-9.583903714727900480e-01
-1.000000000000000000e+00
-1.000000000000000000e+00
-1.000000000000000000e+00
1.000000000000000000e+00
1.000000000000000000e+00
1.000000000000000000e+00
7.194713237393306482e-01
-1.000000000000000000e+00
-1.000000000000000000e+00
1.000000000000000000e+00
6.182751615531383305e-01
2.419947536724810222e-01
1.000000000000000000e+00
1.000000000000000000e+00
4.867866762461504626e-01
1.531151841944460301e-01
4.666981337831157539e-01
-1.000000000000000000e+00
1.000000000000000000e+00
1.000000000000000000e+00
1.000000000000000000e+00
1.000000000000000000e+00
1.000000000000000000e+00
-1.000000000000000000e+00
-1.000000000000000000e+00
-1.000000000000000000e+00
-1.000000000000000000e+00
-8.102799003144922629e-02
1.000000000000000000e+00
-1.000000000000000000e+00
9.988616574151124583e-01
1.000000000000000000e+00
-1.000000000000000000e+00
-6.341741306211030604e-01
-1.000000000000000000e+00
-1.000000000000000000e+00
8.993110735192851868e-01
-1.000000000000000000e+00
8.198762765027531874e-01
-8.676510588975161475e-01
1.000000000000000000e+00
-1.000000000000000000e+00
1.000000000000000000e+00
-1.000000000000000000e+00
2.052435835742753012e-01
-1.000000000000000000e+00
-3.672498769932251994e-01
-9.372254932490543533e-01
1.000000000000000000e+00
9.420761056614579410e-01
1.000000000000000000e+00
-4.269473511469406013e-01
-1.000000000000000000e+00
-1.000000000000000000e+00
-1.000000000000000000e+00
7.862570488493301202e-01
1.000000000000000000e+00
1.000000000000000000e+00
1.689306797250175740e-01
-1.000000000000000000e+00
-4.569636094512944391e-01
1.000000000000000000e+00
1.000000000000000000e+00
-1.544274424862942530e-01
1.000000000000000000e+00
-1.398377428414754320e-02
1.000000000000000000e+00
1.000000000000000000e+00
-7.049920576598309729e-01
1.000000000000000000e+00
-1.000000000000000000e+00
-1.000000000000000000e+00
7.181767131956562356e-01
1.000000000000000000e+00
1.000000000000000000e+00
1.000000000000000000e+00
9.652825122135811897e-01
6.529619438304181678e-01
1.000000000000000000e+00
7.049562411566530074e-01
1.000000000000000000e+00
-1.000000000000000000e+00
