1.000000000000000000e+00
2.696882476506191617e-01
-1.000000000000000000e+00
-1.000000000000000000e+00
9.963046270159235940e-01
5.640488615320088384e-01
-3.192088035497154808e-01
1.000000000000000000e+00
-5.214744274243632294e-01
7.171177997486772870e-01
6.484135185821001679e-01
-9.016699435224975190e-01
-2.571893273169435501e-01
1.000000000000000000e+00
-5.862164473665877618e-02
5.454796464009782353e-01
6.438446354353810630e-01
1.000000000000000000e+00
4.577606843367283962e-01
-2.950390089511012448e-02
-5.291385824878989119e-01
2.564842223972367830e-01
-1.000000000000000000e+00
7.226917195692817986e-01
9.149316871315393840e-01
1.216605180850684198e-01
-1.206321872805813378e-01
1.000000000000000000e+00
1.000000000000000000e+00
-1.915435487617201948e-01
5.485186960170547188e-01
3.099122753000418395e-01
-1.000000000000000000e+00
3.044314227752562552e-01
6.173367990309728270e-01
-3.499308254863257028e-01
-1.000000000000000000e+00
-8.935873420499815811e-01
1.000000000000000000e+00
1.000000000000000000e+00
1.000000000000000000e+00
-7.133201918289986398e-01
-4.080625626626057101e-01
9.171492068151985144e-01
3.645785689818678010e-01
-1.000000000000000000e+00
1.000000000000000000e+00
1.000000000000000000e+00
1.000000000000000000e+00
2.763293582559511741e-01
2.629874389378403787e-01
1.000000000000000000e+00
6.974429874919844119e-01
1.000000000000000000e+00
-1.000000000000000000e+00
6.797079240263095290e-01
1.000000000000000000e+00
-4.189454876445165565e-01
1.000000000000000000e+00
-4.557001342206705718e-01
-1.000000000000000000e+00
1.000000000000000000e+00
1.000000000000000000e+00
-1.000000000000000000e+00
8.969622451172228894e-01
-1.000000000000000000e+00
-1.000000000000000000e+00
-4.056734167671563474e-01
1.000000000000000000e+00
2.023558605502173702e-02
-1.000000000000000000e+00
1.000000000000000000e+00
1.000000000000000000e+00
-2.923006407573637278e-01
1.000000000000000000e+00
-1.000000000000000000e+00
-6.006742961402489200e-01
-1.000000000000000000e+00
-1.000000000000000000e+00
1.047278745662578725e-01
-1.000000000000000000e+00
-1.000000000000000000e+00
1.000000000000000000e+00
5.574121808944327849e-01
-1.000000000000000000e+00
1.000000000000000000e+00
-1.000000000000000000e+00
1.000000000000000000e+00
1.000000000000000000e+00
-1.467410896889294047e-01
1.000000000000000000e+00
-1.014431062938221384e-01
4.050355908520839043e-02
2.911277229500571773e-01
-1.000000000000000000e+00
1.000000000000000000e+00
2.593463276985330523e-01
-1.000000000000000000e+00
-1.000000000000000000e+00
-1.000000000000000000e+00
1.000000000000000000e+00
-2.330474848165331458e-01
-7.477053799188281280e-01
9.499263085212352742e-01
-1.000000000000000000e+00
-1.000000000000000000e+00
7.184156352717010474e-01
-2.133781743942352316e-01
-1.000000000000000000e+00
1.000000000000000000e+00
1.000000000000000000e+00
-5.362431482669657301e-01
-1.000000000000000000e+00
1.000000000000000000e+00
3.068415576834607750e-01
-8.653296099519485196e-01
-1.000000000000000000e+00
-3.862884734131915576e-01
-1.980279213517411041e-01
-1.855414104335469938e-01
1.000000000000000000e+00
4.971422586848033287e-01
-1.000000000000000000e+00
-2.777068461359648577e-01
6.742496053272389878e-02
1.000000000000000000e+00
7.975776791951627587e-01
7.629601984481986232e-01
9.474050075913248437e-01
7.842654689129497925e-01
-6.793715031358886769e-01
-7.408476578973710591e-01
1.000000000000000000e+00
9.235581666638678078e-01
-2.908663745856299165e-02
2.551667290880877959e-01
1.000000000000000000e+00
5.880381864029131656e-01
1.891285002652688396e-01
-7.165389240752931821e-01
3.445957886103006018e-01
-8.771169630175519316e-01
4.637394937277052875e-01
-1.000000000000000000e+00
-1.000000000000000000e+00
4.868811385422540106e-01
-2.320845350866651557e-01
1.000000000000000000e+00
1.000000000000000000e+00
5.736790938763051129e-01
-1.000000000000000000e+00
5.853562324907394254e-01
5.207704063296452190e-01
1.000000000000000000e+00
1.000000000000000000e+00
4.875738238511085898e-01
9.936696959348336744e-01
9.356520822552902850e-01
1.000000000000000000e+00
-4.506797734825939705e-01
-1.000000000000000000e+00
-7.076896159344586712e-01
1.000000000000000000e+00
7.723818692759021332e-02
7.085298753674793559e-01
1.000000000000000000e+00
8.484787139680407542e-01
8.287087148852336771e-01
1.000000000000000000e+00
9.159083284295346239e-01
1.000000000000000000e+00
1.000000000000000000e+00
1.000000000000000000e+00
9.111336383305446152e-01
1.000000000000000000e+00
-2.056891916692146771e-01
1.000000000000000000e+00
-4.669927486557893248e-01
1.513493502548588499e-01
1.000000000000000000e+00
-1.000000000000000000e+00
1.843851777956015958e-01
1.000000000000000000e+00
-1.000000000000000000e+00
1.000000000000000000e+00
2.725654642498043234e-01
-7.776120049768708853e-02
-6.963440831250035101e-01
-5.381046582162675174e-01
5.749176778233061613e-01
-1.000000000000000000e+00
-1.000000000000000000e+00
-1.000000000000000000e+00
-1.928955115547847932e-02
1.000000000000000000e+00
1.000000000000000000e+00
7.467754381057585267e-01
-1.000000000000000000e+00
8.382404087115731262e-01
-1.000000000000000000e+00
1.000000000000000000e+00
-1.000000000000000000e+00
-2.916216995819941316e-01
1.000000000000000000e+00
-1.000000000000000000e+00
-1.000000000000000000e+00
2.539714377389810096e-01
-6.864016797830636563e-01
-5.421488217397809617e-01
-1.000000000000000000e+00
-2.230933998711256416e-01
-6.308026586172332806e-01
-2.155753366569275742e-01
-5.509537767196128755e-01
-1.000000000000000000e+00
1.000000000000000000e+00
5.674841840469184717e-01
8.008463278180975031e-01
8.855677429975570281e-01
-1.557144495406965756e-01
-3.528312924447594146e-01
8.121660380125106382e-01
-4.414116902125820863e-01
-1.000000000000000000e+00
-7.549795584284324512e-02
-6.891938854537550396e-01
5.052181818893495269e-01
-1.000000000000000000e+00
-2.746183128616728197e-01
-1.000000000000000000e+00
1.849568280968595935e-01
-1.000000000000000000e+00
-1.000000000000000000e+00
1.362488014696814353e-01
-2.255937947989410386e-01
-8.189660511232345064e-01
-5.221522834441032490e-01
-3.126422618894492134e-01
1.000000000000000000e+00
-4.841987576908495794e-01
1.000000000000000000e+00
1.346812647634004212e-01
1.000000000000000000e+00
9.496514748656267324e-01
-2.330589821239152371e-01
1.000000000000000000e+00
-8.466963197940982067e-01
1.199188119648179063e-01
-3.036003559157733900e-01
7.438449343368331856e-01
-8.991848234541268692e-01
-8.408619268365080668e-02
9.785683328398431247e-02
1.498465686999305713e-01
-4.360994312113055660e-01
-6.247861683431679136e-01
1.000000000000000000e+00
4.713662710588728544e-01
-1.000000000000000000e+00
-1.000000000000000000e+00
-1.000000000000000000e+00
8.660830174360024669e-01
4.363327985919576157e-01
1.000000000000000000e+00
-1.000000000000000000e+00
