-7.532107020572260669e-01
1.781015383012680697e-01
-5.733709434937395155e-01
9.209901679207632696e-02
-5.588797046002977886e-01
9.328438689266898010e-01
-8.645091763617385183e-03
-5.770031101857604483e-01
-5.561405730111630419e-01
1.053306377747145195e-01
1.073611356998656063e-01
5.508916930493343855e-01
6.781330634096689458e-01
-3.806497618554409712e-01
5.399485086946844703e-01
-9.388661981563157788e-01
1.628926062516049544e-01
-2.152858237571269040e-01
8.944570328085514888e-01
4.459435937872717748e-01
3.183433018882670940e-01
-4.030828717849812559e-01
3.145063722946224161e-01
-1.889497041485985740e-01
1.926317821316982926e-01
-9.821588987801099790e-01
8.958661994552719054e-01
-2.493021866929889807e-01
-2.205130922268543348e-01
-5.276799717586004856e-01
3.393410045424178900e-01
4.654477837802537543e-01
-3.076046699198555778e-01
7.486009345799780057e-01
4.366025312212418186e-02
1.934216702676840871e-01
5.501939448981274516e-01
6.481834150540977113e-02
2.593886779818377342e-01
5.689837254270060374e-01
-4.250682825281093535e-02
5.716139786945275691e-01
5.103123621422023248e-02
1.851293897243779796e-01
4.418702080803298404e-01
3.238999945796909863e-01
6.348209471894876721e-01
3.557524603537214336e-01
-1.535775731934232446e-01
-5.859446772558634109e-01
3.908425162152211474e-01
-5.580274406712835145e-01
-8.419062872704397016e-02
2.860464576500465483e-02
4.679022790585922742e-01
-5.780796752543282402e-02
3.918813059341235139e-01
5.404891768910684569e-01
6.962074107804827605e-02
-2.497862012089688832e-01
1.331703079607924334e-01
-2.295271834282288648e-01
-3.023663872830746335e-01
-1.339099609687304238e-01
-2.387081293001245275e-01
6.972617168363202111e-01
8.890367483508783142e-01
-4.785235178008016010e-01
-8.234087822807041324e-01
-5.866374866665979848e-01
-1.667816083776862968e-01
-9.394525057770870546e-01
9.397131545459187496e-01
8.185239320311092914e-01
-3.689963916504537256e-01
5.527115552222161554e-02
8.252664541319760794e-01
-6.018243206428766090e-01
8.397626008516378970e-01
-9.722768967246413485e-01
3.572652006047623008e-01
4.399574479746459765e-01
-7.685782294629328604e-01
-5.302986578808408513e-01
4.415971389352060239e-01
-8.699451679135663529e-01
8.812766563146046117e-01
-8.501614523675480317e-01
-4.873093205021750141e-01
6.903414032693484526e-01
6.641510064711881878e-01
-7.212026327554275085e-01
2.345349809863852553e-01
3.803654094917985340e-02
5.656897233880044951e-01
9.965350096145697556e-01
7.754841760731450151e-01
9.572346554274195896e-01
8.184005009175192580e-01
6.720552073495724699e-01
-3.363883600033745758e-02
-9.249526144170874264e-01
-2.463968087132180074e-01
-8.861525636607467948e-01
-6.161862441086962683e-02
-4.034119902333912489e-01
4.261167076097200912e-01
1.267445402374887120e-01
2.336326891269235873e-01
3.350188823140345384e-01
-9.503132078229001856e-01
-6.476761511411632810e-03
1.120757739621485172e-01
-7.155960823346552147e-02
1.142267303750570395e-01
6.752930333892426251e-01
-4.051524801245798280e-01
7.246416775681958633e-01
-3.156509689512945194e-01
6.975335949121517221e-01
8.395852100250491556e-01
-7.635168282969491127e-01
-2.504691948063753060e-01
-7.808086676717458374e-01
6.837869526080804228e-01
-7.457656471440652357e-01
-9.059888848957660112e-01
-2.060068475140217625e-01
-5.276440178383388080e-01
-4.822995334314210680e-01
6.987306235234780338e-02
7.593700869233350748e-01
-5.701976124029579651e-01
-7.931275603435368193e-01
4.288782310190983882e-01
1.874831352975658838e-02
6.483136317063988852e-01
-8.559774497897982837e-01
-9.670320806219725451e-01
-7.511351009245874621e-01
-5.905773077653175829e-01
1.177429241451830588e-01
-4.254270337597247931e-01
3.934527332975068514e-01
-4.370910555773566131e-01
-3.248870452607033332e-01
9.465325459066675773e-01
-1.047353374439303764e-01
7.049789946413160813e-01
2.031540026061544602e-01
-4.369429139584741772e-01
-8.586523187953838399e-01
7.554753300225454105e-01
9.023602061384992101e-01
-2.808676485223882136e-01
6.382256213703956238e-01
6.855512095734264122e-01
5.721484271523038512e-01
-3.118178564029199240e-01
-6.371927718778402916e-01
7.831570599072830152e-01
-8.618218563589727932e-01
-3.513882793020162154e-01
1.903894085392556779e-01
-3.972487209533825947e-01
2.197818458527871499e-01
-2.413111721872363002e-01
-2.113736702502853060e-01
-4.463529803513635041e-01
-8.760256627468663293e-01
-6.382931331283654419e-01
7.955795338339233247e-01
1.175967558021675519e-01
8.350276755708021525e-01
6.343812319693900026e-01
-5.410928755239978738e-01
5.003958502120575691e-01
-7.430941687075567348e-01
-2.754526901627498692e-01
8.633178932189049526e-01
6.479468591023491708e-01
-8.678235753197180991e-01
-8.086874242902863941e-01
-6.822721619136042914e-01
3.488065614907329692e-01
-8.501393558786205507e-01
2.736176155959284539e-01
-7.043731767801830745e-01
-4.639404479118438562e-01
9.683893897622963820e-01
-7.495601247169625392e-01
7.580762396690836624e-01
7.667278369966816776e-01
-6.417250458050089978e-01
7.021353873554394553e-01
-5.118532693503476949e-01
5.150090819220767280e-01
-1.221817321548337443e-01
7.014493300864557135e-01
3.326231697469919091e-01
9.645158460183176352e-01
9.794973413598095924e-02
-9.102415914373513939e-01
-5.981189175384504786e-01
3.160253985383043585e-02
-7.443828075507898934e-01
5.287478559741607409e-01
-6.974343484095988366e-01
-2.351843789896364001e-01
-8.383190722829694241e-01
-5.520021479006014253e-01
-3.414964894030603215e-01
-4.323421081544402966e-01
7.506324421014718418e-01
1.980286874685470710e-01
-9.893425541371076992e-01
6.602742808357566773e-01
-9.886884465381582388e-01
9.882846305062968906e-01
2.538465742418694049e-02
7.727222317362292259e-02
-4.295894297769757841e-01
3.945705797208736154e-01
5.242556382732794784e-01
4.009606033695161109e-01
-9.584542710499928120e-01
-6.511251043593864196e-01
-4.367716132896342085e-01
4.325152557641420703e-01
-8.034024108692741084e-01
3.661235416410761889e-01
-8.257954146792889638e-01
-6.548600502976773541e-01
-3.262229365254558644e-01
8.766906047769935650e-01
-9.619885124208498173e-01
7.242648634989161671e-01
-2.347929336427985181e-01
-1.380049154306066672e-01
5.492412976828786597e-01
-9.402156629563929169e-01
-6.720188101918529444e-01
-8.612549433023364287e-03
1.630910967070593465e-01
-2.261384126565886277e-01
-1.452118665847450529e-01
-1.691395277209839509e-01
2.848195761985499175e-01
-1.928793367754668697e-01
1.055360480764477860e-01
-5.298653612002928170e-01
3.418379022424176128e-01
3.973280261582357031e-01
-6.429637750483980785e-01
-1.827469069812717173e-01
-8.596224031812746968e-01
6.224047850184530883e-01
-1.732785469840671944e-01
-2.526575761071039317e-01
1.965299361341932283e-03
-7.836169230778775585e-01
-1.609833212153963800e-01
-4.497906399765774221e-01
9.489276824432535395e-01
3.676988714735720531e-01
