-3.128860414479992524e-01
-2.081989597894620125e-01
6.128523308846025586e-01
8.501041172079659702e-01
5.138027893210450614e-01
-3.903969322575537859e-01
-4.610045335434780345e-01
-8.844038886182459258e-02
-7.332978996330321575e-01
-3.766659577343305365e-01
-8.012523118219689877e-01
-3.264513081255571159e-02
-4.449713995242254860e-01
5.842562532972754852e-01
-3.440215393413070810e-01
3.263497978705018898e-01
7.507257952781276611e-01
-6.505067309121095320e-01
-2.803616513790396780e-02
-2.137912721257753113e-01
-6.026496314981477642e-01
-7.835536606695907569e-01
-4.220440221840162653e-01
-8.922319859758593985e-01
4.664238992786879923e-01
7.236057972569234220e-01
-1.971176103590388529e-01
-5.747540436866751534e-01
-2.269416339872067923e-01
-6.079340992775021935e-01
-2.626064381142982906e-01
2.005406129293705320e-01
6.614031315635255925e-01
-1.930065255534474389e-01
2.590016788765949762e-01
4.152448592110966619e-01
-3.199848223212020670e-01
-5.539903013558111766e-03
1.722769105208408202e-01
-5.729627473464897758e-01
9.006086340075778462e-01
-9.236288496932736347e-01
9.283877454627382786e-01
-6.196462737233305873e-01
-9.424189629455244077e-01
-3.568805495164273367e-01
4.907189648663199399e-01
-9.017269101330793735e-01
-2.254693063278139231e-01
5.030840005383521163e-01
9.116306595566010529e-01
-8.994470424055061031e-01
-4.600447887322258733e-01
-5.252960559770325499e-01
-8.276742595344852571e-01
-3.124391389813279130e-01
5.021367811157102512e-01
-5.789037052755485746e-02
8.188411594154472173e-01
-6.002866642578819079e-01
-2.439669650565490233e-01
-5.249811884105228810e-01
-3.090474305284427459e-01
-7.571427889207289486e-01
9.092988195421027875e-01
-8.296555682164707957e-01
-8.858506160290329223e-01
3.415050456972745785e-02
-9.445363305835874357e-02
2.679163213612931749e-01
-7.548365970793877722e-01
7.778051840928108529e-01
-4.823292796906453184e-02
9.655573084520312488e-01
-6.436127698820979237e-01
-5.556535359235736937e-01
-1.000650326690084579e-01
-3.311452199830353660e-01
5.207024542324441008e-01
-1.301038015816047277e-01
6.394583420508808125e-01
1.478077497377721095e-01
-5.248253892035588120e-01
8.537250591716794013e-02
6.856879207626165318e-01
8.449098957135730004e-01
-9.468047979533602554e-01
-8.799259976797062510e-01
4.507854220006843882e-01
-9.726742978576001786e-01
-7.344064418835916097e-01
-2.735355616886725461e-01
2.177265780089276959e-01
-4.983466856641216580e-01
2.353347193781822888e-01
5.845067423045697819e-01
6.424470978284817502e-01
-5.682283017963600802e-01
7.212382705190560905e-01
-8.887641583791334732e-01
-3.806288665343759980e-02
-1.470476460006009400e-01
-4.452569669633710259e-01
7.950473166068992015e-01
-1.649812136684158936e-02
-6.514667270764984419e-01
9.840489957691960221e-01
-8.471195339003412261e-01
-4.848161518475813114e-01
-3.141446446252520452e-01
6.678210473139065684e-01
-6.158984955019042307e-01
-1.483363661287244728e-01
-1.897487461654401297e-01
4.723088933646331089e-01
2.754241630943252694e-01
-3.192505788833566172e-03
-7.254825046847857006e-01
-7.638687175611957869e-01
8.081043605493232196e-01
5.300999303452156308e-01
9.184462663367374269e-01
-7.913143336496981650e-01
6.922443604477219736e-01
8.992628346551454488e-01
4.137199803433959655e-01
-8.454182403888392816e-01
9.494263279078787310e-01
7.442064765428013651e-01
-9.410363318939285460e-01
1.308040852593694847e-01
7.573938313082708707e-01
9.869543872063091250e-02
-9.840934385212276592e-01
-9.871973496120869385e-01
-8.933153471718475735e-01
6.352603152705063039e-01
-8.116581977489985000e-01
8.723565670423203411e-01
7.939478123219223527e-02
-6.904585678512302760e-01
1.130518796513202417e-01
-5.956752007459629183e-01
-1.481137055286765314e-01
3.513487043313523461e-01
1.040358076622003303e-01
-2.477434397220714679e-01
-8.501325309242124817e-01
1.307748570234144037e-01
-1.384228844770385436e-02
-9.095965967288077714e-02
-5.077369083896261515e-01
-9.275654502319286010e-01
-3.801938268516822372e-01
6.024972600563460734e-01
3.643627235629143257e-01
-6.479315229829309963e-01
-4.816401944412616043e-01
-4.589655958307570227e-01
4.743071872988378068e-01
3.825434209009934694e-01
-2.977742216775434159e-01
-2.067682492890179358e-01
5.441738808713614262e-01
-3.787547949584395557e-01
6.367201380056453086e-01
3.514176770433485864e-02
-8.290096367326091897e-01
-9.751189249524312430e-01
9.155365751701995958e-01
3.016797537276170171e-01
4.378108411863035343e-01
-2.999047813407658136e-01
4.188415250182941918e-02
-5.648276795026685448e-01
9.660760954124136823e-02
-8.042919824514218607e-01
6.381908723942708583e-02
-4.003093798340029430e-01
-2.696636693383620553e-01
5.738570962266953401e-01
3.791723729252325370e-01
6.502988323816141225e-01
4.412380073729309515e-01
-8.260348217915669533e-01
8.041516845026266402e-01
5.851262722871846123e-01
-3.594976884926723848e-01
6.032687302560078013e-01
9.231560636658990848e-01
-8.975959542361038324e-01
7.134271567136374337e-01
-3.886987999079367651e-01
-9.811710186096107567e-01
-6.800214769049153229e-01
3.182279363594091581e-01
-8.770777930681998846e-01
8.803193211406104002e-01
7.277757884116962117e-01
4.704128078761207199e-01
-4.036807880588200170e-02
-7.060940321868682812e-01
-8.761918541794555537e-01
-6.575507844805859037e-01
6.711801808174655548e-03
-6.129819317339690876e-02
-2.374162704003537350e-01
9.919640462999994579e-01
8.033143602829058150e-01
-1.049217446184957936e-02
-2.840280185918790945e-01
-4.912979593705613102e-01
-1.738618840870120863e-01
9.403535357231447289e-01
-8.070594018549492876e-01
1.377036934563278248e-01
7.199254267075361202e-01
5.355433653307961617e-01
4.117644106913180835e-01
-2.731291989193063152e-01
6.356625086940672631e-01
4.315993853850408346e-01
5.816650158443281704e-01
6.491828835681201504e-01
4.051756609599621584e-02
-9.161652934462773956e-01
4.490040941281305820e-01
-5.865512756331556776e-01
-4.044996373923515076e-01
9.898401296685757078e-01
9.255936861635671864e-01
-2.522089888517609069e-02
3.496382942244067316e-01
-6.817700414907907902e-01
5.494427922965456901e-01
-3.758637962294992807e-01
-6.383171577878299363e-01
8.772061503084160883e-01
5.197822834582017659e-01
-5.811902015663799048e-01
4.449496930565133290e-02
4.121264656000755977e-02
-9.889862870224752633e-01
-9.258747145803611911e-01
5.334949742435735054e-02
-3.603234450569055003e-01
-5.443183355909126941e-01
3.482303764567744597e-01
6.167838589732450583e-01
-4.211874067825296386e-01
-6.717660952457999990e-01
-9.947138484128981162e-01
7.905791551021108532e-01
3.396304965518481822e-02
1.612690295606782342e-01
-7.211700746596756417e-01
-5.650889054836218950e-01
5.845847023643833129e-01
3.681434950240927151e-01
8.899056007083485653e-01
2.084273470853168497e-01
-4.758723572018344061e-01
8.512126499613650310e-01
-1.675531750464860359e-01
-6.823391990499370063e-01
