3.631153823245679702e-01
-1.000000000000000000e+00
-1.000000000000000000e+00
9.417433512907620319e-01
1.000000000000000000e+00
-8.428736491148028365e-02
-1.000000000000000000e+00
-9.390091847072210562e-01
1.487598821984748021e-02
1.000000000000000000e+00
-5.712893215725149965e-01
1.000000000000000000e+00
1.000000000000000000e+00
1.000000000000000000e+00
8.372724772585149466e-02
5.357368325353372152e-01
1.000000000000000000e+00
7.068005811018831519e-01
1.000000000000000000e+00
1.000000000000000000e+00
-3.716326005195645932e-01
-1.000000000000000000e+00
1.000000000000000000e+00
-1.000000000000000000e+00
5.328068996074358799e-01
1.000000000000000000e+00
1.000000000000000000e+00
2.845139675238752552e-01
-1.000000000000000000e+00
-1.000000000000000000e+00
-1.000000000000000000e+00
1.000000000000000000e+00
-2.298010946750975725e-01
-6.793862444426176372e-01
1.000000000000000000e+00
-1.000000000000000000e+00
-2.526458188095421775e-01
-6.326194431101668236e-01
-7.496904344732084891e-01
1.000000000000000000e+00
-5.123755629148236679e-01
9.768367515767824028e-01
6.482463060809467992e-01
1.000000000000000000e+00
-2.731462651655776064e-01
-4.475673329178800897e-01
1.000000000000000000e+00
-1.000000000000000000e+00
1.747179160609234616e-01
1.000000000000000000e+00
-1.000000000000000000e+00
6.583377511036403451e-01
-1.000000000000000000e+00
5.708034250908106122e-01
-1.000000000000000000e+00
-1.000000000000000000e+00
7.083229882535085897e-01
4.117009285002657393e-01
7.071477434363866443e-01
-1.000000000000000000e+00
1.045530826679177405e-01
1.000000000000000000e+00
1.000000000000000000e+00
-7.772082299357234714e-01
-1.000000000000000000e+00
-1.000000000000000000e+00
-1.000000000000000000e+00
-1.554294821192189202e-01
5.154524159826209262e-01
-1.000000000000000000e+00
-1.000000000000000000e+00
-9.630225001451936384e-01
1.000000000000000000e+00
3.925945308873114437e-01
-5.942498343914914827e-02
-8.900748791588355413e-01
-6.917523803860988751e-01
-9.980331238954913697e-01
4.988759666223741007e-02
-6.283253175322971451e-01
1.000000000000000000e+00
-1.000000000000000000e+00
6.060384206995601541e-01
9.385047047248873398e-02
-1.000000000000000000e+00
-1.000000000000000000e+00
4.337839616270331988e-01
-1.000000000000000000e+00
8.366014705724489353e-01
2.657469405339220048e-01
-1.000000000000000000e+00
8.445898199610628598e-01
1.000000000000000000e+00
1.000000000000000000e+00
-1.000000000000000000e+00
3.381055347073694817e-01
1.000000000000000000e+00
1.000000000000000000e+00
1.000000000000000000e+00
-9.551893697416558027e-02
1.000000000000000000e+00
-1.000000000000000000e+00
3.625127120816078463e-01
7.418487667344584313e-01
-5.216331762233414882e-01
1.000000000000000000e+00
-3.369999183630369433e-01
7.139992593003015031e-01
1.000000000000000000e+00
1.196623418712805531e-02
-1.000000000000000000e+00
6.373324706339827950e-01
1.000000000000000000e+00
-9.471719599882344465e-01
9.882316974571669910e-01
1.886720610198500681e-01
-1.000000000000000000e+00
2.152127660987329660e-01
-1.968138949272906224e-01
1.000000000000000000e+00
-1.000000000000000000e+00
-1.000000000000000000e+00
1.000000000000000000e+00
-1.000000000000000000e+00
1.000000000000000000e+00
7.042768674811435980e-01
1.000000000000000000e+00
6.500044811721112925e-01
1.000000000000000000e+00
2.880695941796936888e-01
-6.790256055681945790e-01
1.000000000000000000e+00
1.000000000000000000e+00
1.000000000000000000e+00
-1.000000000000000000e+00
-1.834827943680068518e-01
2.561401560122936738e-01
-1.000000000000000000e+00
8.227405434702907971e-01
-1.000000000000000000e+00
-1.000000000000000000e+00
-1.000000000000000000e+00
-2.210506408403807299e-01
2.489379694020403821e-01
-1.000000000000000000e+00
-1.000000000000000000e+00
6.634307367127816324e-01
-1.000000000000000000e+00
-2.110351728684268791e-01
-1.000000000000000000e+00
-1.000000000000000000e+00
-1.000000000000000000e+00
-1.000000000000000000e+00
1.000000000000000000e+00
-3.896823429434209674e-01
1.000000000000000000e+00
1.000000000000000000e+00
-8.560644267760413317e-01
-1.000000000000000000e+00
-3.980399365348818996e-02
1.000000000000000000e+00
7.874014580458883472e-01
4.347450156654133480e-01
1.451991606436715543e-01
1.000000000000000000e+00
3.208251283481566851e-01
-1.000000000000000000e+00
-1.000000000000000000e+00
-6.069993726161624359e-01
-1.000000000000000000e+00
-4.262910177597265537e-01
-7.980815111487220559e-01
1.000000000000000000e+00
-6.533182962250794201e-01
-1.000000000000000000e+00
-6.051534676621800335e-01
1.714544425519435311e-01
1.000000000000000000e+00
8.255673017833173866e-01
1.000000000000000000e+00
1.000000000000000000e+00
-1.000000000000000000e+00
6.009331861598945501e-01
1.000000000000000000e+00
-1.000000000000000000e+00
-1.000000000000000000e+00
8.144989371872676243e-01
-1.000000000000000000e+00
1.000000000000000000e+00
1.000000000000000000e+00
-1.000000000000000000e+00
1.000000000000000000e+00
1.000000000000000000e+00
-4.069582508403679633e-02
1.000000000000000000e+00
1.000000000000000000e+00
-1.722909453515063527e-01
1.000000000000000000e+00
-1.068806224670960925e-02
-1.000000000000000000e+00
1.000000000000000000e+00
-1.000000000000000000e+00
4.595244632741141699e-01
-1.000000000000000000e+00
4.434434216132027151e-01
-1.000000000000000000e+00
5.242400605063921581e-01
9.742561103019347080e-01
6.495634268597596517e-01
-4.509176671732318953e-01
-9.204586194966818402e-01
-1.940740823927815661e-01
1.000000000000000000e+00
1.000000000000000000e+00
7.082207617234357322e-01
7.760803008367848088e-01
-1.000000000000000000e+00
5.045661286370557441e-01
1.000000000000000000e+00
-1.000000000000000000e+00
-1.000000000000000000e+00
-1.143374298543216039e-01
1.795900272456051328e-01
8.619881904090357372e-01
-2.398965515057385756e-01
-1.000000000000000000e+00
1.000000000000000000e+00
5.160088654594656710e-01
-1.000000000000000000e+00
-7.935043783281043872e-01
-1.000000000000000000e+00
-1.000000000000000000e+00
4.353840457193942637e-01
1.000000000000000000e+00
-4.617732859941595658e-01
-1.000000000000000000e+00
-1.000000000000000000e+00
-1.000000000000000000e+00
1.000000000000000000e+00
-6.851235027314261754e-03
-4.251584522161708790e-01
-1.691670598039394513e-01
5.095590252239217133e-01
8.698492741397172434e-01
6.758442835811351301e-02
1.000000000000000000e+00
-1.000000000000000000e+00
1.000000000000000000e+00
9.852445828389470028e-01
1.000000000000000000e+00
-1.000000000000000000e+00
1.000000000000000000e+00
1.000000000000000000e+00
-2.309213322488845588e-03
-1.000000000000000000e+00
3.703371532022374790e-01
-9.083045485676165542e-01
-7.182267940923319216e-01
1.000000000000000000e+00
-1.414109272179183696e-01
-1.000000000000000000e+00
1.000000000000000000e+00
-1.000000000000000000e+00
5.329492207563417683e-01
-4.231259531573043908e-01
