1.000000000000000000e+00
5.786938316868714960e-01
-1.000000000000000000e+00
-9.121473555872112726e-01
4.490560888129696560e-01
-6.750572487091427432e-01
-1.000000000000000000e+00
8.518404292891643692e-01
-3.889290460834890495e-01
-1.000000000000000000e+00
-5.006652756179350572e-01
-1.000000000000000000e+00
-1.053377190943712571e-01
-8.262769357644772494e-01
-1.000000000000000000e+00
-1.000000000000000000e+00
1.000000000000000000e+00
1.000000000000000000e+00
-3.781217538431680403e-01
1.000000000000000000e+00
1.000000000000000000e+00
-1.000000000000000000e+00
6.943667217043618667e-01
-1.000000000000000000e+00
1.548879940721952508e-01
1.000000000000000000e+00
1.000000000000000000e+00
1.000000000000000000e+00
-7.720260372050914421e-01
-1.000000000000000000e+00
-1.305043090912758053e-01
2.301458310273696850e-01
5.968880054780237865e-01
8.306099021409321104e-01
-1.000000000000000000e+00
7.094438990092672981e-01
1.295877666486205948e-02
1.213867906551764353e-01
-1.000000000000000000e+00
-1.606080749499857463e-01
1.000000000000000000e+00
-1.000000000000000000e+00
-5.046199093282238701e-02
-1.000000000000000000e+00
1.000000000000000000e+00
1.000000000000000000e+00
-1.000000000000000000e+00
8.533405372530664668e-01
-1.000000000000000000e+00
-4.558804319145897122e-01
-6.212756871434211847e-01
-1.607145905255114027e-01
1.000000000000000000e+00
-1.000000000000000000e+00
-1.000000000000000000e+00
1.000000000000000000e+00
1.000000000000000000e+00
-1.726435936807644844e-01
1.000000000000000000e+00
-1.000000000000000000e+00
1.238909495735173172e-01
-7.462056202828480922e-01
-1.000000000000000000e+00
-1.000000000000000000e+00
-1.000000000000000000e+00
4.775196595746185046e-01
1.000000000000000000e+00
-4.250842947394641858e-01
4.220993466892426493e-01
-1.000000000000000000e+00
-1.000000000000000000e+00
1.000000000000000000e+00
1.000000000000000000e+00
8.047906028836755432e-01
1.000000000000000000e+00
1.106462315809300101e-01
-1.000000000000000000e+00
-1.000000000000000000e+00
-1.000000000000000000e+00
1.000000000000000000e+00
-1.000000000000000000e+00
-1.000000000000000000e+00
1.000000000000000000e+00
1.000000000000000000e+00
1.000000000000000000e+00
-1.585311287173190031e-01
1.000000000000000000e+00
-4.593404576906302550e-01
-1.000000000000000000e+00
-2.751980219060116140e-01
-6.158522541368472991e-01
1.000000000000000000e+00
3.707395904482127524e-01
5.537811261746544700e-01
1.000000000000000000e+00
-9.135530896048023042e-01
1.000000000000000000e+00
1.000000000000000000e+00
1.000000000000000000e+00
6.261051463626228220e-01
-2.106665748421205908e-01
-1.000000000000000000e+00
5.508087289720201563e-01
8.205003130845945902e-01
5.737516941381353153e-01
1.000000000000000000e+00
1.000000000000000000e+00
1.000000000000000000e+00
-1.000000000000000000e+00
-1.000000000000000000e+00
4.962221295985630998e-01
-9.446873845116834367e-01
-1.000000000000000000e+00
1.000000000000000000e+00
-2.442539445715037338e-01
4.654154370596745860e-01
-1.000000000000000000e+00
-1.000000000000000000e+00
-1.000000000000000000e+00
1.000000000000000000e+00
-1.000000000000000000e+00
-4.184568380635411700e-03
2.422727476100415833e-01
-4.552805503402285181e-01
-4.224627436725056917e-01
-1.000000000000000000e+00
3.157090921200106370e-01
1.000000000000000000e+00
-1.000000000000000000e+00
4.397361237603231721e-01
1.956109417683965512e-01
-1.000000000000000000e+00
7.523096100728210445e-01
1.000000000000000000e+00
-1.000000000000000000e+00
-7.467243563955188179e-01
1.000000000000000000e+00
-1.000000000000000000e+00
-1.000000000000000000e+00
-1.000000000000000000e+00
-1.000000000000000000e+00
7.756551353105169966e-01
-1.000000000000000000e+00
1.000000000000000000e+00
1.000000000000000000e+00
-6.442920676367713817e-01
-4.415693232654505085e-01
1.000000000000000000e+00
-1.000000000000000000e+00
-9.264876173879554866e-01
1.000000000000000000e+00
7.498588097129668673e-02
1.000000000000000000e+00
5.287991055613999736e-01
-1.000000000000000000e+00
1.381967805027121410e-01
-1.000000000000000000e+00
-1.000000000000000000e+00
-3.613586236984606126e-01
1.000000000000000000e+00
-1.000000000000000000e+00
-1.000000000000000000e+00
7.724701424580853182e-01
1.000000000000000000e+00
1.000000000000000000e+00
-1.000000000000000000e+00
6.763306399788134859e-01
-1.000000000000000000e+00
-2.504520767658804381e-01
-1.000000000000000000e+00
-1.000000000000000000e+00
1.000000000000000000e+00
-9.455428661335893992e-01
8.935711601384688230e-01
9.364760985148956607e-02
2.029382065197098406e-01
1.000000000000000000e+00
-1.000000000000000000e+00
1.000000000000000000e+00
-1.000000000000000000e+00
1.000000000000000000e+00
-1.000000000000000000e+00
-1.000000000000000000e+00
9.199896423534534851e-01
-1.000000000000000000e+00
-4.432106714806285375e-01
-1.000000000000000000e+00
1.000000000000000000e+00
-9.544499358513574006e-01
-1.532399903173486955e-02
-3.330255385955506187e-01
1.000000000000000000e+00
1.000000000000000000e+00
7.020613929368775263e-01
-3.320858870932630325e-02
3.563109606708647070e-01
2.867766835174045958e-02
1.886039507312919916e-03
-1.000000000000000000e+00
-8.821389021620773541e-02
6.300035874954361681e-01
-6.347725048187483621e-01
-1.000000000000000000e+00
1.000000000000000000e+00
-1.000000000000000000e+00
1.000000000000000000e+00
1.000000000000000000e+00
-1.109367229509752306e-01
-1.000000000000000000e+00
-1.000000000000000000e+00
-8.273223459852487860e-01
-1.000000000000000000e+00
-7.189246507674638964e-02
1.000000000000000000e+00
1.000000000000000000e+00
-1.000000000000000000e+00
-1.000000000000000000e+00
5.308224270543757672e-01
7.470001030560822208e-01
6.151080651727347526e-01
-8.473174505412044422e-01
-3.078048854591647343e-01
-1.000000000000000000e+00
-1.000000000000000000e+00
2.083502238083970448e-01
-1.000000000000000000e+00
1.000000000000000000e+00
9.926195841066498549e-02
-1.611687992912039791e-01
-6.624695005946736881e-01
1.000000000000000000e+00
7.632228365373070478e-01
-1.000000000000000000e+00
1.000000000000000000e+00
1.000000000000000000e+00
3.275425081540995764e-01
-1.000000000000000000e+00
-8.743986735557811585e-01
-9.175731586878782542e-02
1.000000000000000000e+00
-1.000000000000000000e+00
-1.000000000000000000e+00
-2.453567179280491395e-01
-1.000000000000000000e+00
-1.000000000000000000e+00
6.313067621181422950e-02
1.000000000000000000e+00
8.722052937903199687e-01
7.738386144419946433e-01
1.000000000000000000e+00
-1.000000000000000000e+00
-1.000000000000000000e+00
1.000000000000000000e+00
-1.000000000000000000e+00
-8.170826571805895888e-01
1.000000000000000000e+00
1.000000000000000000e+00
-1.000000000000000000e+00
3.968794330594054287e-01
-2.413541563655043909e-01
1.000000000000000000e+00
2.187924824607259122e-01
-8.884049236934565830e-01
-1.000000000000000000e+00
1.000000000000000000e+00
