1.000000000000000000e+00
-1.000000000000000000e+00
-2.146606966779671666e-01
1.000000000000000000e+00
1.000000000000000000e+00
-5.723202532266902232e-01
4.582055163907550188e-02
1.000000000000000000e+00
-3.765329023564802924e-01
-5.464330478886585407e-01
-6.953168698432821149e-01
3.329469828499891371e-01
-9.365666179321977536e-01
-1.000000000000000000e+00
-1.000000000000000000e+00
-2.363676638314686218e-01
-1.000000000000000000e+00
-1.852936219522891559e-01
-1.000000000000000000e+00
5.099588945964206310e-01
3.433240745615503409e-01
1.000000000000000000e+00
1.000000000000000000e+00
-5.265865502912938645e-01
1.000000000000000000e+00
-1.000000000000000000e+00
1.000000000000000000e+00
-1.000000000000000000e+00
1.000000000000000000e+00
1.000000000000000000e+00
-1.000000000000000000e+00
7.466381698799555711e-01
1.000000000000000000e+00
-1.000000000000000000e+00
1.000000000000000000e+00
-2.776523404380706328e-01
-3.455626244643815737e-01
3.569611536582401046e-02
6.384044437838950481e-01
-6.068496598208859005e-01
-7.962858448660226074e-01
-7.702623994020820763e-01
1.000000000000000000e+00
-1.000000000000000000e+00
-4.900248591804403642e-01
-1.000000000000000000e+00
3.553205434053842704e-01
-6.668189984941492732e-01
-5.736931873423684047e-01
-8.885111020002528504e-01
-6.490609056215852490e-01
-1.000000000000000000e+00
6.096073988804366905e-01
7.896828890709948201e-01
8.222610873389244457e-01
-1.000000000000000000e+00
7.712020453831069933e-01
-1.222792937354801879e-01
-1.000000000000000000e+00
9.338994133786677754e-01
-7.057694673334742319e-01
-8.992464689164607616e-01
-5.810079146414456330e-01
-7.947124653618613532e-01
-7.407613222959068544e-01
8.404327466574552652e-01
-1.000000000000000000e+00
1.000000000000000000e+00
-4.891740874733239153e-01
1.000000000000000000e+00
-6.974081550008962571e-01
-6.683069706754416472e-01
8.299916755529597179e-01
-1.000000000000000000e+00
4.171474923039979465e-01
-1.000000000000000000e+00
-7.877357663736892501e-01
-6.949434713534432539e-01
-2.350050626361159800e-01
-7.769330363297896058e-01
1.000000000000000000e+00
1.000000000000000000e+00
-1.000000000000000000e+00
5.628957005030885696e-01
2.411477471600110833e-01
3.179918718090242180e-01
5.075727318362572849e-01
1.000000000000000000e+00
-9.515766468746591489e-01
-6.425870703975498088e-01
4.075727592727032000e-01
5.936249468166845400e-01
-4.582345973314467247e-01
2.671416925021913302e-01
-4.537476702716199961e-01
6.631870317646914037e-01
-3.836132312900666363e-01
2.743317135978152743e-01
-1.000000000000000000e+00
-9.602061233211367508e-01
-1.000000000000000000e+00
1.000000000000000000e+00
-1.000000000000000000e+00
1.000000000000000000e+00
7.335293778074793991e-01
1.000000000000000000e+00
-1.000000000000000000e+00
-4.139004164045034795e-01
1.000000000000000000e+00
8.161383473946708378e-01
2.145955777653685281e-02
-5.887927570790399967e-01
-1.000000000000000000e+00
5.282549227150130644e-01
-5.784617076301701299e-02
3.706753363427739423e-02
-7.163533727366022674e-02
1.000000000000000000e+00
8.557745272850116880e-01
1.000000000000000000e+00
-3.748279563790677393e-01
-1.000000000000000000e+00
-2.617082313856003983e-01
-1.000000000000000000e+00
-4.940667554020359287e-01
-7.311812753591464542e-01
-1.000000000000000000e+00
1.000000000000000000e+00
1.000000000000000000e+00
-1.000000000000000000e+00
8.144292744464285416e-01
-1.121673197495485358e-02
8.727677652341527814e-01
-1.000000000000000000e+00
-7.697667209560776769e-01
1.000000000000000000e+00
-1.000000000000000000e+00
-5.073379210239414849e-01
1.913643110870462127e-01
3.148935674014043951e-01
-8.679660729513294370e-01
-1.000000000000000000e+00
4.523745102851789435e-01
1.897198671191517860e-01
-1.000000000000000000e+00
1.000000000000000000e+00
2.543109683863826742e-01
-1.000000000000000000e+00
-1.000000000000000000e+00
1.000000000000000000e+00
2.678506868454104128e-01
-5.834744643278622078e-01
-1.000000000000000000e+00
-1.000000000000000000e+00
-1.000000000000000000e+00
-2.734266069923472209e-01
-4.148573666344365085e-01
1.000000000000000000e+00
1.000000000000000000e+00
5.586443661849371800e-02
1.000000000000000000e+00
-1.000000000000000000e+00
1.000000000000000000e+00
2.754359742959140434e-01
-1.000000000000000000e+00
1.000000000000000000e+00
1.281657914994700498e-01
6.246385318991842794e-02
-1.490486152065780834e-01
6.669301590963570003e-01
-5.694896404471430085e-01
1.000000000000000000e+00
1.562585490300447688e-01
1.000000000000000000e+00
1.000000000000000000e+00
1.000000000000000000e+00
4.016040890445533584e-01
6.589127643880829943e-01
2.112934180994032740e-01
-4.773815696967919631e-01
2.512013937554098408e-01
-1.000000000000000000e+00
4.768961036399848030e-01
-9.986793225664469809e-01
-1.000000000000000000e+00
1.000000000000000000e+00
-7.781074340712046400e-02
-4.574441889209805989e-01
-1.000000000000000000e+00
-1.000000000000000000e+00
-1.000000000000000000e+00
1.000000000000000000e+00
3.389548781117507348e-01
8.132155323498622135e-01
1.000000000000000000e+00
5.776065845075541993e-01
-8.893117068890027399e-01
7.078886238938519870e-02
9.909091377376427756e-01
9.893893738657535408e-01
8.725690003673938211e-01
1.071015836068047733e-01
5.580010123339468331e-01
6.875329737973392419e-01
-4.774441548927297330e-01
5.216153071789378926e-01
1.000000000000000000e+00
2.098041110612904048e-01
-1.000000000000000000e+00
-5.362645812042756699e-01
-5.170073972112241290e-01
-4.742430141193325621e-01
-8.612298367724244841e-01
1.000000000000000000e+00
5.929089824666797792e-01
7.945956286841270311e-01
-1.000000000000000000e+00
1.000000000000000000e+00
-1.000000000000000000e+00
-1.000000000000000000e+00
1.000000000000000000e+00
1.000000000000000000e+00
-1.000000000000000000e+00
4.964634335599230619e-01
1.000000000000000000e+00
-1.000000000000000000e+00
5.381387591593498332e-01
-1.000000000000000000e+00
5.831693133245930971e-01
-7.721228614338443430e-02
1.000000000000000000e+00
8.478728406610988033e-01
8.929286582813000805e-02
-1.000000000000000000e+00
1.000000000000000000e+00
-1.000000000000000000e+00
1.000000000000000000e+00
1.000000000000000000e+00
1.000000000000000000e+00
8.085263750717650577e-01
3.976400628380889479e-01
-4.557868681476177630e-01
1.000000000000000000e+00
1.000000000000000000e+00
-1.000000000000000000e+00
1.000000000000000000e+00
-1.000000000000000000e+00
-6.176115383007063642e-02
1.000000000000000000e+00
-1.000000000000000000e+00
6.866881985599562199e-01
1.000000000000000000e+00
1.000000000000000000e+00
7.011044661795443611e-01
-3.116212078015589970e-01
1.405884958472990443e-01
-3.950126205529989054e-01
-7.355400071063429301e-01
9.003159006129306530e-01
-1.000000000000000000e+00
-2.514723197547299449e-01
4.568295534532385016e-01
-5.448568037072618608e-01
5.517591952762452845e-01
-1.000000000000000000e+00
