-4.007437840671488338e-01
8.751151154003364852e-01
-1.000000000000000000e+00
1.000000000000000000e+00
1.000000000000000000e+00
-1.000000000000000000e+00
-1.000000000000000000e+00
-1.000000000000000000e+00
-6.493327849148253783e-01
1.000000000000000000e+00
1.000000000000000000e+00
9.581799910518985497e-01
-3.288362219712277490e-01
-6.057311883121760943e-01
5.024281902221768847e-01
-8.336243479122829036e-01
2.979973806151682281e-01
-1.000000000000000000e+00
1.000000000000000000e+00
1.000000000000000000e+00
1.000000000000000000e+00
-1.000000000000000000e+00
3.861226977491978296e-01
1.000000000000000000e+00
1.000000000000000000e+00
1.000000000000000000e+00
-1.000000000000000000e+00
1.000000000000000000e+00
-1.000000000000000000e+00
-8.049303053082074166e-01
1.000000000000000000e+00
1.000000000000000000e+00
1.000000000000000000e+00
1.000000000000000000e+00
-1.000000000000000000e+00
1.000000000000000000e+00
-1.000000000000000000e+00
-1.000000000000000000e+00
1.000000000000000000e+00
1.000000000000000000e+00
1.000000000000000000e+00
-1.000000000000000000e+00
-1.000000000000000000e+00
8.833808583891621380e-01
1.000000000000000000e+00
-2.632836073762758189e-01
-1.000000000000000000e+00
-9.422996791645101844e-01
-1.000000000000000000e+00
-6.428176881545291099e-01
1.000000000000000000e+00
1.000000000000000000e+00
1.256473478668538868e-01
1.000000000000000000e+00
-1.000000000000000000e+00
1.000000000000000000e+00
-1.000000000000000000e+00
-1.000000000000000000e+00
1.000000000000000000e+00
-1.000000000000000000e+00
1.000000000000000000e+00
1.000000000000000000e+00
3.013760924931037088e-01
-2.051617706050916090e-01
6.502914394462323555e-01
4.838722686940352125e-01
1.000000000000000000e+00
1.000000000000000000e+00
-9.413466519961206647e-01
-1.000000000000000000e+00
-1.000000000000000000e+00
-1.000000000000000000e+00
-1.000000000000000000e+00
2.648870059792941545e-01
1.792387087750479946e-01
-8.610132258334424193e-02
2.115618653879722810e-01
1.000000000000000000e+00
7.675488241079166940e-01
4.133378714556978917e-02
-8.397766848842775911e-01
1.000000000000000000e+00
-1.000000000000000000e+00
-1.000000000000000000e+00
-2.267852633970299792e-01
-1.000000000000000000e+00
-1.000000000000000000e+00
1.000000000000000000e+00
-2.803400987692207802e-01
3.439448660376077105e-01
1.000000000000000000e+00
1.000000000000000000e+00
2.252326745746934256e-01
1.000000000000000000e+00
-1.000000000000000000e+00
1.000000000000000000e+00
2.391461047950538266e-01
-9.361640041976420079e-01
-2.620576925549716885e-01
-1.000000000000000000e+00
1.000000000000000000e+00
-1.000000000000000000e+00
1.000000000000000000e+00
1.960862009001323458e-01
-9.438281930367750094e-01
-1.000000000000000000e+00
-3.496457520432550981e-01
-1.000000000000000000e+00
-4.810688382451747680e-01
1.000000000000000000e+00
4.734704544657371006e-01
7.637959683038705316e-01
2.182568050184738873e-01
1.000000000000000000e+00
1.000000000000000000e+00
-1.000000000000000000e+00
1.000000000000000000e+00
1.000000000000000000e+00
-1.000000000000000000e+00
-4.566516539737004443e-01
1.000000000000000000e+00
7.313213451998572534e-01
1.000000000000000000e+00
1.000000000000000000e+00
1.000000000000000000e+00
-1.000000000000000000e+00
1.000000000000000000e+00
-1.000000000000000000e+00
-1.000000000000000000e+00
-1.000000000000000000e+00
-1.000000000000000000e+00
1.000000000000000000e+00
-1.000000000000000000e+00
1.000000000000000000e+00
-1.000000000000000000e+00
3.786012154922382411e-01
-5.425088414858528774e-01
-1.000000000000000000e+00
-1.000000000000000000e+00
-1.000000000000000000e+00
-1.000000000000000000e+00
1.000000000000000000e+00
-1.000000000000000000e+00
1.000000000000000000e+00
-1.000000000000000000e+00
-1.000000000000000000e+00
4.879753640960424743e-01
1.000000000000000000e+00
-1.000000000000000000e+00
-1.000000000000000000e+00
1.000000000000000000e+00
-1.000000000000000000e+00
1.000000000000000000e+00
1.000000000000000000e+00
-1.000000000000000000e+00
7.213838279576945123e-01
-1.000000000000000000e+00
1.000000000000000000e+00
-1.000000000000000000e+00
8.326829185649906595e-01
1.000000000000000000e+00
6.479436306909281962e-01
-9.607221677677915128e-01
-1.000000000000000000e+00
8.028749518152673570e-01
-1.000000000000000000e+00
-1.000000000000000000e+00
4.544081970210099852e-01
3.544328684957620546e-01
4.529186343409831172e-01
1.000000000000000000e+00
-3.739041236049729378e-01
1.000000000000000000e+00
1.000000000000000000e+00
1.000000000000000000e+00
1.000000000000000000e+00
1.000000000000000000e+00
-9.565496625879358339e-01
4.151307361247656980e-01
1.000000000000000000e+00
-1.529739340776425927e-02
4.789615226718169083e-02
8.519629649589320897e-01
1.000000000000000000e+00
-9.768352921150875723e-01
-3.330054812837951461e-01
1.000000000000000000e+00
1.000000000000000000e+00
1.000000000000000000e+00
5.299485854784453664e-01
-1.000000000000000000e+00
-4.121810312472317106e-01
-4.461432693724847187e-01
-8.011107406863022806e-01
1.000000000000000000e+00
1.000000000000000000e+00
1.000000000000000000e+00
-1.000000000000000000e+00
-7.465305923901323082e-01
-1.631027058434821875e-01
-1.000000000000000000e+00
-1.000000000000000000e+00
-1.000000000000000000e+00
-5.131584491490601696e-01
3.432897525271952355e-02
1.000000000000000000e+00
-3.228727369470094644e-01
-7.998818662085935838e-01
-1.000000000000000000e+00
-6.102664861122719664e-01
-1.000000000000000000e+00
-1.000000000000000000e+00
1.831494765710142136e-01
4.924322781503618351e-01
-5.950842010484652667e-01
-6.812075708342523184e-01
-1.000000000000000000e+00
-1.000000000000000000e+00
1.000000000000000000e+00
1.000000000000000000e+00
1.000000000000000000e+00
-1.000000000000000000e+00
4.232178461807819536e-01
-1.000000000000000000e+00
-1.014375263499907830e-02
-9.924701602917289645e-01
-1.000000000000000000e+00
-1.000000000000000000e+00
-1.000000000000000000e+00
1.000000000000000000e+00
-9.868509497576286593e-01
-1.000000000000000000e+00
9.981665955693701520e-01
1.000000000000000000e+00
1.000000000000000000e+00
-1.000000000000000000e+00
-1.000000000000000000e+00
-2.735288751558928588e-02
8.306656276977053555e-02
1.000000000000000000e+00
-2.560397105758092096e-01
-7.830516738803025012e-01
-1.000000000000000000e+00
-3.216650556263996874e-01
1.000000000000000000e+00
5.565792124322594958e-01
1.000000000000000000e+00
-1.882083133313598999e-01
1.000000000000000000e+00
-1.000000000000000000e+00
-5.402063387059273802e-01
3.072535909561745493e-01
1.000000000000000000e+00
1.000000000000000000e+00
6.034451440327545102e-01
1.000000000000000000e+00
-5.488419858874116208e-01
-1.000000000000000000e+00
5.316299008789768799e-01
-1.000000000000000000e+00
1.000000000000000000e+00
-6.787207809870130504e-01
-1.000000000000000000e+00
1.000000000000000000e+00
2.645690165609382305e-02
