1.000000000000000000e+00
1.000000000000000000e+00
5.025418911271397615e-01
-9.708772227225904716e-01
1.000000000000000000e+00
-3.402863948471077649e-01
5.892017123378261445e-01
1.000000000000000000e+00
-1.000000000000000000e+00
1.000000000000000000e+00
-1.000000000000000000e+00
1.000000000000000000e+00
-1.000000000000000000e+00
-5.844891007886885426e-01
2.544708361753074133e-01
-7.390027494803079744e-01
2.003015132100450790e-01
1.000000000000000000e+00
1.000000000000000000e+00
-1.000000000000000000e+00
-1.000000000000000000e+00
-6.871108295000901700e-01
2.243162866115434306e-01
1.000000000000000000e+00
-1.000000000000000000e+00
8.763499678747089794e-01
5.502331109504838835e-01
1.455348640486129885e-01
-1.000000000000000000e+00
1.000000000000000000e+00
-1.000000000000000000e+00
-6.981921452594832544e-01
-1.000000000000000000e+00
-1.000000000000000000e+00
1.000000000000000000e+00
1.000000000000000000e+00
1.000000000000000000e+00
-4.054935345525729762e-01
6.213541898111154538e-01
-7.807587957485619956e-01
8.249228516411126755e-01
-1.000000000000000000e+00
1.000000000000000000e+00
-1.000000000000000000e+00
5.273063110003950449e-01
-4.771890304622792844e-01
-1.000000000000000000e+00
4.869990593651982724e-01
1.000000000000000000e+00
-1.000000000000000000e+00
-7.808833428302092150e-01
3.410003121628215061e-01
1.000000000000000000e+00
1.000000000000000000e+00
-1.000000000000000000e+00
-7.976472586410876531e-03
8.873399168920392821e-02
-1.000000000000000000e+00
1.000000000000000000e+00
1.000000000000000000e+00
1.000000000000000000e+00
-6.767233536813787032e-01
-8.764695498814524255e-01
3.631205445007834598e-02
2.850628065650488985e-01
1.000000000000000000e+00
1.000000000000000000e+00
1.000000000000000000e+00
1.000000000000000000e+00
1.000000000000000000e+00
-4.885409403870753509e-01
-1.000000000000000000e+00
-6.980339376782807026e-02
1.000000000000000000e+00
-7.256823727103558497e-01
-6.348720510532384065e-01
-8.973623385221507487e-01
-1.000000000000000000e+00
-2.672765295195826951e-01
-1.000000000000000000e+00
9.110307909367487689e-02
1.000000000000000000e+00
-1.000000000000000000e+00
1.000000000000000000e+00
-1.000000000000000000e+00
1.000000000000000000e+00
1.000000000000000000e+00
-1.000000000000000000e+00
1.000000000000000000e+00
2.433490711733782563e-01
1.000000000000000000e+00
7.379313456147120753e-01
1.745661800125932195e-01
1.444898266594702996e-01
2.752161604616207846e-01
-1.000000000000000000e+00
-2.054943704409647465e-01
-6.391725707532580625e-01
-2.844694220495737058e-01
1.272035711364123411e-01
-1.000000000000000000e+00
8.294822964571217927e-01
-1.000000000000000000e+00
-1.000000000000000000e+00
-1.000000000000000000e+00
3.612327407399439361e-01
8.001285144905795343e-01
1.000000000000000000e+00
9.984408942738440818e-01
1.000000000000000000e+00
1.000000000000000000e+00
1.000000000000000000e+00
2.976107667236285725e-01
-7.326936048917399580e-01
1.000000000000000000e+00
1.000000000000000000e+00
1.000000000000000000e+00
9.643941019424087102e-01
-1.000000000000000000e+00
6.363004060533676842e-01
-1.000000000000000000e+00
-1.000000000000000000e+00
-9.703458112710753314e-01
-3.810460891249256576e-03
1.000000000000000000e+00
1.000000000000000000e+00
7.327853462275584207e-01
1.000000000000000000e+00
-6.814213675644699153e-01
-8.083276787832095467e-01
1.000000000000000000e+00
1.000000000000000000e+00
-9.608947362105675349e-01
1.000000000000000000e+00
1.000000000000000000e+00
-6.795776356707874388e-01
1.000000000000000000e+00
-1.000000000000000000e+00
-1.000000000000000000e+00
-1.000000000000000000e+00
-1.000000000000000000e+00
-7.046282924277199600e-01
8.603239302345309092e-01
-4.756529819271292370e-01
-1.000000000000000000e+00
-1.000000000000000000e+00
-1.000000000000000000e+00
-1.000000000000000000e+00
-1.000000000000000000e+00
8.038242725384431298e-01
5.098454016540083789e-01
1.552082130904119950e-02
-3.954086700983555080e-01
8.540513819766106796e-01
-4.525793088497178096e-01
-1.000000000000000000e+00
1.000000000000000000e+00
-1.000000000000000000e+00
2.382131808043889687e-01
1.707092479455160627e-01
6.513222267688396627e-01
5.371281188344489976e-02
1.000000000000000000e+00
-1.000000000000000000e+00
1.000000000000000000e+00
6.134871316324151946e-01
1.000000000000000000e+00
-9.873104147589859547e-01
-1.000000000000000000e+00
-1.000000000000000000e+00
1.000000000000000000e+00
4.888912726918902552e-01
-1.414133443732035200e-01
-1.109070400566389836e-01
1.874891693350255184e-01
-8.443922366017647674e-02
1.000000000000000000e+00
-4.665459937430361803e-01
1.000000000000000000e+00
1.000000000000000000e+00
-1.000000000000000000e+00
1.000000000000000000e+00
2.540253709539785909e-01
-1.000000000000000000e+00
1.000000000000000000e+00
1.000000000000000000e+00
1.000000000000000000e+00
-2.003006141383795180e-01
3.484145123894307750e-01
5.185932019931893677e-01
5.174919542322977684e-01
-8.927836832500535280e-03
1.000000000000000000e+00
-9.413463337272465203e-02
1.000000000000000000e+00
-8.565756434401472497e-01
-1.000000000000000000e+00
1.000000000000000000e+00
5.407863980181095709e-01
-1.000000000000000000e+00
4.433982718166185055e-01
-1.000000000000000000e+00
-1.000000000000000000e+00
-4.503506336710811908e-01
1.526739560589172595e-01
1.000000000000000000e+00
9.370011130291259205e-01
1.000000000000000000e+00
-1.000000000000000000e+00
1.758505934123867354e-01
-1.000000000000000000e+00
-3.606323454637934134e-01
1.000000000000000000e+00
9.944675350907791200e-01
-1.000000000000000000e+00
1.439352519928366325e-01
-5.477040171870626306e-01
-3.619796863225449024e-01
1.000000000000000000e+00
-1.000000000000000000e+00
1.000000000000000000e+00
9.879099189408321879e-02
1.000000000000000000e+00
1.000000000000000000e+00
3.473953338808513092e-01
2.098589562323656676e-01
1.000000000000000000e+00
-1.000000000000000000e+00
-1.000000000000000000e+00
-9.862727663920585197e-01
1.000000000000000000e+00
-1.000000000000000000e+00
-1.000000000000000000e+00
1.000000000000000000e+00
2.366248833913840444e-01
-7.725357706655096024e-01
1.000000000000000000e+00
1.000000000000000000e+00
-7.172575455735227257e-01
-1.000000000000000000e+00
-6.849424927722339573e-01
2.369971772127321685e-02
1.000000000000000000e+00
-1.000000000000000000e+00
-1.000000000000000000e+00
-1.000000000000000000e+00
1.000000000000000000e+00
-7.902838588283962462e-01
2.683121253173768594e-01
-3.286277534452686222e-01
8.804024698986014918e-01
-3.340739016157199259e-01
-4.582966315675192082e-01
-1.023584727465229882e-01
-1.000000000000000000e+00
1.000000000000000000e+00
1.000000000000000000e+00
-1.660504424693023118e-01
9.354447896141413477e-01
3.469281429869877087e-01
1.000000000000000000e+00
1.000000000000000000e+00
-2.946157394651340855e-01
-7.739607425832808474e-01
1.000000000000000000e+00
