-7.965573230757649892e-02
1.000000000000000000e+00
1.000000000000000000e+00
-7.561345714781840810e-01
-1.000000000000000000e+00
-9.412753557506691182e-01
1.000000000000000000e+00
-1.000000000000000000e+00
6.021398373352102595e-01
-4.448265670727347132e-01
-4.526676872171697674e-01
2.417980650593637981e-01
-7.141999025636610599e-01
-1.000000000000000000e+00
4.842221868199949597e-01
-3.425887515745064671e-01
-1.000000000000000000e+00
1.012972676623709045e-01
-1.000000000000000000e+00
1.000000000000000000e+00
-4.978184792656034086e-01
8.287230950679247421e-02
-1.613453212469568854e-01
-3.066857154391855467e-02
1.000000000000000000e+00
1.000000000000000000e+00
1.000000000000000000e+00
3.200163581321899819e-01
7.173597104624357401e-01
1.000000000000000000e+00
1.000000000000000000e+00
-6.691914907811202795e-01
-1.000000000000000000e+00
5.518401757288287079e-01
-1.000000000000000000e+00
-1.000000000000000000e+00
1.000000000000000000e+00
-3.904207018571863030e-01
1.000000000000000000e+00
1.000000000000000000e+00
-1.000000000000000000e+00
-4.090374143542407914e-02
-5.684659818101558404e-01
-1.000000000000000000e+00
7.858430267240207323e-01
7.998882603530377278e-01
9.846542147966386160e-01
-2.698690653837639841e-01
3.570966315171819616e-02
-1.000000000000000000e+00
7.266612283227835700e-02
-6.133405392365576247e-02
9.094166835202877053e-01
4.374121207819714474e-01
1.000000000000000000e+00
1.000000000000000000e+00
1.000000000000000000e+00
1.000000000000000000e+00
-1.400308768588223174e-01
1.000000000000000000e+00
8.055522390692011481e-01
8.317859254749214726e-01
-1.000000000000000000e+00
1.000000000000000000e+00
5.361612507749460299e-01
-7.487458699110383087e-02
1.000000000000000000e+00
1.000000000000000000e+00
1.396316596502511498e-01
2.445024670423945334e-02
1.000000000000000000e+00
-9.316243299912130293e-02
-1.000000000000000000e+00
-4.839193518137552275e-01
3.860850616593815010e-01
1.000000000000000000e+00
-1.000000000000000000e+00
-1.000000000000000000e+00
3.553286268822302141e-01
7.516256540058252611e-01
-1.000000000000000000e+00
-5.927559240285177333e-01
-3.586019531549985428e-01
-4.288511682578647344e-01
6.024878436801760495e-01
3.977808311513184591e-01
1.000000000000000000e+00
-5.974883644314604725e-02
4.512020463488840560e-01
-7.860277539952154058e-02
-1.000000000000000000e+00
1.000000000000000000e+00
9.705705315146730960e-01
-1.000000000000000000e+00
1.233623472253083664e-01
1.000000000000000000e+00
7.079129689725400798e-01
-8.247624868988434610e-01
-1.000000000000000000e+00
-1.000000000000000000e+00
1.000000000000000000e+00
1.000000000000000000e+00
-1.000000000000000000e+00
3.477465751883109801e-01
4.808502336031215130e-01
-1.000000000000000000e+00
7.639415578517343430e-01
7.525071313746500845e-01
-4.708830692226710912e-01
1.000000000000000000e+00
-2.674863483703384670e-01
-1.000000000000000000e+00
-1.000000000000000000e+00
-1.000000000000000000e+00
-1.000000000000000000e+00
-1.739706239634526419e-01
5.914876064138407941e-02
-7.389179709980070454e-01
-7.612386528825434429e-01
-1.000000000000000000e+00
4.157042566212312829e-01
-7.331670505424081608e-02
2.534090040257095389e-01
1.000000000000000000e+00
-1.000000000000000000e+00
-1.575512748594458390e-01
-1.000000000000000000e+00
9.201999087099547170e-01
1.000000000000000000e+00
-1.000000000000000000e+00
-4.391702693094171051e-01
1.000000000000000000e+00
-1.000000000000000000e+00
-1.000000000000000000e+00
-1.000000000000000000e+00
6.096163522528035700e-02
6.108976992455316113e-01
-1.000000000000000000e+00
6.372615160046981586e-01
-6.090573468962436066e-02
-1.000000000000000000e+00
-1.356464032920606522e-01
-1.000000000000000000e+00
-8.644919206963816993e-01
1.000000000000000000e+00
-4.060460148557855087e-01
1.000000000000000000e+00
8.199508881609316457e-01
9.683648691096435890e-01
-5.961285556433937316e-03
9.484189728677072662e-01
-1.000000000000000000e+00
1.000000000000000000e+00
1.000000000000000000e+00
6.106412043111353327e-03
-5.923512937255823729e-01
6.319179280542954746e-01
-1.000000000000000000e+00
-7.875490891128986704e-01
1.000000000000000000e+00
-1.000000000000000000e+00
1.000000000000000000e+00
1.000000000000000000e+00
-1.000000000000000000e+00
-2.560302845315201026e-01
1.000000000000000000e+00
-1.000000000000000000e+00
-1.000000000000000000e+00
2.393826406151583486e-01
5.128527717543712727e-01
-1.000000000000000000e+00
6.640965627205653865e-01
-9.805618252644887622e-02
-1.000000000000000000e+00
1.000000000000000000e+00
1.000000000000000000e+00
1.000000000000000000e+00
-9.152208784025391841e-01
3.080570595911180654e-01
3.214926165125147062e-01
1.000000000000000000e+00
1.000000000000000000e+00
-1.000000000000000000e+00
-9.118404497920077345e-01
-2.565414708142590428e-01
-1.000000000000000000e+00
-1.000000000000000000e+00
5.039825814053251474e-01
-1.000000000000000000e+00
1.819055060620426989e-01
1.000000000000000000e+00
-1.000000000000000000e+00
1.000000000000000000e+00
3.033175510466917801e-02
-1.000000000000000000e+00
4.712131577500766610e-01
9.616811729764451755e-02
9.984702871199453433e-01
1.000000000000000000e+00
-1.000000000000000000e+00
-2.124808750982929428e-01
-4.332040614039898152e-01
-1.000000000000000000e+00
-1.000000000000000000e+00
4.334839123760019786e-01
1.000000000000000000e+00
1.000000000000000000e+00
1.000000000000000000e+00
1.000000000000000000e+00
-1.258278455345518410e-01
-2.288732698128660425e-01
-1.000000000000000000e+00
1.000000000000000000e+00
5.436609916636250261e-01
8.186274634087509217e-01
-1.000000000000000000e+00
8.256720688666651098e-01
1.000000000000000000e+00
7.982961416151568290e-02
-1.000000000000000000e+00
-1.000000000000000000e+00
4.827319631381525866e-01
-3.515673558924281572e-02
7.541948742066566513e-01
-7.356915034824840216e-02
-1.000000000000000000e+00
-1.000000000000000000e+00
1.000000000000000000e+00
8.213400607349167215e-01
1.000000000000000000e+00
-6.475396220969433791e-01
5.962349893043367155e-01
6.540569964569817318e-02
1.000000000000000000e+00
-1.000000000000000000e+00
-3.770508875531211057e-01
-1.000000000000000000e+00
1.000000000000000000e+00
-4.578059352681307925e-01
-2.459731556128526009e-01
1.000000000000000000e+00
-1.000000000000000000e+00
5.255570151116764066e-01
1.000000000000000000e+00
-1.000000000000000000e+00
1.000000000000000000e+00
1.000000000000000000e+00
1.000000000000000000e+00
1.000000000000000000e+00
-1.000000000000000000e+00
-4.036647699394574351e-01
-1.000000000000000000e+00
-1.000000000000000000e+00
1.000000000000000000e+00
9.759682470366528584e-01
-1.000000000000000000e+00
7.418683324952435321e-02
2.725219803240928051e-01
-1.000000000000000000e+00
-1.000000000000000000e+00
-1.000000000000000000e+00
7.658957460391149219e-01
-9.584647856456454118e-01
-1.000000000000000000e+00
-1.000000000000000000e+00
