8.292589621886199414e-01
3.557419655405689163e-01
2.259534106569218714e-01
3.402353823478554418e-02
-9.275392464763588807e-01
-5.336961325651927712e-01
1.000000000000000000e+00
-5.744334737171095107e-01
-3.287108657183347438e-01
1.000000000000000000e+00
-9.761658376892385913e-01
3.933924293766298819e-01
-3.249282616558918368e-01
-5.641954681121090776e-01
1.000000000000000000e+00
-7.787748530075526698e-01
1.000000000000000000e+00
9.951632017680251963e-01
-1.000000000000000000e+00
6.379768046664882064e-01
1.000000000000000000e+00
7.923298184062107508e-01
1.000000000000000000e+00
-5.177627911744941969e-01
1.000000000000000000e+00
5.651842130458653024e-01
4.308182463792920025e-01
-5.772382459117838538e-01
1.000000000000000000e+00
8.403791068489507854e-01
7.967621044577084533e-01
6.270140650857287667e-01
3.221220231519441590e-01
6.376261425358713542e-01
-1.000000000000000000e+00
-5.906000357290737135e-01
-4.411179454449177806e-01
7.868152744900300810e-01
-1.276815331470335657e-01
-1.553616598591498199e-01
4.091688969403464160e-01
-4.244488596160227445e-01
5.855047657066808631e-01
1.000000000000000000e+00
-8.949154790165106399e-02
-9.002586498632276779e-01
1.000000000000000000e+00
-9.351874747814350464e-01
3.178992630163427480e-01
-1.000000000000000000e+00
1.624117048345612435e-01
-1.796100539221805459e-01
-1.000000000000000000e+00
-9.599840403014712198e-01
8.442765407625785201e-04
-2.872812978862724353e-01
1.000000000000000000e+00
-4.799422143014335784e-01
7.397001300559438164e-01
-3.971551601727236758e-01
-7.157008059884710782e-01
1.725276316200886617e-01
4.038512417411952438e-01
-7.708582076376904180e-01
-1.000000000000000000e+00
5.737946845648211891e-03
6.324975535537946669e-01
-4.219081669259514555e-01
-1.000000000000000000e+00
-1.000000000000000000e+00
7.055106124740695428e-02
-8.401982372591260129e-02
-7.217601790140037998e-02
9.304871651157557988e-01
1.507740387817442240e-01
-8.250797084970851181e-01
5.188528968065231339e-01
3.425069174965174046e-01
-9.485101405959577292e-01
5.033709366723759793e-03
1.000000000000000000e+00
-1.000000000000000000e+00
9.736156844041826686e-02
-4.697055770795999230e-01
9.652002115515734282e-01
7.284674711876879538e-01
-8.342225752610221701e-01
-1.971438979101303168e-01
4.207895695538475533e-01
5.865719780059472921e-01
3.861786961770373727e-01
1.000000000000000000e+00
1.070325672034049269e-01
6.981160326887211331e-01
-2.385364863773160593e-01
1.428792323909520157e-01
-4.299704737144717792e-01
-1.000000000000000000e+00
-9.569839106062784095e-01
9.049892215190773470e-01
-8.143915373673455971e-01
1.000000000000000000e+00
-5.968267430857425726e-01
2.607360034708057217e-01
-2.413703615782458178e-01
5.233435456794799379e-02
3.929066260048965087e-01
-5.076592245423270366e-01
-6.924777154017482950e-01
-6.245195194896061563e-01
-3.082734386030370199e-01
7.083829644797485781e-01
-1.000000000000000000e+00
5.540714600416466462e-01
1.000000000000000000e+00
6.096827333581387176e-01
-7.302993329945532963e-01
5.284022678277520146e-01
1.000000000000000000e+00
4.165520345593682894e-01
1.216126168947224695e-01
1.000000000000000000e+00
-6.756583603681048933e-01
5.534246986174485849e-01
8.221540349756686350e-01
6.761593277859938578e-01
2.101760262930890688e-02
-8.109459175733013669e-02
-1.000000000000000000e+00
-2.090656829863952737e-01
-3.828559359373053805e-01
-1.000000000000000000e+00
1.000000000000000000e+00
-7.079341817845661300e-01
3.421646841323391364e-01
9.551898680104868866e-01
1.000000000000000000e+00
-3.647628997546905616e-01
-3.014446898441108802e-01
1.000000000000000000e+00
1.771014013579889634e-01
1.000000000000000000e+00
-3.445833751408029499e-01
-1.000000000000000000e+00
1.000000000000000000e+00
7.580897940324088369e-01
-4.439167034997677508e-01
1.000000000000000000e+00
3.252337480162429961e-01
-1.000000000000000000e+00
1.000000000000000000e+00
7.417003120596821208e-01
6.333391638510308397e-01
-3.699468499808675759e-01
2.690365052135493817e-01
6.727638284721257911e-01
-6.967689990417977874e-01
9.185673752727059327e-01
-1.000000000000000000e+00
4.137040409739929370e-01
6.339086555872950335e-01
6.680673108644625824e-01
-4.860271161384632777e-01
-6.080764781753443815e-01
-1.576348451189530930e-01
-8.672945693783822296e-01
8.989922730543095653e-02
4.608824863569078722e-01
-7.329696698889547335e-01
-3.743264135967899753e-02
7.027700061483302951e-01
5.387172345334303447e-01
6.152216680914995850e-01
2.484367455099655841e-01
1.000000000000000000e+00
-3.925832244544702476e-01
5.065058756720939304e-01
8.447207312264926049e-02
-4.484524952360107175e-01
-3.582400878375675557e-01
-7.367536066491042757e-02
1.000000000000000000e+00
-2.441876457486031882e-01
-4.117176905161497036e-01
5.191436364095818323e-01
-6.379419006409183801e-01
-3.031138798039992310e-01
-2.958359587813430558e-03
2.273237901832358965e-02
-1.000000000000000000e+00
-5.795536645921572916e-01
-3.171837791105096560e-01
-2.372778500943468760e-01
6.659987524869279696e-01
-4.039389217775446461e-01
1.000000000000000000e+00
1.000000000000000000e+00
1.000000000000000000e+00
1.000000000000000000e+00
2.060139751926604035e-01
-2.553097646623994077e-01
-9.469508486008670900e-02
4.728097032023481638e-03
-2.539138915057970181e-03
8.874044091504535992e-01
5.789694240402045722e-01
1.000000000000000000e+00
-9.117171664782652840e-02
4.430103976095759455e-01
-2.947156852300325536e-01
-4.185379578657181798e-01
3.672741435615247685e-01
-6.712804799954874557e-01
-4.624716198032515768e-01
-1.000000000000000000e+00
-6.112186453653145612e-01
1.000000000000000000e+00
-8.606339377468064100e-01
-9.260567550348788313e-01
-1.840303820648149236e-01
-1.000000000000000000e+00
-1.000000000000000000e+00
-1.061056506425795964e-01
7.917350554519296812e-01
4.383019822756422101e-01
-1.000000000000000000e+00
-1.000000000000000000e+00
2.547572744980031167e-01
8.800003859744438550e-01
-7.607922271452249863e-01
-1.000000000000000000e+00
2.326778972148653146e-01
4.516893656456333339e-02
-3.414071220835476761e-01
-9.365557687901548967e-02
6.771266010121876899e-01
1.000000000000000000e+00
-1.000000000000000000e+00
7.789196213986262496e-01
-9.272887453491969190e-01
-1.000000000000000000e+00
5.980494432112641867e-01
5.289239969489554216e-01
8.361823414773760232e-01
-8.389062744695952034e-01
3.388842073293925061e-01
-5.860559362147323981e-01
-6.530023898960126694e-01
-3.845746846482048786e-01
7.098152195811890941e-01
1.000000000000000000e+00
-8.614024519406702218e-01
-3.875058530341140006e-01
-1.000000000000000000e+00
-3.879258764720099339e-01
-1.000000000000000000e+00
6.378607853864711741e-01
-3.638648317524604270e-01
1.000000000000000000e+00
-6.594725368037555047e-01
-6.635843165580137537e-01
-8.605411873991346550e-01
-1.000000000000000000e+00
1.000000000000000000e+00
-3.503957803662858250e-01
