-1.739352884096447838e-01
-5.302889156381775937e-01
1.568228320712981017e-01
7.838791739883743670e-01
9.661418585702743478e-01
1.000000000000000000e+00
3.955188072385611431e-01
-1.892629665722143084e-01
2.510468867916599844e-01
1.000000000000000000e+00
-3.060664302446980400e-01
-1.000000000000000000e+00
6.843314479017252872e-01
-2.475151811947244873e-01
-3.672145097546685166e-01
-1.000000000000000000e+00
1.000000000000000000e+00
-1.000000000000000000e+00
8.105060079132592188e-01
1.000000000000000000e+00
3.283188595397943388e-01
1.000000000000000000e+00
-1.000000000000000000e+00
-9.837947237607678197e-01
1.000000000000000000e+00
1.000000000000000000e+00
5.559336708708927377e-01
1.000000000000000000e+00
-1.000000000000000000e+00
2.727432816918451408e-03
6.383232284892337294e-02
1.942083829129175321e-01
7.405636560612571806e-01
-9.954655233686982019e-01
-1.000000000000000000e+00
-1.217046945356930199e-01
1.967297688483427842e-01
-7.892521590792447306e-01
5.993726137532686682e-01
-6.142258606111612451e-01
7.679717793903229062e-01
-8.392390653098376063e-01
-1.270176578928201572e-01
-2.957803549957724876e-01
-8.032149919690279027e-01
7.273172067309510158e-01
3.037780177866792330e-01
1.000000000000000000e+00
5.992322708464838943e-01
-7.078297489832824363e-02
-4.870964849971557431e-01
5.976424484002091919e-01
-1.000000000000000000e+00
-5.786865903520079790e-01
-7.945874963052872442e-01
-1.000000000000000000e+00
-1.000000000000000000e+00
1.955247959858756879e-01
-1.102174407778895304e-01
-1.629095258175779493e-01
-1.000000000000000000e+00
5.054879891437955575e-01
6.180279245862096982e-01
6.793164773924380562e-01
8.636596096886846041e-01
-8.792216019183231035e-01
1.000000000000000000e+00
-1.070816010218726966e-01
-8.961567635047065217e-01
9.935229942404280035e-01
4.649220809701050117e-01
-3.223410006905946812e-01
-1.000000000000000000e+00
-3.247177687227575937e-01
-8.903287027588455693e-01
8.686959363084076902e-01
1.000000000000000000e+00
2.163748948266947802e-01
-9.297096657688472821e-01
-8.764211736981588619e-01
7.262133204954019927e-01
-4.681665842799678234e-01
5.428233833131199670e-01
1.900779189674952629e-01
1.000000000000000000e+00
-9.057537113238274262e-01
-4.504319110433780970e-01
-4.652319178473767192e-01
2.537247406215841217e-01
-2.807487895769698039e-01
-1.915500244785588446e-01
1.000000000000000000e+00
-8.566143770567287152e-01
-4.379402701391705843e-01
6.962694225632439782e-01
5.724021437004167545e-02
1.000000000000000000e+00
5.716188489723229571e-01
1.000000000000000000e+00
3.657547363344140212e-01
5.821420001749089135e-01
7.598211101866071404e-01
1.000000000000000000e+00
-6.555103552047522042e-01
-3.859172448230002161e-01
-7.464241662779211861e-01
-1.000000000000000000e+00
1.000000000000000000e+00
-1.000000000000000000e+00
1.000000000000000000e+00
8.077575944011943232e-01
3.526920734063222485e-01
1.000000000000000000e+00
6.735905601228939776e-01
7.932529753492942870e-01
-7.575996530484099267e-01
2.716387083013634962e-01
-1.000000000000000000e+00
-1.000000000000000000e+00
-2.713438574995881147e-01
-2.931050201170106728e-01
-2.448804381875245850e-01
-9.713356124361198773e-01
2.735221555724902665e-01
1.000000000000000000e+00
8.295343511231096922e-01
-5.933180203614594195e-01
8.182354634839821284e-01
-1.000000000000000000e+00
-1.000000000000000000e+00
-6.322942067759360629e-01
-6.992799080349887397e-01
-5.299481053072796488e-01
-1.000000000000000000e+00
-5.331357498507247605e-01
-1.371261521216954327e-01
1.000000000000000000e+00
5.498194623069670994e-01
7.424067003559295941e-01
3.649440958918015454e-01
1.000000000000000000e+00
1.000000000000000000e+00
4.624452752454890070e-01
1.000000000000000000e+00
-1.000000000000000000e+00
4.640982771121457962e-01
3.453630341191371578e-01
1.000000000000000000e+00
-2.892485970389380157e-04
8.872997924908143652e-02
-4.272922392979460193e-01
-1.000000000000000000e+00
-1.000000000000000000e+00
1.000000000000000000e+00
-4.962884968391922946e-01
3.219088442154430796e-01
-2.221342586397023755e-01
-2.304546077929530146e-01
7.120000068049210373e-01
8.018426106351062010e-01
-6.105634664302903580e-01
-6.270234421603635422e-01
-2.536917935006666180e-01
-1.000000000000000000e+00
1.157293113993205780e-01
-3.047158421282776808e-01
7.030251250547570052e-02
8.768212052512872612e-01
-2.457448915212678830e-01
-8.381745298605007832e-01
-8.404541081505827460e-01
-5.328596444571815915e-01
5.162892317955303234e-02
-1.756292010675200022e-01
1.000000000000000000e+00
-4.826364267759933879e-01
5.511379396628977023e-01
1.000000000000000000e+00
-1.000000000000000000e+00
1.000000000000000000e+00
-1.000000000000000000e+00
7.210710063328629182e-01
-2.463825619647886933e-01
4.126601723896783369e-01
1.000000000000000000e+00
5.150817916150562947e-01
1.000000000000000000e+00
-6.891821771518777395e-02
1.000000000000000000e+00
-1.000000000000000000e+00
1.000000000000000000e+00
3.179485415201425691e-01
-1.000000000000000000e+00
1.000000000000000000e+00
1.000000000000000000e+00
1.018583701198852998e-01
-5.774398482555469503e-01
1.000000000000000000e+00
2.926715797748573600e-01
6.945646959010898236e-01
1.000000000000000000e+00
-1.000000000000000000e+00
1.850747314243252895e-01
-1.860803822399665908e-01
-1.490345248340271267e-01
-1.033457353858937555e-01
7.389967719119250322e-01
1.980493397139555523e-01
-1.000000000000000000e+00
-6.510678664694244944e-01
-1.000000000000000000e+00
4.091483866287100035e-01
-2.241584435029724265e-01
1.000000000000000000e+00
-1.000000000000000000e+00
3.000736706520487074e-01
9.548823574856840635e-01
-4.159548893166729044e-01
6.397336706607226198e-01
-4.121343989986374634e-01
1.992313994439423031e-01
-1.000000000000000000e+00
-1.000000000000000000e+00
-1.000000000000000000e+00
-1.000000000000000000e+00
1.000000000000000000e+00
7.328877381322259632e-01
1.375995791658342071e-01
-6.860893338971878475e-01
-2.368171052299196111e-01
1.000000000000000000e+00
-3.764540459035425890e-01
-1.933202150587176593e-02
-2.748187533400181515e-02
8.527443867637896080e-01
-1.000000000000000000e+00
-5.128710393198231410e-01
1.000000000000000000e+00
7.113569415700711218e-01
-8.093773745980756829e-01
7.251449503808937713e-02
4.861909552023211400e-01
4.455367466429196455e-01
-4.686067645912381230e-01
1.000000000000000000e+00
1.000000000000000000e+00
-1.000000000000000000e+00
-9.058641007150052271e-01
-5.656983290966970390e-01
5.367044584433549037e-01
-3.076250500906496654e-01
1.000000000000000000e+00
-1.161076050292626505e-01
-7.589627533032194950e-02
1.000000000000000000e+00
-1.000000000000000000e+00
-1.000000000000000000e+00
3.093044493600174416e-01
-1.790409599599178669e-01
7.865965383988477999e-01
-5.266341768558047143e-01
-9.417196570236102682e-01
1.000000000000000000e+00
1.000000000000000000e+00
-3.245586743055857148e-01
