6.539405186939761805e-02
4.103741521861403729e-01
-9.006058120002347067e-01
4.754375748058266016e-01
-4.744425487020096366e-01
-7.272684589989786286e-01
8.619100182690351275e-01
-7.488674037862761423e-01
8.877729598042580772e-01
-5.981443932490715376e-02
-5.468566014023841237e-01
-5.286551549198195143e-01
-9.943720929086863336e-02
5.858619476317266095e-01
-3.687676887499269363e-01
-2.340351472523813925e-01
-8.227798048072898496e-02
-9.332943034962548623e-01
-6.776208727831249945e-01
-2.804129285682614992e-01
6.391558280885429877e-01
8.835237891749514461e-02
-7.439154213336607313e-02
6.236735420024779319e-01
8.544815249121291423e-01
-3.173743962708879263e-01
8.831134454398203992e-02
6.905771219129472893e-01
2.834496096078864547e-02
-2.871370295348740775e-02
2.848351621362725794e-01
-7.171737857321058840e-01
-9.283141385261759471e-01
4.563175480173198295e-02
1.565137259019684368e-01
-9.067377461094925373e-01
-1.301226124015226748e-01
-6.221618095218808264e-01
5.625214170627128585e-01
-5.507074193225163228e-01
7.069090033939495754e-02
5.717673124816584629e-01
6.329817032239379859e-01
-6.189957654546967003e-01
-1.139980155139985740e-01
-9.266221923513431324e-01
-2.190399684815125259e-01
-6.922283519307250721e-01
-4.308772600474786163e-01
-1.546413057066153840e-03
5.129945720053799008e-01
5.329052015253108454e-01
7.469950589862826007e-01
9.369957566674369520e-01
5.681414244428071303e-01
-4.434025542602610948e-01
-7.216037213457571209e-01
-6.480979519301244274e-02
-4.859104407103020939e-01
-5.563486395344308111e-01
3.211452453297758414e-01
-8.285602728643137738e-01
6.126443550810445338e-02
-7.375402489184352817e-01
-9.309785186298376036e-01
-1.731571406624350384e-01
-2.382960181376962971e-01
8.551086758046715364e-01
8.464980769564629526e-01
-8.294532303503565629e-02
8.702481379882718304e-01
-9.999600787446505379e-02
6.532473016252089426e-01
-4.324480994509676268e-01
5.315282156729608243e-01
7.370566348953777602e-01
8.552306754252401166e-01
-1.746764098015114453e-01
-3.346409943103625384e-01
3.041572371670890895e-01
9.036330364304108187e-01
7.938868132057292915e-01
9.726628922828324253e-01
-2.856609044847027157e-01
-1.890343094772752863e-01
1.681083799586748917e-01
-7.242845895135052725e-01
-4.931157396144945082e-01
-5.826977943903324242e-01
7.332887865353943102e-01
1.484709618928303776e-02
-9.284629501481023173e-01
2.472788054981005512e-01
-8.769556934231768075e-01
-4.901336239945992546e-01
-7.644622744657156854e-01
4.468923473810122449e-01
-8.990397253458652926e-01
-5.762700196605829994e-02
-2.210139107611781562e-01
-8.444922092437274763e-01
-2.886373106661561661e-01
8.593413726986440793e-01
-4.423558356326837693e-01
3.672949204252928812e-01
-2.049580837909432685e-01
3.483566676466494094e-01
3.945752209847150915e-01
8.366826012117474232e-01
-6.694644807250216267e-02
-7.563126523727317085e-01
3.186298974150156837e-01
-3.988703681930241274e-01
4.776710715585286149e-01
-3.262261673293065378e-01
-4.401719898209712767e-01
1.399542109155051950e-01
2.103613152006325038e-01
-4.499859236302583554e-01
1.534325082202971924e-01
-9.894899740980866998e-01
-6.904770331484788581e-01
-6.910083830760644918e-01
-2.672510666984377892e-01
3.235322853320277137e-01
-1.047010168462332302e-01
-5.596969555083342041e-01
9.723359919502916338e-01
-4.581242271802277166e-01
-9.702442120290788452e-02
4.367267254331137494e-01
7.666089024570683641e-01
-6.121252461991655291e-01
4.693953677582212158e-01
6.670365736300318815e-01
-7.747763821933695283e-01
7.586709501361346142e-01
2.398635148241234916e-01
-9.817735940860305988e-01
1.966565587595410225e-01
7.781313371260318856e-01
8.833435694528350979e-01
-8.036103942230652386e-01
-5.778646037500847488e-01
8.233519352829095084e-01
-5.722091958508139786e-01
-9.853420852879548608e-01
6.531825745171366826e-01
-1.303143322839979135e-01
6.581366990050754318e-01
-1.429157276156778345e-01
1.068962807152180616e-01
-1.012693611734682975e-02
-3.140921536872900433e-01
-3.515095578703271162e-01
-5.799644877224436890e-01
4.710582364297379865e-01
-9.491968699937025633e-02
-2.897908302958223103e-01
2.565632284226069260e-01
-5.213616951651900422e-03
6.517729504672957752e-01
-4.240338750304724069e-01
1.496761517894884541e-01
6.676667441911889878e-01
-7.429492046516874559e-01
-4.500375973985515365e-02
5.966158781620471974e-01
-4.101079094341755216e-01
-8.651104279431525157e-01
6.338564335458631849e-01
5.756381435396695778e-03
-3.444378729524364413e-01
-5.802056530345165442e-01
-3.498807384444644342e-01
-5.682702540315407447e-01
-7.069119470377163150e-01
-5.299033996475837061e-01
-5.090594661086034201e-02
6.601082318248827630e-01
-9.948260495790699487e-01
-2.550804978561171943e-02
5.946287558962426445e-01
1.800915497158617207e-01
-8.096563057786136941e-01
5.317714326094555854e-01
-7.836788812036692420e-01
5.340999775121211268e-01
-9.711000056469019093e-01
-3.987740701447659575e-01
-2.066280834299827340e-02
-5.996738064641995436e-01
-8.475327651042208199e-01
-9.866160420282419352e-01
5.786962402194444355e-01
4.778208117592552817e-01
3.461955928807842753e-01
9.904498118628579650e-01
4.846018071650324277e-01
-1.256805916593142225e-01
9.656943383024756411e-01
1.288674488176895228e-01
-5.319729242735502517e-01
7.621521706849523348e-01
4.178319692806304886e-01
2.734463230594985639e-02
3.915672442171838075e-01
6.150755918552066603e-01
-8.605381853994040764e-01
8.088531198500259478e-02
-6.890172674988883639e-01
-2.859304596083298566e-01
-2.271339752053400662e-01
9.602890374588959332e-01
2.192032494235574003e-01
4.550746816815531837e-02
1.299213269798524806e-01
9.980072307126583997e-01
9.559858184445866325e-01
4.529786961489101760e-01
5.734991971084182349e-01
-5.363078981828213188e-01
1.697093168777197292e-03
-9.861420305305781397e-01
2.145810077983789643e-01
9.825817767971196659e-01
-2.743555744505203897e-01
-1.672734862557456736e-02
-8.191327742868577122e-01
-9.369101791774991916e-02
-6.509737735866998332e-01
1.302138669631525136e-01
9.008231180982273489e-01
-8.840747002326663218e-01
-9.735074450405911684e-01
-5.371723697312331680e-01
3.473320092658711555e-01
3.732427659077031112e-01
-5.296070547630549186e-01
-2.316585433163420582e-01
-3.202776598053300727e-01
-1.773817781633901802e-02
-5.456842114713444936e-02
-7.224477165178755378e-02
-5.316788059011929857e-01
-6.257269900318986888e-01
2.002109483702785298e-02
9.938313709117412298e-01
5.447375961131144528e-01
7.903258856163717372e-01
4.834295771947449971e-01
-7.534771316733124280e-02
-5.534809639703066608e-01
-2.726746692261621252e-01
-6.079966837487267295e-01
1.315712604524028606e-01
-3.917320955822329864e-01
-8.799118585825604910e-03
6.899199986336079782e-01
3.423821881557496116e-01
7.769362770222367764e-01
7.990690419412289636e-01
3.238352155240433738e-01
6.665337992058206762e-01
2.806629253319694595e-01
