2.793839644024360691e-01
-7.554714420822472576e-02
1.000000000000000000e+00
-5.936496213178338310e-02
-6.174494047430096888e-01
4.072134239814365064e-01
-1.451739045738959510e-01
1.000000000000000000e+00
-9.832449678479302513e-01
2.565740892306564991e-01
-1.000000000000000000e+00
4.830938312287313963e-03
1.000000000000000000e+00
1.000000000000000000e+00
1.000000000000000000e+00
1.000000000000000000e+00
1.000000000000000000e+00
-4.339594626542304656e-01
-6.140644765270505401e-01
-1.000000000000000000e+00
9.982213171288371045e-01
9.922677531730806910e-01
1.732380025315278793e-01
-8.596145511493569202e-01
1.000000000000000000e+00
1.966336206902441208e-01
1.000000000000000000e+00
1.000000000000000000e+00
-1.000000000000000000e+00
-1.000000000000000000e+00
-5.166798720582106430e-01
-1.000000000000000000e+00
8.567787457684575836e-01
6.893837288077807601e-01
1.000000000000000000e+00
-1.000000000000000000e+00
1.000000000000000000e+00
1.395821521735812754e-01
6.784536075052458592e-01
7.413679661490996109e-01
-1.000000000000000000e+00
1.000000000000000000e+00
-1.480878319631865059e-01
-1.000000000000000000e+00
1.000000000000000000e+00
1.000000000000000000e+00
-9.551216473322148293e-01
-1.000000000000000000e+00
-1.000000000000000000e+00
1.000000000000000000e+00
3.289962334183640369e-01
-1.000000000000000000e+00
-1.000000000000000000e+00
-1.000000000000000000e+00
1.558058879740928937e-01
1.411254311648158510e-01
-1.000000000000000000e+00
1.000000000000000000e+00
-1.000000000000000000e+00
1.000000000000000000e+00
1.000000000000000000e+00
3.647673694518547283e-01
1.836246093816223945e-01
1.000000000000000000e+00
-1.000000000000000000e+00
-1.000000000000000000e+00
1.000000000000000000e+00
1.000000000000000000e+00
1.000000000000000000e+00
6.032733629556725763e-01
-5.087542479626454561e-01
-1.000000000000000000e+00
1.913649994813008681e-01
-1.000000000000000000e+00
-1.000000000000000000e+00
7.530311226466614993e-01
-1.000000000000000000e+00
-3.530515238931644650e-01
-1.000000000000000000e+00
1.000000000000000000e+00
1.889486809264355749e-01
1.000000000000000000e+00
-1.000000000000000000e+00
-8.668635368817567688e-03
1.200922014136001081e-01
-9.639325153298385906e-01
1.000000000000000000e+00
-1.000000000000000000e+00
-1.000000000000000000e+00
-5.922909441938970510e-01
-1.000000000000000000e+00
-7.286748118755466130e-01
-2.907454764693140348e-02
1.000000000000000000e+00
-1.000000000000000000e+00
4.152343312110617357e-01
-5.505409432051516783e-01
-1.000000000000000000e+00
-1.000000000000000000e+00
2.549000350767398615e-01
4.473967480315784728e-01
1.000000000000000000e+00
-1.000000000000000000e+00
1.000000000000000000e+00
-2.451240433318994660e-01
8.245564111634806626e-01
2.115685016586731360e-01
-1.000000000000000000e+00
-8.975975495019338224e-01
-3.018868746463574393e-01
-9.841568045522668395e-01
-8.084454384532355764e-01
-1.000000000000000000e+00
1.000000000000000000e+00
1.000000000000000000e+00
1.000000000000000000e+00
1.000000000000000000e+00
-9.352895226633850534e-03
1.000000000000000000e+00
8.877443338904278392e-03
1.000000000000000000e+00
-1.000000000000000000e+00
-1.000000000000000000e+00
-1.000000000000000000e+00
-6.301852115744247529e-01
2.079689009270007105e-01
-1.000000000000000000e+00
-1.000000000000000000e+00
3.570776775400412717e-01
-4.889197549875303750e-01
-1.000000000000000000e+00
1.000000000000000000e+00
-2.772818360121357406e-01
6.002822218523753417e-01
-1.000000000000000000e+00
3.665354039251490503e-01
1.000000000000000000e+00
-1.000000000000000000e+00
1.000000000000000000e+00
-1.000000000000000000e+00
5.153085456050743307e-02
1.000000000000000000e+00
-5.486973595661576164e-01
-8.705139097097649437e-01
1.000000000000000000e+00
5.742943273542993055e-01
1.311147744529754799e-01
-1.000000000000000000e+00
-1.000000000000000000e+00
-1.000000000000000000e+00
1.000000000000000000e+00
3.860037994702915087e-01
9.072508961716851950e-01
-1.000000000000000000e+00
4.234676866361430925e-01
-1.000000000000000000e+00
-1.000000000000000000e+00
-8.050551022235270526e-01
-6.540518041460288146e-01
-1.000000000000000000e+00
-1.000000000000000000e+00
1.000000000000000000e+00
-1.000000000000000000e+00
1.000000000000000000e+00
8.749925608297741686e-01
-1.000000000000000000e+00
1.000000000000000000e+00
-1.000000000000000000e+00
-3.953848759371282329e-01
1.000000000000000000e+00
-1.000000000000000000e+00
-1.000000000000000000e+00
1.000000000000000000e+00
-9.724230336247192685e-01
1.000000000000000000e+00
1.000000000000000000e+00
-5.702210976163912814e-01
5.225784372679120882e-01
-1.000000000000000000e+00
-1.000000000000000000e+00
1.117662269294944499e-01
3.716017352429476506e-01
-1.000000000000000000e+00
1.391456970101234702e-03
1.000000000000000000e+00
1.000000000000000000e+00
-4.952468950002066883e-01
1.000000000000000000e+00
-1.000000000000000000e+00
-1.000000000000000000e+00
1.000000000000000000e+00
-1.000000000000000000e+00
-1.000000000000000000e+00
1.000000000000000000e+00
9.603438803885513408e-01
4.114774917564945067e-01
1.000000000000000000e+00
-8.090446010860368187e-01
6.893286786328653992e-01
-1.000000000000000000e+00
-1.000000000000000000e+00
-1.667817162359143957e-01
1.000000000000000000e+00
-2.896243624165064645e-01
-2.053776577962834748e-01
-1.000000000000000000e+00
1.000000000000000000e+00
-4.308386195998443746e-01
9.597872357301731050e-01
1.000000000000000000e+00
-3.628871351042672888e-03
4.683909944285676863e-01
-1.000000000000000000e+00
-4.991887086461294087e-01
8.575960173277782372e-01
-2.162291431591959467e-01
8.172238934553239798e-01
2.087989699582737391e-01
4.229994811282478118e-02
3.052394637996288518e-01
-1.000000000000000000e+00
-1.098322386772038195e-01
-1.000000000000000000e+00
-5.004177084920600205e-01
4.717902817877667743e-01
4.514871090884716720e-01
-6.772881337059839524e-01
-1.000000000000000000e+00
-5.555707003491413554e-01
-3.716952789058902695e-01
-1.000000000000000000e+00
1.000000000000000000e+00
-9.642554314163606088e-01
1.000000000000000000e+00
-1.000000000000000000e+00
-9.334448206503240808e-01
5.333642958267597045e-01
-3.021876438365749262e-01
1.000000000000000000e+00
-5.453487101629761469e-02
1.000000000000000000e+00
5.615973115729937515e-01
1.000000000000000000e+00
1.000000000000000000e+00
8.015828566879666939e-01
-1.000000000000000000e+00
1.000000000000000000e+00
-6.464846902910927895e-01
-5.071923562802138630e-01
-1.000000000000000000e+00
1.000000000000000000e+00
-1.000000000000000000e+00
1.000000000000000000e+00
-1.000000000000000000e+00
-2.628754655420451614e-01
-3.237414734621344437e-01
-1.388282839593768525e-01
3.904634602243650665e-01
-1.000000000000000000e+00
-1.000000000000000000e+00
1.000000000000000000e+00
9.660586658897327705e-01
-1.000000000000000000e+00
1.000000000000000000e+00
-5.762233520254609331e-01
