-4.303552056498117784e-01
-8.775778450142095455e-01
-1.000000000000000000e+00
-1.509207011614100979e-01
7.347595446818906417e-01
1.000000000000000000e+00
-1.000000000000000000e+00
-1.953517607260667477e-01
1.000000000000000000e+00
-1.000000000000000000e+00
1.000000000000000000e+00
-1.000000000000000000e+00
-1.000000000000000000e+00
4.150496472946092474e-01
2.821174452133198285e-01
-1.000000000000000000e+00
5.248186847777230879e-01
9.143200610894262059e-01
-1.000000000000000000e+00
1.185005839962072205e-01
-1.000000000000000000e+00
6.907813037584324967e-01
1.000000000000000000e+00
1.000000000000000000e+00
-1.000000000000000000e+00
-3.637426536857390480e-01
8.284462992299546080e-01
-1.000000000000000000e+00
-1.000000000000000000e+00
1.000000000000000000e+00
-5.972367844137043136e-01
-1.000000000000000000e+00
7.966147221123278666e-01
-3.299576770187335750e-01
-6.335360731159056513e-01
-1.000000000000000000e+00
-1.000000000000000000e+00
-1.000000000000000000e+00
1.000000000000000000e+00
-1.000000000000000000e+00
1.842936706667757107e-01
1.000000000000000000e+00
-1.000000000000000000e+00
-4.107742815037013218e-02
-1.000000000000000000e+00
1.000000000000000000e+00
-1.000000000000000000e+00
-1.000000000000000000e+00
4.537409203815753744e-01
-3.278932603656506961e-01
-4.078550672003200539e-01
-1.000000000000000000e+00
-6.742461478076660075e-01
-5.508784352361417724e-02
1.000000000000000000e+00
9.475607759568187571e-01
2.200669508839745436e-01
-8.384675413254502052e-01
1.000000000000000000e+00
1.679231049121953645e-01
6.539927882370033529e-02
3.877019231182873282e-01
1.000000000000000000e+00
1.000000000000000000e+00
-9.262671831283300072e-01
-1.000000000000000000e+00
-4.531958798860635795e-02
1.000000000000000000e+00
-5.780278021776021902e-01
-1.000000000000000000e+00
-4.488597199905753898e-01
-4.034102894172821863e-01
-5.278066188476895348e-01
-9.428653709663939453e-02
1.000000000000000000e+00
-9.791793695116646212e-02
-3.941850807445940186e-02
-1.000000000000000000e+00
4.203812452631164875e-01
1.000000000000000000e+00
-5.804313953007558258e-01
5.676286165577759668e-01
7.328365737019459925e-01
-9.745621368345157576e-01
1.000000000000000000e+00
-6.667917482926227768e-01
-8.166431178948525549e-01
1.676377662015033909e-01
1.000000000000000000e+00
3.477038910486407453e-02
-9.066741502319828339e-01
-8.130116828919706773e-01
-7.688956639941497695e-01
-1.000000000000000000e+00
-7.574072178855353332e-01
1.000000000000000000e+00
4.281129969990735695e-01
-6.944234466155670971e-01
-7.443838401439329955e-01
5.662866078387368551e-01
-8.083370122361308585e-01
1.000000000000000000e+00
-4.702812014567717691e-01
1.000000000000000000e+00
1.000000000000000000e+00
1.000000000000000000e+00
7.869668795428585995e-02
-6.426187584893503502e-01
-1.000000000000000000e+00
1.000000000000000000e+00
4.291283801235306061e-01
-2.315237544698340588e-01
1.000000000000000000e+00
9.842182506249341767e-02
-3.582966165909886591e-01
-4.330486824108130683e-01
-1.000000000000000000e+00
9.243316221066906202e-01
-5.572863077245441277e-01
8.545452681793608285e-02
-6.882700962376396836e-01
1.783995012557888504e-01
1.807115817284068449e-01
-2.976211974607624322e-01
1.000000000000000000e+00
-1.336414346171226342e-01
1.000000000000000000e+00
-3.517003121425521517e-01
1.000000000000000000e+00
-3.806472901366146910e-01
-1.861622354751619746e-01
-7.412519863734041703e-01
5.278693195292523122e-01
-2.425734670778330049e-01
1.000000000000000000e+00
3.038725838145692748e-01
2.674853585856047378e-01
-1.000000000000000000e+00
-1.000000000000000000e+00
1.000000000000000000e+00
7.902492855209282130e-01
-8.008480018931596334e-01
1.000000000000000000e+00
5.977278012575411026e-01
1.000000000000000000e+00
-2.389930392917307689e-01
9.711742891021331037e-01
-1.000000000000000000e+00
-4.354836998990235797e-01
3.574743794792778484e-03
-1.760710641190308401e-01
-6.854988399727779402e-01
1.000000000000000000e+00
4.148337576653164938e-01
8.297591919247869763e-01
-1.148217857393711849e-01
-1.000000000000000000e+00
-8.528019854920458886e-01
1.244195460369468265e-01
1.000000000000000000e+00
-3.695753911759656063e-01
-8.942883214572443507e-01
-1.943778947087992925e-02
9.629219328348104234e-02
-1.000000000000000000e+00
-2.054589152514777473e-01
-1.000000000000000000e+00
-4.626662838474815409e-02
5.625039433725289584e-01
-1.000000000000000000e+00
3.054816580980732610e-01
-8.687031949123518171e-01
2.568911196468814939e-01
1.000000000000000000e+00
8.616634117757200340e-01
8.228056880798444439e-01
6.634019411423227597e-01
1.000000000000000000e+00
-4.116812549436053015e-01
-1.000000000000000000e+00
-1.000000000000000000e+00
-1.000000000000000000e+00
-5.770941785021512782e-01
1.000000000000000000e+00
1.000000000000000000e+00
-3.431985138311671735e-01
-3.668583076362855744e-01
-1.000000000000000000e+00
-1.000000000000000000e+00
-1.000000000000000000e+00
-1.000000000000000000e+00
-8.613927233151867924e-01
6.486613060075172577e-01
9.532520132222686016e-01
1.000000000000000000e+00
-1.000000000000000000e+00
1.000000000000000000e+00
1.000000000000000000e+00
-1.000000000000000000e+00
-3.610096585586515250e-01
1.000000000000000000e+00
-6.154398764059747506e-01
-4.560008298523117176e-01
1.000000000000000000e+00
1.000000000000000000e+00
-1.000000000000000000e+00
9.300995576908772655e-01
-1.000000000000000000e+00
-1.000000000000000000e+00
5.940866951336176705e-02
8.339948965287837801e-01
-5.786072912139490487e-01
1.000000000000000000e+00
-1.000000000000000000e+00
7.801483840440669448e-01
2.111026820751683575e-01
1.000000000000000000e+00
1.000000000000000000e+00
-1.302537648173516249e-01
1.000000000000000000e+00
-1.000000000000000000e+00
7.745174279638801229e-01
1.000000000000000000e+00
1.000000000000000000e+00
-7.348016143538305123e-02
-3.379394544644483966e-01
1.000000000000000000e+00
5.399493287313500423e-01
1.000000000000000000e+00
-7.767562652439350401e-01
-1.000000000000000000e+00
8.159661847474652951e-02
-1.000000000000000000e+00
7.912897820431534779e-01
1.000000000000000000e+00
1.250971449313189598e-01
8.639584894591625375e-01
1.000000000000000000e+00
1.000000000000000000e+00
-6.902933912044875164e-01
-2.025525620678914063e-02
-1.000000000000000000e+00
-6.989770296465103172e-01
-9.531130526681179660e-01
5.915060780332408452e-01
7.229287138653694988e-02
-1.000000000000000000e+00
-1.000000000000000000e+00
3.331629693093949296e-01
-5.257366196812232051e-01
-5.806349565196406992e-01
-9.775690749919452305e-02
-7.192989565393926865e-01
1.000000000000000000e+00
-1.000000000000000000e+00
-9.456903414127750818e-01
-2.695616438507671964e-01
-1.000000000000000000e+00
6.257736375461941947e-02
5.153735148160419888e-01
1.000000000000000000e+00
8.551697122200976331e-01
1.000000000000000000e+00
-5.427482044749790679e-01
-7.128207220305717851e-01
