-9.345211566816884474e-01
8.741043611409964331e-01
-9.494289060993998941e-01
9.818000835356237577e-01
4.375801595468116201e-01
7.285737994077392532e-01
8.755510268729853607e-01
-2.494053383443957106e-01
3.814623598433957152e-01
5.701220922368863686e-01
3.196053290891012200e-01
1.933800933430935842e-01
1.029836573701878866e-01
-2.309088846508866588e-02
6.599424541136136302e-01
-1.208239208051293812e-01
5.961408111162040946e-01
-9.644860181297731927e-03
6.912435236554561602e-01
-8.340616415305059927e-01
-1.686217139768597661e-02
-6.531350351811429089e-01
-7.134104092762199034e-01
1.432662510171673897e-01
6.522833355843391523e-01
8.055589321438998418e-01
-1.761230082214964021e-01
-3.155495423795195986e-01
6.568962493249042023e-01
1.959155691317915338e-01
9.306532016882340663e-01
8.224816721166385847e-01
7.203681860846902207e-01
-7.809742576396183633e-01
6.793440698883115303e-01
5.691754379577989020e-01
-7.287062470393879110e-02
-9.749740688199302063e-01
3.723043787549369377e-01
-3.292426602428659699e-01
-5.668193339486824467e-01
-4.819126187456557187e-01
-2.280056756481709801e-01
6.588673353622778173e-01
8.314922699959903518e-02
-9.935284181078245513e-01
-6.483578963312695009e-01
3.575583183545834043e-01
5.307610508228177704e-01
4.061619171947086215e-01
2.439762782242582695e-01
1.941115659865575438e-01
9.730536326434398031e-01
-7.343874482400811754e-01
-7.097924523217569170e-01
3.016759095154617487e-01
-9.766292921387800252e-01
-3.028924276991817877e-02
3.093191992299426651e-02
-7.389803857511065832e-01
2.155505843645251218e-01
-1.029838575366763820e-01
5.917785863104778610e-01
-4.657934457423655861e-01
-5.199864911870291095e-01
-6.287466979025388980e-01
-7.367333557164559288e-01
2.020740837336720830e-03
6.280173936531228129e-01
-4.791764705592826967e-01
-9.907379181458413342e-01
-5.984234772273813174e-01
1.303307807761120429e-01
-3.421169857291290750e-01
7.565127158325462009e-01
-8.406916498918048930e-01
7.036988671500867820e-01
7.128322629581491654e-01
4.577202511447442390e-03
-3.386532200961225314e-01
8.806876188600176736e-01
-9.970644714041787537e-01
2.663369939526207819e-01
8.357743356283793279e-01
4.779604840843192370e-01
-9.095500398613989290e-01
-6.724149218246529003e-01
7.914358610928293736e-01
-4.039898824900982621e-01
5.528939999223634327e-01
1.847127870038260955e-01
4.913674025436942649e-01
4.779883629952010882e-01
-5.632269331613364294e-01
-4.016710691580016590e-01
-6.146321006084198846e-01
3.467510863681964040e-01
8.553392013570431107e-01
7.643721606965496740e-01
2.499435208909304151e-01
-9.985955365544161300e-01
-9.427907488370081968e-01
-7.181473567503982025e-01
-7.246978208273935351e-02
6.522877712859209698e-01
4.979538943229999681e-01
7.990294658663270599e-01
-8.810953712629616685e-01
-1.542329164655047435e-01
6.603272524287320255e-01
4.992273961603528321e-01
7.170759116360332364e-01
6.815968670054812772e-01
4.557510492203691310e-01
-8.676339862743716047e-01
8.665072737066190633e-01
-5.278862757079765267e-01
8.931312948172502875e-01
4.449663883684580323e-01
7.879212598358467101e-01
-5.897571598037136820e-01
5.809991173730233438e-01
-1.596700736700975565e-01
-2.126112700375719644e-01
8.225382300177381811e-01
-3.445863148879808602e-01
5.856965425171261064e-01
9.882408364092487574e-02
3.284818807121256956e-01
-5.535379644383486841e-02
-6.388804100780909323e-01
1.094305875002412609e-01
-9.319564261348372014e-01
9.267126385241297726e-03
8.786746888097258790e-01
-5.020759058454802304e-01
-8.454101821608561718e-01
-5.319673931442201464e-01
-8.622825681829637823e-01
8.700847438395509226e-01
2.555813074608808133e-01
5.088053042185958219e-04
5.690850386236381286e-01
3.435181085575418347e-01
3.857881861284429004e-01
2.288124204104304837e-01
-7.285524454389902260e-02
-3.612685946695499695e-01
-8.796549872534638048e-01
-9.602697048367161425e-01
-2.302711678278779317e-02
-1.051638832770973586e-02
-6.707902278463075962e-01
2.758444436081639584e-01
-9.211256484115106780e-01
-5.410388033894468762e-01
-2.714775187097882014e-01
3.344866609282131087e-01
-6.082351982514315747e-01
-2.285821227598994199e-02
-4.496022614203587509e-02
3.514439341121540217e-01
-6.519657573282955365e-01
-3.656536240862828802e-01
1.601645597457606041e-01
-6.540707929144808919e-01
2.595103646549228316e-01
-5.807795307906804538e-02
6.133028442496701871e-02
-5.164426566107773731e-01
9.404687584541717715e-01
8.852483631314906898e-01
8.679013804095525586e-02
7.683797465982573627e-01
4.072234408645825088e-01
4.281927690419902177e-01
-3.695395244628669751e-01
9.440319770032579161e-01
2.583743387015597914e-01
3.462637704165429930e-01
9.842493516113479668e-01
-2.120224549267963887e-01
6.856602038969814572e-01
-6.844894824304899039e-01
1.968497971625855492e-01
-1.392698033596402318e-01
5.508319216460391132e-01
9.406890917260477547e-01
5.490540942568433724e-01
-7.415079009987979308e-01
7.961216377191542293e-01
-6.274121026112902122e-01
5.063021092153623393e-01
1.941166833483161103e-01
-9.612514855652460888e-01
-6.925719094427014166e-01
-9.256965827156931059e-01
5.447749935143690880e-01
3.873519010393897677e-01
3.369951009566394262e-01
6.802906863756816858e-01
7.254412731922039725e-01
-7.131703255407486619e-01
-1.993913657836876574e-02
2.046012344277574613e-01
3.940143665235606996e-02
3.509541699714291418e-02
7.444419118264535840e-01
-1.733212466970186494e-01
-3.154428621151199597e-01
-8.769210598456811390e-02
-1.359640718534838033e-01
-2.136358498596624411e-01
-9.015107593286799670e-01
6.546864841418365000e-01
-3.557888806541151805e-01
4.478417784480184238e-01
7.617744826786643220e-01
8.640752013141039800e-01
5.283585497814053955e-01
-3.716032193144787055e-01
-4.026799158610900875e-01
-3.175019560839467125e-01
9.236059643809544362e-01
-1.667238997955085011e-01
7.463417683502830968e-01
-4.678669704553513053e-01
8.027691433534509535e-01
-8.884903499775731461e-02
6.191835552276265808e-01
-8.162348536508701180e-01
7.695692800026867619e-01
8.075267499937326399e-01
-3.778215262875466163e-01
6.816276774815910322e-01
2.213901004974154763e-01
-9.696045195008713424e-01
7.585463046871998571e-01
6.378339598399964672e-01
-3.943786413983452199e-01
2.213703630425485347e-01
9.475219145845781288e-01
5.740762222408135607e-02
6.121133894268941944e-01
-5.888435958785718238e-01
2.480749574275151748e-01
-7.148008536995362761e-01
-3.684062219287442819e-01
4.092407373834456852e-01
2.486792783454188083e-01
6.261468671747616455e-02
-2.174604676950313564e-01
-5.717257740167056568e-01
6.089278610966077920e-01
-9.272946328992293097e-02
-9.272343832340663727e-01
8.664634807100712877e-01
-4.284253263383193122e-01
3.355245855597781546e-01
-2.366033335803294779e-01
-2.058913773022525984e-01
-5.694355676797433485e-01
7.133430409220888890e-01
-1.855681837595553052e-01
9.339084257056740057e-01
