9.504906755366272497e-01
1.840921966912701935e-01
-3.841997625486705537e-01
-8.055518031785149358e-01
1.000000000000000000e+00
-1.000000000000000000e+00
-1.000000000000000000e+00
1.000000000000000000e+00
7.828618304817639428e-01
-1.000000000000000000e+00
-4.209416884412278126e-01
-1.000000000000000000e+00
-8.094815250003033480e-01
1.000000000000000000e+00
1.000000000000000000e+00
-3.755311740783662255e-01
-1.000000000000000000e+00
1.000000000000000000e+00
-1.000000000000000000e+00
1.000000000000000000e+00
-1.000000000000000000e+00
-1.000000000000000000e+00
5.204345086194890335e-01
1.000000000000000000e+00
-3.531052360497149989e-01
-1.000000000000000000e+00
1.749446971028727760e-01
3.082012881866802445e-02
1.797991880894755923e-01
-1.000000000000000000e+00
-1.000000000000000000e+00
1.000000000000000000e+00
6.675627522287890248e-01
1.000000000000000000e+00
-1.000000000000000000e+00
-1.000000000000000000e+00
1.000000000000000000e+00
-1.000000000000000000e+00
-6.336761985694119304e-01
1.000000000000000000e+00
1.000000000000000000e+00
-6.836582191493159044e-01
-1.000000000000000000e+00
4.814137788730878942e-01
1.000000000000000000e+00
-1.000000000000000000e+00
-1.000000000000000000e+00
-1.000000000000000000e+00
-1.000000000000000000e+00
-1.000000000000000000e+00
-1.000000000000000000e+00
-1.000000000000000000e+00
-1.000000000000000000e+00
-1.000000000000000000e+00
-1.000000000000000000e+00
1.000000000000000000e+00
1.000000000000000000e+00
-1.000000000000000000e+00
-1.000000000000000000e+00
7.080644034035858958e-01
1.000000000000000000e+00
-1.000000000000000000e+00
-1.000000000000000000e+00
-4.967015275158503385e-01
-1.000000000000000000e+00
1.000000000000000000e+00
1.000000000000000000e+00
-1.000000000000000000e+00
-1.000000000000000000e+00
-4.969355815942901877e-01
-1.000000000000000000e+00
1.000000000000000000e+00
1.000000000000000000e+00
1.052792234239148250e-01
-1.000000000000000000e+00
-1.000000000000000000e+00
-1.000000000000000000e+00
1.000000000000000000e+00
7.913332307300462443e-01
1.000000000000000000e+00
-1.000000000000000000e+00
-1.000000000000000000e+00
-1.000000000000000000e+00
-1.000000000000000000e+00
-1.000000000000000000e+00
-8.268242052441898693e-01
1.000000000000000000e+00
4.276511899598740563e-01
-5.395201781875424984e-02
1.000000000000000000e+00
-1.000000000000000000e+00
-1.000000000000000000e+00
1.000000000000000000e+00
1.000000000000000000e+00
-1.000000000000000000e+00
1.000000000000000000e+00
1.390516800398677033e-01
2.546153694926129862e-01
7.063017938853271005e-01
2.184985039125200146e-01
-1.000000000000000000e+00
1.000000000000000000e+00
-1.000000000000000000e+00
-1.000000000000000000e+00
-5.760553971346525914e-01
4.882708366730464933e-01
5.245431112287782804e-01
1.000000000000000000e+00
1.000000000000000000e+00
1.000000000000000000e+00
-8.177613026983252542e-01
1.000000000000000000e+00
-1.000000000000000000e+00
1.000000000000000000e+00
1.000000000000000000e+00
-1.000000000000000000e+00
-1.000000000000000000e+00
-5.737659985450845879e-01
7.683131147301280883e-02
1.334508560040048586e-02
-1.000000000000000000e+00
-1.000000000000000000e+00
-1.000000000000000000e+00
-1.000000000000000000e+00
1.000000000000000000e+00
1.000000000000000000e+00
1.000000000000000000e+00
1.000000000000000000e+00
1.000000000000000000e+00
-1.000000000000000000e+00
-1.000000000000000000e+00
-1.000000000000000000e+00
-1.000000000000000000e+00
1.000000000000000000e+00
1.000000000000000000e+00
1.000000000000000000e+00
-3.767554980524525643e-01
1.000000000000000000e+00
-1.000000000000000000e+00
1.000000000000000000e+00
-1.000000000000000000e+00
1.000000000000000000e+00
1.000000000000000000e+00
1.000000000000000000e+00
1.000000000000000000e+00
-4.317086352662862225e-01
-1.000000000000000000e+00
-1.000000000000000000e+00
1.000000000000000000e+00
3.485789497348545929e-01
-1.000000000000000000e+00
1.000000000000000000e+00
-1.788971043244365067e-01
1.000000000000000000e+00
-1.000000000000000000e+00
-1.000000000000000000e+00
1.000000000000000000e+00
-5.804748698610646684e-01
-1.000000000000000000e+00
1.000000000000000000e+00
3.235495366837490838e-01
-1.000000000000000000e+00
1.000000000000000000e+00
-1.000000000000000000e+00
-1.000000000000000000e+00
1.000000000000000000e+00
-1.000000000000000000e+00
-1.000000000000000000e+00
-1.000000000000000000e+00
-1.000000000000000000e+00
4.448020165352910560e-01
1.000000000000000000e+00
-1.000000000000000000e+00
1.000000000000000000e+00
1.000000000000000000e+00
-1.000000000000000000e+00
1.000000000000000000e+00
1.000000000000000000e+00
1.000000000000000000e+00
-1.000000000000000000e+00
1.000000000000000000e+00
-1.000000000000000000e+00
1.000000000000000000e+00
1.000000000000000000e+00
-7.387523031546189278e-01
1.000000000000000000e+00
1.000000000000000000e+00
1.000000000000000000e+00
-1.000000000000000000e+00
-2.456087561743150460e-01
-2.946504833993641714e-01
1.000000000000000000e+00
-1.000000000000000000e+00
8.281944880700118361e-01
1.000000000000000000e+00
-2.397723508275357851e-01
1.000000000000000000e+00
-1.000000000000000000e+00
-1.000000000000000000e+00
-1.000000000000000000e+00
5.174228821219551966e-01
-1.512340551745528505e-01
-1.000000000000000000e+00
-1.000000000000000000e+00
-9.816392128426730812e-01
1.000000000000000000e+00
1.000000000000000000e+00
-1.000000000000000000e+00
-1.000000000000000000e+00
7.357536606184675865e-01
-1.000000000000000000e+00
-4.911493884493711715e-01
-1.000000000000000000e+00
1.000000000000000000e+00
-1.000000000000000000e+00
-1.000000000000000000e+00
-1.019027844461594667e-01
1.000000000000000000e+00
7.600801468182351028e-01
7.383479234769652066e-02
1.000000000000000000e+00
-1.000000000000000000e+00
-8.137974949068447206e-01
6.331349864316158094e-01
-2.499099974458909301e-01
-1.596764959792674743e-01
6.875295133874952391e-01
3.184316873793783254e-01
-1.000000000000000000e+00
3.396994144165468854e-01
-1.000000000000000000e+00
1.000000000000000000e+00
-1.000000000000000000e+00
-1.000000000000000000e+00
-1.000000000000000000e+00
1.000000000000000000e+00
-1.000000000000000000e+00
-1.000000000000000000e+00
1.000000000000000000e+00
-1.000000000000000000e+00
1.000000000000000000e+00
1.000000000000000000e+00
-1.000000000000000000e+00
1.000000000000000000e+00
-1.000000000000000000e+00
9.334972416530755712e-01
-1.000000000000000000e+00
-7.192729355899007970e-02
1.000000000000000000e+00
9.690068751907392475e-01
4.554267344563565079e-01
3.291123452529344240e-01
-1.000000000000000000e+00
-1.000000000000000000e+00
-1.000000000000000000e+00
-3.640740260290092900e-01
-1.502571809537034397e-02
1.470875583012974941e-01
-1.000000000000000000e+00
1.000000000000000000e+00
-7.293732618377447574e-01
1.000000000000000000e+00
-2.502295716859062047e-01
-1.000000000000000000e+00
-1.000000000000000000e+00
