1.285005376716180647e-02
4.300776267571413403e-01
-1.000000000000000000e+00
1.000000000000000000e+00
1.000000000000000000e+00
1.000000000000000000e+00
1.000000000000000000e+00
-1.000000000000000000e+00
-3.314404604781815422e-01
-7.680351370338449613e-01
-8.376600283541406622e-01
1.000000000000000000e+00
1.000000000000000000e+00
4.057414312518581312e-01
-5.916806441374469205e-01
6.966097178714145688e-01
-1.000000000000000000e+00
1.000000000000000000e+00
-1.000000000000000000e+00
-8.384766241892634975e-01
-2.955842282998228931e-01
7.243408809980600438e-02
-5.341954292479713651e-01
9.043776933658207451e-01
-7.032371704514109312e-02
-2.565320691924573016e-01
-4.668712013865004007e-01
7.251837647029619749e-01
-2.716955677371554745e-01
-8.105804856825529203e-01
-1.000000000000000000e+00
-1.000000000000000000e+00
4.310031196895827144e-01
1.000000000000000000e+00
-3.523937711078131141e-01
-4.009922395419152075e-02
-3.126505979159506232e-01
7.824120986951088597e-02
-3.819994360332106265e-01
-1.000000000000000000e+00
-1.641842223308425108e-01
-3.392100676974002527e-01
-1.000000000000000000e+00
-3.732812463426831151e-01
1.000000000000000000e+00
-2.037303496460407537e-02
9.446372331170788117e-01
-1.000000000000000000e+00
-5.188843637797124764e-01
-1.216497217378009754e-01
6.937260584740880809e-01
-1.000000000000000000e+00
8.622609152103329899e-01
1.390284538522021385e-01
6.953269261013708125e-01
1.000000000000000000e+00
6.749748851302079800e-01
-1.000000000000000000e+00
4.695541312501382292e-01
-7.981517962408191114e-02
2.378741495607408218e-01
-3.639135360309726508e-01
2.256701030505675054e-01
7.789888077208445560e-01
2.506584397713562673e-02
-1.000000000000000000e+00
5.704483450379000953e-01
-3.537756430511644901e-01
8.566540161491494887e-01
1.000000000000000000e+00
3.114825068080431247e-01
-1.602154285296102931e-01
2.118675229203090815e-01
-4.742573543724382112e-01
-5.452589952717545874e-02
-2.332439772470680239e-01
-3.579879840183639583e-01
-4.242308494190007995e-01
6.129617850267010670e-02
9.514146939201300057e-01
-3.086612878132758420e-01
1.000000000000000000e+00
5.530791178222741467e-01
1.000000000000000000e+00
3.747638624440723931e-01
-5.781832775848396722e-01
1.387278840729520013e-01
-1.000000000000000000e+00
-1.000000000000000000e+00
1.000000000000000000e+00
-3.970668617681361034e-02
1.968652947012538568e-01
5.991365490752056377e-01
-2.140586790394236605e-01
-9.564726874395006462e-01
-1.810138433459637652e-01
1.000000000000000000e+00
-9.863213402104205052e-01
1.028297291417856751e-01
1.000000000000000000e+00
-5.264330905581475761e-01
2.914454370844106190e-01
-1.000000000000000000e+00
6.979898031786520018e-01
4.648881482534410470e-01
-2.834748488678464629e-01
-2.069053325223868534e-02
1.000000000000000000e+00
-1.288588223972402247e-01
1.000000000000000000e+00
-1.000000000000000000e+00
-1.000000000000000000e+00
6.291263117610090827e-01
4.544588048293012328e-01
1.947901921526716817e-01
3.133068801764322675e-01
-1.000000000000000000e+00
1.898289357839300084e-02
1.000000000000000000e+00
8.960121713316562264e-01
-7.612196051938162622e-01
-8.890734530125654622e-01
6.171271963129114635e-01
8.432399705409865387e-01
-1.000000000000000000e+00
-1.000000000000000000e+00
3.501477255394449539e-01
1.000000000000000000e+00
2.521473257669825663e-01
1.000000000000000000e+00
-8.765243160307250037e-01
4.786381794457219563e-01
3.082570177695205249e-01
-5.464055148753983460e-01
-1.211091185708133011e-01
9.227683470688163858e-01
-6.608481807313631995e-01
-1.000000000000000000e+00
7.305077671072095491e-01
-2.431644257133040998e-01
-1.375754999754181807e-01
6.907868985981637788e-01
-9.268085474194520668e-02
1.000000000000000000e+00
-7.097050646869781376e-01
-1.000000000000000000e+00
2.927887046952171168e-01
-3.250936747470127841e-01
1.954733447105645450e-01
3.306225138238203520e-01
7.471082312162076189e-01
-3.745982990611613772e-01
-8.256539256608126376e-01
1.139484290750059081e-01
-6.875869762089632520e-01
6.240854460241602730e-01
-9.376338265679522443e-01
8.233707082947647748e-01
6.300890598204569315e-01
4.898060780472076603e-01
-3.111982469601785040e-01
-1.000000000000000000e+00
6.333961199645639084e-01
1.000000000000000000e+00
-3.429577678975102017e-01
7.798936632336457286e-01
-2.804287689912108306e-01
2.586091444766043246e-01
-1.201522278446545688e-01
-4.980304102665694121e-01
-1.303512740941938919e-01
-2.577048245047364183e-02
-2.858886002770009149e-01
1.990894165513140135e-01
-1.000000000000000000e+00
1.000000000000000000e+00
-1.000000000000000000e+00
3.013237292372572540e-02
6.039315850514718198e-01
-4.120970261961010017e-01
8.661277081241187670e-01
4.383924124302437941e-01
-6.815884561315646017e-01
-6.097775068241555463e-01
-7.549072620260677269e-02
1.000000000000000000e+00
-7.398908021003534063e-01
5.061016941821685489e-01
-7.878835769735944572e-01
4.450501930147865437e-01
-1.000000000000000000e+00
3.184414624018216955e-01
-8.687138055905527789e-01
-3.959849670008355194e-01
6.472040884321637044e-01
-5.672101202435726464e-01
9.807555751529237753e-01
-8.949054418074171569e-01
-5.655531929169865801e-02
-7.297087717290946518e-01
-7.934033898506400728e-01
3.838290095139842983e-01
-1.000000000000000000e+00
5.619989439650454610e-01
-7.877228798829016831e-01
5.786768147588783329e-02
-9.463319105127845354e-01
-1.000000000000000000e+00
-5.653673512982406724e-01
4.398044298263084628e-01
-5.596060610479285380e-01
2.950587079787589939e-01
1.081648033624084682e-01
-1.000000000000000000e+00
-1.502234929012009612e-01
-7.973307671915430550e-01
-4.143329339807384493e-01
-2.805249893696515340e-01
-1.000000000000000000e+00
-1.811197715624913718e-01
-9.288197006140286316e-01
6.522831022545861890e-01
4.791907610835117737e-01
7.820510578447514849e-01
-8.816526949389189571e-01
1.000000000000000000e+00
1.778589619067771910e-01
1.000000000000000000e+00
4.312762935754832494e-01
7.287837718413106014e-01
-1.000000000000000000e+00
-1.000000000000000000e+00
-5.543906722294460465e-01
1.000000000000000000e+00
8.445764806027864502e-01
5.225184335016743731e-01
-9.755216785357685438e-01
1.000000000000000000e+00
-5.898134455737469306e-01
-6.322057413437645046e-01
-8.272282352268858219e-01
1.000000000000000000e+00
5.390351916301003854e-01
3.353933371228445814e-02
1.000000000000000000e+00
1.000000000000000000e+00
7.838327172128298770e-01
5.439989614939171325e-01
1.000000000000000000e+00
1.153148518929691946e-02
-7.561983071006861401e-03
5.179749360614918086e-01
6.615940537276234767e-01
9.695459762297571338e-01
-1.000000000000000000e+00
7.365946481151957048e-01
4.393074179750540154e-01
-6.713856529496515790e-01
-9.348576661630711437e-02
1.000000000000000000e+00
-5.900904219237905757e-01
-1.000000000000000000e+00
1.000000000000000000e+00
1.000000000000000000e+00
-6.324966252062069749e-01
