-1.457232750359087614e-01
1.260219978429490961e-01
7.036054586765814189e-01
6.630437288878621160e-02
1.655811147606252032e-01
2.530803248561936947e-01
-4.905448345173613056e-01
5.414576438667129121e-01
-9.937486831066673076e-01
-3.478052567632159420e-01
9.925205783788637603e-03
2.038012279252581216e-01
9.013642313552292507e-01
-2.803222674580547746e-01
-6.928100933288972030e-01
-5.758495227447137932e-01
-3.821322590262552499e-01
2.856137583875424379e-01
2.706106892568294064e-01
6.847548949183506206e-01
-4.152540457383093742e-01
-7.115619236099186562e-01
-4.493617718454157028e-02
-1.513924958569901058e-02
8.592902170943270690e-01
-1.229680730939168853e-01
-7.429393094466856251e-01
-1.259959109041091097e-01
-2.019452962837757770e-01
4.903620160808670470e-01
-5.407016547351708446e-01
-4.134284834805117548e-01
-1.072361664337133647e-01
-9.202120519446668201e-01
-8.255682562136386071e-01
9.372137071646471362e-01
3.456915079542819402e-01
-8.547893579192082925e-01
-7.642749447618228942e-01
6.192564925313528423e-01
8.753221758605269631e-01
-5.365656768586530845e-01
-1.010400346381965520e-01
-1.741664986941795501e-01
-7.287135455963724695e-01
-4.820485547052777431e-01
8.911368998094868488e-01
2.421667584735711642e-01
3.800236483886794137e-01
7.057693067633152850e-03
4.739151587645746844e-01
4.746260231652106309e-01
-3.495676063585262394e-01
4.257934853269762510e-01
2.742432545609843064e-01
1.200968543197356020e-02
3.637301736348461656e-01
3.859744152665129935e-01
2.793863442199686631e-01
-2.198997813774246080e-01
9.562126694620667333e-01
2.317553740184441491e-01
9.572591855738774580e-01
9.734282795582871461e-01
-4.406775268279570223e-01
-6.439633137885683034e-01
5.856161478714838609e-02
-8.334723527551624045e-01
1.576025007276988799e-01
7.538279984050413329e-01
-1.431031795181525457e-01
2.625276421984967801e-01
1.757751350576968186e-01
-1.285014925474816661e-01
3.667556222410628397e-01
9.622450656186769535e-01
6.278192849606296644e-01
-3.097562849365025350e-01
-2.628754391325283102e-02
4.834180899386377739e-01
-3.926316586536477971e-01
-6.422497138495262270e-01
9.141127050173749602e-01
-4.154226715714306462e-01
-8.559501372238000894e-01
-8.575335255733007589e-01
2.638812467852937882e-01
-3.111171830989707399e-01
-5.573008337896647735e-01
-6.559229341158328008e-01
-5.648661716603589067e-01
-7.542072159744990234e-01
4.652680103753945584e-01
-5.596530329943607551e-01
-8.353682305954635012e-02
6.414174948150603850e-01
-1.839501295667080871e-01
5.286518515517983907e-01
-8.416008832670214268e-01
-1.716388032560338672e-01
6.854621606925543897e-01
-1.945924964071894525e-01
-4.864303563335616865e-01
-2.613815228922338196e-01
-5.069101562069728839e-01
6.573614391183226768e-01
-2.689987983029862306e-01
9.879698686324711598e-01
1.118537122501721548e-01
3.702234953563596775e-01
-7.716678406900381315e-01
6.609470442001257329e-01
7.331598087869570790e-01
-6.902759382649397146e-01
-4.710575782583961146e-01
-2.111893822615904526e-01
-9.785720999835516576e-01
-1.256794885753675928e-01
-2.345756051370120332e-01
-2.579041427915154117e-01
6.199073654189213300e-01
6.522625271633004651e-01
-8.847156051247282438e-01
2.780018284363028336e-01
2.324156743869336683e-01
-7.622961536260113302e-01
7.360328479075681773e-01
-4.429231741631278751e-01
-5.099052931241339071e-01
9.296998838942638343e-01
5.422711110887681318e-01
4.391444230506169610e-02
-9.008897261317809768e-01
1.790940064107693352e-01
7.854085602278477740e-01
-7.090565652422975429e-01
8.592624935069603787e-01
-5.285634806121328744e-01
7.612344094841272391e-01
-5.372738865511734740e-01
-8.753426052811148494e-01
-6.124123477271736782e-02
-4.818398496059519420e-01
-5.249009979784089452e-01
4.245629631790279745e-01
8.056028689736374204e-01
2.792553058953981537e-01
-2.251934684735736880e-01
-3.139740134441395547e-01
6.790088189433769461e-01
2.020758217313962657e-01
-5.742034096121513276e-01
-9.494732326972687986e-02
7.071014107152824302e-01
7.256719734705527891e-01
8.674048451110289992e-01
-6.728868793093822909e-02
-6.681445886545807067e-01
1.373312539963102985e-01
-7.430864335361668793e-01
-3.813750071569481648e-01
-7.482269744862850569e-01
-9.040253912820852555e-01
7.139978535702495854e-02
9.911047014633056484e-01
6.082322282693417570e-01
-2.415435149005744631e-01
-5.444045686672802642e-01
-8.723239473994250925e-01
-6.211527463980663910e-01
-6.894579959905331457e-01
-8.033669154933831269e-01
-2.571516808898297590e-01
1.014737435787504971e-01
-9.604637299135856399e-01
-2.134236593886165156e-01
1.491870227562144269e-01
-4.745781383378193663e-01
3.910270790601133584e-01
-6.943095295820858048e-01
9.604891741913781367e-01
-5.196223850607188943e-01
-8.284609649739425041e-01
-6.142271739956470800e-01
9.151851120996286060e-01
3.853902888400422277e-01
-8.056971749654053827e-01
-5.844025644698187527e-01
9.564547896822095385e-01
5.112141752913188508e-01
-1.413496040905999340e-01
8.127894536844719742e-01
3.157888556414001346e-01
4.495230910716454531e-01
-8.855766974506085187e-01
-7.453113783931335501e-01
7.538698359601467835e-01
-1.364741183126081392e-01
-5.561876567990340359e-01
-4.505598825774725924e-04
-9.590230424351740002e-01
5.979809812402712144e-01
-5.513810378404859769e-02
-9.101649411956316271e-01
-5.015909763359291951e-01
7.548982850776366771e-01
8.224434814830667850e-01
2.560763990695047454e-02
3.502928982465065566e-01
9.825951924650759839e-01
-9.698012442275381062e-01
3.486135382533457339e-01
-4.925292054937302488e-01
7.200236129593462486e-02
9.593312805818399180e-01
-4.817753486568319143e-01
-8.079686524491516142e-01
-6.860682059101019803e-01
-4.086153390075126790e-01
2.224988882492342501e-01
2.714638254474566192e-01
3.263151902067835675e-01
6.777507878857813584e-01
-3.481011314860675832e-01
2.084072425229073211e-01
1.727005961325631667e-01
4.529368037107286415e-01
-8.268236867357625641e-01
6.159030438265495899e-01
1.964567165061619214e-01
-8.014798150363116047e-01
-9.262649889205114562e-01
-3.693047668235183156e-01
-2.460259755042346619e-01
8.538016354660626916e-01
7.528153141475846244e-01
-6.162616136773364506e-01
-8.259230964924100249e-01
8.175904964034350630e-01
-6.104444512977496018e-01
-2.613180811163795525e-01
2.238090322936756582e-01
-9.533584969996784508e-01
7.697552923972628136e-02
2.960482359900022953e-01
9.727791151912859036e-01
1.366102070868047136e-02
-3.099376399397841819e-01
3.423492271367611917e-01
3.094398918291907385e-01
-1.186496353580110963e-01
1.024601086601562017e-02
7.924915292786138821e-02
-9.102109154663184931e-01
6.490519828261633872e-01
-5.082809464347530781e-01
-9.798325936917091639e-01
7.042432016035327091e-01
8.495377199597746731e-01
-5.111593796290212488e-01
-5.054646088239718171e-01
-1.921421667245395426e-01
-1.585365351095771036e-01
6.055346404163826080e-01
8.459298863757662712e-01
