-1.000000000000000000e+00
-1.000000000000000000e+00
6.243867251674437568e-01
1.000000000000000000e+00
-2.605351962360895612e-01
1.478729554204023522e-01
1.000000000000000000e+00
-4.500845820531513830e-01
-1.000000000000000000e+00
-1.638451141093240082e-01
-1.000000000000000000e+00
-5.205438009321732284e-01
-1.000000000000000000e+00
-9.664789228472642213e-01
-7.516163282150969405e-01
1.000000000000000000e+00
1.000000000000000000e+00
-1.000000000000000000e+00
-1.000000000000000000e+00
1.000000000000000000e+00
-1.000000000000000000e+00
-1.000000000000000000e+00
3.568049907801530973e-01
-6.542337104864106578e-01
1.000000000000000000e+00
1.000000000000000000e+00
-1.000000000000000000e+00
1.000000000000000000e+00
-1.000000000000000000e+00
1.000000000000000000e+00
-1.304433374242772725e-01
-1.000000000000000000e+00
1.000000000000000000e+00
-1.000000000000000000e+00
2.828617268897744563e-01
8.242851902929524410e-01
4.357714296241667062e-01
1.000000000000000000e+00
1.000000000000000000e+00
-1.000000000000000000e+00
-1.000000000000000000e+00
1.000000000000000000e+00
-4.479625190935511148e-01
1.000000000000000000e+00
-1.000000000000000000e+00
1.000000000000000000e+00
-8.190260239934422648e-01
5.772925772027253100e-01
-3.211787588993888498e-01
1.000000000000000000e+00
-1.000000000000000000e+00
1.000000000000000000e+00
-1.266502097597644039e-01
1.000000000000000000e+00
1.000000000000000000e+00
1.000000000000000000e+00
-1.000000000000000000e+00
1.000000000000000000e+00
1.000000000000000000e+00
2.275749469023847227e-01
2.176435448620069879e-01
-9.912090726908114879e-01
-1.000000000000000000e+00
-1.000000000000000000e+00
1.000000000000000000e+00
1.000000000000000000e+00
-1.000000000000000000e+00
-4.858656416378659415e-02
-1.404928248316666961e-01
1.000000000000000000e+00
1.000000000000000000e+00
3.009684628453084265e-01
-1.000000000000000000e+00
1.000000000000000000e+00
6.607704848874362824e-02
-1.000000000000000000e+00
-1.000000000000000000e+00
-5.619501935445320173e-01
7.916823157324979210e-01
-1.000000000000000000e+00
-1.069190323968575718e-01
4.932758079191767453e-01
-1.000000000000000000e+00
2.821382970255641442e-01
1.000000000000000000e+00
1.000000000000000000e+00
1.000000000000000000e+00
1.000000000000000000e+00
-3.776738768052623207e-02
6.677401165939335081e-01
1.000000000000000000e+00
-1.000000000000000000e+00
-1.000000000000000000e+00
-1.000000000000000000e+00
-1.000000000000000000e+00
-3.729702732499650675e-01
-1.000000000000000000e+00
9.584880725896919307e-01
8.465948996932670667e-02
-1.000000000000000000e+00
-1.000000000000000000e+00
4.248797204473543365e-01
6.949530522611850891e-01
-8.185128647008769187e-01
8.388365204595105151e-02
-1.000000000000000000e+00
-6.274088261921446641e-01
1.000000000000000000e+00
-1.000000000000000000e+00
-3.725268819939787646e-01
1.000000000000000000e+00
-1.000000000000000000e+00
-1.000000000000000000e+00
-1.000000000000000000e+00
1.000000000000000000e+00
-1.000000000000000000e+00
7.610034383321517826e-01
1.000000000000000000e+00
1.000000000000000000e+00
-1.000000000000000000e+00
-1.000000000000000000e+00
-1.000000000000000000e+00
1.000000000000000000e+00
-6.843952923505292052e-01
1.000000000000000000e+00
-1.000000000000000000e+00
3.312196946675289855e-01
-4.482139044896294999e-01
-1.000000000000000000e+00
-1.000000000000000000e+00
1.000000000000000000e+00
-7.501428552751067125e-01
1.155188740845261575e-01
-1.000000000000000000e+00
-9.484848818080399147e-01
1.000000000000000000e+00
-1.000000000000000000e+00
1.000000000000000000e+00
4.930683487836485801e-01
-1.000000000000000000e+00
1.000000000000000000e+00
1.000000000000000000e+00
-1.000000000000000000e+00
4.728272028427980000e-01
1.000000000000000000e+00
1.000000000000000000e+00
-1.000000000000000000e+00
-1.865121205839759266e-02
-1.000000000000000000e+00
1.000000000000000000e+00
-1.000000000000000000e+00
-7.481479814146683172e-01
-2.067595425694888078e-01
-2.980891482437127427e-01
1.000000000000000000e+00
1.000000000000000000e+00
-1.000000000000000000e+00
-9.357521694320604100e-01
1.000000000000000000e+00
-1.000000000000000000e+00
7.935451915703889414e-01
1.000000000000000000e+00
-6.853056520575615540e-01
-1.000000000000000000e+00
1.000000000000000000e+00
-1.000000000000000000e+00
1.000000000000000000e+00
4.738300911095151280e-01
1.306703513153841811e-01
-6.539701493142322519e-01
1.000000000000000000e+00
1.000000000000000000e+00
-1.000000000000000000e+00
4.607528971262231376e-01
1.000000000000000000e+00
2.906284823209732693e-01
1.000000000000000000e+00
-1.000000000000000000e+00
-8.942338100763087549e-01
-1.244836261877895200e-01
1.000000000000000000e+00
4.610894223617273413e-02
-1.769183880033597944e-01
-9.594239595288081013e-01
4.640549938998968504e-01
-9.457653650599355810e-01
-1.000000000000000000e+00
1.000000000000000000e+00
1.000000000000000000e+00
-7.470407050152418904e-01
7.051413808083120127e-01
-1.000000000000000000e+00
-8.207290020237819617e-01
1.000000000000000000e+00
1.000000000000000000e+00
-1.000000000000000000e+00
-1.953165957992636925e-01
-2.762442928208899140e-01
-1.000000000000000000e+00
-7.122047316575754738e-01
-1.000000000000000000e+00
1.000000000000000000e+00
-1.000000000000000000e+00
1.000000000000000000e+00
-1.000000000000000000e+00
-4.201720672103476106e-02
-8.265377606275232658e-01
3.722366040858902103e-01
-3.920290565254047621e-02
7.784013720467169994e-01
-1.000000000000000000e+00
1.000000000000000000e+00
-1.418539661283899633e-01
1.000000000000000000e+00
-7.938330582551591519e-01
1.000000000000000000e+00
-4.608379336586454489e-02
1.000000000000000000e+00
8.661705074743295540e-01
1.000000000000000000e+00
-3.971572083748258208e-01
-4.949564803033759119e-01
-1.000000000000000000e+00
6.658028783305180998e-01
1.000000000000000000e+00
-1.000000000000000000e+00
-3.986113963717783926e-01
-2.624880949748475967e-01
1.000000000000000000e+00
-4.548665060300933205e-01
-1.000000000000000000e+00
-7.698133047413442398e-01
2.788471393500451256e-01
-1.000000000000000000e+00
-1.000000000000000000e+00
-1.000000000000000000e+00
-5.333291090206278007e-01
1.000000000000000000e+00
-1.000000000000000000e+00
1.000000000000000000e+00
-1.000000000000000000e+00
4.067804204997688133e-01
-1.000000000000000000e+00
2.411987322219888985e-01
-1.310540493694409558e-01
-3.924762770975773751e-01
1.000000000000000000e+00
1.000000000000000000e+00
-1.000000000000000000e+00
-4.245207320315488309e-01
3.537221330841018307e-01
-1.000000000000000000e+00
-1.352028418596729065e-01
1.000000000000000000e+00
-2.790438226315327119e-01
-1.000000000000000000e+00
9.221857289541922631e-01
1.262381299075820973e-01
1.000000000000000000e+00
9.973530531151629797e-01
-7.377317997579896369e-01
-1.000000000000000000e+00
-1.000000000000000000e+00
-1.638145688067048356e-01
-6.774705570248910069e-01
