-4.670170372044006868e-01
1.000000000000000000e+00
-1.000000000000000000e+00
5.302519772672256160e-01
-1.000000000000000000e+00
-4.919066154919291556e-01
1.000000000000000000e+00
1.000000000000000000e+00
-9.782694392652760973e-01
1.000000000000000000e+00
-1.000000000000000000e+00
-1.000000000000000000e+00
1.000000000000000000e+00
1.000000000000000000e+00
1.000000000000000000e+00
3.046815922948989952e-01
-8.764278892565062762e-01
-1.000000000000000000e+00
-3.657549436689735423e-01
-1.000000000000000000e+00
-1.000000000000000000e+00
-1.000000000000000000e+00
2.448397939590184480e-01
-1.000000000000000000e+00
7.415606158185876762e-01
1.000000000000000000e+00
4.568537144730349664e-01
-8.142106211094901624e-01
-1.000000000000000000e+00
1.000000000000000000e+00
1.000000000000000000e+00
1.000000000000000000e+00
5.757064248555996411e-01
1.000000000000000000e+00
3.413317347607958130e-02
1.000000000000000000e+00
1.000000000000000000e+00
1.000000000000000000e+00
1.000000000000000000e+00
-1.831833126794382149e-01
-4.917133447124144574e-01
1.000000000000000000e+00
-1.000000000000000000e+00
-8.726164416309670768e-01
-1.000000000000000000e+00
-1.000000000000000000e+00
-7.462155323309817012e-01
1.000000000000000000e+00
7.220243129007312133e-01
6.419323799686373899e-01
-1.000000000000000000e+00
1.000000000000000000e+00
1.000000000000000000e+00
-1.000000000000000000e+00
1.000000000000000000e+00
-1.000000000000000000e+00
1.000000000000000000e+00
-1.000000000000000000e+00
4.299701553188175485e-01
1.000000000000000000e+00
-1.000000000000000000e+00
-1.000000000000000000e+00
5.004718780060033456e-01
-1.000000000000000000e+00
-1.000000000000000000e+00
1.000000000000000000e+00
5.890815213166704645e-01
9.099571619649756693e-01
-1.000000000000000000e+00
-1.000000000000000000e+00
1.000000000000000000e+00
9.703502037241430456e-01
-1.000000000000000000e+00
-1.000000000000000000e+00
-1.000000000000000000e+00
1.000000000000000000e+00
-1.000000000000000000e+00
-2.308219326064924193e-01
1.000000000000000000e+00
-9.657143040797790956e-01
1.000000000000000000e+00
-1.000000000000000000e+00
3.083720793705673202e-01
-1.000000000000000000e+00
-1.000000000000000000e+00
-1.000000000000000000e+00
1.000000000000000000e+00
-1.000000000000000000e+00
-1.000000000000000000e+00
-1.000000000000000000e+00
-1.000000000000000000e+00
8.304392591415898917e-01
7.463399491247191264e-03
1.483076058868278979e-01
1.000000000000000000e+00
7.880708316756350751e-01
1.000000000000000000e+00
-7.573181533734039128e-01
7.586429288679931160e-01
1.000000000000000000e+00
-3.527379911707958504e-01
1.000000000000000000e+00
-2.723925637147990297e-01
1.000000000000000000e+00
-1.000000000000000000e+00
-1.000000000000000000e+00
7.286365315106149154e-01
-1.277162017832575991e-01
1.000000000000000000e+00
-2.899337646042892125e-01
8.522317555278893231e-01
4.485492855392773093e-01
7.186032498894228127e-01
-1.000000000000000000e+00
-4.031657714050797536e-01
1.000000000000000000e+00
-6.463457003957345792e-01
-3.884628098323178458e-01
8.742186126420664616e-01
5.529707567869693863e-01
5.326723790662144520e-01
-1.000000000000000000e+00
1.000000000000000000e+00
1.000000000000000000e+00
5.490969175491386967e-01
-1.000000000000000000e+00
-1.000000000000000000e+00
-5.412956995638047442e-01
-6.991959539319425598e-02
5.618812763264693366e-01
1.000000000000000000e+00
1.000000000000000000e+00
7.376241136041106206e-01
-1.000000000000000000e+00
-6.858640335585616254e-01
-6.489993574433374768e-01
1.000000000000000000e+00
-1.000000000000000000e+00
-1.000000000000000000e+00
1.000000000000000000e+00
-4.444568722146783335e-01
-1.000000000000000000e+00
2.479897279790015119e-01
6.883548736401261525e-01
-1.000000000000000000e+00
1.000000000000000000e+00
1.000000000000000000e+00
-5.455329634578736098e-01
8.248084568865133859e-01
-1.000000000000000000e+00
-6.104146287074418975e-02
-1.000000000000000000e+00
-6.998067529388414254e-01
-1.000000000000000000e+00
-1.000000000000000000e+00
1.000000000000000000e+00
-1.000000000000000000e+00
-6.234870639095326794e-01
-2.511803196917021808e-01
1.000000000000000000e+00
3.031833007066555563e-01
-1.000000000000000000e+00
-1.546742692062318403e-01
-1.000000000000000000e+00
-1.000000000000000000e+00
-1.000000000000000000e+00
-1.272055318460343365e-01
9.133212158218756427e-01
-1.841658356811644026e-01
-9.512456434243873327e-01
-1.000000000000000000e+00
-1.000000000000000000e+00
1.000000000000000000e+00
3.878103737688912700e-01
-7.756997494623529832e-01
-4.816023683376509101e-01
3.366746147213415252e-01
5.773102791162827430e-01
7.946415330013728573e-02
1.000000000000000000e+00
-5.103840168222406604e-01
-4.154683735527044397e-01
3.980457356119697643e-01
1.000000000000000000e+00
-1.000000000000000000e+00
1.000000000000000000e+00
1.000000000000000000e+00
-1.000000000000000000e+00
1.000000000000000000e+00
9.938521887666815768e-01
7.836984875259852545e-01
-1.000000000000000000e+00
-1.000000000000000000e+00
-1.000000000000000000e+00
-6.546594616066078176e-01
1.000000000000000000e+00
1.000000000000000000e+00
1.000000000000000000e+00
1.000000000000000000e+00
-1.000000000000000000e+00
6.143109724469755228e-01
6.941617358692927509e-01
1.840868974733966823e-01
1.000000000000000000e+00
-1.000000000000000000e+00
1.000000000000000000e+00
4.708232690013759436e-01
-5.783095076606659113e-02
2.497994253149529165e-01
-6.920234954313474462e-01
1.080900905568091819e-01
-1.000000000000000000e+00
1.000000000000000000e+00
1.000000000000000000e+00
4.067608104184607387e-01
-2.050125957070066951e-01
-9.457522128250642757e-01
4.181376928041397600e-01
7.051952947703103991e-01
1.000000000000000000e+00
-1.000000000000000000e+00
1.000000000000000000e+00
-3.107564934317901262e-01
-1.000000000000000000e+00
1.000000000000000000e+00
-1.000000000000000000e+00
4.578785225654256885e-02
1.635146060147498748e-01
-7.069904506017388179e-01
4.876040569789338308e-01
-1.000000000000000000e+00
8.641391476828614859e-01
1.000000000000000000e+00
1.000000000000000000e+00
-1.000000000000000000e+00
-1.000000000000000000e+00
1.000000000000000000e+00
-1.000000000000000000e+00
1.000000000000000000e+00
-1.000000000000000000e+00
2.997942798950508081e-01
-1.000000000000000000e+00
-1.000000000000000000e+00
1.000000000000000000e+00
-1.000000000000000000e+00
-9.188063454485473347e-01
-9.387251603427700930e-01
1.000000000000000000e+00
7.049155807424396514e-01
9.254923704390944916e-01
-1.000000000000000000e+00
-4.465897576378948797e-01
2.505094231604200194e-01
-1.000000000000000000e+00
-1.435939355266080408e-01
-5.337074617710355628e-01
1.000000000000000000e+00
-1.000000000000000000e+00
-1.000000000000000000e+00
1.000000000000000000e+00
1.000000000000000000e+00
3.472122589009348781e-01
-9.424628500109004658e-01
1.000000000000000000e+00
1.000000000000000000e+00
