1.000000000000000000e+00
-1.000000000000000000e+00
1.000000000000000000e+00
-3.723421074798122232e-01
-1.000000000000000000e+00
9.335863958136161322e-01
1.000000000000000000e+00
-7.201495038205436572e-01
-4.272210731013844631e-01
-4.515960030604215802e-02
1.000000000000000000e+00
-1.000000000000000000e+00
-1.000000000000000000e+00
-1.000000000000000000e+00
-9.252705247264638722e-01
1.000000000000000000e+00
1.000000000000000000e+00
-1.000000000000000000e+00
5.128128972728398516e-01
1.000000000000000000e+00
-1.000000000000000000e+00
1.000000000000000000e+00
-1.000000000000000000e+00
1.000000000000000000e+00
7.902179473602650717e-01
1.000000000000000000e+00
1.000000000000000000e+00
3.076466796899097744e-01
-1.000000000000000000e+00
-9.627821242803018542e-01
-8.362294336886046953e-01
-2.644150531628697287e-01
1.000000000000000000e+00
1.000000000000000000e+00
-1.000000000000000000e+00
-1.000000000000000000e+00
2.787483442149671364e-01
7.358908571207878335e-02
-1.294698529166290468e-01
1.000000000000000000e+00
-4.182753160759183908e-01
1.000000000000000000e+00
-1.000000000000000000e+00
-1.000000000000000000e+00
-7.862208558604766306e-01
9.878710205738481243e-01
8.231466578135591128e-01
7.534532649980463237e-01
-1.000000000000000000e+00
-2.891549271013424960e-01
-1.000000000000000000e+00
-1.000000000000000000e+00
-7.295322057097868296e-01
7.557385581586375523e-01
-2.414418408183416354e-02
-3.038728078986254744e-01
1.681022699955431188e-01
-4.786528754655652307e-01
-4.550823901161570317e-01
1.000000000000000000e+00
1.000000000000000000e+00
1.000000000000000000e+00
3.609347595272428544e-01
-1.000000000000000000e+00
4.748464258749581779e-01
3.495313911036607157e-01
-1.000000000000000000e+00
1.000000000000000000e+00
-1.000000000000000000e+00
-1.000000000000000000e+00
-1.000000000000000000e+00
-4.305116665811015153e-03
-4.779445528348195138e-01
6.222635016823070409e-01
-5.610488140030323034e-01
-3.867947378437336381e-01
4.407488179256484617e-01
-1.000000000000000000e+00
-1.000000000000000000e+00
1.000000000000000000e+00
3.186911541879012821e-01
-1.480891193255999272e-01
8.361615771820423149e-01
3.054167622295625995e-01
6.175663092451707525e-01
-1.000000000000000000e+00
1.000000000000000000e+00
-1.000000000000000000e+00
-1.000000000000000000e+00
-1.000000000000000000e+00
-5.290630040384475263e-01
1.000000000000000000e+00
-5.897035934806674762e-01
2.312516920886291683e-01
1.606159032339600223e-01
-1.000000000000000000e+00
4.081234437385905522e-01
1.000000000000000000e+00
1.000000000000000000e+00
1.000000000000000000e+00
-7.671001247392328359e-01
-1.000000000000000000e+00
-1.000000000000000000e+00
1.096998156917305955e-02
-1.000000000000000000e+00
-1.000000000000000000e+00
-1.611563878462997090e-01
-1.000000000000000000e+00
-3.406956016899660433e-01
-9.785443859486522289e-01
1.000000000000000000e+00
-1.000000000000000000e+00
-1.740351595570203691e-01
-1.000000000000000000e+00
1.000000000000000000e+00
-5.117009163460769505e-01
1.000000000000000000e+00
-3.625361138851841414e-01
-1.000000000000000000e+00
-2.861882342247404898e-01
-1.774015665049799573e-01
1.000000000000000000e+00
-1.000000000000000000e+00
4.796600055176769573e-01
1.000000000000000000e+00
1.213748227008343283e-01
1.000000000000000000e+00
-1.000000000000000000e+00
1.000000000000000000e+00
1.000000000000000000e+00
-1.000000000000000000e+00
6.773182971572739852e-01
-1.000000000000000000e+00
3.282672346357440318e-01
1.000000000000000000e+00
4.169751486060868650e-01
-8.069564597282607998e-01
-1.000000000000000000e+00
-8.505713834279786667e-01
-1.000000000000000000e+00
-2.161955921917995127e-01
-9.617773083484756347e-01
6.454991598370631856e-01
-1.000000000000000000e+00
1.000000000000000000e+00
1.000000000000000000e+00
-1.000000000000000000e+00
9.313196079759074042e-01
1.000000000000000000e+00
-8.800695284857009693e-01
1.000000000000000000e+00
8.344250327514008969e-01
-1.000000000000000000e+00
6.547969446875676613e-01
-6.063993816319435126e-01
7.796352930364623957e-01
9.260596211668472577e-01
-1.000000000000000000e+00
2.192573772541434041e-01
-6.478245817325556377e-01
7.607243632100878505e-01
-1.000000000000000000e+00
-1.000000000000000000e+00
-7.206656343778700125e-01
2.516353028036424910e-01
1.000000000000000000e+00
2.566715988317329611e-01
-9.577879320070745717e-01
8.994193268401433627e-01
-1.718688978080240570e-02
-1.000000000000000000e+00
-2.286727099120312579e-01
-6.923231332666436311e-01
-1.000000000000000000e+00
-4.485614578227261062e-01
1.000000000000000000e+00
2.737246952751493101e-01
1.000000000000000000e+00
3.582170573937959457e-02
1.000000000000000000e+00
-7.940367108810816310e-01
-1.000000000000000000e+00
1.847523998004811374e-01
-6.545654036649609653e-01
1.000000000000000000e+00
-1.000000000000000000e+00
1.000000000000000000e+00
-2.536423302555894654e-01
9.449116974357139043e-01
-3.250270932126064771e-01
-1.119078262078085917e-01
-1.000000000000000000e+00
1.000000000000000000e+00
-1.000000000000000000e+00
4.922312271260167460e-01
-1.000000000000000000e+00
1.000000000000000000e+00
1.000000000000000000e+00
-7.610302848154176791e-01
-1.000000000000000000e+00
1.000000000000000000e+00
-9.652453225071406795e-01
2.714549482707059314e-01
9.445331115898855101e-01
-1.000000000000000000e+00
1.000000000000000000e+00
-9.397200607028259878e-01
-1.000000000000000000e+00
-9.494433179456667204e-01
2.195777546479460440e-01
5.164368759818699361e-01
1.000000000000000000e+00
1.000000000000000000e+00
-3.615747176691723741e-01
1.000000000000000000e+00
-9.043039328337028060e-01
1.000000000000000000e+00
1.000000000000000000e+00
7.539144845694185637e-01
-7.213889410944465119e-01
-7.978920848479013062e-01
5.149904578136741407e-01
-1.000000000000000000e+00
-7.439851965005817025e-01
7.696650739177255396e-01
-8.823534712914077316e-01
1.000000000000000000e+00
1.000000000000000000e+00
-1.000000000000000000e+00
7.612905346426429576e-01
-1.000000000000000000e+00
-4.785225185131737335e-01
-1.000000000000000000e+00
-1.000000000000000000e+00
7.001559905225409608e-01
-1.000000000000000000e+00
1.000000000000000000e+00
6.298430865298907388e-01
1.000000000000000000e+00
5.077587084188878164e-01
1.000000000000000000e+00
-1.000000000000000000e+00
-1.000000000000000000e+00
-1.300058487129894802e-01
1.000000000000000000e+00
-1.000000000000000000e+00
-1.639521454657100197e-01
7.183481582189572556e-01
3.561535402802504802e-01
-1.207814147110118641e-01
7.856509367403571309e-01
-6.802021329858818355e-01
-8.404750935989345750e-01
1.000000000000000000e+00
-8.484438995830900776e-01
1.000000000000000000e+00
-1.000000000000000000e+00
1.000000000000000000e+00
1.000000000000000000e+00
-8.568106652506731757e-01
9.490441454714950709e-01
-1.000000000000000000e+00
4.001259000123895682e-01
4.713369224285393067e-01
-1.000000000000000000e+00
