2.884474448676610514e-02
-8.596453824811003397e-01
8.558751755040225895e-01
-8.821813629724652994e-01
2.630539695483991025e-01
-4.772006711679046553e-01
-9.583903418562613741e-01
-5.023924310200564847e-01
-2.150459013294203636e-02
6.618045094900550929e-01
1.899779680687905259e-01
8.540905103072229387e-01
2.320568293631182222e-01
-7.061665775832051128e-01
-6.737257510599135024e-01
-1.620282954419838273e-01
6.529644558334561921e-01
4.825438686108289854e-01
2.914091884293306123e-01
4.329750458558883075e-01
9.137899695416673573e-02
-8.739533508219357039e-01
9.731399324620839675e-01
-3.261524055215498930e-01
-6.152694984286748436e-01
-1.428587283818292253e-01
-4.528471493973040829e-02
6.315569226285999704e-02
9.817229416781267926e-01
-1.535243799107526286e-01
-9.421289693625296557e-01
-8.611969981274869568e-01
-5.490451433944254500e-01
-4.351498340320718583e-01
-2.595924749096163442e-01
-5.508356934653129144e-01
-8.534636690044861140e-02
9.756472664165352082e-01
1.390930724548007369e-01
-7.710898063490583265e-01
-1.603808292091244425e-01
1.238580499683088476e-01
6.481098452479963079e-01
6.720628339086665015e-01
-7.500195629877506320e-01
-3.229501661976668103e-01
8.838849533952206627e-01
-9.435288939295065624e-01
-1.510154690696676738e-01
1.103097548778715353e-01
6.548991067884106787e-01
6.194562464646791167e-01
-7.102044514899208405e-01
3.522428634743315357e-01
7.971830700842861273e-01
6.321317241215136384e-01
4.492364971386817452e-01
-7.218235872129283859e-01
-3.034663590220554319e-01
5.874463899726909411e-01
2.458147363684786146e-01
8.626926923982434214e-01
-2.937256381885056111e-01
-2.259387795587983749e-01
4.152855534049944009e-01
-1.684001483230239682e-01
6.258698935494853011e-01
-8.228710441725683999e-02
2.578428444177878198e-01
-7.025909181762755029e-01
7.355100655213124838e-01
8.834245174758088570e-01
-8.763236117856045837e-01
8.670150656614343809e-01
5.542661340440366846e-01
-4.910566248353931407e-01
-8.818525652787116975e-01
-5.383407323411109058e-01
-2.504828860757626341e-01
3.827730128213784333e-01
7.595984767282022432e-01
-1.655781831998111020e-01
7.481057474353225434e-01
-2.760699010072262816e-01
4.629425370347721724e-01
-8.617157295649424675e-01
-6.364239230761754573e-01
-8.984675812541931261e-01
-6.810920295400331170e-01
8.431032607679769253e-01
-3.287308226304741510e-02
-8.586450921312795970e-01
-4.524272017749277897e-01
3.946247126706849961e-01
-5.338821477593225229e-01
9.563095389517499711e-01
-6.434289851050551956e-01
4.576366634335549133e-01
-2.443454065604533376e-02
1.270945807927013060e-01
9.940912451078132150e-01
4.492511185133551965e-01
-1.116082993722404826e-01
-8.269083198002569191e-03
8.122604925474949944e-01
9.182849421319061456e-01
3.964997090579664984e-01
6.388205208083195252e-01
-9.753520507112800608e-02
6.582485113573797175e-01
-7.415396069977333582e-01
-4.049315818882639473e-01
-8.392981983497240783e-01
-5.668136422560956511e-01
-3.000653863586750791e-01
-7.944047572230625853e-01
4.828319270841361366e-01
3.363894959071989099e-02
-9.556140738028140458e-01
4.841828896047652986e-01
-5.229913571262736482e-01
5.584665556644674567e-01
7.748647157756598514e-01
8.876742779238178116e-01
4.293569438706792418e-01
-8.954309952564631914e-03
-2.934201935274505235e-01
-7.281622687132485172e-01
-1.451233907973825676e-01
6.866686095460245998e-01
9.264405873924090873e-01
-8.004800035450012619e-01
-4.540396642254191928e-01
1.151973958915271101e-01
9.670284774556940910e-01
-4.499642669175267784e-01
2.566768555181304645e-01
-2.162051851415984771e-01
-8.074498233025366734e-01
5.376512579940799785e-01
-6.768641070872538634e-01
6.108709495227382380e-01
2.009520322932130121e-01
-1.530939277640330776e-01
-7.577100222691575127e-01
-5.492528558578610998e-01
6.174594471055778744e-01
-7.222000820326697212e-01
-9.470610292931898044e-01
2.264652809510114828e-02
6.169076497096830369e-01
1.626654799009408237e-01
-6.661347614670676265e-01
-2.565038052263455270e-01
5.029233598387079507e-01
-9.754145349644436358e-01
3.262122977000687651e-01
9.467976717513322260e-01
3.966164234029749824e-01
9.715255251469432363e-01
2.372333170232605593e-01
-7.665460699412278700e-01
-2.533465325199262264e-01
1.961121196750692519e-02
-5.221043917699630388e-01
-6.242653841728285080e-02
4.872605971990653373e-01
8.438774830520752168e-01
8.485739286996918374e-02
2.238854029021468683e-01
-7.394175702384495619e-01
-4.017595701656040408e-01
-7.705905313968881565e-01
2.947442946771450245e-01
-8.109166494290702687e-01
-1.271512495634303797e-01
4.892134551730757952e-01
-4.668181281476213584e-02
-2.686164106413158059e-02
5.727174028841182096e-01
8.691759752961583096e-01
6.566720376867294373e-01
-3.629734282721763794e-01
8.441087261165047817e-01
-3.887438060706476239e-01
7.646576203373123271e-02
-7.128825871676562898e-01
3.070964076643014629e-01
8.146467627940756628e-01
-2.663239415655309639e-01
8.108074717578395152e-01
-5.723735400395597583e-01
-4.498077530675206326e-01
9.281120603465995433e-01
8.350563647302720049e-01
-4.183503161966577455e-01
-1.145438856889420265e-01
-9.181332614802393266e-01
6.689444279379750391e-01
2.063606638281845207e-01
8.318513544217580602e-01
5.880567848807010112e-01
4.777375968881170110e-02
-9.918125733439535630e-01
6.790859072707098321e-01
-7.645974745378325554e-01
-7.322085739839068186e-01
-2.455620634485689013e-01
-8.361199547701896329e-01
-3.474066642299191709e-01
-6.780741981176225952e-01
-3.966717379558080125e-01
3.610588064674669084e-01
-1.449296376685980103e-01
-7.680013791250999144e-01
-7.837561709048537217e-01
1.142597489097669783e-01
7.444564005785740957e-01
6.417197421471352303e-01
-9.710376968423037880e-01
-2.082619225657995621e-01
6.113385251415806021e-01
-6.045035203673163604e-01
8.821715483030485583e-01
5.316369765193387220e-01
2.589228262174940731e-01
1.690211411765947247e-01
2.121536844251867837e-01
-8.813795962659998207e-01
-9.680825550159326554e-01
-1.844470324218210333e-01
1.887726582332382996e-02
-9.985617965670194884e-01
8.202838869193795901e-02
-9.296206817034871062e-01
-8.139718394608823626e-01
-8.106934807167753831e-01
-7.807440957163453987e-01
-6.284745302164187475e-01
7.775875346127425480e-01
7.914179796786195986e-01
5.801507657426006048e-01
5.969310756136487761e-01
9.577010708810704820e-01
-4.755713609604230729e-01
3.872482083627637461e-01
6.187748644011727972e-01
7.736842782022650411e-01
-3.565295081790513798e-01
7.331297370058933449e-01
-3.104109114911013378e-02
1.588635089172465431e-01
8.047102635694147743e-01
-2.286962265684746587e-01
7.194402582416663527e-01
-1.432583528273296825e-01
6.142639664841971214e-01
8.147656762811354980e-01
-8.571802972477318150e-01
-7.075183932351691851e-02
2.570522126511409766e-02
-5.243213847132552896e-01
7.003760800639602380e-02
7.990087109101109419e-01
-3.728806061160976348e-01
