5.053415040107895884e-01
-5.674276372847120165e-02
-7.913512752412337203e-01
-1.459400682414724315e-01
-5.199742515133010112e-01
2.436992472774615059e-01
8.166937076590041755e-01
8.039457035166490684e-01
-4.369342675254035413e-01
-5.022464419588499318e-01
8.076508007164795444e-02
-6.143100296673147387e-01
-5.961121980640522455e-01
2.536714611409225384e-01
-8.432944069641614693e-01
-9.602972943726455490e-01
5.461106813347862410e-01
4.425784214741184108e-01
-2.084046001316655072e-01
-9.017090776240122008e-01
7.954902877524967497e-01
-3.965114777866609597e-01
-2.989062614400643803e-01
3.114856720639647136e-02
-1.702908123319017974e-01
-7.320177344217999593e-01
1.547411560479639014e-01
-3.704978016112687733e-01
-8.359891477148273520e-01
8.109482457061889527e-02
-5.183400267440929632e-02
-9.738905953456624687e-01
8.601544395648117458e-01
9.999049158925115144e-01
1.726251269004597244e-01
-1.632601686057071344e-01
1.887734739814028728e-01
-4.646230177237380410e-01
-9.140492013402135019e-01
7.258139646761674335e-01
2.720102618671396133e-01
4.311072425573914124e-02
6.177147700476051106e-01
-4.725081462281210953e-02
-3.713247440896725315e-01
-5.360857083259178424e-01
-8.543580566782993380e-02
-5.648465706296312838e-02
-1.381391179616708875e-01
2.349578313393385631e-01
-6.926918638129506700e-01
3.583178868510827897e-02
-7.565847140884185418e-01
8.642145499965376843e-01
-7.077871889058506838e-04
-5.652704511389157194e-01
5.488315321456418427e-01
-2.048995356731708739e-01
7.152610026776835550e-01
-7.642299319640570854e-01
-9.674437001281073201e-01
8.758719855145300492e-01
1.179543562119045319e-02
4.523015875846512213e-01
5.000824463032018663e-01
-4.867705653487486295e-01
9.607090075673900831e-01
-9.441091014248568225e-01
-4.025423066861304466e-01
-9.963550612935254680e-01
-3.009301298832844918e-01
-2.942564356117001179e-01
-4.075417536117482697e-01
9.379615855491809651e-01
-5.086537252777483253e-01
-7.470719755540120577e-01
1.455800560154869583e-01
9.387128242034368242e-01
1.786581894731882336e-01
6.719422705152588993e-01
1.764313466103548667e-01
1.921106784820563185e-01
-5.830773896455068162e-01
-5.210934729404594901e-01
4.314582408599434427e-01
-2.148355056484407832e-02
5.689809969476467000e-01
7.993307555544872933e-01
-4.273661172683780318e-01
4.760597721672521487e-02
-6.332255106275397338e-02
1.917932476465482594e-01
-6.617329687592861109e-01
-4.953990550070748178e-01
-1.390226292578577993e-01
4.490152855674522936e-01
-7.893119628725810966e-01
7.878736192464750321e-01
-6.207175528746544657e-01
-7.261781717655868551e-01
-4.285079123784767408e-01
-3.064562584719410232e-01
8.991915618692745138e-01
-5.492764304798229968e-01
-9.348939043854094244e-01
-3.766108622249080273e-01
3.472287610064748176e-01
8.744791307618702270e-01
-7.821167145027678735e-01
3.321872399425294109e-01
-3.267806850200074553e-01
-5.025105558900770930e-01
9.804696995025266038e-01
-9.501737626814474869e-01
-8.539887800778194205e-01
-9.490752480930944035e-01
9.783700448040089093e-02
-9.798866776055881189e-02
6.342792911039354387e-01
4.572374904643672355e-01
2.312436540502345039e-01
6.004284355676960949e-01
8.300868235130502981e-01
-9.545621897404397149e-01
8.675326435371719658e-01
-9.458558680666997454e-01
8.800997471959983720e-01
3.727943408110918622e-01
-4.331697097074551639e-01
-5.411964071305530588e-01
-6.476269899604774061e-01
-8.670966977093601535e-01
3.869272137143038304e-01
-5.316341601593126409e-01
7.407630959130193649e-01
2.106478963379883051e-01
6.381664505463480186e-01
-5.930804805298781623e-01
-9.592807222105661502e-01
-4.471276860257944463e-03
4.325950005604808357e-01
-2.317238078607597451e-02
5.540186847906709566e-01
3.638651105716073086e-01
2.342568555002741970e-01
8.231183395307983819e-01
2.543295408805865687e-01
-3.321920900748838168e-01
5.117374311325539882e-01
-2.945597075685808530e-01
-3.307867994314197535e-01
-2.189184576724663156e-01
-5.977541467100444539e-01
-3.583273213282875957e-01
1.126284292325541170e-01
2.549345589602098894e-01
-6.160712139106421237e-01
-7.000778604586477272e-01
4.963844082170441041e-01
6.831434396281896859e-01
-5.032423010924500506e-01
-6.041314458367776918e-01
-5.799151317855621990e-01
-4.051667532734617438e-01
-8.709815350937697431e-01
8.686953992884547393e-01
2.954110342287319391e-02
-1.524959533000114220e-02
-5.249963416025893448e-01
5.568434664562984526e-01
-3.274672122448678557e-01
-5.639087580674928546e-02
-9.402873073149875527e-01
-3.838838873852590261e-02
-3.312963736958394190e-01
9.749094162748210834e-01
-4.963838515228702342e-01
-3.236250875753672318e-01
-2.630756601608050804e-01
-4.419422892729856223e-01
7.989066643396176559e-01
8.912182249312095017e-02
4.118745870430580158e-01
1.365046954939308499e-01
-9.880667136336946932e-01
-5.624479647120657066e-01
1.543412282311027450e-01
-8.642016775519902883e-01
6.755474135832773008e-01
5.346222305268886199e-01
6.727306659121521371e-01
1.862026746270821764e-01
-1.309860894515213481e-02
-6.992098740928180955e-01
-4.529593475593536311e-01
2.873757730374879582e-01
-7.578461029311722719e-01
3.149592362993922645e-01
8.311237793645696037e-01
-3.394662399978787271e-02
-9.539151484785834967e-02
2.539372133047557156e-01
7.322908493427509047e-01
-1.387560158686460543e-01
7.731832340982647267e-02
-8.830399769793739750e-02
8.829005161146195046e-01
-3.823375629251586361e-01
3.953575741584014480e-01
-8.845446258144744611e-01
-3.630439883069542795e-01
7.195257954474132411e-02
-2.718750383037367158e-01
6.808076549257251475e-01
9.207427319098815399e-01
-1.451866117506681597e-01
-6.857683279670545584e-01
1.898112425703146755e-03
8.241663695412908552e-01
1.130328156856112987e-01
7.931579047751953215e-01
8.331188081644154142e-01
-1.114037479400538100e-01
9.922067626625719061e-01
-8.223642455413662233e-01
-1.061907515813682590e-01
3.978545962678918801e-01
1.973989445193036207e-01
-8.019246303815936727e-01
-6.211449065172167661e-01
5.596940828196257378e-01
-8.128566422205429909e-01
6.022156638027338360e-01
9.443702215146696499e-01
3.541806381074579235e-01
-6.965590547384552522e-01
3.886466035581372935e-01
9.704334604513016327e-01
-2.745217538033783988e-01
2.689794345014309140e-01
-9.094853318087920968e-01
1.228015351715272541e-01
3.289083299993982301e-01
-9.718183884704389985e-01
-3.731050789042751337e-01
-4.166014136424887049e-01
-3.322384985668538349e-01
9.049064243516395933e-01
1.377544078416803597e-01
-2.937844350120535353e-01
9.186863763539603323e-01
-7.990111154150811856e-01
-3.967372443825623041e-01
-1.779758073958426223e-01
-5.940877811463820546e-01
-3.729435207374642847e-01
8.516734992914507529e-01
3.983543575744989962e-01
6.210954254308664879e-02
1.559019672871759798e-01
-6.446114278362864436e-01
9.734549306275082081e-01
-8.636580541700134006e-02
-2.742048507799290658e-01
9.123766160434554351e-01
