-1.000000000000000000e+00
-1.028550233891760701e-01
-3.909672985901220255e-01
1.000000000000000000e+00
-1.000000000000000000e+00
-1.000000000000000000e+00
4.499069623924496497e-01
1.000000000000000000e+00
4.312018449459131819e-02
-9.182949021306630044e-01
4.499384859617852062e-01
-5.138370213448600898e-02
9.585439296556265143e-01
5.591961212165568185e-01
-7.223688246347752528e-01
1.000000000000000000e+00
-1.027728813220771809e-01
2.107417038170562584e-01
-3.649728472149762482e-01
-2.304699110513797056e-01
-2.885975698552530888e-01
-1.000000000000000000e+00
4.078696443652811698e-01
-9.798050875962425188e-01
-1.000000000000000000e+00
1.000000000000000000e+00
3.226175670835187415e-01
9.228015297538203487e-01
-8.811286176195680664e-01
-6.635654254493956739e-01
-4.466584761481658949e-01
-2.143261627549861159e-01
4.361010005056678018e-01
1.000000000000000000e+00
6.952530789269872891e-01
-7.268676504790978488e-01
7.697110523381428537e-02
-6.520497785582286543e-01
-9.777538696050041001e-01
9.065431102040735212e-01
-4.264501694453732838e-01
-3.454914162564937108e-01
1.000000000000000000e+00
-5.819705599056588241e-01
1.000000000000000000e+00
-1.000000000000000000e+00
-9.900464612782727825e-01
-2.624362492143084147e-01
4.810889086319258823e-01
-1.000000000000000000e+00
-4.257412679471437311e-01
1.000000000000000000e+00
-9.945271068869221409e-01
5.041145495608168048e-02
-7.245035212345176667e-01
2.037525900217317665e-01
-6.896606986742027656e-01
-1.000000000000000000e+00
1.000000000000000000e+00
-1.000000000000000000e+00
-1.000000000000000000e+00
2.571826675731661571e-01
1.000000000000000000e+00
1.000000000000000000e+00
-5.229074696877559214e-01
-8.919841052465484754e-01
-5.429645204015940418e-01
8.102864924784624057e-01
1.000000000000000000e+00
2.625668308219830105e-01
9.739285954300229697e-01
2.115077098999322835e-01
-5.880879273962309473e-01
1.000000000000000000e+00
-1.000000000000000000e+00
-6.024562351462197096e-01
1.232908942978270389e-01
-7.213148455767735001e-01
-3.737154687009569543e-01
-1.000000000000000000e+00
-4.341528038119070176e-01
-3.709367006519538323e-01
1.000000000000000000e+00
1.000000000000000000e+00
-7.051791577156258928e-01
-1.000000000000000000e+00
-6.301210683272886470e-01
7.688378492512821794e-01
1.000000000000000000e+00
9.750396268526240195e-02
-5.633064928054709597e-01
9.791386751122868048e-01
-9.609637733753828570e-01
-2.538943846846727359e-01
1.000000000000000000e+00
-2.902650266105031296e-01
-1.000000000000000000e+00
1.000000000000000000e+00
-1.000000000000000000e+00
5.371671654736864809e-02
-1.000000000000000000e+00
1.000000000000000000e+00
-3.674594332558811516e-01
2.046531660498143168e-01
3.911420509905398912e-01
-7.183375975368095911e-01
1.000000000000000000e+00
7.324383482298565395e-01
5.022341896802879901e-01
-7.326934638095514707e-01
-3.811193825617684716e-01
-1.000000000000000000e+00
2.442630039404480868e-01
-1.000000000000000000e+00
7.169419103677061589e-01
2.234321030398283003e-01
-1.000000000000000000e+00
-7.569425560120450758e-01
8.834736689247452146e-02
-1.000000000000000000e+00
6.111424310373996249e-01
6.693273244981350345e-01
-9.241808230367554167e-02
-1.000000000000000000e+00
4.459251898002121184e-01
-7.407239086804251471e-01
-6.294421121552529197e-01
-1.000000000000000000e+00
4.699740082930627949e-01
-1.000000000000000000e+00
1.000000000000000000e+00
-2.470775842817674040e-02
-4.241606106878859084e-01
1.264555472268994452e-01
-4.792150932120975426e-02
1.403473836170714417e-01
2.552395581307307371e-01
9.262489777955860148e-01
-2.706235577929476110e-01
4.698621288750656211e-01
-4.980075369722591905e-01
4.301522394410636219e-01
-6.163764708948336057e-01
2.889028971485680941e-01
-1.000000000000000000e+00
-4.738318238774180680e-01
-2.940936568366259163e-01
8.946707059194713985e-01
9.457823408188208436e-01
4.538001548893035864e-01
-5.390717596173528747e-01
-1.000000000000000000e+00
-1.678542671130116570e-01
-2.266870520913411013e-02
6.676389646241320808e-01
-1.000000000000000000e+00
-4.497530685276198703e-01
1.000000000000000000e+00
3.046543033233413134e-01
5.933471383089161666e-01
-2.470762023673493957e-01
1.885634728712033970e-01
-1.000000000000000000e+00
-1.000000000000000000e+00
2.372150024304734428e-01
4.234608079629453847e-01
-4.218503717864677816e-01
4.764995572916097544e-02
-1.000000000000000000e+00
1.000000000000000000e+00
-1.000000000000000000e+00
-7.712321453554410455e-01
-1.825467223362532976e-01
1.000000000000000000e+00
-1.736496130590649278e-01
-6.115701430047524312e-01
-2.985957050664713730e-01
5.023138421019119892e-01
-9.536783957449146421e-01
-1.000000000000000000e+00
1.597102241571450865e-01
1.000000000000000000e+00
-8.132216152120036456e-01
1.000000000000000000e+00
-1.000000000000000000e+00
-1.000000000000000000e+00
-1.000000000000000000e+00
-1.000000000000000000e+00
-9.088447058077697704e-01
1.000000000000000000e+00
-5.302409566568639931e-01
2.943342719787898076e-01
-5.334577004393281641e-01
4.346483316591707169e-01
2.379444324964723467e-01
-7.519164209008077915e-01
-1.763565526126679162e-01
-4.667496131902029166e-01
-1.000000000000000000e+00
1.371707698282872423e-01
-2.020244281229527372e-01
-1.000000000000000000e+00
1.000000000000000000e+00
1.000000000000000000e+00
-5.807059518027125611e-01
1.000000000000000000e+00
-2.721365573962226669e-01
1.000000000000000000e+00
5.617555384775738681e-01
-1.000000000000000000e+00
-3.932451370880343799e-01
-1.000000000000000000e+00
5.730915775133738066e-01
1.000000000000000000e+00
-1.000000000000000000e+00
-9.696200986077396777e-01
7.720262810167979328e-01
1.000000000000000000e+00
1.000000000000000000e+00
4.647230954843674655e-01
9.441116751080913527e-01
-1.000000000000000000e+00
1.000000000000000000e+00
8.006329660075852672e-01
-3.680868583870446908e-01
-6.718544206639858185e-01
-1.000000000000000000e+00
-2.601318405165632397e-01
9.010806216461487717e-01
1.000000000000000000e+00
-6.772893556331054388e-01
7.621427395497699653e-01
-9.533659544804923280e-02
-7.143272649087177850e-01
-6.326712153346574219e-01
1.000000000000000000e+00
8.244762685694981830e-01
1.000000000000000000e+00
-3.735356086442210843e-01
7.637568631280460263e-01
1.000000000000000000e+00
1.000000000000000000e+00
-2.162650846008730421e-01
-6.908428872796412712e-02
-9.823235196684780846e-01
-9.053446396633404447e-01
1.000000000000000000e+00
6.811190728824263463e-01
-1.000000000000000000e+00
-2.460553541452459303e-01
-1.000000000000000000e+00
-1.000000000000000000e+00
-1.000000000000000000e+00
-4.760610819614180533e-03
-1.000000000000000000e+00
-8.871349248520860042e-02
-8.659012594337627267e-01
-1.866570529926279143e-01
3.929014342575969376e-01
3.330894615519949253e-01
-1.000000000000000000e+00
-3.807980426045991518e-01
-5.799358377314867141e-02
1.000000000000000000e+00
-4.923494252098114532e-01
