1.000000000000000000e+00
-1.000000000000000000e+00
1.000000000000000000e+00
3.127422007104743717e-01
-1.000000000000000000e+00
1.000000000000000000e+00
-2.400096913778737573e-01
5.015334116500194117e-01
6.689084793685684538e-03
6.778454289368535113e-02
-1.000000000000000000e+00
-9.790103862938981383e-01
-1.000000000000000000e+00
6.126196114993438524e-01
1.000000000000000000e+00
5.827173561474974228e-02
-1.000000000000000000e+00
-6.374940166640602479e-01
-1.000000000000000000e+00
-1.000000000000000000e+00
-1.000000000000000000e+00
1.279510879056395267e-01
-1.000000000000000000e+00
-2.445054038554841380e-01
5.897721996759741625e-02
-1.000000000000000000e+00
-6.285623892034553073e-01
5.951184846345602963e-04
1.000000000000000000e+00
-1.000000000000000000e+00
-1.000000000000000000e+00
1.000000000000000000e+00
-1.000000000000000000e+00
1.000000000000000000e+00
1.062584856884496443e-01
-1.000000000000000000e+00
3.803873381108630047e-02
6.232054357862309990e-02
-1.000000000000000000e+00
-1.000000000000000000e+00
1.000000000000000000e+00
-1.000000000000000000e+00
7.680743392791898883e-01
-1.000000000000000000e+00
-1.000000000000000000e+00
-9.855762095019954261e-01
1.000000000000000000e+00
1.000000000000000000e+00
1.000000000000000000e+00
-1.000000000000000000e+00
-1.000000000000000000e+00
-9.360832996657875160e-02
3.614349272035743965e-01
-1.000000000000000000e+00
-1.000000000000000000e+00
3.943731328491213439e-01
-1.000000000000000000e+00
1.000000000000000000e+00
4.232265374417565340e-04
1.000000000000000000e+00
1.000000000000000000e+00
1.000000000000000000e+00
1.000000000000000000e+00
1.000000000000000000e+00
-1.000000000000000000e+00
-1.000000000000000000e+00
1.000000000000000000e+00
1.000000000000000000e+00
-1.000000000000000000e+00
1.000000000000000000e+00
1.579420334152263072e-01
4.350824067829354158e-01
-1.000000000000000000e+00
-1.000000000000000000e+00
1.000000000000000000e+00
-1.628410412756847725e-01
1.000000000000000000e+00
1.000000000000000000e+00
-1.000000000000000000e+00
-1.000000000000000000e+00
1.000000000000000000e+00
1.870879730127918972e-01
1.000000000000000000e+00
-1.000000000000000000e+00
7.746672751895888887e-01
1.000000000000000000e+00
7.038230818472763772e-01
1.000000000000000000e+00
-1.000000000000000000e+00
-1.000000000000000000e+00
-7.321556280864576216e-01
1.000000000000000000e+00
-1.000000000000000000e+00
1.000000000000000000e+00
1.000000000000000000e+00
1.000000000000000000e+00
1.000000000000000000e+00
-1.000000000000000000e+00
-1.000000000000000000e+00
-1.000000000000000000e+00
8.921884901217597141e-02
-3.602936058712075118e-02
1.000000000000000000e+00
-2.599927980784972337e-01
1.000000000000000000e+00
8.403134796596212208e-02
-9.777999731367481573e-01
-9.110032939321190959e-01
-1.000000000000000000e+00
1.000000000000000000e+00
-1.000000000000000000e+00
4.670458736348909179e-01
-1.000000000000000000e+00
1.000000000000000000e+00
-1.000000000000000000e+00
1.000000000000000000e+00
-3.276249738887964114e-01
-1.000000000000000000e+00
5.105545433430564994e-01
1.000000000000000000e+00
1.000000000000000000e+00
1.000000000000000000e+00
1.000000000000000000e+00
1.000000000000000000e+00
1.000000000000000000e+00
1.000000000000000000e+00
1.000000000000000000e+00
-1.000000000000000000e+00
-1.000000000000000000e+00
1.000000000000000000e+00
-1.000000000000000000e+00
-4.041731586071378723e-01
4.354460761165760418e-01
5.205827889439925693e-01
1.000000000000000000e+00
-1.000000000000000000e+00
-1.000000000000000000e+00
1.000000000000000000e+00
1.000000000000000000e+00
-1.000000000000000000e+00
-1.000000000000000000e+00
-1.000000000000000000e+00
1.000000000000000000e+00
-1.000000000000000000e+00
1.000000000000000000e+00
-1.000000000000000000e+00
1.000000000000000000e+00
1.000000000000000000e+00
-1.000000000000000000e+00
-1.000000000000000000e+00
6.541528343914191357e-01
-1.000000000000000000e+00
1.000000000000000000e+00
-9.849904592295526395e-01
1.000000000000000000e+00
2.049868375860348646e-01
-1.000000000000000000e+00
-1.000000000000000000e+00
-6.484166904486109440e-01
1.000000000000000000e+00
1.000000000000000000e+00
1.000000000000000000e+00
-1.000000000000000000e+00
-1.000000000000000000e+00
2.705545761148629991e-01
1.000000000000000000e+00
1.000000000000000000e+00
1.000000000000000000e+00
-7.385090904361744091e-01
-1.000000000000000000e+00
-1.000000000000000000e+00
1.000000000000000000e+00
-8.074212192822288747e-01
6.812767850822136761e-01
-1.000000000000000000e+00
-1.000000000000000000e+00
-8.101362825860562999e-01
-1.000000000000000000e+00
1.000000000000000000e+00
-2.945836358679854716e-01
1.000000000000000000e+00
1.000000000000000000e+00
5.826504181553897599e-01
-8.280829004570766649e-02
1.000000000000000000e+00
-2.136580433720830507e-02
1.000000000000000000e+00
-6.277511692454817993e-01
1.000000000000000000e+00
-1.000000000000000000e+00
-1.000000000000000000e+00
1.842899919155528699e-01
1.000000000000000000e+00
6.797687379230832327e-02
-1.000000000000000000e+00
-1.000000000000000000e+00
1.000000000000000000e+00
1.000000000000000000e+00
-1.000000000000000000e+00
1.000000000000000000e+00
-1.000000000000000000e+00
1.000000000000000000e+00
1.000000000000000000e+00
-1.000000000000000000e+00
1.000000000000000000e+00
-1.000000000000000000e+00
-3.702477704108736445e-01
-1.000000000000000000e+00
-1.351772517333734713e-01
1.000000000000000000e+00
-1.000000000000000000e+00
-1.000000000000000000e+00
1.000000000000000000e+00
4.429943651749846389e-01
-2.923806189684152734e-01
-1.000000000000000000e+00
-1.000000000000000000e+00
-1.000000000000000000e+00
-1.000000000000000000e+00
-8.734651919355302940e-01
1.000000000000000000e+00
-2.021471944524666498e-01
1.000000000000000000e+00
1.000000000000000000e+00
-2.606777812452401033e-01
-1.000000000000000000e+00
1.000000000000000000e+00
-1.000000000000000000e+00
1.000000000000000000e+00
1.000000000000000000e+00
-1.000000000000000000e+00
1.000000000000000000e+00
1.000000000000000000e+00
1.000000000000000000e+00
1.000000000000000000e+00
1.000000000000000000e+00
-1.000000000000000000e+00
1.000000000000000000e+00
-1.000000000000000000e+00
-1.000000000000000000e+00
1.000000000000000000e+00
1.000000000000000000e+00
1.000000000000000000e+00
-1.000000000000000000e+00
-1.000000000000000000e+00
-1.000000000000000000e+00
-1.000000000000000000e+00
-1.000000000000000000e+00
1.000000000000000000e+00
-1.000000000000000000e+00
7.944631410428765195e-01
-1.000000000000000000e+00
-1.000000000000000000e+00
-1.000000000000000000e+00
-1.000000000000000000e+00
-1.000000000000000000e+00
-1.313219991874521320e-01
-1.000000000000000000e+00
1.000000000000000000e+00
-1.000000000000000000e+00
-1.000000000000000000e+00
7.827112370091635629e-01
-5.358036880187635465e-01
1.000000000000000000e+00
3.328455704926458480e-01
