-1.000000000000000000e+00
-5.670220789886967205e-01
-2.094255733080141457e-01
-1.000000000000000000e+00
-1.000000000000000000e+00
-4.020255370333736256e-02
3.119252106412326864e-01
6.444443688254426483e-01
-1.000000000000000000e+00
-9.919014954931448802e-01
9.644059058510903171e-01
4.658121949153440911e-01
1.000000000000000000e+00
1.913605523830970156e-01
-1.000000000000000000e+00
-6.938459505634417823e-01
-5.894092340545975528e-01
1.000000000000000000e+00
1.843693962153589161e-01
3.742052584643218438e-01
-4.625985642260770914e-01
1.000000000000000000e+00
-5.409770448844486435e-01
1.000000000000000000e+00
4.277170054848571379e-01
-4.557691223653725920e-02
-1.000000000000000000e+00
1.180754703920470217e-01
3.103115252825472403e-02
-8.890816123092797341e-01
-1.000000000000000000e+00
5.689099427940607079e-01
-1.000000000000000000e+00
1.605516010599442600e-01
-1.000000000000000000e+00
-4.720976297048307124e-01
-1.000000000000000000e+00
-9.046977924564041373e-01
1.000000000000000000e+00
-7.822458024331573334e-01
8.868294670839715899e-02
1.000000000000000000e+00
-1.000000000000000000e+00
-2.779578859443035954e-01
1.000000000000000000e+00
6.017311668240443723e-01
-2.783561679600510264e-01
5.228817000156271710e-02
-1.000000000000000000e+00
-4.346787107089646884e-01
-1.000000000000000000e+00
-1.000000000000000000e+00
-1.000000000000000000e+00
-6.041991712731521469e-01
-1.000000000000000000e+00
1.000000000000000000e+00
-6.864591154565418130e-01
1.000000000000000000e+00
-1.000000000000000000e+00
1.000000000000000000e+00
1.000000000000000000e+00
-6.134875649393954911e-01
3.531328481866540248e-01
-2.434532812474090591e-01
-3.182297606166457626e-01
1.000000000000000000e+00
3.189676300434107770e-02
-1.000000000000000000e+00
1.000000000000000000e+00
-5.167481066645845944e-01
1.000000000000000000e+00
-2.942451377600673323e-01
-1.000000000000000000e+00
7.634168847729272400e-02
-6.585090341555963622e-01
-7.127870089210219806e-01
-1.164771818125287517e-02
9.560622314131774768e-01
-1.000000000000000000e+00
-5.824085826597953375e-01
1.000000000000000000e+00
-2.547721979372072898e-01
-1.000000000000000000e+00
1.000000000000000000e+00
-2.435014198805529606e-02
7.382228073752374886e-01
-8.948211338345662957e-02
8.391999684275153193e-01
2.227928529676604930e-01
-1.000000000000000000e+00
1.000000000000000000e+00
-1.000000000000000000e+00
-9.751830464162916101e-01
-9.551785114523786424e-01
3.720779450471554117e-01
-1.000000000000000000e+00
-1.000000000000000000e+00
-1.000000000000000000e+00
-8.901146197303553276e-01
6.656665064131039866e-01
1.000000000000000000e+00
-1.873036239377917633e-01
-3.534581251477529329e-01
-1.756084244980971043e-01
7.693724765298388668e-01
-1.000000000000000000e+00
-1.000000000000000000e+00
-8.274716429188923028e-01
2.159687590643422084e-01
-9.976724494979551938e-01
1.000000000000000000e+00
-1.736464082110087404e-01
3.990034812198564040e-01
1.000000000000000000e+00
-3.649066973154254656e-01
-1.319304518425046258e-02
1.000000000000000000e+00
-1.000000000000000000e+00
8.248744001144343585e-01
-7.383492774416759996e-01
1.282488509956658529e-02
-1.000000000000000000e+00
1.000000000000000000e+00
-5.900911248692861655e-01
1.000000000000000000e+00
-1.000000000000000000e+00
1.193585951187515759e-01
-8.256314021909121337e-01
-6.484340188381956249e-01
-9.829122371331497909e-01
-7.849340522190437763e-01
5.901790655038654521e-01
9.723234632264607935e-01
-1.000000000000000000e+00
1.000000000000000000e+00
-1.000000000000000000e+00
6.492352980894877668e-02
-4.709109801941320228e-01
1.000000000000000000e+00
-1.000000000000000000e+00
-1.000000000000000000e+00
-1.828092227743020048e-01
3.245339499672641459e-01
-1.000000000000000000e+00
-8.588791293617941136e-01
5.371709289756032568e-01
-3.573789888765661615e-01
-5.287587573874716895e-01
-1.000000000000000000e+00
-1.000000000000000000e+00
4.489164185479233016e-01
9.820615069572521394e-01
1.000000000000000000e+00
-3.769893041852320215e-01
-1.000000000000000000e+00
-1.000000000000000000e+00
-1.000000000000000000e+00
1.988424587770097340e-01
-1.000000000000000000e+00
1.000000000000000000e+00
-1.000000000000000000e+00
7.353250249456584342e-01
-1.000000000000000000e+00
7.411305523636132486e-01
-1.288504681859178325e-01
1.000000000000000000e+00
3.369667335623074966e-01
1.141176328254608352e-01
1.266650690276076574e-01
7.439215319433282181e-01
5.209586380261299610e-02
-2.388752525771993263e-01
3.450469176007451289e-01
-1.000000000000000000e+00
1.000000000000000000e+00
-4.647751506131549970e-01
7.947412023193880515e-01
1.000000000000000000e+00
-2.535989030394117383e-01
3.074724390757539449e-01
4.237563784566549807e-01
2.139973973566409171e-01
-4.599040825224653961e-01
6.061416827828876031e-01
-9.052024163181706662e-01
-9.271349054576535353e-01
-9.720321115234575871e-02
-2.368143655218604704e-01
-5.150052968164388068e-01
-3.570338270756105992e-01
1.000000000000000000e+00
-7.795470562546636950e-01
4.593919776188246651e-01
-1.500420692957419311e-01
-2.760322476429812322e-01
-7.079257733411241649e-01
-1.000000000000000000e+00
-1.000000000000000000e+00
-1.000000000000000000e+00
8.702625311670858510e-01
1.000000000000000000e+00
-1.000000000000000000e+00
3.901543958128791401e-01
4.847737980698062499e-01
3.331557738598731611e-01
-7.397196925711402304e-02
-8.010875902948018101e-01
-2.581190431851230205e-01
8.018292525790449154e-02
-3.585475909113953197e-01
1.461935994348042556e-01
5.192819670326123127e-01
1.000000000000000000e+00
1.000000000000000000e+00
-1.000000000000000000e+00
-1.000000000000000000e+00
4.881560471333246110e-01
1.000000000000000000e+00
2.310551548071886618e-01
1.000000000000000000e+00
5.739815526687421787e-01
-5.714871968956675152e-01
-8.071941846032673062e-01
3.884383458208243711e-01
7.107472516712008970e-01
-4.469380949430612482e-03
1.000000000000000000e+00
-1.000000000000000000e+00
-5.255932112010668344e-01
3.795468575209408613e-01
3.285063263832010971e-02
-1.000000000000000000e+00
-1.000000000000000000e+00
-4.272398932540797389e-01
2.587592427917535520e-01
-2.177510315302098043e-01
1.000000000000000000e+00
-7.146259529614245043e-01
-1.000000000000000000e+00
7.909408144626789428e-01
-1.000000000000000000e+00
-1.000000000000000000e+00
5.685196845179005809e-01
-1.909229150332121816e-01
-9.745092625425944011e-02
-8.644678632142177577e-02
3.052431537426704700e-01
1.000000000000000000e+00
7.380899634837950751e-01
6.878470056108139108e-01
1.000000000000000000e+00
-2.733318130925578293e-01
-8.469181950369752965e-01
7.475447334636331487e-01
-8.812405336607642692e-01
-1.000000000000000000e+00
4.768288234703747519e-01
1.476967851584916058e-01
-6.897786828774382650e-01
-4.332459475409682348e-01
4.295257628424409280e-01
-1.119458173083407448e-01
-1.000000000000000000e+00
-1.000000000000000000e+00
-9.798325192118617633e-01
