3.805829597595100644e-01
-7.204109667663523009e-01
-5.033331281064372664e-01
-4.712172272537042961e-01
-3.605213551699892882e-01
4.577857350854099838e-01
9.098688855118248764e-01
-4.491213876684987394e-01
1.143359260275302880e-01
-6.616071581326321560e-01
4.183532159786254034e-01
2.518719601129937313e-01
-2.210232221676859954e-01
-3.470129280018714457e-01
7.942821754710451820e-01
3.959855192860977091e-01
-7.589220940847978270e-01
6.321078327292948273e-01
8.935589032362525330e-01
6.600660376033706811e-02
-9.886745417543130188e-02
5.763650850262662662e-01
8.373388251144353589e-02
7.358101081817258748e-01
1.024560849988234157e-01
-1.011919656160251701e-01
5.230426065245552536e-02
-2.026853358924654014e-01
7.180882144785016852e-01
-5.042323352506772327e-01
-5.033418870750385743e-01
8.364446470311690529e-01
5.255142396279028905e-01
-7.291412453451247000e-01
-6.508145092128096998e-01
4.415733440092044493e-01
-9.978795775152462522e-01
6.845077525420806275e-02
2.911827047942845414e-01
-7.615536013435395546e-01
2.810017527793888803e-01
-8.666148307024614805e-01
-9.223512917002500977e-01
7.499686894842545470e-01
-8.713187342315160677e-01
3.211453768483818472e-01
9.705057315903276027e-02
-6.646408392699096890e-01
-5.650232102152288327e-01
1.244699999346619013e-01
-9.093423149623336421e-02
9.514306768896834132e-01
6.258494450050762214e-01
1.660775199399873170e-01
-6.628950811189615600e-01
-3.872595284235897939e-01
7.920979275911905759e-01
-2.549993875554390499e-01
3.053191296791457621e-01
-5.168604407089800734e-01
5.119468338761778980e-02
-4.065644623059656571e-01
-6.199774941355162827e-01
6.003249185944676825e-01
-1.058129557443741042e-01
9.127822350861176659e-01
-4.710824673197009371e-01
1.490059353131161224e-01
4.771354558223077635e-01
-8.626158254130051883e-01
8.891203078980727259e-01
-8.991138698391383244e-01
8.357980488135252628e-01
-9.846568885012327854e-01
-6.229010046512706289e-01
4.830606000727157845e-01
9.433194288585817766e-01
-4.988833981324618527e-01
4.222073631960334694e-01
3.351200129755127488e-01
-6.286400058481038666e-01
-9.297501874420932566e-01
1.371286600010295231e-01
-6.153357961782150998e-01
-3.802937597122619806e-01
3.452193617537040460e-01
-6.628995071983179166e-02
3.563583751965948565e-01
5.655182547411823357e-01
-1.260576423321759787e-01
-4.186925899813753738e-02
-2.385309293737785108e-01
-1.468985812286545123e-01
4.234559538066546835e-01
-9.599877766366546883e-01
-8.942064968923912893e-01
-6.295359368763229213e-01
-9.312092590409741799e-01
-1.627046432834360346e-01
9.308874694444142506e-01
-4.710786837777560798e-01
-3.332573075729325929e-01
-1.038663137867208430e-01
8.304108427191336794e-01
-7.556086351030371073e-01
4.735775285577603633e-02
2.995556180291902848e-02
1.393060455317616242e-01
-7.217600833728494703e-01
1.890261675629800742e-01
3.827754646446024367e-04
4.962367644197882566e-01
8.155575854571088801e-01
-6.993282954984274546e-01
5.496380148375767938e-01
8.635073368799199844e-01
8.130301107040847075e-01
-8.186815389692783107e-01
-1.302741871564094822e-02
7.520690631974782381e-01
-1.174841019042287549e-01
2.444037116674151466e-01
-9.355708553206338873e-01
-4.776699517353513169e-01
3.256360678497995931e-01
8.474475376034256158e-01
3.401790796922017357e-01
-6.824838534583934635e-01
-6.764749662875237934e-01
8.955962243019879310e-01
-1.432403004321987083e-01
8.446729069090364028e-01
3.568491285651933520e-01
7.756183406312473494e-01
-7.005769860736643651e-02
8.201865651967439330e-01
5.648362345494348791e-01
6.923102528149263080e-01
-2.618845582873661204e-01
5.721422633534622992e-01
-5.799621658759110954e-01
9.140082607206421184e-01
9.630209925510002655e-01
2.368660443562002893e-01
-8.118883954760014454e-01
-9.037785756837679596e-01
7.834142789503386606e-01
-5.937359987937453898e-01
-3.310360148522111245e-01
-3.378839152364347953e-01
5.096262217133409322e-01
-5.600801404429542885e-01
-2.262493808351697666e-01
6.408358463100398694e-01
-8.258458883593793320e-01
8.684864820223192616e-02
2.822646405977444761e-01
5.235546270025102089e-01
-7.520604326359421332e-01
-2.697927034236020649e-01
6.583335631381417308e-01
-7.931050972842499380e-01
-7.404572686778920776e-01
-1.840625335614003433e-01
3.226489915522701146e-02
2.852505335886794668e-01
-7.522899085332124258e-02
-5.809102848993281665e-01
-1.208902195248220401e-01
8.015103917654782251e-01
5.599796488506225689e-01
-9.952740249521447868e-01
-2.479878745111141480e-01
7.590642447231252810e-01
-7.412943270061655987e-02
2.106013230234737854e-01
-8.613598144337633045e-01
6.981768202432778736e-01
-9.292132946836137997e-01
-6.125052213824420111e-01
3.953459447274125793e-01
4.822204824608802287e-01
8.257036883872959088e-01
7.726962502012102441e-01
-5.380328396309872474e-01
-7.367509474938453984e-01
6.877439131851681431e-01
-1.434590276181042512e-01
-9.135146338116633125e-01
1.563377459253396662e-01
-6.310777899051771556e-01
1.099770552088428222e-01
9.985696936248400490e-03
-6.093096063106884230e-02
-7.004679536318874078e-01
-2.846976917217021175e-01
-6.592388218690701240e-01
-4.807562019728803815e-01
4.916374201243483011e-01
2.478286889955800820e-01
1.643884087857878651e-01
1.888535849418966350e-01
3.157396425164338272e-01
-8.543867275853966881e-02
1.269810773609447718e-01
-2.815404979615288017e-01
-5.958651614238119620e-02
1.247205698326925294e-02
1.580038211088796718e-01
-7.469332316107895053e-01
-1.195200601076331637e-01
-3.597677649990100868e-01
6.373611793898232847e-01
6.207945113588226871e-01
6.779662205748429038e-01
-2.645935432298813783e-01
8.751459406885633285e-01
7.223034614432124467e-01
-5.584585654065721272e-02
6.339597687189726383e-01
-4.654344725869474786e-01
-5.405351109341500759e-01
5.351827371624728880e-01
-9.738882795436836215e-01
6.278147541659673259e-02
-5.969561665238147796e-01
5.722405241185022362e-01
9.471713160350549998e-01
8.041732104178265228e-01
-3.165009055762304513e-01
-7.862932813337473181e-01
-6.822233122416720974e-02
3.109378414454069262e-01
-7.004611342759676784e-01
-4.774364233278569625e-01
9.421301934741292960e-01
3.594938160196758936e-02
-8.594587216852644929e-01
-9.808942717042552495e-01
1.818661425771070927e-01
-4.531370213726981788e-02
-5.131751260223345046e-01
-9.047423677794610430e-01
4.637334615250330305e-01
-6.405628573480748322e-02
-3.581737998794847222e-01
-1.097197970685399593e-01
-2.722891666611237937e-02
-6.129605931698798305e-01
5.530628132553592202e-01
-8.778809005000816068e-01
2.307659401357848861e-01
-9.085393533842369695e-01
8.096668402892048810e-02
5.443407440363123850e-01
5.125960419515538380e-01
2.001372418766267369e-01
-8.066104229820165727e-01
8.587679247281234662e-01
6.654543434829740534e-01
-2.267422844827275963e-01
4.137685268123971749e-01
2.176087004669913227e-02
-1.369004602215859734e-01
5.313798512165335275e-01
