-4.605485074466590945e-01
-8.795264416757171411e-01
-3.244698741144247389e-01
7.650898538531905047e-01
-9.296827275602543850e-01
7.769839238595759312e-01
-6.559650681432056540e-01
3.778935423804696825e-03
-4.562849873129581901e-01
2.093635250071164133e-01
1.736239719374621515e-01
-9.287659306066424758e-01
-2.454535397546286912e-01
7.878729270842794730e-01
-8.149197419353602090e-01
-1.584816989314039581e-01
-2.627945745722806148e-01
2.368138656356928440e-01
8.313634009993757790e-01
-7.551622858171254116e-01
3.146954902390790565e-01
9.009791642942788226e-01
-9.342854975428747100e-01
4.809789446403800461e-02
-9.578569386256845508e-01
-4.020783183900247248e-01
8.593445094735554513e-01
-2.687365081031454217e-01
-8.699473443372829351e-02
-3.079005924350737278e-01
-8.467881277711339916e-01
-2.655922615657051455e-01
-5.396840561879481246e-01
-2.330055093442799929e-01
-7.711172742636900335e-01
-8.996760960051675138e-01
-7.822054644388467537e-01
-4.157273966326235914e-02
4.250746151211932666e-01
-2.292851116557550473e-01
-4.343542039984198411e-01
3.228067163312593468e-01
4.738461390954109564e-01
-3.662771626759975252e-01
-7.070437915108207516e-01
5.894867593533013039e-01
-9.231701161554879409e-01
9.157133682693843202e-01
-6.861548316792860369e-01
2.645962427183621291e-01
6.799732565891583036e-01
-6.835247487985951498e-01
-6.294916838009696480e-01
7.755353509634126397e-01
7.070970056843370877e-01
5.440173401256740426e-01
-3.201109099998444840e-02
-3.310347399450219719e-01
3.620145658122706500e-01
-4.554149005701215724e-01
-9.557362770794686213e-01
-3.487767447707357249e-02
3.561885364801717913e-01
-9.886229514153066500e-01
7.704713150102091568e-01
-2.862758405204517409e-01
7.322184919758556454e-02
-5.113639081117875573e-01
1.311131295090155469e-01
7.386056516521857240e-01
-6.544169341999992451e-01
8.739876552907821505e-02
2.054068458012949794e-01
-3.655941727374900641e-01
-7.231200682777150224e-01
-9.961879289591122344e-01
-8.207683209481633213e-01
-9.029492739624562780e-01
9.399477117149470651e-01
8.696995485027321227e-01
-6.032966548257869821e-01
6.690407272160006080e-01
-9.572252061537347423e-01
-6.538704273820972190e-02
8.596111987419967626e-01
-1.923988226740269702e-01
1.180286297462107559e-01
4.974328884889529512e-01
8.300724713425748913e-01
8.514834198049658909e-03
1.373807915743663344e-01
5.437670461583414827e-01
-9.920453424856530145e-01
-3.167088085361671190e-01
5.381165022501752659e-01
6.469400608336115521e-01
7.938001738490412240e-01
-5.605416490085375347e-01
-6.540856098937615215e-01
-3.315728207756392099e-01
-1.250770814369377426e-01
-2.040394720347304958e-01
6.305682885691934469e-01
-1.345903163585737694e-02
-3.939418420807105914e-01
4.179928838458213392e-02
-7.552503181260861176e-02
-4.630093862399904392e-01
2.070062160068957269e-01
2.564211459838812157e-01
4.287432245732913927e-02
-1.110816779770014140e-01
1.296084795231555731e-01
-1.437150744517361467e-01
-8.464039165221859395e-01
8.708174537077935096e-01
-8.070052889970293908e-01
5.953749926013225391e-01
-6.270772454187469869e-01
3.676885423458549074e-01
-1.688812090083307016e-01
8.823331814441168763e-01
8.842442245133670387e-01
5.487507044256785260e-01
-6.688436881442745285e-01
1.445301437036798919e-01
-8.265447193826422900e-01
-4.836288984146972503e-01
-7.146528048661902055e-01
4.897974257665536069e-01
6.305436931353096686e-01
5.571663583001096320e-01
-6.122578051645735098e-01
9.654689996458500900e-01
-8.432815978194581064e-01
-9.376913721019923820e-01
5.511340181596879884e-01
-8.245822550279520158e-01
-1.120253596147247066e-01
2.475989023213176488e-02
9.568860812063912924e-01
-8.465200633013953979e-01
4.070642341386343510e-02
7.052492450410945413e-01
-5.733517852374518942e-01
-2.978465547633608601e-01
-7.276350688377442033e-02
-8.042366774855511657e-01
7.045006397418691613e-01
-2.509167936548057920e-01
-9.014658098239092254e-01
-8.055846033425684283e-01
-4.671831590065789186e-02
-5.678792976153057559e-01
3.626107334268862115e-01
2.559442351236016489e-01
1.631288211135333288e-01
-1.638838577357044635e-01
8.125223222608086715e-01
9.418072678429032507e-01
4.841384065436458162e-01
-1.451828344029297835e-01
-9.134066484472129765e-01
-6.078056811627934319e-01
8.700446500447920339e-01
7.534317745439205183e-01
-6.238759372515472190e-01
1.684696535939274042e-01
7.627291359378476354e-01
8.751998739348829659e-01
7.406311089669637138e-01
-6.803353262571198989e-01
-3.527847925005900276e-01
-5.284770128814135770e-01
-7.871856889152006875e-01
-1.476500792855610644e-01
-6.811793480650574217e-02
9.764986547992151600e-01
-3.407579341705959663e-01
1.879478586983036603e-01
-3.644222561915109182e-01
4.686663298278448408e-01
-9.284254904267519315e-02
3.839161654550204972e-01
1.496395618384529502e-01
6.766630504645372302e-01
3.948878764188545887e-02
-3.843960529051722030e-01
-4.747230737312475579e-01
2.813062380908304405e-01
-5.568840338783078714e-01
-2.487911396673396780e-01
-6.022066483682246840e-01
-9.004086769527124279e-01
9.836660177356069124e-01
8.115946542228829053e-01
-9.743687195169541404e-01
-2.476231501494290388e-01
-5.463561044442488690e-01
8.010906209183339399e-01
7.504900088777688438e-01
-6.817343786994789490e-02
-1.774209775005892720e-01
-7.794062150360667740e-01
-7.262447113997569925e-01
9.164096876492628940e-01
-6.483831532369697115e-01
-7.776615864258187294e-01
-3.091084791297624701e-01
3.262995902123935199e-01
-6.038898479294838584e-01
4.681182029673340850e-01
-5.088873236611231032e-01
-5.052251429698051410e-02
-5.835517350062888742e-01
6.319266607159161886e-01
5.055815163551187208e-01
-2.889713477406516962e-01
9.031330315286667521e-01
-1.747006294682762473e-01
-6.301830217795627576e-01
-1.018594773403385112e-01
-8.418221120831885784e-01
2.798506241085152446e-01
9.927108753100100103e-01
5.645476640732169926e-01
-7.298768066762171269e-01
1.123236910912583930e-02
5.964962293245843483e-01
2.386791162078110151e-01
-6.052924192362141298e-03
-8.438097040678562699e-01
4.548090438919321077e-01
-6.275158076357441050e-01
4.161064228422712841e-01
-4.516484039376462700e-01
8.649922657361692746e-01
-3.685314844361842201e-01
-9.212794688828451761e-02
1.739853372550526078e-01
-3.840168624390332131e-01
-5.920392546437329706e-01
4.554311043701679829e-01
6.966910842325120257e-01
1.657406432222354731e-01
-2.819563463698155914e-01
8.256338495926844878e-01
4.289459264409287709e-01
5.610735165766664867e-01
2.154987347175922885e-01
4.935492987822489575e-01
-1.674463581815959223e-01
-7.738672540968292157e-01
-5.216577608652532838e-01
8.011033528136655146e-01
-9.929106938472005428e-01
5.880988314953492502e-01
1.297469222528431221e-01
8.025290777506979278e-01
3.372306043560000521e-01
8.254689936996311150e-01
-3.085270357295044619e-01
9.110750297543148690e-01
-8.849216431024529150e-01
9.144744429670341734e-01
