-9.369322891626028493e-01
1.000000000000000000e+00
4.234843025627869073e-01
1.000000000000000000e+00
-1.000000000000000000e+00
-1.000000000000000000e+00
-3.922166890757478042e-02
-3.414571111418759353e-01
-1.000000000000000000e+00
1.000000000000000000e+00
-1.000000000000000000e+00
-1.000000000000000000e+00
1.000000000000000000e+00
1.000000000000000000e+00
1.000000000000000000e+00
-1.000000000000000000e+00
-1.000000000000000000e+00
-1.000000000000000000e+00
-1.000000000000000000e+00
1.000000000000000000e+00
1.000000000000000000e+00
-8.131337927593562664e-01
2.209142898106892794e-01
-1.000000000000000000e+00
-1.000000000000000000e+00
-1.000000000000000000e+00
1.000000000000000000e+00
-1.000000000000000000e+00
-1.000000000000000000e+00
-3.548068971849370756e-01
2.374494200011516010e-01
8.427745033997219304e-02
8.137739791740827844e-01
-4.454504139815138597e-01
-1.000000000000000000e+00
-1.000000000000000000e+00
-1.000000000000000000e+00
1.000000000000000000e+00
-3.038767013907925918e-01
-1.000000000000000000e+00
1.000000000000000000e+00
1.000000000000000000e+00
-7.784261667950419517e-01
1.358444240382652435e-01
-1.000000000000000000e+00
-1.000000000000000000e+00
-6.231207768612798681e-01
1.000000000000000000e+00
3.358598539013027962e-01
1.000000000000000000e+00
-1.000000000000000000e+00
1.000000000000000000e+00
-7.317118090484834303e-01
7.365238897886881020e-01
-2.915131807315893830e-01
-1.000000000000000000e+00
1.000000000000000000e+00
1.000000000000000000e+00
-3.268093270285126195e-01
-1.000000000000000000e+00
-4.937599355319017835e-01
-1.000000000000000000e+00
1.000000000000000000e+00
1.000000000000000000e+00
1.000000000000000000e+00
1.000000000000000000e+00
1.000000000000000000e+00
-1.000000000000000000e+00
1.000000000000000000e+00
1.000000000000000000e+00
1.000000000000000000e+00
-1.000000000000000000e+00
1.000000000000000000e+00
-1.000000000000000000e+00
-7.787483520392789460e-01
-1.000000000000000000e+00
1.000000000000000000e+00
-1.000000000000000000e+00
1.000000000000000000e+00
-1.000000000000000000e+00
1.000000000000000000e+00
1.000000000000000000e+00
1.000000000000000000e+00
-1.000000000000000000e+00
1.000000000000000000e+00
-1.000000000000000000e+00
-1.000000000000000000e+00
1.000000000000000000e+00
1.000000000000000000e+00
-4.705873398727223877e-01
2.183479205071244822e-01
1.000000000000000000e+00
-1.659694108152212078e-01
-1.000000000000000000e+00
1.000000000000000000e+00
3.525370503786639520e-01
1.000000000000000000e+00
-1.000000000000000000e+00
-5.109258952416764199e-01
-3.649612717685688512e-01
-1.000000000000000000e+00
-6.661653302813752564e-01
-4.423993950350009197e-01
-1.000000000000000000e+00
5.602670957726911816e-01
1.000000000000000000e+00
3.682928480883673195e-01
1.000000000000000000e+00
1.000000000000000000e+00
8.272280186553968573e-01
1.000000000000000000e+00
-1.000000000000000000e+00
4.722303755330399255e-01
-3.536406997018580745e-01
8.730801427513957824e-01
6.096623577135015237e-01
9.425834408894128158e-01
1.000000000000000000e+00
4.828586300758081484e-01
1.000000000000000000e+00
1.000000000000000000e+00
-1.000000000000000000e+00
1.000000000000000000e+00
-9.966730366475728964e-02
5.223871601140868126e-01
1.000000000000000000e+00
1.000000000000000000e+00
1.952560091700843992e-01
1.000000000000000000e+00
2.098121254607752673e-01
-1.000000000000000000e+00
-2.224807904826686666e-02
2.485693682649432468e-01
1.000000000000000000e+00
1.000000000000000000e+00
-1.000000000000000000e+00
-1.000000000000000000e+00
-3.433749882415810806e-01
-4.085846183207393345e-01
1.000000000000000000e+00
1.000000000000000000e+00
1.000000000000000000e+00
1.000000000000000000e+00
7.686789237533820929e-01
1.000000000000000000e+00
-1.000000000000000000e+00
8.806761103336576690e-01
1.000000000000000000e+00
-1.000000000000000000e+00
-4.351634605586078841e-01
-1.000000000000000000e+00
1.665001197770872299e-01
1.000000000000000000e+00
1.000000000000000000e+00
1.000000000000000000e+00
1.000000000000000000e+00
-1.000000000000000000e+00
-1.000000000000000000e+00
-1.000000000000000000e+00
3.098705568602521665e-01
-1.000000000000000000e+00
7.947488541584148969e-01
-3.599435618666147474e-01
-1.000000000000000000e+00
-8.085458094571813525e-01
-1.497980668512228775e-01
1.000000000000000000e+00
1.000000000000000000e+00
-1.000000000000000000e+00
-4.296173633276922366e-01
1.000000000000000000e+00
-8.380214875523915863e-01
4.434802798304772198e-01
-1.000000000000000000e+00
-3.020641494807327354e-02
2.704214408886669307e-01
1.000000000000000000e+00
-3.422022327551591525e-01
-1.280433580917266223e-01
-1.000000000000000000e+00
1.000000000000000000e+00
-1.000000000000000000e+00
1.000000000000000000e+00
-2.686442320092388147e-01
-1.000000000000000000e+00
-1.000000000000000000e+00
9.183262205651132604e-01
-1.000000000000000000e+00
-1.000000000000000000e+00
1.000000000000000000e+00
1.000000000000000000e+00
1.000000000000000000e+00
-2.947103537742641333e-01
1.000000000000000000e+00
-3.839732906815014335e-01
1.000000000000000000e+00
-4.653696172793536645e-01
-1.000000000000000000e+00
-1.000000000000000000e+00
1.000000000000000000e+00
-1.000000000000000000e+00
1.000000000000000000e+00
-8.040158946429267761e-01
-3.066215089719070974e-02
-1.000000000000000000e+00
1.000000000000000000e+00
-3.808409405936502568e-01
1.000000000000000000e+00
-1.000000000000000000e+00
-1.000000000000000000e+00
-1.000000000000000000e+00
-1.000000000000000000e+00
1.000000000000000000e+00
-1.000000000000000000e+00
-7.221755666673981278e-01
6.662753924344072542e-01
-1.000000000000000000e+00
-1.000000000000000000e+00
1.000000000000000000e+00
6.109857702746092079e-01
-5.264398721310270535e-01
-1.000000000000000000e+00
1.000000000000000000e+00
1.000000000000000000e+00
1.000000000000000000e+00
1.000000000000000000e+00
1.000000000000000000e+00
1.000000000000000000e+00
1.000000000000000000e+00
3.077739146427493355e-01
-1.000000000000000000e+00
2.305383357029848757e-01
6.257193902678210851e-01
8.396350987443568226e-01
-3.107768520404284307e-01
4.741620902707950336e-01
-1.000000000000000000e+00
8.668446585166353913e-01
-1.000000000000000000e+00
3.004282406184758392e-01
5.894519810697163020e-01
8.879491979829576831e-01
-1.000000000000000000e+00
-9.302174075447300350e-01
1.000000000000000000e+00
-1.000000000000000000e+00
5.884045447082127955e-01
-1.000000000000000000e+00
4.036845827961221822e-01
-1.000000000000000000e+00
1.000000000000000000e+00
1.000000000000000000e+00
-1.000000000000000000e+00
1.000000000000000000e+00
1.000000000000000000e+00
-8.070086964436278265e-01
2.476801489617814767e-01
-1.000000000000000000e+00
1.000000000000000000e+00
1.000000000000000000e+00
-1.000000000000000000e+00
-6.846759445069835470e-01
-1.000000000000000000e+00
-1.000000000000000000e+00
8.370984734817661366e-01
