-1.000000000000000000e+00
-1.000000000000000000e+00
-6.006441134231981227e-01
1.000000000000000000e+00
1.000000000000000000e+00
6.392447326692729526e-02
1.000000000000000000e+00
8.010340499625576705e-01
-3.992228167383777837e-01
-6.631726083020395013e-01
1.000000000000000000e+00
-6.178891730724036524e-01
-9.596379339801028863e-01
-1.000000000000000000e+00
1.000000000000000000e+00
8.728853107701672887e-01
-6.433130467880090464e-01
9.738547104759779360e-01
1.895725643179450581e-01
1.000000000000000000e+00
1.000000000000000000e+00
-1.000000000000000000e+00
-1.643203816778313620e-01
1.654898374749751849e-02
1.000000000000000000e+00
-1.000000000000000000e+00
1.000000000000000000e+00
4.341499611567625205e-01
2.979990549264610600e-01
-1.000000000000000000e+00
7.417094010836671192e-01
1.000000000000000000e+00
-1.000000000000000000e+00
-1.000000000000000000e+00
1.000000000000000000e+00
-1.000000000000000000e+00
7.645961492932876746e-01
1.000000000000000000e+00
-1.000000000000000000e+00
1.000000000000000000e+00
1.000000000000000000e+00
-1.000000000000000000e+00
4.620544780154212106e-02
-1.000000000000000000e+00
-4.341180656025843687e-01
5.947804563201622985e-01
-4.222647422126306616e-01
2.472309368939058505e-01
8.318897306657335733e-01
1.000000000000000000e+00
1.000000000000000000e+00
-8.649235182875654182e-01
7.060424544831169769e-01
-1.000000000000000000e+00
-1.000000000000000000e+00
-1.000000000000000000e+00
7.465878873856084397e-01
-2.329775743284941414e-01
9.419500814852670434e-01
6.825603617389086608e-02
2.295830848714235373e-01
-4.205022137455716180e-01
1.000000000000000000e+00
-1.745858368327567467e-01
1.000000000000000000e+00
-1.000000000000000000e+00
-5.720352427952177798e-01
-8.512946660364985041e-01
3.462828552004074134e-01
-4.534688224259555978e-01
1.059422119357733560e-02
8.692998859399185818e-01
8.229459107637990822e-01
1.000000000000000000e+00
-6.811211949946864852e-01
-1.000000000000000000e+00
1.000000000000000000e+00
-1.000000000000000000e+00
1.000000000000000000e+00
-8.746666972504566484e-01
4.557996479365422071e-01
3.306544018982519040e-01
-1.000000000000000000e+00
1.000000000000000000e+00
-8.689000156956218079e-01
-1.000000000000000000e+00
-1.000000000000000000e+00
1.000000000000000000e+00
1.000000000000000000e+00
-7.274280425004522321e-01
-7.000429075343697072e-01
-8.061089406741127339e-02
-1.000000000000000000e+00
1.000000000000000000e+00
8.731622396086602400e-02
1.000000000000000000e+00
-9.973508155559385191e-01
7.366327372307123200e-01
1.000000000000000000e+00
-2.974101870949560356e-01
1.367930001586681321e-02
-1.000000000000000000e+00
1.000000000000000000e+00
1.000000000000000000e+00
-3.007491029971848251e-02
9.926916857827944307e-01
-1.000000000000000000e+00
9.030247295263158502e-01
6.637095335779464866e-01
-1.000000000000000000e+00
1.000000000000000000e+00
-1.000000000000000000e+00
-3.444807409470089787e-01
1.000000000000000000e+00
-6.754650910036319456e-02
-1.000000000000000000e+00
6.910568237012503223e-01
-1.000000000000000000e+00
-1.000000000000000000e+00
-2.922709192968432901e-01
-1.000000000000000000e+00
-1.000000000000000000e+00
2.398743586954192875e-01
-1.000000000000000000e+00
-1.000000000000000000e+00
1.000000000000000000e+00
-1.000000000000000000e+00
6.184096428059381312e-01
-4.111410530757563797e-01
7.614644785697455287e-01
1.000000000000000000e+00
9.644286630280674011e-02
1.717489859119346596e-01
-1.000000000000000000e+00
-1.521744246055305450e-01
1.000000000000000000e+00
-1.000000000000000000e+00
1.000000000000000000e+00
1.000000000000000000e+00
-8.866867755620777558e-01
-4.115424763754705895e-01
-1.000000000000000000e+00
1.000000000000000000e+00
-6.324302341912230174e-01
-1.000000000000000000e+00
-1.000000000000000000e+00
-8.596051853252721919e-01
4.700783331216819017e-01
-1.000000000000000000e+00
5.195771617156046407e-01
7.148732298686247821e-01
6.615726031062190149e-01
-2.905278291174748784e-01
7.775583260913733197e-01
-1.468094047966222448e-01
-7.236666930527133612e-01
1.000000000000000000e+00
8.145362717518869200e-01
-6.998822044457001512e-01
8.708975710355115751e-03
-5.461337540740945906e-01
1.000000000000000000e+00
-8.837762360487144697e-02
1.000000000000000000e+00
1.000000000000000000e+00
-1.000000000000000000e+00
1.000000000000000000e+00
1.000000000000000000e+00
-6.437215271093670310e-01
1.000000000000000000e+00
1.000000000000000000e+00
1.750920401734177845e-01
-2.707206139994312033e-01
1.000000000000000000e+00
1.000000000000000000e+00
2.759828404112384392e-01
-7.249658329646180288e-01
1.000000000000000000e+00
1.000000000000000000e+00
4.847851727634253649e-01
2.704694407089306418e-01
-8.425244402855780468e-01
-1.000000000000000000e+00
-1.000000000000000000e+00
1.000000000000000000e+00
5.416762164866052442e-01
2.782199077763902739e-01
-1.000000000000000000e+00
-4.340721425496549823e-01
-1.000000000000000000e+00
-2.697446770651098502e-01
1.000000000000000000e+00
-1.000000000000000000e+00
-1.000000000000000000e+00
1.000000000000000000e+00
1.298697325929013546e-01
1.000000000000000000e+00
-3.414548405472523362e-01
-1.000000000000000000e+00
-1.000000000000000000e+00
-1.000000000000000000e+00
-1.000000000000000000e+00
-9.005902726821788384e-01
1.000000000000000000e+00
1.000000000000000000e+00
-1.000000000000000000e+00
-8.083499070352582194e-01
-1.046698546128197460e-01
7.311120451426470490e-01
6.418214321452929694e-01
-1.000000000000000000e+00
-1.000000000000000000e+00
-6.937608976619972223e-01
-1.000000000000000000e+00
1.000000000000000000e+00
8.046686102543438857e-01
1.000000000000000000e+00
-1.000000000000000000e+00
1.000000000000000000e+00
-6.954823129442425644e-01
-2.220229413184228173e-01
6.920359348430578095e-01
1.000000000000000000e+00
5.628581182440900443e-01
3.573113551907428631e-01
9.844836648744006435e-01
-9.031687963428424171e-01
-1.000000000000000000e+00
-6.289074605006218510e-01
-1.000000000000000000e+00
-1.000000000000000000e+00
-1.000000000000000000e+00
4.407451000933599872e-01
1.000000000000000000e+00
-1.000000000000000000e+00
-4.503326467303572223e-01
8.241196398712367088e-01
5.800518037436281915e-01
1.000000000000000000e+00
-1.236193740259220464e-01
-8.926153877017012350e-01
-6.329790953305288737e-01
-1.000000000000000000e+00
9.781252580028706456e-01
-7.037812883394306551e-02
-9.385633828760057140e-01
1.000000000000000000e+00
-4.995627768990580364e-01
-2.670951475638294603e-01
-1.000000000000000000e+00
1.000000000000000000e+00
-1.000000000000000000e+00
1.000000000000000000e+00
-1.000000000000000000e+00
1.000000000000000000e+00
-7.313433986012207733e-01
-6.123750510767582700e-01
1.000000000000000000e+00
1.000000000000000000e+00
1.541057337670708183e-01
9.922260555224432510e-01
1.000000000000000000e+00
1.000000000000000000e+00
3.664059032343134348e-01
-1.000000000000000000e+00
