-1.000000000000000000e+00
1.000000000000000000e+00
1.000000000000000000e+00
9.834868376167187343e-01
1.000000000000000000e+00
-1.000000000000000000e+00
3.444579804949322588e-01
-1.000000000000000000e+00
-8.401724650015833795e-01
-1.000000000000000000e+00
7.053135891549419112e-01
-8.834745541369287691e-01
1.000000000000000000e+00
-1.000000000000000000e+00
1.000000000000000000e+00
-8.916187092343623721e-01
-1.000000000000000000e+00
-1.000000000000000000e+00
1.000000000000000000e+00
-6.787319855426003912e-01
1.000000000000000000e+00
1.000000000000000000e+00
3.835572925339088002e-01
1.000000000000000000e+00
2.127484717225784916e-01
-5.857952308869297520e-01
-1.000000000000000000e+00
-1.000000000000000000e+00
-1.647147946482343528e-01
3.040226206403732201e-01
1.000000000000000000e+00
4.719467969217839842e-01
1.000000000000000000e+00
-6.170933950184513961e-01
1.665517517625203503e-01
-6.388623611668515778e-01
-2.992922017017393133e-01
-1.000000000000000000e+00
3.120889016782812386e-01
5.534622229527871307e-01
1.000000000000000000e+00
-7.967339598809172196e-01
-1.000000000000000000e+00
-1.000000000000000000e+00
8.872857057597549613e-03
4.456756826872760868e-01
1.000000000000000000e+00
4.072227125761040400e-01
-7.834840318364695300e-01
8.110979113796306095e-01
-3.993691800364190803e-01
-1.000000000000000000e+00
-3.144414521001226426e-01
-1.032308499654883693e-01
-9.479593204955112373e-01
3.890435485358484380e-01
1.000000000000000000e+00
-3.921934915782105957e-01
-3.647486988371770877e-01
4.272332727403701513e-01
-5.711389261173662746e-01
1.000000000000000000e+00
-1.000000000000000000e+00
1.000000000000000000e+00
-6.451791499135542951e-01
-1.000000000000000000e+00
-1.000000000000000000e+00
4.796944735815668048e-01
1.000000000000000000e+00
-8.108097834947018967e-01
-9.346074777637489728e-01
1.436804050038046898e-01
-2.048286510643384517e-01
1.000000000000000000e+00
3.642324854418984015e-01
-1.000000000000000000e+00
-1.503385664133739530e-01
-6.257304331559385702e-01
3.878742846034267111e-01
6.405061691392576195e-01
5.682421277531457537e-02
-1.000000000000000000e+00
8.684530609747281860e-01
8.389095309522232036e-01
-1.000000000000000000e+00
-1.000000000000000000e+00
-6.174446927149773723e-01
-8.367814010804984770e-01
5.317421590127650033e-01
4.847012831249106757e-01
1.000000000000000000e+00
-1.000000000000000000e+00
6.221841631961877450e-02
-1.000000000000000000e+00
-2.457784185169467062e-01
-7.555653016599379601e-01
9.446378725999784454e-01
-1.000000000000000000e+00
1.000000000000000000e+00
-6.784967755735749062e-01
-1.000000000000000000e+00
7.979763267062771614e-01
-1.000000000000000000e+00
1.000000000000000000e+00
7.121705510833116204e-01
-1.000000000000000000e+00
6.695186972380771095e-01
-6.419609941973680733e-01
-9.131468936426530014e-01
3.764620599948990121e-01
-1.000000000000000000e+00
-1.000000000000000000e+00
1.000000000000000000e+00
1.000000000000000000e+00
-1.000000000000000000e+00
-1.000000000000000000e+00
-1.000000000000000000e+00
-1.000000000000000000e+00
1.000000000000000000e+00
6.533907385564342585e-01
1.000000000000000000e+00
9.021241919057507719e-01
-5.063926909682312516e-01
1.000000000000000000e+00
4.376960205839283136e-01
-5.526081565241893756e-01
2.928633857250235728e-01
1.000000000000000000e+00
8.308790437210548108e-01
3.816679234192161263e-01
-8.530493449257932070e-01
-2.627980183129676184e-01
2.483715014717580161e-02
1.000000000000000000e+00
-3.858224128903027794e-01
1.000000000000000000e+00
-8.210977314712455399e-01
1.000000000000000000e+00
5.457846163578886634e-01
-7.592284246518584689e-01
3.013124972550124681e-01
-4.049055848631994969e-01
-1.000000000000000000e+00
1.000000000000000000e+00
1.000000000000000000e+00
-9.263287890360956123e-01
6.307962971126392926e-01
1.000000000000000000e+00
1.072077790687130383e-01
1.000000000000000000e+00
-5.092605252951417638e-01
1.000000000000000000e+00
-6.162420413812037534e-01
-6.295602597225213870e-02
-8.505561626913555884e-01
-1.000000000000000000e+00
1.000000000000000000e+00
1.054020089820584261e-01
7.532069948946440441e-01
-4.942987764703351550e-01
2.160578918580442487e-01
-6.697521930411383106e-01
3.490258684470139428e-01
-1.000000000000000000e+00
8.652209717688668089e-01
1.000000000000000000e+00
-1.000000000000000000e+00
-1.000000000000000000e+00
-1.000000000000000000e+00
7.247081570011917329e-01
1.000000000000000000e+00
3.180852751603624462e-02
1.313006744177252771e-01
1.000000000000000000e+00
1.000000000000000000e+00
-2.311478300932793273e-01
-4.354439361074739501e-01
8.669564065926589347e-01
1.000000000000000000e+00
1.000000000000000000e+00
-2.801254046477512638e-01
-2.317595637531886243e-01
1.000000000000000000e+00
7.910233236449037975e-01
-3.966131238761370081e-01
6.918146799829276716e-01
-1.000000000000000000e+00
-9.308453069088062914e-01
1.000000000000000000e+00
1.000000000000000000e+00
1.841598477022977631e-01
3.580205292022498598e-01
-1.000000000000000000e+00
4.676429808136284838e-01
-3.717511330042378992e-01
-3.503143488315114684e-01
-8.105525823818036102e-01
-5.266413712747208820e-02
-1.000000000000000000e+00
-4.934302052939124605e-01
-6.570230381712780510e-01
1.000000000000000000e+00
1.000000000000000000e+00
-1.000000000000000000e+00
-6.222795709444818302e-01
-8.075639683910471600e-01
-4.429646102454587453e-01
-1.000000000000000000e+00
5.421247832276256950e-01
2.017168862225007242e-01
1.000000000000000000e+00
-1.000000000000000000e+00
1.000000000000000000e+00
1.000000000000000000e+00
7.087770851434836983e-01
1.000000000000000000e+00
-1.000000000000000000e+00
-1.000000000000000000e+00
-5.139048437781457146e-02
-3.546253041493991898e-01
-2.549548616405213908e-01
7.367158384955621031e-01
1.000000000000000000e+00
1.000000000000000000e+00
-1.000000000000000000e+00
7.411169706516509970e-02
-7.284073339811762970e-01
1.000000000000000000e+00
1.000000000000000000e+00
-4.205594522923011835e-01
-7.763315630019935742e-01
1.000000000000000000e+00
1.000000000000000000e+00
-5.765757480599473794e-01
-2.574748179216292954e-01
1.000000000000000000e+00
-6.424083918468469490e-01
9.419298603956420823e-01
-1.000000000000000000e+00
1.000000000000000000e+00
2.930057751238478447e-01
2.878116358962037880e-01
1.000000000000000000e+00
1.000000000000000000e+00
5.931680661261545806e-01
4.456367921971227108e-01
-5.478357444320940406e-01
-8.039340375955467133e-02
-1.000000000000000000e+00
-1.000000000000000000e+00
7.992120208509134738e-01
9.088973365628525425e-01
1.815470012939828237e-01
-1.000000000000000000e+00
-2.144468205472342404e-01
-1.000000000000000000e+00
1.000000000000000000e+00
1.000000000000000000e+00
4.407658517603023629e-01
-1.000000000000000000e+00
-1.000000000000000000e+00
-1.000000000000000000e+00
-7.834143620256414087e-01
1.000000000000000000e+00
1.000000000000000000e+00
