-1.392851984547783806e-01
1.607031463760651424e-01
-2.682055516302851439e-01
3.841036462534446194e-01
1.000000000000000000e+00
-4.234353676876756456e-01
1.000000000000000000e+00
8.211907582576634113e-01
-9.990743729302400400e-01
-1.000000000000000000e+00
1.000000000000000000e+00
1.000000000000000000e+00
-1.000000000000000000e+00
1.000000000000000000e+00
1.000000000000000000e+00
1.000000000000000000e+00
5.200208283864851122e-01
-9.600013682459259678e-01
-1.000000000000000000e+00
-1.000000000000000000e+00
1.000000000000000000e+00
3.074704718479231436e-01
-1.000000000000000000e+00
7.632601181738090101e-01
-4.631903313039613668e-01
1.000000000000000000e+00
-3.349051055549709943e-01
-7.235320709856345456e-01
1.000000000000000000e+00
-1.000000000000000000e+00
-7.837266185261961837e-01
1.000000000000000000e+00
-1.000000000000000000e+00
1.000000000000000000e+00
-1.000000000000000000e+00
5.824038194370729782e-01
-6.587735517012225372e-01
-1.000000000000000000e+00
1.000000000000000000e+00
-1.000000000000000000e+00
1.000000000000000000e+00
-6.741715486052859418e-01
1.000000000000000000e+00
-6.340175656942032001e-01
3.605000911980068001e-01
-2.593333327442470804e-02
-1.095361385735869053e-01
-1.000000000000000000e+00
2.608002990404629795e-01
1.000000000000000000e+00
-7.379129488513245239e-01
-1.000000000000000000e+00
-1.000000000000000000e+00
-5.414756596945968781e-01
-1.000000000000000000e+00
1.000000000000000000e+00
1.000000000000000000e+00
1.000000000000000000e+00
-5.576598846643689988e-01
1.204629964206416215e-01
3.039466739924412964e-01
-1.000000000000000000e+00
-4.451631553511734563e-01
8.248829511590876074e-01
-1.000000000000000000e+00
-7.031801724975088597e-01
-8.211937522621211016e-01
1.450892319067684788e-01
-1.000000000000000000e+00
-8.667865216051743316e-01
-8.263365690017991927e-01
1.000000000000000000e+00
-1.000000000000000000e+00
1.000000000000000000e+00
5.731408988960049466e-01
-1.000000000000000000e+00
-1.000000000000000000e+00
-3.291700857148380233e-01
-5.033712939426346900e-01
-5.523797252745241693e-01
5.829342422133683144e-01
-5.360811047465174894e-02
1.000000000000000000e+00
-5.430107251237379362e-01
-1.000000000000000000e+00
4.310494399064850324e-01
-3.319047092130132937e-01
-1.000000000000000000e+00
-1.000000000000000000e+00
-7.764508397462621669e-01
2.846090699979851868e-01
-7.887332232639627794e-01
9.202261703847574026e-01
-7.076368517577912298e-01
9.568238635794348301e-01
7.794084787126220881e-02
5.198462470138998093e-02
-1.209395750562491378e-01
-1.000000000000000000e+00
-5.616132491780686520e-01
1.000000000000000000e+00
1.000000000000000000e+00
1.000000000000000000e+00
1.000000000000000000e+00
1.565143484173650013e-01
-3.153011212993632739e-01
3.677138858727655446e-01
4.275553323417942142e-01
1.000000000000000000e+00
-4.300663543851649950e-01
-4.238871129537888915e-01
4.613786115783523600e-01
-6.017167587941882889e-01
4.778131685351846292e-01
4.457045536067332780e-01
1.000000000000000000e+00
-1.000000000000000000e+00
-1.000000000000000000e+00
3.048919105475423885e-01
4.914753720172805873e-01
7.544351336189263346e-01
-9.360190625049332747e-01
2.362381142585023852e-01
1.000000000000000000e+00
8.521962959337863186e-01
1.000000000000000000e+00
8.125663856696422327e-01
-2.158176068071122056e-01
9.376288533806946823e-01
2.656876283813754958e-01
-3.461499057051600214e-01
2.968371357956024470e-01
4.909646564194418694e-01
-5.690105759456927093e-01
4.662020259761238128e-01
-1.000000000000000000e+00
6.521587233763808111e-01
-1.000000000000000000e+00
-2.148180182468197863e-01
1.000000000000000000e+00
1.000000000000000000e+00
1.000000000000000000e+00
1.000000000000000000e+00
1.730228865399510152e-01
8.584897555297952287e-01
7.881354149727857195e-01
-1.000000000000000000e+00
-6.600928036681870115e-01
-2.580384625661944487e-01
2.049723576433258865e-01
-4.725358108903878196e-01
-3.869129856887381091e-01
-5.560507612847231940e-02
-1.000000000000000000e+00
1.000000000000000000e+00
3.930369121336261817e-01
1.000000000000000000e+00
3.098236667496803154e-01
-1.000000000000000000e+00
8.393739178662720235e-01
-3.115001756825054313e-01
1.000000000000000000e+00
-5.631005941519560132e-01
-1.000000000000000000e+00
-3.812698158358338585e-01
-6.835739202955615212e-02
1.000000000000000000e+00
7.005572158904003199e-01
-4.031080877627341019e-01
7.788437708115927283e-01
-3.061954244643508849e-01
-1.000000000000000000e+00
2.404316413647508144e-01
-1.000000000000000000e+00
1.000000000000000000e+00
-1.000000000000000000e+00
1.000000000000000000e+00
4.396537106188531663e-01
8.107819387679149337e-02
6.461249562950689418e-01
-1.000000000000000000e+00
-7.512625938763620725e-01
-1.000000000000000000e+00
-9.766036327650406967e-01
-1.000000000000000000e+00
-6.764148493459172240e-01
1.000000000000000000e+00
-1.000000000000000000e+00
1.000000000000000000e+00
1.000000000000000000e+00
-4.980775033456649181e-01
-8.663986410484426637e-01
-8.833152821669049137e-01
-7.069393552811527037e-01
1.000000000000000000e+00
-4.007253785372693056e-01
2.626548219447411014e-03
1.000000000000000000e+00
-9.996003897510961078e-01
-9.839103807221344367e-02
1.000000000000000000e+00
-7.515674254758814010e-02
-1.007859500357323745e-01
7.506641420312594182e-01
1.000000000000000000e+00
-1.000000000000000000e+00
-2.250926896906779717e-01
1.000000000000000000e+00
-4.951381162268505554e-01
5.106243082104713338e-01
-5.905291156469291147e-01
-2.925400616532686238e-01
-2.787338420291607388e-01
1.124063113088377142e-01
9.412510318433736645e-02
-1.000000000000000000e+00
-8.265701039201291955e-01
1.000000000000000000e+00
6.943370387126117649e-01
1.000000000000000000e+00
-3.759719011034576841e-01
1.000000000000000000e+00
-9.424756091830110982e-02
1.000000000000000000e+00
-7.679983013809652537e-01
2.178229711355705867e-01
1.000000000000000000e+00
-5.032202119575543975e-01
1.000000000000000000e+00
-1.000000000000000000e+00
9.734558873443877047e-02
-9.885586151508551911e-02
-1.425290296287943237e-01
-5.016876166538561943e-01
-1.000000000000000000e+00
1.000000000000000000e+00
-3.186128807903940707e-01
3.990078789788971125e-01
-7.203379140746881681e-01
8.384887084019123638e-01
-1.000000000000000000e+00
-4.938104395053375395e-01
-3.264968163428932924e-01
4.783897926810158907e-01
1.000000000000000000e+00
-9.160002069864070506e-02
-1.000000000000000000e+00
-5.050325892884791612e-01
7.401055599209274138e-01
-6.974797500154983343e-01
-1.000000000000000000e+00
6.897106570651606594e-01
-7.044493806383143875e-02
-1.000000000000000000e+00
2.935890682418125230e-01
-1.000000000000000000e+00
9.993153736498501249e-01
1.000000000000000000e+00
-1.000000000000000000e+00
-1.000000000000000000e+00
-4.132122447112140939e-02
5.308179683905540625e-01
4.974823633792067046e-01
1.000000000000000000e+00
5.737101882098309957e-01
