-8.898987330644235749e-01
1.000000000000000000e+00
9.071794554599520444e-01
-1.000000000000000000e+00
-1.000000000000000000e+00
-1.763683045654833026e-01
-5.327527882244380564e-01
1.000000000000000000e+00
-5.972200549592976415e-02
-1.000000000000000000e+00
-1.000000000000000000e+00
1.000000000000000000e+00
1.000000000000000000e+00
-6.830552846776480891e-01
1.000000000000000000e+00
1.000000000000000000e+00
-3.551321547294992165e-01
1.000000000000000000e+00
-1.000000000000000000e+00
-1.000000000000000000e+00
1.497515928472790692e-01
-6.594523783873011968e-01
1.000000000000000000e+00
1.000000000000000000e+00
-6.575637918507442059e-01
1.000000000000000000e+00
-2.794415958812384027e-01
1.000000000000000000e+00
1.000000000000000000e+00
-9.090179247596142931e-01
-1.000000000000000000e+00
-1.000000000000000000e+00
1.000000000000000000e+00
1.000000000000000000e+00
-8.248174556792579049e-01
-1.000000000000000000e+00
-4.974466703848802740e-01
1.000000000000000000e+00
1.000000000000000000e+00
1.000000000000000000e+00
-1.372475876596040978e-02
-7.471914833995767502e-01
1.000000000000000000e+00
1.000000000000000000e+00
2.038353006784210386e-01
1.000000000000000000e+00
-1.000000000000000000e+00
1.000000000000000000e+00
3.135343626227320435e-01
-1.000000000000000000e+00
7.488240607511189584e-01
5.712103095642850903e-03
-1.000000000000000000e+00
1.626175323309018150e-01
-9.468642283252088898e-01
-1.000000000000000000e+00
-6.265039349507710575e-01
-9.845250740647273346e-01
1.000000000000000000e+00
1.000000000000000000e+00
1.000000000000000000e+00
1.000000000000000000e+00
5.916673256299820327e-01
-1.000000000000000000e+00
1.000000000000000000e+00
-1.000000000000000000e+00
5.148066858803479473e-02
1.000000000000000000e+00
1.000000000000000000e+00
1.000000000000000000e+00
1.331309039195927024e-01
-1.000000000000000000e+00
-3.753444367312346319e-01
5.363808723859999628e-01
1.000000000000000000e+00
1.262221307175894758e-01
1.000000000000000000e+00
1.000000000000000000e+00
1.000000000000000000e+00
-1.493868753282079354e-02
-5.552156293282751731e-01
-7.996398032836011804e-01
1.000000000000000000e+00
-1.000000000000000000e+00
-2.334605334618842787e-01
-1.000000000000000000e+00
1.000000000000000000e+00
-3.279796662111945649e-01
1.000000000000000000e+00
-1.000000000000000000e+00
-1.000000000000000000e+00
-7.083770295959803676e-01
1.000000000000000000e+00
2.362923890651602576e-02
7.466036733599040742e-01
-1.000000000000000000e+00
5.469186973904655025e-01
1.000000000000000000e+00
-7.664920937922689026e-01
1.000000000000000000e+00
-1.000000000000000000e+00
-1.000000000000000000e+00
-1.000000000000000000e+00
-7.024310814450049900e-01
1.000000000000000000e+00
-1.000000000000000000e+00
1.000000000000000000e+00
1.000000000000000000e+00
1.000000000000000000e+00
-9.464933747674556530e-01
-7.183450937382616086e-01
1.000000000000000000e+00
-1.000000000000000000e+00
1.000000000000000000e+00
-1.000000000000000000e+00
7.555108650995694397e-01
1.000000000000000000e+00
-1.000000000000000000e+00
-1.000000000000000000e+00
1.000000000000000000e+00
-1.000000000000000000e+00
1.000000000000000000e+00
8.345397610137108568e-01
-1.000000000000000000e+00
1.000000000000000000e+00
-1.000000000000000000e+00
4.769086753306606141e-02
1.000000000000000000e+00
1.000000000000000000e+00
-8.621347050459672312e-01
-1.000000000000000000e+00
-1.000000000000000000e+00
1.000000000000000000e+00
-1.000000000000000000e+00
-1.581377993325991937e-01
-7.837598504460497884e-01
-1.000000000000000000e+00
-1.000000000000000000e+00
1.063798626058982677e-01
-4.469386459872971007e-01
-6.546637115753726199e-01
1.304205405224133085e-01
3.535465190483813025e-01
5.078021819910172319e-02
-1.000000000000000000e+00
1.000000000000000000e+00
4.005650582968275364e-01
7.432332055809809379e-01
1.000000000000000000e+00
-1.000000000000000000e+00
1.000000000000000000e+00
-6.388170579436869279e-01
-1.000000000000000000e+00
1.000000000000000000e+00
8.321045055255084089e-01
-2.480991794110709026e-01
1.000000000000000000e+00
1.000000000000000000e+00
-1.000000000000000000e+00
1.000000000000000000e+00
1.000000000000000000e+00
-1.000000000000000000e+00
1.313805545027133537e-01
1.000000000000000000e+00
1.000000000000000000e+00
-1.000000000000000000e+00
-1.000000000000000000e+00
-1.434824345391634559e-02
1.000000000000000000e+00
-1.000000000000000000e+00
-1.000000000000000000e+00
-1.000000000000000000e+00
1.000000000000000000e+00
-9.011458670599774567e-01
-1.000000000000000000e+00
-7.746396049492344504e-01
-1.000000000000000000e+00
4.178661664732684633e-01
-1.231641886603739300e-01
-2.137040181880310308e-01
-3.114783778144869508e-02
1.000000000000000000e+00
-8.676683530912383535e-01
-2.885269080474659464e-01
-1.000000000000000000e+00
-1.000000000000000000e+00
-4.625623113349095483e-01
-6.143872702219871362e-01
9.600826722689724813e-01
-1.000000000000000000e+00
1.000000000000000000e+00
-1.000000000000000000e+00
-1.000000000000000000e+00
-1.000000000000000000e+00
-1.000000000000000000e+00
1.000000000000000000e+00
8.887208670560078905e-02
4.693266630508171611e-01
4.187868394775695613e-02
1.000000000000000000e+00
1.000000000000000000e+00
4.118956134422122606e-01
1.000000000000000000e+00
-1.000000000000000000e+00
1.000000000000000000e+00
1.000000000000000000e+00
-5.895659831833000020e-02
8.195274735183153414e-01
5.113207263567476346e-01
-1.000000000000000000e+00
-7.187869604189220940e-01
-9.976988222165531495e-01
3.349330425254488652e-01
1.741039622704575462e-01
8.393828278257859932e-01
-1.000000000000000000e+00
7.360027270672897526e-02
-1.000000000000000000e+00
1.000000000000000000e+00
-4.715674606698333493e-01
1.000000000000000000e+00
-9.533861968374905960e-01
1.000000000000000000e+00
-9.615356403834105503e-01
1.000000000000000000e+00
7.467807547023942449e-01
-4.268597783669731971e-01
-6.674054835866876090e-01
-4.041519669921799229e-01
-1.000000000000000000e+00
1.000000000000000000e+00
1.000000000000000000e+00
1.000000000000000000e+00
2.280794867419879690e-01
-1.000000000000000000e+00
-4.130978133904187333e-01
-1.000000000000000000e+00
3.620151132750234479e-01
9.198745485426625956e-01
-1.000000000000000000e+00
-1.000000000000000000e+00
1.000000000000000000e+00
8.921452096967570355e-01
1.000000000000000000e+00
8.861353830241770480e-01
-5.997251364008837626e-01
-1.000000000000000000e+00
9.826713518218438415e-01
-1.000000000000000000e+00
1.000000000000000000e+00
-1.000000000000000000e+00
1.077023549461824103e-01
-1.000000000000000000e+00
1.000000000000000000e+00
-8.443650121015889853e-01
1.000000000000000000e+00
-1.000000000000000000e+00
1.000000000000000000e+00
1.325301264420986613e-01
8.520015865082741779e-01
1.000000000000000000e+00
1.000000000000000000e+00
2.173851702535984920e-01
-1.000000000000000000e+00
-8.129741238977367113e-02
