-1.000000000000000000e+00
7.659334639235084730e-01
-1.000000000000000000e+00
1.000000000000000000e+00
-1.870621273828269038e-01
1.000000000000000000e+00
1.000000000000000000e+00
4.089461514331025338e-01
1.000000000000000000e+00
1.000000000000000000e+00
3.936957891201883220e-01
-1.000000000000000000e+00
-1.353434691586871685e-01
4.035861681282986169e-01
-1.000000000000000000e+00
-1.000000000000000000e+00
-1.000000000000000000e+00
-1.000000000000000000e+00
-1.000000000000000000e+00
6.371524735953507657e-01
1.000000000000000000e+00
-1.000000000000000000e+00
-1.000000000000000000e+00
1.000000000000000000e+00
1.000000000000000000e+00
1.000000000000000000e+00
-1.000000000000000000e+00
-1.000000000000000000e+00
-1.013930969599559917e-01
8.191189990546952071e-01
-5.238220601325461745e-01
-1.000000000000000000e+00
1.000000000000000000e+00
-2.825241027406888428e-01
-1.000000000000000000e+00
8.158639231612351272e-01
-1.000000000000000000e+00
-1.000000000000000000e+00
-1.000000000000000000e+00
1.000000000000000000e+00
2.434842618964944139e-02
5.190074992442337276e-01
-1.000000000000000000e+00
1.000000000000000000e+00
1.000000000000000000e+00
2.209185341703914784e-01
1.000000000000000000e+00
-1.000000000000000000e+00
-4.313445722794462256e-03
-6.042544704907573117e-01
1.000000000000000000e+00
1.000000000000000000e+00
1.729360827224579733e-01
-8.928572403431342952e-01
-1.000000000000000000e+00
1.000000000000000000e+00
1.000000000000000000e+00
1.000000000000000000e+00
1.000000000000000000e+00
1.000000000000000000e+00
-1.000000000000000000e+00
-7.269779996463112681e-01
-9.469539529193583549e-01
1.000000000000000000e+00
-1.000000000000000000e+00
-4.667183977938504924e-02
-1.000000000000000000e+00
9.747094142522090277e-01
1.000000000000000000e+00
-3.987967085130705858e-01
3.155939430895625675e-01
-1.262444354151963655e-01
1.000000000000000000e+00
-1.000000000000000000e+00
-1.000000000000000000e+00
-6.026520065631884027e-01
1.618010951292919719e-02
-9.322172157557905292e-01
-1.000000000000000000e+00
1.000000000000000000e+00
-8.491899027319936843e-01
-1.000000000000000000e+00
-1.000000000000000000e+00
1.000000000000000000e+00
-1.000000000000000000e+00
1.000000000000000000e+00
-1.000000000000000000e+00
-1.000000000000000000e+00
1.000000000000000000e+00
-1.000000000000000000e+00
-1.000000000000000000e+00
-6.794846619625573014e-01
1.626451823216236159e-01
-1.000000000000000000e+00
3.424752223716619470e-01
1.000000000000000000e+00
-5.239992159844175657e-01
-1.000000000000000000e+00
1.000000000000000000e+00
1.000000000000000000e+00
1.000000000000000000e+00
1.000000000000000000e+00
1.000000000000000000e+00
1.000000000000000000e+00
3.443940068826200074e-01
-1.000000000000000000e+00
2.885546543450410173e-01
-1.000000000000000000e+00
2.061771344067659939e-01
-1.000000000000000000e+00
-1.000000000000000000e+00
4.531826750123685299e-01
1.000000000000000000e+00
-1.000000000000000000e+00
1.000000000000000000e+00
1.000000000000000000e+00
-1.000000000000000000e+00
-7.113821785115450602e-01
1.000000000000000000e+00
6.431901943821933809e-01
-9.502195236042758619e-01
1.000000000000000000e+00
1.000000000000000000e+00
1.000000000000000000e+00
1.000000000000000000e+00
-1.000000000000000000e+00
1.000000000000000000e+00
-3.259372570170804284e-01
-1.000000000000000000e+00
-8.887235281371582696e-01
1.000000000000000000e+00
-3.066708900146096761e-01
1.000000000000000000e+00
-5.669798319005996401e-01
-8.617241032453769600e-01
-2.292514332396989873e-01
-7.638508708258859858e-01
-3.768706883874846092e-01
1.000000000000000000e+00
-1.508244995330845217e-01
-1.000000000000000000e+00
1.000000000000000000e+00
-1.000000000000000000e+00
1.000000000000000000e+00
-7.840832693498503980e-01
-1.000000000000000000e+00
7.181163524166647161e-01
1.000000000000000000e+00
-5.969272975779147394e-01
-7.406466007742117386e-01
1.000000000000000000e+00
1.000000000000000000e+00
-1.000000000000000000e+00
1.000000000000000000e+00
1.000000000000000000e+00
-9.432773017633784562e-02
1.000000000000000000e+00
1.000000000000000000e+00
1.000000000000000000e+00
-1.000000000000000000e+00
-8.226151456048125254e-01
1.000000000000000000e+00
-1.000000000000000000e+00
-8.635567835608302101e-01
-1.844606277623433988e-02
1.000000000000000000e+00
1.000000000000000000e+00
-4.830256339125638121e-01
-6.889885704166598401e-04
-8.875635980930127178e-02
-4.855995689084504630e-01
1.000000000000000000e+00
-1.000000000000000000e+00
-5.084957775110213740e-01
1.000000000000000000e+00
1.000000000000000000e+00
7.180272152399247432e-03
7.407310031762422975e-01
-5.410588793544418573e-01
-3.670609874705644815e-01
1.000000000000000000e+00
1.000000000000000000e+00
1.000000000000000000e+00
1.000000000000000000e+00
-9.149374135252690277e-01
4.568555209641074755e-01
1.000000000000000000e+00
-9.476201288680689006e-01
-1.000000000000000000e+00
9.628159072985597033e-01
-1.000000000000000000e+00
-2.314173185006521694e-01
1.000000000000000000e+00
-1.000000000000000000e+00
1.000000000000000000e+00
1.000000000000000000e+00
1.000000000000000000e+00
-1.000000000000000000e+00
1.221289481275627253e-01
2.559690295170656826e-01
1.000000000000000000e+00
-1.000000000000000000e+00
-2.371852153484441672e-01
-1.000000000000000000e+00
-1.000000000000000000e+00
-1.000000000000000000e+00
1.000000000000000000e+00
-1.000000000000000000e+00
1.910557862171414767e-01
-4.888192939772303403e-01
-8.256882279206311237e-01
-7.073469576550031057e-01
1.000000000000000000e+00
1.000000000000000000e+00
1.000000000000000000e+00
-1.000000000000000000e+00
-1.000000000000000000e+00
-6.924857538659390244e-01
1.000000000000000000e+00
1.000000000000000000e+00
9.020317966699136214e-01
-7.928677263960106636e-01
1.000000000000000000e+00
-6.615659868731823545e-01
6.248824158855992295e-01
-1.000000000000000000e+00
-1.000000000000000000e+00
-1.000000000000000000e+00
-7.552936143012364267e-01
1.000000000000000000e+00
-1.000000000000000000e+00
1.000000000000000000e+00
-2.394264335622237061e-02
4.860186430138377922e-01
1.000000000000000000e+00
-1.000000000000000000e+00
-6.742177009874130711e-01
9.582860446069815241e-01
1.000000000000000000e+00
-2.852597862241689763e-01
-1.000000000000000000e+00
-2.541247749274164192e-01
-1.000000000000000000e+00
1.000000000000000000e+00
1.000000000000000000e+00
1.000000000000000000e+00
1.000000000000000000e+00
8.830984942152972916e-01
-1.000000000000000000e+00
1.000000000000000000e+00
3.185184861002217094e-01
-2.419843884428827252e-01
-3.401600014894389790e-01
-1.000000000000000000e+00
-1.000000000000000000e+00
1.000000000000000000e+00
1.000000000000000000e+00
-1.000000000000000000e+00
4.626713839339144929e-01
7.730645777778797356e-01
-1.000000000000000000e+00
-2.834546414411998061e-01
-6.260029059207078417e-01
1.000000000000000000e+00
5.228431047061885550e-01
