-3.021746032322066844e-01
-7.411638244703654399e-01
1.000000000000000000e+00
8.051662183368488712e-01
6.712538328770221163e-01
5.495178117546550833e-01
8.411944941644549090e-01
-1.873330449402594300e-01
4.228218733172932620e-01
-9.859783725533421972e-03
-1.540884643008157973e-01
1.000000000000000000e+00
-6.541161721769364057e-01
-9.315121223336686462e-02
-1.000000000000000000e+00
8.212502409216002608e-01
-4.615033066884111079e-02
-1.795018685641398548e-01
-4.244754917331414190e-01
1.000000000000000000e+00
-6.190812409223405144e-01
-4.296497534753300762e-01
-8.751175845277785470e-01
-7.844608410439906088e-01
-1.000000000000000000e+00
-3.035906078016272769e-01
-3.959007402379242091e-01
9.630674117519146815e-01
-7.065199625354381396e-01
8.862895319162600316e-01
3.672560934016955159e-02
-8.089650855621539627e-01
-4.936751031150055091e-01
1.000000000000000000e+00
-1.000000000000000000e+00
4.903747720291955492e-01
-3.926040356369318030e-01
-5.713704037017108828e-01
-7.367308084396568812e-01
2.470419417443490140e-01
-4.021536061509078941e-02
9.459562180831493361e-01
-5.383227810908119970e-01
-7.430691359990615474e-01
-7.109273383241563327e-01
-1.306298684739209959e-01
7.932295161288744900e-01
-1.000000000000000000e+00
4.162451807168752738e-01
-5.815886939181602600e-02
5.547873418134203760e-01
-2.200337257395596491e-01
-4.608607030207900745e-01
1.000000000000000000e+00
-1.013082110892409293e-01
6.067764341071417711e-01
4.268525078306821818e-01
1.000000000000000000e+00
1.176187083563027258e-01
5.672599890288607671e-01
-7.501117904118679292e-01
-6.105432455616570664e-01
-4.889083723109086677e-01
-1.000000000000000000e+00
-1.000000000000000000e+00
-7.978539759138090215e-01
2.475607253223787163e-01
1.617399345388805809e-01
9.985203672784637163e-02
-1.000000000000000000e+00
-6.526526473333336131e-01
1.000000000000000000e+00
6.674331856036415100e-01
6.066844625953695669e-01
-1.000000000000000000e+00
-1.000000000000000000e+00
-3.149629761356020907e-02
7.727207838725406175e-01
4.831956536748698294e-01
7.834717467033149862e-01
-1.000000000000000000e+00
-1.000000000000000000e+00
1.000000000000000000e+00
-1.000000000000000000e+00
-3.802522661930625159e-01
1.474470286678144504e-01
1.000000000000000000e+00
-1.000000000000000000e+00
-4.341307935399985052e-01
-6.023945914944350832e-02
1.000000000000000000e+00
-6.092983755313303718e-01
-5.672501818974600152e-01
4.096106441983564661e-01
-1.000000000000000000e+00
-1.000000000000000000e+00
-3.934672408749136929e-01
6.007834517089459814e-01
1.638458297587943591e-01
1.075973718245293309e-01
-1.000000000000000000e+00
-8.049623589071666085e-01
9.327482477146276096e-01
-3.424290665631350983e-01
1.000000000000000000e+00
-1.049808883930987147e-01
-9.185857138075996797e-01
1.610841950610994444e-01
5.109126019622542980e-01
3.876974935944077494e-02
-7.213207092145779153e-01
-3.290399570835738086e-01
3.025097720639218224e-01
6.131308060208446875e-01
-1.760483512983055387e-01
8.516935674088279562e-01
-9.977596680648479488e-01
-1.000000000000000000e+00
5.502783605556795798e-01
-7.449667785528522046e-01
6.452537260469928260e-01
-6.354153509011541967e-01
1.000000000000000000e+00
-4.702064166788673116e-01
-7.327574679117081491e-01
-4.643759124351782841e-01
-1.818109377100793900e-01
1.000000000000000000e+00
-6.191114950107263759e-01
5.269188437092053867e-01
-7.780954468997693940e-01
-2.899173750355126811e-01
8.864182079224381949e-01
4.960687234697412906e-01
3.474603688303057325e-01
-1.000000000000000000e+00
-1.179330956655324503e-01
-1.483967843052312885e-01
8.712068842808766700e-01
-4.107222772394596433e-01
2.046914581869545557e-01
1.714825731158582389e-01
-4.685490716195273020e-01
9.240791276497263285e-01
-7.404497102134893760e-01
-9.641215800359217436e-01
5.884854306220229647e-01
-9.524853057169839765e-01
3.284885227624290138e-01
-3.105871046965451576e-01
8.203078777779245767e-01
2.901663248315333732e-02
7.583561849829230095e-01
-8.972830159124312033e-01
9.019705906440977916e-02
-1.034680946773391952e-03
-6.297350847462492851e-01
-4.417374988033855310e-01
-9.064526097152514339e-02
-3.263278002804275157e-01
6.576369115437192825e-01
3.869270159935774833e-01
-1.000000000000000000e+00
1.000000000000000000e+00
-1.000000000000000000e+00
-1.516983337936829157e-01
1.000000000000000000e+00
3.289416311849060470e-01
4.604022841788180109e-02
3.320783011421297726e-01
-5.483360705536729496e-01
-5.558255015170243674e-02
-5.187188939882731997e-01
-4.077556487862125656e-01
6.487397175459654886e-01
-8.471412606932560152e-02
4.797549410077097676e-01
1.255739352962791378e-01
2.661545459695844329e-01
-6.963804482786284389e-01
-6.653511265563949451e-01
-9.074672419485296793e-01
3.484861065265228430e-01
-8.793054128038813033e-02
8.492826130080570746e-01
9.518824437230705149e-03
-2.355943405949030289e-01
1.000000000000000000e+00
2.923762354378385275e-01
-1.000000000000000000e+00
7.342693799532655774e-01
6.341859955267250548e-01
1.000000000000000000e+00
-1.000000000000000000e+00
-3.204907824206773004e-01
-1.000000000000000000e+00
-1.690598974101531482e-01
4.580954891613653324e-01
2.105913094791428963e-01
2.983673898588370399e-01
-3.919425984816823361e-01
-5.134598373113392622e-01
-1.000000000000000000e+00
2.169414559607976134e-01
-5.704710470767080377e-01
1.000000000000000000e+00
-7.804019104284689590e-01
-1.000000000000000000e+00
3.845821562174138730e-01
-6.490839830736314653e-01
-9.725736803194884317e-01
5.202947335695640163e-02
7.445122478062240479e-01
5.757947105293517165e-01
9.695829587798843185e-02
1.000000000000000000e+00
1.000000000000000000e+00
7.770517371235814430e-01
-1.000000000000000000e+00
1.607265734481382324e-01
6.908919390714549080e-02
1.000000000000000000e+00
-7.260714208286911386e-02
1.000000000000000000e+00
-5.530944977915355221e-01
-7.050691562359709952e-01
-9.313491192594566259e-01
-5.260507742083544436e-01
-8.087678229599792878e-02
-6.437055929300106172e-01
-2.635044147416905069e-01
-1.000000000000000000e+00
-9.432508704356128426e-01
1.000000000000000000e+00
-2.237964500066205176e-01
-7.768714521553861108e-01
7.672886486724208588e-01
-9.338470418105515591e-01
-7.759664549375586695e-01
5.164476158324606825e-01
-1.000000000000000000e+00
-3.694079181211182838e-01
1.000000000000000000e+00
6.754543866937061658e-01
-5.067219759224865783e-01
-8.934020154768820277e-01
-6.599381369420849186e-01
2.616369950172616754e-01
6.001604892418928028e-01
-6.194498233076262128e-01
1.000000000000000000e+00
1.000000000000000000e+00
1.870178477101092085e-01
-1.000000000000000000e+00
2.245422170661106054e-01
-5.471890561642372974e-01
1.000000000000000000e+00
5.933410992735603795e-01
-1.966017134644793551e-01
9.730597737118349411e-01
4.173958322121837927e-01
-9.251110786536065334e-02
5.910840401226169494e-01
3.959613663580180409e-01
1.000000000000000000e+00
