-3.568172792486703493e-01
2.445927259965157141e-01
4.588852916014347638e-01
4.163677588352332481e-01
2.803846238059681806e-01
7.888740585401263772e-01
7.639393563458685144e-01
-4.560387306153355080e-01
-5.638782552726879782e-01
-8.610397585872839876e-01
1.494525405931510509e-01
6.690166907397572249e-01
5.314389732629560825e-01
-3.931964956561138091e-01
4.024910486536279475e-01
-4.300196852035138573e-01
2.387064295948244652e-01
-8.612619692704317487e-01
-1.032295747760640925e-01
2.692593532973510673e-01
-1.000000000000000000e+00
1.630295911438243150e-01
1.000000000000000000e+00
8.657266239127419105e-01
8.091644952769405652e-01
2.506275799596959786e-01
-1.000000000000000000e+00
6.557654884592123423e-01
-3.323139612479195648e-01
2.481976640520859867e-01
-1.655901221098941833e-02
-6.249194798245503168e-01
7.461553754235115132e-01
-8.869744138521400423e-01
1.555567061191322487e-01
-1.000000000000000000e+00
3.602112702879911588e-01
1.543260749076698080e-01
-3.380874660516053343e-01
1.000000000000000000e+00
1.898367920023120714e-01
2.258506924446257724e-01
-4.756210854045139769e-01
-1.125977817544978610e-01
-5.148915889540714996e-01
7.603977505590675534e-01
6.552080947423521984e-01
-6.462900950864136629e-01
5.016616687938404429e-01
-8.805840189793097128e-01
-1.000000000000000000e+00
8.568469630937471937e-01
6.682524215863183681e-01
7.969509738187832149e-01
1.736188481513829540e-01
-1.000000000000000000e+00
2.123660469807993056e-01
1.000000000000000000e+00
-9.630430293233680494e-01
-1.000000000000000000e+00
-9.993781557862124743e-01
-1.514125278369995442e-01
-6.135982963851200900e-01
-4.502805100208526756e-01
8.393643780332533666e-01
-5.486487161744557639e-02
-8.177048748940463074e-02
-5.572973757382473359e-01
9.539829269646438181e-01
6.459485889295959460e-01
-2.244242888572123285e-02
5.310797140582554920e-01
3.975616075398071825e-01
-3.875696308339959817e-01
1.723074215509945439e-02
-5.933376053276662176e-01
5.604484080328853146e-02
-5.732312527266105739e-01
5.110121997586605236e-01
9.936437449097579311e-02
-7.946058344619257863e-01
4.800333043614801731e-02
2.376654342333368586e-01
-6.893552881773934438e-01
5.383735119967909544e-01
4.581581034635369143e-01
-8.011636516020270715e-01
-1.952925668859599728e-01
-3.336328722339723107e-01
1.730696695080589098e-01
-4.040066499204514328e-02
1.000000000000000000e+00
1.992428850535616913e-01
-1.000000000000000000e+00
-1.000000000000000000e+00
-6.797905129953076830e-01
-1.167826512073688733e-01
-5.212682235948862264e-01
-3.176864233706657714e-01
1.956912308097802367e-01
3.317396918988246846e-01
1.000000000000000000e+00
-4.020332458258708552e-01
1.000000000000000000e+00
5.631549183951254367e-01
-1.398186519437909503e-01
5.851760063608537621e-01
1.000000000000000000e+00
-9.184927029426530609e-01
3.861126946445350150e-01
1.000000000000000000e+00
-5.376432255503782454e-01
-4.544105991878106821e-01
7.880828852659751416e-01
3.504043500031923664e-01
4.695049270033981870e-01
2.448627005899433051e-01
1.221851009347794115e-01
-6.911921024581053619e-01
-2.118689682457624013e-01
-2.782309355125733852e-02
-9.516847741991734111e-01
5.568021377713543441e-01
-6.367163641411397457e-01
2.114253628491258308e-01
4.738068433694633264e-01
-1.153627161619645847e-01
-1.000000000000000000e+00
1.000000000000000000e+00
1.969180483245975832e-01
1.000000000000000000e+00
-5.680602493587536550e-01
6.249418598304079531e-01
-1.000000000000000000e+00
-3.334744960877573661e-01
-4.652329006132909228e-01
-3.407219880321821215e-02
-9.506392474540633630e-01
-9.611811922140947040e-01
5.408908191673333921e-01
7.377417115676048187e-01
1.298416548248746416e-01
7.835143032208274905e-01
2.384673932835912336e-01
-3.612998344423217212e-01
1.000000000000000000e+00
-3.246198986693455968e-01
8.606562484029809390e-01
-4.511734030360925463e-01
1.164984603477714348e-01
7.890260147481039654e-01
-6.217433934139733331e-01
9.864420180127217996e-01
2.463689822859960188e-02
6.104834099379174983e-02
-2.306140655619111079e-01
-1.856132658452172013e-01
-8.011192621961860105e-01
-6.841935123433962040e-02
-6.597512603535580222e-01
-7.747647308744469719e-01
6.538378462548211090e-01
-7.867711168985190850e-01
5.397208330511987784e-01
1.291675723306271450e-01
1.000000000000000000e+00
7.314695865290261612e-01
1.944557537936641989e-01
-7.664345982316507211e-01
1.324882522095955917e-01
8.175048494653429643e-01
-2.556380297813021230e-03
-8.676230848019721442e-01
5.837234133504509703e-01
-2.399862004691220019e-01
-2.010068708220291711e-02
-1.000000000000000000e+00
-6.104023952727122282e-01
1.000000000000000000e+00
-1.604225622327317691e-01
4.337349862085970731e-01
8.763563747466405207e-01
6.267572710484341503e-01
-2.882584485337136293e-02
7.140559185559844924e-01
-2.764940059998510780e-01
9.606278208600669277e-01
4.385356524327940764e-02
1.609962183366335786e-01
1.000000000000000000e+00
-4.746802113285664149e-01
8.210260418482162592e-02
-1.000000000000000000e+00
6.281970574250501649e-01
1.000000000000000000e+00
-2.533293170837851438e-01
4.730685200717077432e-01
1.000000000000000000e+00
-1.000000000000000000e+00
2.901482886483683910e-01
3.970486683168104047e-01
4.095626554433187128e-01
1.832713433082968635e-01
-3.299874220890126608e-01
9.462237287107383432e-01
8.188616948844416044e-01
6.672834914729499634e-01
2.999143336838583362e-01
1.650761665303508430e-01
-1.000000000000000000e+00
-4.487004429719703702e-01
8.268240114864826573e-01
3.325317069899817457e-01
8.874531808068450989e-01
7.873253216164530777e-01
1.884014159309426173e-01
-7.219425023029308885e-01
-6.169931352458559726e-01
-6.316159181592986283e-01
-9.344619005561862757e-01
-8.776216686634645825e-01
-1.000000000000000000e+00
1.000000000000000000e+00
5.438790723607027644e-01
1.088049641588735295e-01
7.974213475327458500e-01
1.000000000000000000e+00
-5.856748187669249539e-01
-5.772743036916612169e-01
6.745880877302528056e-01
1.965830999537023782e-01
1.158125218888224062e-01
-6.550680663400390014e-01
-9.281426319211449893e-02
-1.000000000000000000e+00
-4.888657847390928124e-01
9.649307654984511373e-01
1.013235337424134297e-01
-3.991305696295599503e-02
8.794718145084619021e-01
7.513701427667065502e-01
-1.000000000000000000e+00
1.480956083453920935e-01
-1.481298470375624898e-01
5.276454197103823685e-01
2.113364624632376731e-01
-4.089292015396062685e-01
1.000000000000000000e+00
-3.632210824265984517e-01
4.656678475294362407e-01
4.787654202313025298e-01
-1.000000000000000000e+00
-8.001360154752390486e-02
1.000000000000000000e+00
-9.499296736064236635e-01
1.000000000000000000e+00
-7.705618285204729467e-01
-7.059069412828153922e-01
-1.000000000000000000e+00
9.389169146657168064e-01
-8.140613984688780391e-01
-7.581869540551944286e-01
9.041797324824256687e-01
6.448199929422684384e-01
-3.980200786815299985e-01
