-7.614709311268217373e-01
1.000000000000000000e+00
1.000000000000000000e+00
-1.000000000000000000e+00
-1.000000000000000000e+00
-5.860512104504531639e-01
4.068079994548889911e-04
-1.000000000000000000e+00
-1.000000000000000000e+00
1.064295312522843817e-01
1.000000000000000000e+00
-1.000000000000000000e+00
8.334651055139140619e-01
-1.000000000000000000e+00
1.000000000000000000e+00
-1.000000000000000000e+00
-7.826707344780494680e-01
1.000000000000000000e+00
-3.601898688158931550e-01
-1.000000000000000000e+00
-1.000000000000000000e+00
1.000000000000000000e+00
1.000000000000000000e+00
1.000000000000000000e+00
8.388075562333947577e-01
-1.000000000000000000e+00
-1.000000000000000000e+00
-1.000000000000000000e+00
1.000000000000000000e+00
-1.000000000000000000e+00
-2.484553403197795329e-01
1.000000000000000000e+00
-1.000000000000000000e+00
1.000000000000000000e+00
-7.577860970193461831e-01
-1.000000000000000000e+00
1.000000000000000000e+00
1.000000000000000000e+00
1.000000000000000000e+00
-1.860842409538143727e-02
-7.870399904763726306e-01
2.102823714528884169e-03
-1.372915915473855719e-01
1.000000000000000000e+00
-4.940673714533984073e-01
-1.000000000000000000e+00
1.000000000000000000e+00
1.000000000000000000e+00
9.555491637380257863e-01
-1.000000000000000000e+00
-1.000000000000000000e+00
-1.000000000000000000e+00
1.000000000000000000e+00
1.385669862154881304e-02
-1.000000000000000000e+00
-2.506292374323459970e-01
1.000000000000000000e+00
1.000000000000000000e+00
1.000000000000000000e+00
1.000000000000000000e+00
-1.000000000000000000e+00
1.000000000000000000e+00
1.923203098143095868e-01
1.000000000000000000e+00
1.000000000000000000e+00
-9.645971810372803157e-01
-3.348515423158748838e-02
-1.000000000000000000e+00
-1.000000000000000000e+00
-1.000000000000000000e+00
-1.506775853498628637e-01
1.000000000000000000e+00
-1.000000000000000000e+00
-1.000000000000000000e+00
1.000000000000000000e+00
1.383845909623225845e-01
7.375842961572023349e-01
-1.000000000000000000e+00
-7.751973424269756885e-01
-6.615834373954765368e-01
-1.000000000000000000e+00
5.064232306748822632e-01
1.000000000000000000e+00
1.000000000000000000e+00
1.000000000000000000e+00
1.000000000000000000e+00
-8.826563596629789510e-01
3.583625350931574083e-01
9.732183196118572299e-01
1.000000000000000000e+00
-9.889510789483407782e-01
4.901780024078852271e-01
-1.000000000000000000e+00
3.406905560462778482e-01
-1.000000000000000000e+00
1.000000000000000000e+00
-2.836925885099892408e-01
3.335057431209440537e-01
1.000000000000000000e+00
1.000000000000000000e+00
1.000000000000000000e+00
1.000000000000000000e+00
1.000000000000000000e+00
1.000000000000000000e+00
-9.818532873002773220e-01
1.000000000000000000e+00
9.909407053896575057e-01
-1.000000000000000000e+00
9.805645079220468019e-02
1.000000000000000000e+00
-5.815144969354479887e-02
-8.681663376031455437e-01
1.000000000000000000e+00
1.000000000000000000e+00
-1.000000000000000000e+00
-7.516834718056417675e-01
3.653053916857892380e-01
1.000000000000000000e+00
1.000000000000000000e+00
-3.341569548167255266e-01
1.000000000000000000e+00
-1.000000000000000000e+00
1.000000000000000000e+00
9.472440697992321468e-01
-1.000000000000000000e+00
7.019155471020314119e-01
5.523313540522813980e-01
-1.000000000000000000e+00
-1.000000000000000000e+00
7.786057642445483040e-01
-1.000000000000000000e+00
1.000000000000000000e+00
3.228279175493362629e-01
-1.000000000000000000e+00
-5.113192865957238986e-03
1.000000000000000000e+00
-1.000000000000000000e+00
-1.000000000000000000e+00
1.000000000000000000e+00
1.000000000000000000e+00
1.000000000000000000e+00
-1.000000000000000000e+00
1.000000000000000000e+00
-1.000000000000000000e+00
1.000000000000000000e+00
-6.156810503109507726e-01
-7.386869344704877216e-01
-1.000000000000000000e+00
-1.000000000000000000e+00
-1.000000000000000000e+00
1.000000000000000000e+00
-6.134603369898030678e-01
-1.000000000000000000e+00
4.773638151768164750e-01
1.000000000000000000e+00
1.000000000000000000e+00
-1.000000000000000000e+00
1.951839969289916876e-01
-1.000000000000000000e+00
-1.000000000000000000e+00
1.000000000000000000e+00
1.000000000000000000e+00
-1.000000000000000000e+00
1.000000000000000000e+00
1.000000000000000000e+00
-1.000000000000000000e+00
-1.000000000000000000e+00
-1.000000000000000000e+00
9.417090127664080601e-01
6.141593964540685846e-01
5.610647035276715711e-01
-1.000000000000000000e+00
-1.000000000000000000e+00
1.000000000000000000e+00
1.000000000000000000e+00
-1.000000000000000000e+00
6.925310395761430371e-02
7.989440037462458566e-01
-1.000000000000000000e+00
-1.000000000000000000e+00
-7.982682163597656366e-01
1.000000000000000000e+00
1.000000000000000000e+00
1.000000000000000000e+00
4.401337077333211667e-01
-1.000000000000000000e+00
9.884265149619675395e-02
9.725481453508387775e-01
-5.307225039673830747e-01
-1.491768078438867606e-01
-1.000000000000000000e+00
-1.000000000000000000e+00
-1.000000000000000000e+00
6.222192340805354771e-01
-3.815021649408624205e-01
-9.495064479349590858e-01
-2.432915954986799578e-01
8.837935732867494565e-01
-9.662730934563316110e-01
7.102798802434591163e-01
7.725572350421824330e-01
-9.061179871727593760e-01
3.807974711894200892e-01
1.000000000000000000e+00
1.000000000000000000e+00
6.414987252624759773e-01
-1.000000000000000000e+00
-1.000000000000000000e+00
1.000000000000000000e+00
1.000000000000000000e+00
-1.000000000000000000e+00
3.815465005228410034e-01
1.000000000000000000e+00
1.000000000000000000e+00
1.000000000000000000e+00
1.000000000000000000e+00
1.000000000000000000e+00
1.000000000000000000e+00
-8.051038505907061049e-01
-9.540384698875683522e-01
-1.416406589964254725e-01
1.000000000000000000e+00
1.000000000000000000e+00
-8.683577616520234965e-01
-6.933874864978208930e-01
-2.007710441056798079e-02
-1.481412855671556950e-01
-1.501006988794690855e-01
1.000000000000000000e+00
-4.970462143593327164e-01
-1.000000000000000000e+00
-1.000000000000000000e+00
6.667298307783345868e-01
-1.000000000000000000e+00
-8.830202112747112531e-02
2.099958902405227312e-01
1.000000000000000000e+00
8.996329026007485186e-02
1.000000000000000000e+00
1.000000000000000000e+00
1.000000000000000000e+00
-1.000000000000000000e+00
-1.000000000000000000e+00
1.000000000000000000e+00
-1.000000000000000000e+00
1.000000000000000000e+00
6.928109197349469062e-01
-1.000000000000000000e+00
1.000000000000000000e+00
-1.421107696595026448e-01
4.511582187509782793e-01
1.000000000000000000e+00
-1.000000000000000000e+00
-1.000000000000000000e+00
-4.120337741312374291e-02
1.000000000000000000e+00
-1.000000000000000000e+00
-1.000000000000000000e+00
1.000000000000000000e+00
8.037048185907496034e-01
3.730008510494277063e-01
1.000000000000000000e+00
-1.000000000000000000e+00
-1.000000000000000000e+00
-2.216116484612797866e-01
