-6.468391630326759678e-01
2.277339520774526033e-02
-1.000000000000000000e+00
1.000000000000000000e+00
1.000000000000000000e+00
4.855861048882974540e-01
-1.000000000000000000e+00
1.000000000000000000e+00
3.931641412054212026e-01
-1.000000000000000000e+00
1.000000000000000000e+00
-2.422420597693605293e-01
-4.268240524658374890e-01
5.886637684931810277e-01
1.000000000000000000e+00
3.674178137016416157e-01
-4.544295675224219178e-01
-6.849544691869982049e-01
-9.178441335726856831e-01
-1.878436969062056983e-02
-4.519548156103196934e-01
-3.750002562153895713e-01
-1.109021670641933688e-01
4.424709292827437856e-01
2.634223818132959138e-01
1.000000000000000000e+00
-1.000000000000000000e+00
1.000000000000000000e+00
-1.000000000000000000e+00
1.000000000000000000e+00
-1.000000000000000000e+00
-1.000000000000000000e+00
-6.913402094374898610e-02
1.000000000000000000e+00
4.961083704537655459e-01
-4.682304627852331147e-01
-1.000000000000000000e+00
-1.000000000000000000e+00
-4.986496683066093949e-01
-1.888707253765733451e-01
-1.000000000000000000e+00
5.212726957999189725e-01
-1.000000000000000000e+00
-3.450381529720391027e-01
1.893218984823780149e-01
1.000000000000000000e+00
-3.044150173275348426e-01
-1.000000000000000000e+00
-6.677910133546653970e-01
-7.899383586869053175e-01
1.000000000000000000e+00
-4.697611997603776679e-01
1.000000000000000000e+00
-1.000000000000000000e+00
-1.000000000000000000e+00
9.120677345213377141e-01
-1.000000000000000000e+00
1.000000000000000000e+00
-2.044605724673257963e-01
2.980251118722960779e-01
-8.773968941372799479e-01
1.000000000000000000e+00
-1.000000000000000000e+00
-1.000000000000000000e+00
-1.000000000000000000e+00
-1.000000000000000000e+00
1.000000000000000000e+00
1.000000000000000000e+00
-5.717466071416141826e-01
-1.000000000000000000e+00
3.435786742302294750e-01
-2.442183951055405811e-01
-8.975097699369978255e-01
-1.039348218438980176e-01
4.139465201897386537e-01
7.661426380414749771e-01
1.000000000000000000e+00
1.000000000000000000e+00
9.755933527028529673e-01
1.000000000000000000e+00
-7.969363062194712022e-02
7.435145402232778977e-01
1.000000000000000000e+00
-7.763801437059806299e-01
8.489001127006845504e-02
1.000000000000000000e+00
-1.000000000000000000e+00
-1.000000000000000000e+00
7.911067399065467853e-01
1.000000000000000000e+00
1.000000000000000000e+00
1.000000000000000000e+00
5.083981018909824456e-01
3.910599513716073172e-02
-1.509940252084922274e-02
-1.000000000000000000e+00
-2.510614777359159167e-01
-3.134728400275931248e-01
-1.000000000000000000e+00
-1.000000000000000000e+00
-1.000000000000000000e+00
-7.099198302059640531e-01
-1.000000000000000000e+00
1.000000000000000000e+00
1.000000000000000000e+00
-2.908090908063045710e-01
1.000000000000000000e+00
-1.000000000000000000e+00
6.110313666926272536e-01
-1.000000000000000000e+00
3.508247070092112008e-01
8.184707384393492546e-01
1.000000000000000000e+00
1.000000000000000000e+00
1.927360406892235645e-01
-1.000000000000000000e+00
1.000000000000000000e+00
1.000000000000000000e+00
7.330514744161169549e-01
-1.000000000000000000e+00
-2.297429247081623771e-01
1.000000000000000000e+00
-6.491532148663083923e-01
1.000000000000000000e+00
-1.000000000000000000e+00
-1.000000000000000000e+00
1.000000000000000000e+00
-1.564664010800284055e-01
7.627161569319681478e-01
-7.788948306302305724e-01
9.282256658898460078e-01
7.150671168853210968e-01
-1.000000000000000000e+00
-1.000000000000000000e+00
6.794640316121387524e-01
-3.195473411767935090e-01
-1.000000000000000000e+00
-3.940995686083584859e-01
6.903010476973399090e-01
4.939285285895722577e-01
-1.000000000000000000e+00
1.000000000000000000e+00
3.986661750980493579e-01
-1.000000000000000000e+00
-6.142965404686999698e-01
-1.000000000000000000e+00
2.815025283384955390e-01
-1.000000000000000000e+00
7.619359358040811436e-03
-4.703193152352577178e-01
-1.000000000000000000e+00
3.809612138823631478e-01
-8.336589409590640098e-01
-4.557736706610364674e-01
4.862968876268695118e-01
1.000000000000000000e+00
1.000000000000000000e+00
9.721897207638491301e-01
-1.000000000000000000e+00
-1.000000000000000000e+00
6.896979175100379500e-01
-1.000000000000000000e+00
5.478363418380119976e-01
6.554690341944714449e-01
-1.000000000000000000e+00
1.000000000000000000e+00
1.000000000000000000e+00
1.000000000000000000e+00
1.000000000000000000e+00
1.000000000000000000e+00
1.000000000000000000e+00
-7.515193758416101044e-01
1.000000000000000000e+00
8.326584778287240418e-01
-1.000000000000000000e+00
-1.000000000000000000e+00
1.000000000000000000e+00
-1.000000000000000000e+00
-8.724086322472921484e-01
1.000000000000000000e+00
1.000000000000000000e+00
1.000000000000000000e+00
1.000000000000000000e+00
-1.000000000000000000e+00
-1.000000000000000000e+00
-5.535281887416563240e-01
-2.120981434552808853e-01
-1.000000000000000000e+00
5.164077418564050337e-01
1.000000000000000000e+00
-7.881877691527658936e-01
8.767207966282140053e-01
1.000000000000000000e+00
1.000000000000000000e+00
-3.227813202114248048e-01
1.000000000000000000e+00
-4.989932609606722025e-01
1.000000000000000000e+00
-4.694032057495561849e-02
-3.560089985469008234e-01
-1.870384984381622262e-01
4.408725784329485808e-01
-1.000000000000000000e+00
-1.000000000000000000e+00
1.000000000000000000e+00
5.452350666580507710e-02
8.713455311369778800e-01
-1.000000000000000000e+00
-5.959946825028111794e-01
-4.507576443239144082e-01
-3.920171812847641490e-01
-9.339214248184450895e-01
8.394870456468040976e-01
1.000000000000000000e+00
1.000000000000000000e+00
1.000000000000000000e+00
-1.000000000000000000e+00
-1.000000000000000000e+00
6.164410179833821335e-01
-6.854217275720468905e-01
1.365719002135218352e-01
-1.000000000000000000e+00
-7.929123200345085110e-01
-9.408433651170904355e-01
5.982944969372013810e-01
4.934824435681786636e-01
-1.000000000000000000e+00
7.907986852099232467e-01
-8.747153715999594903e-02
-6.827502160462970426e-01
-1.000000000000000000e+00
-1.000000000000000000e+00
-7.072072060376555225e-02
1.000000000000000000e+00
5.126905038399551806e-01
-1.000000000000000000e+00
7.163372972668313743e-02
-7.967062361349959154e-01
7.195380539204050685e-02
1.000000000000000000e+00
8.198791858614363770e-01
1.000000000000000000e+00
1.000000000000000000e+00
5.877017556243768759e-01
-1.702510750746094592e-01
-7.886306574734444630e-02
1.000000000000000000e+00
-2.967556266705033696e-01
5.411445947895907604e-01
-1.000000000000000000e+00
-1.000000000000000000e+00
-3.310400921865067625e-01
1.000000000000000000e+00
7.915721267917025239e-02
-1.000000000000000000e+00
-1.000000000000000000e+00
2.988241411374405465e-01
-1.000000000000000000e+00
-1.000000000000000000e+00
-8.405819890196021271e-01
-7.613572673876490837e-01
1.000000000000000000e+00
-7.405037730553738484e-01
-1.000000000000000000e+00
-1.000000000000000000e+00
