-4.145827867049894921e-01
-1.000000000000000000e+00
5.621677554594798343e-01
-8.912849173007557635e-01
1.000000000000000000e+00
1.792675451861216462e-01
-7.145638567490655291e-01
1.000000000000000000e+00
-7.586297171982747667e-01
2.019999525071791702e-02
-8.474006612035929198e-01
-6.614273154448740977e-01
1.000000000000000000e+00
3.797300640959311302e-02
-6.101942648222555832e-01
-5.664034465722416201e-01
9.026978988858441744e-01
-4.415305797254942544e-01
-2.839742594080914007e-01
-4.471731522765287625e-01
-1.339836097854404662e-01
3.460534944257944723e-01
3.591973997152801967e-01
3.380078058737814306e-01
-1.000000000000000000e+00
-3.391778603440032125e-03
-1.000000000000000000e+00
1.000000000000000000e+00
1.000000000000000000e+00
-7.839009397326404116e-01
5.254580785857627667e-01
-7.438056097795764376e-01
1.000000000000000000e+00
-5.997210462383486540e-01
-3.271100974638432857e-01
-2.658449760668413209e-01
-1.000000000000000000e+00
1.921045343750089618e-01
1.000000000000000000e+00
-1.221532422468234180e-02
-2.894058318433052612e-01
1.000000000000000000e+00
8.506064176831286128e-01
-3.977530289446622458e-01
-1.000000000000000000e+00
1.000000000000000000e+00
6.926981481409633101e-02
3.044496430012136878e-01
7.248267989466632422e-01
1.000000000000000000e+00
-7.468370840921310094e-01
1.000000000000000000e+00
-1.000000000000000000e+00
-8.557307376995195725e-01
6.144727770248710197e-01
-8.874575692146189354e-01
-4.921011650878165944e-01
-3.947123823479302684e-01
-7.966746247601090847e-01
-5.167475683944819931e-01
2.765841383886002980e-01
-1.000000000000000000e+00
-1.602232528614755402e-01
3.460012242953606210e-01
6.418151964881557703e-01
-7.928470232385179672e-01
-1.000000000000000000e+00
-1.000000000000000000e+00
-1.000000000000000000e+00
9.554987173183093763e-01
-1.963469799095007851e-03
-3.404552124021311688e-01
2.820348469963006588e-01
-6.556535807911191283e-01
-1.000000000000000000e+00
1.000000000000000000e+00
-1.000000000000000000e+00
1.000000000000000000e+00
-1.000000000000000000e+00
-8.518198824662093216e-01
-3.545210511294655253e-01
7.664731223719857267e-01
8.336284026823874704e-01
-3.151962638948881956e-01
-1.000000000000000000e+00
7.720039474339615015e-01
-1.238051787355329558e-01
2.048377443563853539e-01
1.000000000000000000e+00
1.000000000000000000e+00
-1.000000000000000000e+00
8.185220005208078131e-01
-1.000000000000000000e+00
-9.418034740293754759e-01
-4.177112021756079763e-03
-9.668883009593516320e-01
5.775595222791565231e-01
-1.000000000000000000e+00
3.343896308920190075e-01
1.000000000000000000e+00
4.720221938741615553e-01
1.000000000000000000e+00
1.000000000000000000e+00
-7.328059773225663598e-01
6.517722615584152779e-01
-8.890354035979699532e-01
1.000000000000000000e+00
1.054007626344240500e-01
1.000000000000000000e+00
-1.000000000000000000e+00
-1.000000000000000000e+00
4.026987418661893692e-01
-3.308600664982079831e-01
-5.162155720761587574e-01
2.720949624774012809e-01
1.000000000000000000e+00
-1.000000000000000000e+00
1.000000000000000000e+00
-3.119386628386836002e-01
1.000000000000000000e+00
1.000000000000000000e+00
-1.975948235273882747e-01
-4.977383939886381725e-01
-7.329784725510679610e-01
-5.233063168471381310e-01
1.000000000000000000e+00
-1.037800659460091923e-01
-1.000000000000000000e+00
6.971802391676098498e-01
1.000000000000000000e+00
-1.000000000000000000e+00
-1.492998100248355553e-01
-1.000000000000000000e+00
4.695139893662851893e-01
-1.000000000000000000e+00
8.953472069582728565e-01
3.967802479211917088e-01
2.772073284222481004e-01
-1.000000000000000000e+00
-1.000000000000000000e+00
-2.368282896623574718e-01
7.040297782517751513e-01
7.725385713441157431e-01
7.634993590910001959e-01
1.000000000000000000e+00
9.973312269869551994e-01
-4.453687803109536159e-01
3.469750323636775491e-01
7.367772353684708397e-01
-9.273916741302035138e-01
1.338451558064237545e-01
-8.246290616320917088e-01
6.740778668611098201e-01
-1.000000000000000000e+00
3.610330695297292447e-02
-1.900488391473921790e-01
2.948017495515444786e-01
-8.003408783872885124e-01
-1.000000000000000000e+00
5.579981505443830647e-01
1.000000000000000000e+00
-8.504276827155216045e-02
6.672114570514580123e-01
6.234736679439939477e-01
1.000000000000000000e+00
6.835052628749170855e-01
-2.178953433359842040e-01
-1.000000000000000000e+00
-2.703256845460699775e-01
-4.810633548140712534e-01
-5.231376707046200281e-01
-5.234786225699373796e-01
-1.341694580844483564e-01
-1.000000000000000000e+00
9.140096876911489865e-01
1.000000000000000000e+00
-1.000000000000000000e+00
-9.734859509038680248e-01
9.211987136165729062e-01
-9.361401880371540418e-01
-4.021089064275740754e-01
-6.800218979126869401e-02
1.000000000000000000e+00
7.861801591745261053e-01
2.930064613316463173e-01
4.806626613042222496e-01
-1.604738544908138609e-01
1.000000000000000000e+00
1.000000000000000000e+00
-6.415101174751303148e-01
-1.000000000000000000e+00
8.282503321244418792e-01
5.596472617220440426e-01
1.000000000000000000e+00
-7.934954127113351685e-01
-7.656966386419518100e-01
3.857298897520631820e-01
-3.717581940899027382e-01
1.966766240059132365e-01
4.937568065574193255e-01
-6.828837960156836084e-01
1.000000000000000000e+00
1.000000000000000000e+00
-8.789317443995114942e-02
6.763449008042117239e-01
5.309086719685767175e-01
-5.512734579091800313e-01
-1.000000000000000000e+00
6.451633543657578906e-01
5.575696520096713460e-01
-1.320364174775062460e-01
4.856046674202993407e-01
5.089833872862072894e-01
1.000000000000000000e+00
-3.555775503400320225e-01
-1.000000000000000000e+00
-1.131316706993357180e-01
8.448511429539482531e-01
-9.441104567990037388e-01
1.000000000000000000e+00
-6.262488119946396647e-02
-9.955469053198262586e-01
8.301160372716573921e-01
-9.009053916313860544e-01
-2.004609365200723525e-01
1.000000000000000000e+00
-1.215534105622658179e-01
2.704435930638577901e-01
-1.000000000000000000e+00
-2.293598254716203710e-01
1.643108464708493699e-01
7.769547737627712225e-01
5.156747351840997862e-01
2.849148245345799468e-01
-3.100548850611779539e-01
-1.000000000000000000e+00
1.707556141917274672e-01
1.000000000000000000e+00
1.000000000000000000e+00
9.136720844785466422e-01
-6.409863304449604504e-01
-1.000000000000000000e+00
-1.000000000000000000e+00
6.347828021847283786e-01
9.597279246382539597e-01
-1.866327129932123241e-01
-1.000000000000000000e+00
9.144210928726035359e-01
7.742645598674857688e-01
1.000000000000000000e+00
9.940934173906051941e-01
1.000000000000000000e+00
-1.000000000000000000e+00
-7.311577560596880243e-01
1.000000000000000000e+00
-1.000000000000000000e+00
1.000000000000000000e+00
-2.132735476314792933e-01
4.170560914709977585e-01
9.374765357838688029e-02
-7.920544598445304896e-01
-7.650916344790910095e-01
1.000000000000000000e+00
9.179796962954389627e-01
-3.371732160950612345e-01
