1.000000000000000000e+00
-7.092102083373827970e-01
-8.583653541614846283e-01
9.591610626776905235e-01
3.049074815368224556e-02
-3.610353227653537722e-01
7.903170106160732900e-01
2.408442387552962582e-01
-6.958232497549270423e-01
-3.336370706407214559e-01
4.835564180305467197e-01
9.157892415145183485e-01
-3.080758637928713295e-01
3.678249655143519536e-01
-3.102248579502600023e-01
-1.000000000000000000e+00
-1.725403980638134382e-01
3.631104279156389669e-01
-1.000000000000000000e+00
4.803509288525977805e-01
-8.653028945133556249e-01
9.062572295126882782e-01
8.623518046180762564e-01
4.296775042790443866e-01
-5.634787209680018893e-01
4.038847154314684218e-01
9.895840713564263424e-01
5.796850402946931435e-01
-6.634950200397580211e-01
3.262845605749590261e-01
-9.246394265591535433e-01
-4.346209210835274561e-01
7.165595344567112779e-01
7.912639236894092321e-01
-7.810459542316108283e-01
1.086693292198237515e-04
5.562947719080708620e-01
-9.933355140467210465e-01
1.000000000000000000e+00
-9.467155690248303390e-01
-6.087189229213727515e-01
-2.692570129801761247e-01
-7.721415293428133264e-01
1.044415782241749913e-01
1.404334233277353405e-01
5.834269328621604078e-01
7.640669446283343547e-01
-1.000000000000000000e+00
-3.949218108746691547e-01
-9.205507071917198303e-01
-5.141595682886528351e-01
-2.190678116067130698e-01
4.820463308639594269e-01
-2.365080741481051518e-01
-7.071116016454241926e-01
6.039428631804664160e-01
-9.451344805729733345e-02
-3.250916831570322962e-01
5.636031836193404754e-01
4.934326831558614179e-01
6.239350066000264039e-02
1.000000000000000000e+00
4.498149663729622549e-01
3.466492560510496812e-01
7.194596653795675145e-01
-4.549636962600798196e-01
-2.172294695190528646e-01
-1.814769122938697521e-01
-5.116740537388893006e-01
-3.447482971988780065e-02
-8.278109464797350769e-02
8.044090746040697404e-01
9.917930516964572618e-01
-6.461840167434438342e-01
4.618595058353711647e-01
9.772037054873810025e-01
-1.000000000000000000e+00
-2.607236450930332516e-01
-6.972042075097060199e-01
4.768462273862550393e-01
-5.105379760176864679e-01
8.528629356430548203e-01
6.557274354020636853e-01
-6.657755448327506986e-01
2.000868441937229125e-01
8.746163408235685388e-01
-7.472097275454394616e-01
-7.724976480427037107e-01
-5.331622124100059423e-01
9.000254707380461738e-01
4.687096349672081885e-01
-3.070928124175560381e-01
-5.307235625832011916e-01
7.399489946239712346e-01
-3.383523199266909032e-01
5.452890270689716434e-01
-2.294333685844227588e-01
7.826499340047428088e-01
9.527739289321401905e-01
-2.517565593060941964e-01
2.174974844358972259e-01
9.121814201357987262e-01
4.186246667745427974e-01
4.888893083332570555e-01
9.587998445778882495e-01
1.000000000000000000e+00
-5.066732731264587120e-01
7.267740142134027082e-01
-4.435001724453837557e-01
7.106258068408917161e-01
-2.372816873637433321e-01
9.803080271026313186e-01
-4.887140643909018145e-01
9.882516263390870304e-01
9.172518820071822176e-01
-7.295645535572813367e-01
2.458370687471884697e-01
7.023038285155427385e-01
-9.536422678853896384e-01
7.607299010890757884e-01
1.159273585918940697e-01
-8.773987542241252768e-01
-8.226594023106290621e-01
6.410640363259112462e-04
8.276359970088662532e-01
8.551429706970770095e-01
-7.024397290672250715e-01
-1.972448877153185620e-01
2.961869338087004255e-01
-4.339750091755731898e-01
-3.492360020565099532e-01
-1.296018855387179869e-01
9.273476344444415709e-01
9.912033575706263866e-01
1.555031214986533072e-01
3.364669626778562517e-01
3.006002490476720190e-01
-1.023163436684704219e-01
-5.760691399174477922e-02
-9.538176797138795404e-01
-7.433917458613619189e-01
3.933937470174515560e-01
7.602682644600093909e-01
-6.338445231637017674e-01
-8.275823440530275521e-01
-9.038914278306919847e-02
-1.314222379468452662e-01
1.000000000000000000e+00
-8.390000208828256589e-01
9.394508718336871400e-01
-8.204010578727363168e-01
-8.151169639081228269e-01
-2.241044034899037918e-01
8.182415809392951100e-01
-6.279511041621406164e-01
2.507067799554636434e-01
-3.203956361272710662e-01
9.843590297381683563e-01
4.407404514376701554e-01
7.740386755987722633e-01
7.979586898591726207e-01
-1.255186612347918285e-01
-1.131011830130586038e-01
2.338513446591490297e-01
2.735526685771281219e-01
5.987459461091728663e-01
-3.194378088918625735e-01
1.713897283269556482e-01
-2.669223859265024146e-01
-6.068238330178770124e-01
8.512619105556575860e-01
-1.764695795710111703e-01
-1.018618198221088456e-01
-9.267008799797424867e-01
-2.408017660220289624e-01
3.697860813426150361e-01
8.835569811073282764e-01
-3.229750298042459722e-01
-6.761231157014735427e-01
-8.937746213086577018e-01
-5.445612329004758667e-01
4.405714662456865494e-01
-6.341010562403623929e-01
-3.601948005682920062e-01
-5.994921453192270100e-01
2.723371305250910090e-01
5.827008337918555547e-01
-2.529661386175512394e-01
-1.660665519114505884e-01
6.073867535498069792e-01
-5.903353835840684516e-01
9.672178794457269024e-01
2.323538969374014940e-01
-5.960570163760093854e-01
3.866284223397422615e-01
3.579432260937362997e-01
-7.949022363024111915e-01
8.560474424079960176e-01
-2.919981598613907714e-01
-1.197942741669839606e-01
-4.342326101395677096e-01
-9.461827197614872675e-01
-5.597103817837558726e-01
4.863655886750424262e-01
-5.041159919939890433e-01
8.740332385303379858e-01
-7.341961330757715842e-01
8.454643804546468910e-01
-6.069534984607718453e-01
-1.000000000000000000e+00
-9.682736864784566855e-01
-9.052169142743089481e-01
-4.085020908142261709e-02
1.000000000000000000e+00
-8.776339103966224187e-02
-5.063569101567002573e-01
1.932091293111957153e-01
-3.827363837674910840e-01
-1.000000000000000000e+00
-3.890157655661579117e-01
2.088580772451635870e-01
3.230783609160292613e-02
-1.608123155320881903e-01
6.641234381719971491e-01
3.069885063440958017e-01
4.674146853755214437e-01
3.239882302360646005e-01
-6.601712765401557270e-02
-4.910560778309758234e-01
-5.425878162047326203e-01
1.000000000000000000e+00
-8.648205476293269189e-01
1.000000000000000000e+00
-1.020255224802955052e-01
-9.957174665880890174e-01
-3.667859956411723132e-02
3.934758688165196361e-01
-7.100160451771367898e-01
1.000000000000000000e+00
-5.397585792927761528e-01
-9.603235010458397447e-01
9.728324580732334859e-01
1.674066604858606144e-01
-4.099563732765438839e-01
-2.996426378780143729e-01
6.500824324068052995e-01
5.846066572012418305e-01
6.041445899335065040e-01
9.270833889679883644e-01
1.003836216287803396e-01
-9.161882056791559314e-01
2.650158963975064452e-01
-5.058105546345397219e-01
-6.409948516720538336e-01
6.015493886757308228e-01
-1.736914626112762150e-02
6.103726295170874838e-01
-1.086013391573856790e-01
-6.627951920969890054e-01
-9.004110616805571787e-02
8.362846308866376255e-01
5.966030700796940422e-01
-8.142148033872000923e-01
1.000000000000000000e+00
-7.181378231171480220e-01
