1.000000000000000000e+00
1.000000000000000000e+00
1.000000000000000000e+00
1.000000000000000000e+00
-1.000000000000000000e+00
-1.000000000000000000e+00
4.021768374114547129e-01
3.520690589512061042e-01
-8.807281543130458523e-01
1.000000000000000000e+00
-1.000000000000000000e+00
1.000000000000000000e+00
-2.092365261373130281e-02
-7.247731833423313175e-01
3.780463753167793151e-01
-1.000000000000000000e+00
-1.000000000000000000e+00
-1.000000000000000000e+00
-1.714507754527663796e-01
9.598521898592046186e-01
1.000000000000000000e+00
-5.783080669591053047e-01
1.000000000000000000e+00
6.221176379766391040e-01
1.000000000000000000e+00
5.631099793474062531e-01
8.273218196304542582e-01
-1.000000000000000000e+00
1.000000000000000000e+00
1.000000000000000000e+00
-1.000000000000000000e+00
4.666811508946525078e-02
1.000000000000000000e+00
-1.000000000000000000e+00
-1.000000000000000000e+00
1.659947949405550238e-01
-9.086355292489192159e-01
9.235044195442347892e-01
6.215007079930383593e-01
1.000000000000000000e+00
1.000000000000000000e+00
1.000000000000000000e+00
1.000000000000000000e+00
9.431929907816949399e-01
-1.000000000000000000e+00
1.000000000000000000e+00
-3.986719281792223679e-01
-1.000000000000000000e+00
1.000000000000000000e+00
1.000000000000000000e+00
-2.129650066891505822e-01
9.001060874701283243e-01
1.849057873831235765e-01
-1.000000000000000000e+00
1.000000000000000000e+00
-1.000000000000000000e+00
-1.000000000000000000e+00
-1.000000000000000000e+00
-1.000000000000000000e+00
1.000000000000000000e+00
1.000000000000000000e+00
2.457015567875824591e-01
-2.413007887384735484e-02
1.000000000000000000e+00
-1.000000000000000000e+00
3.975043947839048131e-01
-8.799128360639347779e-01
-1.000000000000000000e+00
-1.000000000000000000e+00
-1.000000000000000000e+00
-8.485853263350673359e-01
1.000000000000000000e+00
-1.000000000000000000e+00
-1.000000000000000000e+00
-1.000000000000000000e+00
-5.052984043139319148e-02
1.446527222419547454e-01
1.654189137343110849e-01
1.000000000000000000e+00
-1.000000000000000000e+00
6.639717131084748036e-01
1.402171489427128659e-01
-2.766234458637191751e-01
-2.975014623311165729e-01
2.413424613271013541e-01
1.000000000000000000e+00
1.000000000000000000e+00
1.000000000000000000e+00
1.000000000000000000e+00
1.000000000000000000e+00
8.353928644832944173e-01
1.000000000000000000e+00
-1.000000000000000000e+00
1.000000000000000000e+00
-6.673747318515745874e-01
-1.000000000000000000e+00
-1.000000000000000000e+00
-5.439987076125308851e-01
5.910259620114951540e-01
1.000000000000000000e+00
-1.000000000000000000e+00
-1.000000000000000000e+00
1.000000000000000000e+00
1.000000000000000000e+00
3.880445992299866864e-01
1.000000000000000000e+00
1.000000000000000000e+00
-5.796294721766387381e-01
-1.000000000000000000e+00
1.000000000000000000e+00
-1.000000000000000000e+00
1.000000000000000000e+00
-1.000000000000000000e+00
-1.000000000000000000e+00
-1.000000000000000000e+00
-1.000000000000000000e+00
-1.000000000000000000e+00
1.000000000000000000e+00
4.961745148819869389e-01
-1.000000000000000000e+00
1.000000000000000000e+00
-2.326454944559451787e-01
1.000000000000000000e+00
1.000000000000000000e+00
1.000000000000000000e+00
-1.000000000000000000e+00
9.016345830730994049e-01
1.000000000000000000e+00
5.827293929981469667e-02
1.000000000000000000e+00
1.000000000000000000e+00
-1.000000000000000000e+00
9.933881933274879561e-02
-1.000000000000000000e+00
-1.000000000000000000e+00
1.928180375494103482e-01
3.237670529299648825e-01
-1.000000000000000000e+00
1.000000000000000000e+00
1.000000000000000000e+00
-1.000000000000000000e+00
-3.185292347208836805e-01
9.273487716161195049e-01
-1.000000000000000000e+00
-4.768830559931609425e-01
1.000000000000000000e+00
1.802327846916809140e-01
-1.000000000000000000e+00
-1.000000000000000000e+00
-4.485628365366203241e-01
-1.000000000000000000e+00
1.000000000000000000e+00
-1.000000000000000000e+00
-1.000000000000000000e+00
1.000000000000000000e+00
1.000000000000000000e+00
-8.516935357545731833e-01
-1.000000000000000000e+00
3.569853889773708655e-01
1.637234027068852349e-01
-1.000000000000000000e+00
-1.000000000000000000e+00
1.000000000000000000e+00
-1.000000000000000000e+00
6.897217079149150498e-01
1.000000000000000000e+00
4.335616013667498714e-01
1.000000000000000000e+00
-7.536328720682558546e-02
1.000000000000000000e+00
3.580733333948757924e-01
-1.000000000000000000e+00
8.071058710755343313e-01
1.000000000000000000e+00
-1.000000000000000000e+00
4.171101896162546230e-01
1.000000000000000000e+00
1.000000000000000000e+00
8.222921231713835599e-01
1.000000000000000000e+00
-1.000000000000000000e+00
-1.130477042361826001e-01
1.000000000000000000e+00
-1.000000000000000000e+00
1.000000000000000000e+00
5.680298316044977147e-01
-1.000000000000000000e+00
5.989839084065429198e-02
1.000000000000000000e+00
-1.000000000000000000e+00
-1.000000000000000000e+00
-1.000000000000000000e+00
-1.000000000000000000e+00
3.238943838173650169e-01
-4.454757625588133818e-01
-1.000000000000000000e+00
1.000000000000000000e+00
1.000000000000000000e+00
-1.000000000000000000e+00
3.261744016976546590e-01
2.121870974929596088e-02
-1.000000000000000000e+00
-1.000000000000000000e+00
1.000000000000000000e+00
1.978994018781538022e-01
1.542075879131621363e-02
5.059742434453921023e-01
-2.513961075236036402e-01
-1.000000000000000000e+00
-1.000000000000000000e+00
-1.000000000000000000e+00
1.000000000000000000e+00
-1.000000000000000000e+00
1.000000000000000000e+00
-1.530589616165156652e-01
-1.000000000000000000e+00
-1.000000000000000000e+00
1.000000000000000000e+00
1.000000000000000000e+00
-1.000000000000000000e+00
1.000000000000000000e+00
-1.000000000000000000e+00
-7.632679877411896463e-03
7.637018084482809499e-01
1.000000000000000000e+00
1.000000000000000000e+00
1.000000000000000000e+00
7.743297786976482966e-01
-1.000000000000000000e+00
1.000000000000000000e+00
7.000414801511790630e-01
1.000000000000000000e+00
-1.000000000000000000e+00
-1.000000000000000000e+00
1.000000000000000000e+00
-6.038214235788774698e-01
-1.000000000000000000e+00
1.000000000000000000e+00
-1.000000000000000000e+00
1.000000000000000000e+00
-1.000000000000000000e+00
3.812911380781355830e-01
1.000000000000000000e+00
-1.000000000000000000e+00
-1.000000000000000000e+00
-1.000000000000000000e+00
2.608931342000959108e-01
1.000000000000000000e+00
8.043798874706876711e-01
-1.000000000000000000e+00
-8.501859046309645507e-02
1.000000000000000000e+00
-6.853331100103896567e-01
9.381848222074500310e-01
-7.993779067153845563e-01
-5.922111043646355322e-01
-3.439276560021002904e-01
-1.000000000000000000e+00
-1.000000000000000000e+00
1.000000000000000000e+00
1.000000000000000000e+00
-1.000000000000000000e+00
3.018168581344424783e-01
1.000000000000000000e+00
-1.000000000000000000e+00
