-9.350241469056155275e-01
2.163260023317390424e-01
-3.166443883135581228e-01
9.862941006608398897e-01
1.000000000000000000e+00
-1.000000000000000000e+00
-1.456683785532217890e-01
1.000000000000000000e+00
8.239014874787756737e-01
1.000000000000000000e+00
1.000000000000000000e+00
1.000000000000000000e+00
-1.000000000000000000e+00
1.000000000000000000e+00
-4.024766571472790933e-01
7.921493334096237904e-01
1.000000000000000000e+00
-2.420973353780497828e-03
-5.313260373747161758e-01
-8.643871055592187158e-01
-7.646208845982466196e-01
-1.829104029429602374e-01
2.179274396358157340e-01
-1.000000000000000000e+00
-1.000000000000000000e+00
-1.000000000000000000e+00
-8.073481201711867339e-01
1.000000000000000000e+00
4.763320095319745207e-02
5.508872766664754117e-01
5.782920322929728796e-01
1.000000000000000000e+00
-7.640249316183005401e-01
-1.000000000000000000e+00
-1.000000000000000000e+00
4.999169144099373518e-01
-5.886466963176548717e-01
9.358118733546444412e-01
4.385076758358160132e-01
1.000000000000000000e+00
-2.493516702027194221e-01
-8.595920391950407913e-01
1.000000000000000000e+00
-1.000000000000000000e+00
-1.000000000000000000e+00
1.000000000000000000e+00
2.125200972350961837e-01
-4.696195541198689982e-01
-3.747647245658303206e-01
-5.137830860782084397e-01
-1.000000000000000000e+00
2.185696017721521223e-01
-1.000000000000000000e+00
-1.000000000000000000e+00
1.000000000000000000e+00
7.448085192546433086e-01
7.101168317745629732e-01
1.000000000000000000e+00
-4.727575983523839565e-01
-1.000000000000000000e+00
-7.159716415114740773e-01
-1.000000000000000000e+00
1.000000000000000000e+00
6.026232111323681639e-02
-3.764852033293304423e-01
1.326749132819818877e-01
-7.978968958922907362e-01
1.000000000000000000e+00
-1.383654033130190530e-01
-1.000000000000000000e+00
-1.000000000000000000e+00
8.189099595052692360e-01
7.151581456419620064e-01
-8.237060731232308530e-01
9.468647083226762184e-01
-3.487058037901338281e-01
-1.000000000000000000e+00
-3.772078401074364651e-01
9.948117375245806304e-01
-1.000000000000000000e+00
1.000000000000000000e+00
-1.000000000000000000e+00
-1.000000000000000000e+00
-7.448599765182195576e-01
1.000000000000000000e+00
5.015877474566524663e-01
1.000000000000000000e+00
6.532902962079706333e-01
1.000000000000000000e+00
-9.985335944913201756e-01
-1.000000000000000000e+00
1.000000000000000000e+00
-3.260105939683894949e-01
2.695246486086655402e-01
-2.628779477933966824e-01
-1.000000000000000000e+00
-1.000000000000000000e+00
-1.000000000000000000e+00
-1.000000000000000000e+00
1.000000000000000000e+00
1.846148741650188718e-02
-2.958473780157697686e-01
-5.572207223847092106e-01
-1.109943448327669335e-01
-2.565286427270895286e-01
1.000000000000000000e+00
-2.582849239263795837e-02
-9.533333775441229507e-01
-8.968049839139444757e-01
-9.640618780917222796e-01
-2.852931528720703547e-01
-1.000000000000000000e+00
5.181392505477524502e-01
1.000000000000000000e+00
-1.000000000000000000e+00
-1.000000000000000000e+00
-9.858514904129831447e-01
1.729460818010150058e-01
3.635114649085497973e-01
-7.814786988052380146e-01
1.000000000000000000e+00
-1.000000000000000000e+00
1.000000000000000000e+00
1.326328687753477453e-01
-1.000000000000000000e+00
1.000000000000000000e+00
-1.000000000000000000e+00
-1.000000000000000000e+00
3.388768855513078493e-01
-2.064018750538431091e-01
1.000000000000000000e+00
-1.000000000000000000e+00
-6.246291084563648788e-03
8.924213998888501642e-01
-1.000000000000000000e+00
-1.000000000000000000e+00
1.000000000000000000e+00
-1.000000000000000000e+00
-8.772715652125961938e-02
1.000000000000000000e+00
1.000000000000000000e+00
-1.000000000000000000e+00
1.000000000000000000e+00
-1.000000000000000000e+00
1.000000000000000000e+00
-1.000000000000000000e+00
-1.000000000000000000e+00
-4.570003060919752835e-01
1.000000000000000000e+00
-8.301265210749919632e-02
8.162071352863552454e-01
1.000000000000000000e+00
7.879621425616337715e-01
1.000000000000000000e+00
1.000000000000000000e+00
1.929071313616925742e-02
9.682897966240699983e-01
6.960655038964937980e-01
-2.305143566941066369e-01
8.791755018299528546e-01
7.376192368249505638e-01
-5.136283007863678973e-01
-4.422764925362404620e-01
-3.045031518867580278e-01
-1.000000000000000000e+00
-1.000000000000000000e+00
1.000000000000000000e+00
-1.000000000000000000e+00
-9.933982434336767753e-01
-6.101988814259095006e-01
2.538609478657241070e-01
5.430668521917497715e-01
-2.754187691399865301e-01
1.000000000000000000e+00
-1.000000000000000000e+00
1.000000000000000000e+00
1.807928409959704275e-01
-7.632557224432112708e-01
1.000000000000000000e+00
1.000000000000000000e+00
-6.283367656136985557e-01
6.719094295256839988e-01
5.291753174063997811e-01
-7.544762743932835747e-01
-3.800910276741411575e-01
1.000000000000000000e+00
-1.000000000000000000e+00
-1.000000000000000000e+00
-1.432994372515089543e-02
1.178415829048047314e-01
8.662604442304855379e-01
3.008103540783835239e-01
-6.664082752767142015e-01
3.382535919552720483e-01
1.750393236513607675e-01
-1.000000000000000000e+00
1.000000000000000000e+00
-6.957982678342069516e-01
9.900957615534986545e-01
-3.715596328620023314e-01
-4.823916193947586084e-02
7.282711732130529025e-01
-1.000000000000000000e+00
-1.000000000000000000e+00
1.000000000000000000e+00
5.507252666139796915e-01
-1.000000000000000000e+00
9.213093571078481148e-01
1.000000000000000000e+00
-1.000000000000000000e+00
-8.443122746344003948e-01
-9.610581575975009061e-01
1.000000000000000000e+00
1.000000000000000000e+00
-6.131852413568950055e-02
-8.128005444852899330e-01
1.000000000000000000e+00
1.000000000000000000e+00
-2.310096880758015780e-01
1.000000000000000000e+00
3.862881690783823707e-01
-1.000000000000000000e+00
-4.791820806468186644e-01
-9.558637938221846708e-01
7.836600342646181661e-01
-1.000000000000000000e+00
1.000000000000000000e+00
-1.723257254975629760e-01
-1.000000000000000000e+00
1.000000000000000000e+00
-8.149078702068224267e-01
1.519270690872014384e-01
-2.771522706647131518e-01
-1.000000000000000000e+00
3.588949048416965049e-01
-1.297449621666422193e-01
-1.000000000000000000e+00
-3.725933608727977631e-01
-1.000000000000000000e+00
1.000000000000000000e+00
-1.000000000000000000e+00
-1.000000000000000000e+00
-5.232804762816434252e-01
-1.000000000000000000e+00
1.000000000000000000e+00
-4.572802508539542954e-01
3.071382213440561615e-01
1.000000000000000000e+00
1.000000000000000000e+00
-6.757842623259642245e-01
1.216899318379188744e-01
8.872133838166177400e-01
-6.394431101447336507e-01
-3.562680158014519538e-02
1.000000000000000000e+00
-1.000000000000000000e+00
-8.842711171145762883e-01
7.565735489136322656e-01
6.117804204913219746e-01
-1.000000000000000000e+00
1.000000000000000000e+00
-9.386615527328007191e-01
2.831835724907094676e-01
5.335613107129155708e-01
2.815940524693011371e-01
