1.000000000000000000e+00
-1.000000000000000000e+00
1.000000000000000000e+00
-2.004287423130608481e-01
-1.000000000000000000e+00
1.000000000000000000e+00
-1.000000000000000000e+00
-9.774061599600725181e-01
3.582791724752616425e-01
1.000000000000000000e+00
8.932851938155927929e-01
1.000000000000000000e+00
8.747474077194258291e-01
5.672917292681791679e-01
-1.000000000000000000e+00
-4.718177964540752889e-01
1.000000000000000000e+00
1.000000000000000000e+00
-1.000000000000000000e+00
1.000000000000000000e+00
-1.469902188149707634e-02
-1.000000000000000000e+00
-3.680616048071790880e-01
7.890501862243419762e-01
1.000000000000000000e+00
-1.000000000000000000e+00
-6.582251112723567221e-01
-8.088681030757600698e-01
-1.000000000000000000e+00
1.000000000000000000e+00
1.966047017019844079e-01
1.000000000000000000e+00
-7.875350039579978034e-01
1.000000000000000000e+00
-1.000000000000000000e+00
-1.000000000000000000e+00
1.103903401736180123e-01
-3.107121562668058168e-01
6.330073042342985179e-01
1.267149731932261381e-01
8.684181249301798911e-01
1.020711879301593183e-01
-1.000000000000000000e+00
-1.000000000000000000e+00
2.468927534884115538e-01
1.000000000000000000e+00
1.360285742854204782e-01
1.000000000000000000e+00
1.000000000000000000e+00
-1.000000000000000000e+00
-1.000000000000000000e+00
1.000000000000000000e+00
1.841812040955401464e-01
1.000000000000000000e+00
2.241519519647092173e-01
-2.195195129553062507e-01
3.821952831984689603e-01
-1.000000000000000000e+00
1.000000000000000000e+00
1.000000000000000000e+00
6.281110971161235623e-02
-3.188705568332526608e-01
2.137653618730454008e-01
-4.831318689320212023e-01
2.613597760664142511e-01
8.468739658917955326e-01
9.796497674250869148e-01
-1.000000000000000000e+00
3.973259854159199023e-01
-1.000000000000000000e+00
-4.259086872813115932e-01
1.000000000000000000e+00
1.000000000000000000e+00
8.361805600249503367e-01
1.000000000000000000e+00
3.602232332171524387e-01
-3.510104403747706936e-01
-5.629908477837245462e-01
4.160976418677631017e-03
1.000000000000000000e+00
-1.000000000000000000e+00
1.000000000000000000e+00
-1.000000000000000000e+00
-1.000000000000000000e+00
-6.113093898805795900e-01
9.550649239372761556e-01
6.107245832476615455e-02
-4.952340283538604337e-01
-1.702230334599288408e-01
1.000000000000000000e+00
-1.000000000000000000e+00
1.000000000000000000e+00
-3.834604589056462842e-01
-7.998455907836150569e-01
4.464816625997700683e-01
2.954315590383949086e-02
-6.066713276604507321e-01
1.000000000000000000e+00
-6.626399483760876674e-02
-8.409448304707123345e-02
-1.942994043535284376e-01
-8.768391393220720254e-02
1.000000000000000000e+00
5.669790949840405325e-01
-8.239829382273631264e-01
1.000000000000000000e+00
1.000000000000000000e+00
-3.036155797024867042e-01
-6.690622544445210540e-01
-1.000000000000000000e+00
1.000000000000000000e+00
1.000000000000000000e+00
3.704084631724935406e-02
-1.000000000000000000e+00
1.000000000000000000e+00
-1.000000000000000000e+00
1.000000000000000000e+00
3.354650042806395227e-01
-4.438074588406905607e-01
-1.000000000000000000e+00
1.000000000000000000e+00
-1.000000000000000000e+00
1.000000000000000000e+00
-1.000000000000000000e+00
8.559552364950834269e-01
9.299698823616489030e-01
1.000000000000000000e+00
-9.878483184422124364e-01
6.589453431341585343e-02
9.971261881201283206e-01
-1.000000000000000000e+00
-1.000000000000000000e+00
2.457233932203054527e-01
-1.000000000000000000e+00
-3.369588970128547523e-01
2.995043044911014363e-01
-2.814024749316592633e-01
-1.000000000000000000e+00
-9.291847702383294605e-01
2.372152676797985027e-01
-1.000000000000000000e+00
1.000000000000000000e+00
1.000000000000000000e+00
1.000000000000000000e+00
-7.395504051348119612e-01
-9.721259436876505955e-01
5.102323497892793380e-01
-1.518481302169323310e-01
-1.000000000000000000e+00
-1.000000000000000000e+00
7.404239550019218186e-01
-9.375699014871456960e-01
-2.051245437335840194e-01
-1.000000000000000000e+00
-8.426532639143613501e-01
1.000000000000000000e+00
-8.357504107020669037e-01
1.000000000000000000e+00
-6.137706058182239577e-01
8.586138589437465329e-01
1.000000000000000000e+00
-1.000000000000000000e+00
-1.000000000000000000e+00
1.715379095380552554e-01
-7.955516742162296318e-01
-6.711592680150624268e-02
8.226144206378933621e-01
-1.000000000000000000e+00
-1.000000000000000000e+00
-4.485113164686682641e-01
-5.807144342121339786e-01
1.000000000000000000e+00
-1.000000000000000000e+00
-1.000000000000000000e+00
1.000000000000000000e+00
1.000000000000000000e+00
1.000000000000000000e+00
7.171531163008971754e-01
-1.000000000000000000e+00
-1.000000000000000000e+00
2.105461450888945762e-02
2.877948406813446436e-01
-1.000000000000000000e+00
1.000000000000000000e+00
-3.475982856159149925e-01
4.385818027367966998e-01
8.658301378763456624e-01
-9.094172941120682863e-01
7.787309717454038438e-02
-6.519987863850355003e-01
-1.000000000000000000e+00
9.346372401272581287e-01
1.000000000000000000e+00
-1.000000000000000000e+00
1.000000000000000000e+00
-2.828327949514050088e-01
4.576510830913971262e-01
-1.000000000000000000e+00
-1.000000000000000000e+00
-1.907394737784871008e-01
-2.725330678540943685e-01
1.000000000000000000e+00
-1.000000000000000000e+00
-1.000000000000000000e+00
-1.000000000000000000e+00
-4.584922087416992698e-01
1.480783371899228040e-01
-7.545352192416719950e-01
1.000000000000000000e+00
-6.677720759099583514e-01
-9.965081129029813578e-01
1.000000000000000000e+00
8.890993667881119666e-02
6.086925774518769927e-02
-1.000000000000000000e+00
-1.000000000000000000e+00
4.660371763143759116e-01
-1.000000000000000000e+00
1.000000000000000000e+00
-3.029990555941441954e-01
-3.733085556240203773e-01
6.585495813658158726e-01
3.981998172811841985e-01
-3.058738194927401732e-01
3.051580023844728817e-01
1.000000000000000000e+00
1.000000000000000000e+00
5.386912600441394749e-01
5.998133377534522470e-01
1.000000000000000000e+00
-4.947725635138566780e-02
-1.000000000000000000e+00
-1.000000000000000000e+00
-2.680893666183170043e-01
1.000000000000000000e+00
4.369521387717176797e-01
-1.000000000000000000e+00
1.000000000000000000e+00
1.000000000000000000e+00
3.948998224346567110e-01
-5.129030733412426324e-01
4.436145448095593080e-01
1.000000000000000000e+00
-4.379750365174592264e-01
-1.000000000000000000e+00
-1.000000000000000000e+00
3.857350515923527734e-01
-1.000000000000000000e+00
9.371833537177627349e-01
1.000000000000000000e+00
-1.000000000000000000e+00
1.000000000000000000e+00
1.000000000000000000e+00
-1.000000000000000000e+00
1.000000000000000000e+00
1.000000000000000000e+00
1.000000000000000000e+00
-1.000000000000000000e+00
-1.758893946116821816e-01
1.000000000000000000e+00
1.000000000000000000e+00
1.000000000000000000e+00
-1.000000000000000000e+00
1.000000000000000000e+00
1.000000000000000000e+00
