-9.802824970520556125e-01
1.000000000000000000e+00
-2.579797268106344132e-01
-1.000000000000000000e+00
1.000000000000000000e+00
1.000000000000000000e+00
-3.646874287064554299e-01
-1.000000000000000000e+00
-1.000000000000000000e+00
-9.085555792760547922e-01
1.000000000000000000e+00
6.127977492666993875e-01
8.614918579020677258e-01
-1.000000000000000000e+00
-1.000000000000000000e+00
-1.000000000000000000e+00
-1.000000000000000000e+00
5.733268382577552114e-01
3.568827277094294148e-01
1.000000000000000000e+00
-1.000000000000000000e+00
-1.000000000000000000e+00
-1.000000000000000000e+00
1.000000000000000000e+00
-1.000000000000000000e+00
-1.000000000000000000e+00
1.000000000000000000e+00
-1.000000000000000000e+00
-1.000000000000000000e+00
1.000000000000000000e+00
-1.000000000000000000e+00
-1.000000000000000000e+00
-1.000000000000000000e+00
-2.690316435739164014e-01
-3.287629811310177619e-02
-9.290407115962412421e-01
-1.000000000000000000e+00
-8.648676334068048366e-01
-1.000000000000000000e+00
1.000000000000000000e+00
-8.908467424413161195e-01
-2.480043111215048945e-01
-9.912792877398294289e-01
8.461998835836359589e-01
6.520451867161578541e-01
-6.228179473123959253e-01
-1.000000000000000000e+00
-1.000000000000000000e+00
1.000000000000000000e+00
-6.387296434961997615e-01
1.000000000000000000e+00
2.215905904212068234e-01
-7.287874269259979609e-01
2.198398129647813892e-01
1.000000000000000000e+00
-1.000000000000000000e+00
-1.000000000000000000e+00
-2.148243078577641296e-01
-9.528947710367534629e-01
5.277833719867750517e-01
6.622037122763679839e-01
-1.000000000000000000e+00
-1.000000000000000000e+00
1.000000000000000000e+00
5.496922111021513846e-01
1.000000000000000000e+00
1.000000000000000000e+00
7.976019728178794788e-01
7.097565270978982710e-01
1.000000000000000000e+00
-1.000000000000000000e+00
-1.000000000000000000e+00
3.148195066783590068e-01
-1.000000000000000000e+00
-6.290765334544221599e-01
1.000000000000000000e+00
-1.000000000000000000e+00
-1.000000000000000000e+00
1.000000000000000000e+00
-1.000000000000000000e+00
-2.376309113967710329e-02
1.000000000000000000e+00
-1.000000000000000000e+00
-1.000000000000000000e+00
-1.000000000000000000e+00
8.528405205434823610e-01
1.000000000000000000e+00
1.000000000000000000e+00
1.000000000000000000e+00
-7.402103357297211694e-01
-1.000000000000000000e+00
-3.073489466616624033e-01
-2.570212070363763202e-01
-7.529060423366709109e-01
-1.000000000000000000e+00
1.000000000000000000e+00
1.000000000000000000e+00
9.042460910076082214e-01
-1.000000000000000000e+00
-1.000000000000000000e+00
-2.312486757169001095e-01
1.000000000000000000e+00
-1.000000000000000000e+00
-1.000000000000000000e+00
-1.000000000000000000e+00
1.000000000000000000e+00
-1.000000000000000000e+00
-1.000000000000000000e+00
1.000000000000000000e+00
1.000000000000000000e+00
1.000000000000000000e+00
-1.000000000000000000e+00
1.000000000000000000e+00
-1.000000000000000000e+00
3.050751099931207633e-01
1.000000000000000000e+00
1.000000000000000000e+00
6.214918547641390401e-01
1.000000000000000000e+00
1.000000000000000000e+00
4.256859095590962427e-01
-2.076803772341953014e-01
-3.449659566697806934e-01
1.300439926518831557e-02
-1.000000000000000000e+00
-1.000000000000000000e+00
1.000000000000000000e+00
2.248405197116541132e-01
-6.111617751583307001e-01
7.067727099488128051e-01
-1.000000000000000000e+00
-2.370476930622043010e-01
-7.499116779285875944e-01
1.000000000000000000e+00
-3.943054859478922758e-02
1.000000000000000000e+00
-7.121689932754577956e-01
-1.000000000000000000e+00
5.589392988090176040e-01
-4.780413657973179853e-01
-1.000000000000000000e+00
-2.871212424219651282e-01
9.819917314087898141e-01
1.000000000000000000e+00
1.000000000000000000e+00
-1.000000000000000000e+00
-1.000000000000000000e+00
-1.000000000000000000e+00
1.000000000000000000e+00
4.907763509230050336e-01
-1.000000000000000000e+00
-6.889727686920680272e-01
-1.000000000000000000e+00
-1.000000000000000000e+00
-1.000000000000000000e+00
1.000000000000000000e+00
1.000000000000000000e+00
1.000000000000000000e+00
1.000000000000000000e+00
3.811842612082254611e-01
-1.000000000000000000e+00
1.000000000000000000e+00
-1.000000000000000000e+00
2.135322704631508195e-01
1.000000000000000000e+00
-1.000000000000000000e+00
1.000000000000000000e+00
1.000000000000000000e+00
-1.000000000000000000e+00
-1.000000000000000000e+00
1.000000000000000000e+00
1.987866297769922408e-01
1.000000000000000000e+00
-1.000000000000000000e+00
7.421191764515860934e-01
-1.000000000000000000e+00
1.000000000000000000e+00
-5.695160358653030830e-01
1.000000000000000000e+00
-1.000000000000000000e+00
-1.000000000000000000e+00
-1.000000000000000000e+00
1.000000000000000000e+00
-1.000000000000000000e+00
9.094641642897403067e-01
1.000000000000000000e+00
-1.000000000000000000e+00
-1.000000000000000000e+00
-1.000000000000000000e+00
-1.000000000000000000e+00
1.000000000000000000e+00
1.000000000000000000e+00
-1.000000000000000000e+00
-1.000000000000000000e+00
-4.290479375890519087e-01
-3.788766646701093865e-01
-1.000000000000000000e+00
-1.000000000000000000e+00
-1.000000000000000000e+00
-1.000000000000000000e+00
-1.000000000000000000e+00
-1.000000000000000000e+00
1.000000000000000000e+00
7.684018891216721769e-01
1.000000000000000000e+00
-1.000000000000000000e+00
-4.193179974436149759e-01
-6.638310536107561166e-01
1.000000000000000000e+00
-1.000000000000000000e+00
3.999194972164216710e-01
1.000000000000000000e+00
1.000000000000000000e+00
1.000000000000000000e+00
-1.000000000000000000e+00
8.944507099368109726e-02
1.000000000000000000e+00
1.000000000000000000e+00
-7.229027797800305910e-01
1.000000000000000000e+00
3.943137619135304028e-01
-1.000000000000000000e+00
6.102352384186324752e-01
1.000000000000000000e+00
1.000000000000000000e+00
1.000000000000000000e+00
7.706920674619307521e-01
1.000000000000000000e+00
1.000000000000000000e+00
3.032695287275847806e-01
-1.000000000000000000e+00
-1.000000000000000000e+00
-8.992931383854083638e-01
1.000000000000000000e+00
-6.805060467749166619e-01
-1.000000000000000000e+00
-1.000000000000000000e+00
-1.000000000000000000e+00
1.000000000000000000e+00
-3.722331373895972906e-01
8.550118503422590166e-01
-4.918889288173892149e-01
8.425182139516160795e-01
1.000000000000000000e+00
-6.831098435452535034e-01
1.000000000000000000e+00
-1.000000000000000000e+00
1.000000000000000000e+00
8.953762534494058567e-01
1.000000000000000000e+00
8.746136349978077540e-01
-1.104028682660045391e-01
1.000000000000000000e+00
1.000000000000000000e+00
1.032825669800268298e-01
-1.000000000000000000e+00
1.000000000000000000e+00
-1.000000000000000000e+00
-4.251935585331516332e-02
-1.523827612750886518e-01
1.000000000000000000e+00
-1.000000000000000000e+00
5.933347550660812431e-01
1.000000000000000000e+00
-1.337713894192519293e-01
