5.863547910652797679e-01
-9.302535186370697318e-01
2.208883628506441710e-02
-3.960595252248841902e-01
9.195981162279514010e-01
9.878796233267181925e-01
4.304019290829703692e-01
-1.988098194051812762e-01
-9.021909701375805390e-01
-3.141688264724309398e-01
-4.809979960330410531e-01
2.958040876833372135e-01
-7.924550734073803060e-01
-8.392801571051236031e-01
-1.796642629448277351e-01
-2.849778632226640518e-01
7.264073205205474615e-01
-4.451599591124111299e-01
9.571117857154984865e-01
-8.040586513146519287e-02
1.871417613789372325e-01
-1.692048161386698890e-01
4.599924965056654269e-01
-6.699121955544862228e-01
-7.852426573371686924e-01
-2.704106607020300146e-01
5.878300686755064675e-01
7.125595947136778019e-01
5.660334898490704258e-01
-9.073505737113516378e-01
-9.301146023486701608e-01
6.339443133580866530e-01
-5.475699597408050234e-01
-9.317230465029215924e-01
-9.519631047060923557e-01
-7.695058843093582901e-02
3.964731017366678323e-01
-4.866430718595582405e-02
-3.086546324511123540e-01
3.294039010514060450e-02
2.116666973991687684e-02
6.657481175679862417e-01
9.826802949601824988e-01
8.768688627082799059e-01
-2.630718882350386867e-01
-3.855999314180778015e-01
-6.500136139441745620e-01
-7.702679030464731902e-02
8.290035434790330449e-01
6.488444245484981110e-01
-6.670022439973837258e-01
-9.941324357094678543e-01
-7.984996797086554299e-01
4.535437601678300457e-01
6.415942603221425067e-02
-3.439755378739908220e-01
5.752352328721748176e-01
-2.647251506118628583e-01
-8.864003919886962457e-01
3.030758729820364206e-01
-9.113443633170836833e-02
-9.984358799406567453e-01
9.813291302658539994e-01
8.945562941504414667e-02
8.686427719197249431e-01
-5.946049655169274306e-01
-6.547389142977706467e-01
2.252022012366869941e-01
2.251630925569614305e-01
-6.664648040650300587e-01
1.314708144462706230e-01
-6.268437258029790904e-01
7.811592376714810992e-01
6.446336501839158295e-01
-6.497694989022226864e-01
4.579083239037951003e-01
4.346905392647375521e-01
8.002547267458883784e-01
9.474896971987414318e-01
-3.466258434386786380e-01
-5.459851456120179414e-02
3.135665853748503817e-01
-6.685015055237661930e-01
9.369251148861041933e-01
-7.646358909960013772e-01
-7.835163753991984947e-01
5.415088642875225400e-01
-3.087135905289664084e-01
-2.600576143968913456e-01
7.632449572709349983e-01
6.551077897346768708e-02
8.525594648739034387e-01
4.927744513106415702e-01
-4.444607151233122000e-01
-1.400001710918046260e-01
7.841104931844624648e-01
-1.603619621446321641e-01
5.120308544818401586e-01
-5.016466658167524351e-01
-8.685925348062555340e-01
3.708737983788970016e-01
1.318384362849456259e-01
-9.719305790619305885e-01
-8.709876079688427808e-03
5.762422981125630006e-01
-4.478052544161270632e-02
9.779579470007657704e-01
3.117031698207743950e-01
-8.064553507364733420e-01
8.825105694831296699e-01
-6.502210645347132889e-01
-2.714968054929736141e-01
-1.003069304718566812e-01
-9.630915790125593734e-01
8.014104130825927541e-02
6.378841938694388425e-01
-2.476477583156293516e-01
2.664359239518148126e-01
6.853195253061457048e-01
8.623441773725808446e-01
8.451934586314553410e-01
3.192571470900840147e-01
-6.082991038958314167e-01
-4.530066585876189045e-01
-5.633125928476416799e-01
-7.906829351824611329e-01
8.866090537986237585e-02
5.605243399895663003e-01
-5.090845268709391913e-01
-8.582169340249248268e-01
5.531439048226849398e-01
9.273597988417827676e-01
3.379714171388656929e-01
7.993219991167539451e-01
-7.128855101604323341e-01
-4.211410842162730539e-01
-7.693042099353522012e-01
8.380549255507894202e-01
9.990147478745037279e-01
9.358572279350196865e-02
-4.738359973084658172e-01
5.542473423216640604e-01
9.820561725532375164e-01
-9.870892230772259079e-01
7.476931459909139654e-01
8.709721260729734738e-01
-1.237962265631660230e-01
-4.071278758015517418e-02
-1.865112835230031685e-01
-1.364085488900079746e-01
-1.995207686302540306e-01
-2.891744711607222573e-01
-3.758951746005689820e-02
7.889648031189380184e-01
-5.396874975362191407e-01
-9.790992576934842706e-01
-5.371451741014898751e-02
-5.844062685139626012e-01
4.907380353618426838e-01
-8.991104876488060782e-01
-2.593403324212815164e-01
9.584543778446308337e-03
-4.005596533733122300e-01
6.649435798835723332e-02
7.600932336960604108e-01
-9.630948149085194476e-01
-1.599032070832291375e-01
5.642077323599992145e-01
3.422254274139846508e-01
5.060194910910225108e-01
-8.729162433886665795e-01
9.934044247176014863e-01
-6.774647584107673648e-01
7.766667210191346982e-02
-9.740348710765871498e-01
-8.448574410713771687e-01
2.381585776957271250e-01
-2.091278485495036144e-01
-2.969241659918817611e-01
-3.345392375517524108e-01
3.548115588410110099e-01
9.186695853628583652e-01
-8.798661202503463841e-01
-6.678977070995493204e-01
-6.870411958107751627e-01
4.405204733640122328e-01
-8.894944677730640681e-01
8.541785546368860782e-01
-5.956925325697133289e-01
-1.720416919272804712e-02
6.632475350768225475e-01
3.407861507723546346e-01
-8.941421712246566678e-02
-5.943542641473624766e-01
7.287851500266224747e-01
2.115200840651740855e-01
1.489383824946401980e-01
-1.837474293081049481e-01
-6.379990457728610398e-01
-1.837236930124430678e-02
3.754274716632948206e-01
1.775786301067889816e-01
-8.980352546803778147e-01
-1.615413361109088175e-01
7.789593534685550491e-01
4.035400892445011323e-01
-5.676159920716825624e-01
8.430380098539136391e-02
9.140134997007052231e-01
6.813736845487499139e-01
-4.127540735751920042e-01
-3.997456711970246435e-01
-4.520924827041594707e-01
8.540021541328959298e-01
-2.088838878130263588e-01
-9.560076841593334596e-01
6.308763179274539112e-01
2.115643480623132788e-01
2.649147647575242903e-01
-3.878832482940792747e-01
-2.923778730525454783e-01
9.496411382165428350e-01
5.713302254717140816e-01
3.933422657303478065e-01
8.267992339225649356e-01
-7.894059082155415741e-01
-4.583604863955270670e-01
-5.220591254957498428e-01
3.980601075140612899e-01
1.178982138586954775e-01
2.368657238767692963e-01
2.364720876068022726e-01
-2.447139125433490658e-01
-7.900432032103534841e-01
-6.433318318197027708e-01
8.940063337469081883e-01
9.620476647109454937e-02
-2.776367347171702082e-01
7.473861982431184714e-02
-7.130492154047860520e-01
7.998610946343935879e-01
8.080347463954682397e-01
3.584543980552712394e-01
-6.103761578463298143e-01
-2.526120436974481631e-01
6.942182665405778330e-01
9.069926651140702845e-02
9.981309943030727272e-01
7.569204707600911686e-01
2.755140767145536351e-01
1.172301399852906378e-01
-8.035445837871539876e-01
-5.504640160805140958e-02
-2.227987375246356372e-01
6.804657111955838555e-01
9.012046044756287788e-01
-7.954620654668120849e-03
1.316149481174573310e-01
-5.086070375543181310e-01
-1.518392329291118337e-02
-9.757207519362254278e-01
-7.674783889075420529e-01
-7.826272436353007844e-01
-7.575868621189942864e-01
8.565600289909898191e-01
