5.495506361043519528e-01
-1.000000000000000000e+00
-9.676776662305843768e-01
-1.000000000000000000e+00
-5.585261715292652029e-01
6.930103329262482514e-02
1.000000000000000000e+00
1.000000000000000000e+00
7.614671239836429129e-01
1.082480709878004266e-01
-9.740365891033865298e-01
1.014346429446744136e-01
5.702633599122919339e-01
1.000000000000000000e+00
8.999608252479218695e-01
6.891018508091343309e-01
3.244550044600141847e-01
4.772782064369043287e-01
1.000000000000000000e+00
1.000000000000000000e+00
5.878237538760160419e-01
-3.489410991116133065e-01
-1.000000000000000000e+00
-7.282873000649342510e-02
-1.000000000000000000e+00
1.498108769977923305e-01
9.358104084696290403e-01
6.685436217970428530e-01
7.405498950780954326e-01
-1.000000000000000000e+00
6.786695076719405639e-01
5.934979893511675986e-01
-1.000000000000000000e+00
-9.840454399833948873e-01
3.566527749759603183e-01
-1.000000000000000000e+00
-1.984118700463203266e-01
-1.000000000000000000e+00
7.949530825681353496e-01
1.000000000000000000e+00
-9.937286637377380494e-01
-1.000000000000000000e+00
-1.000000000000000000e+00
-8.606418789536030012e-01
1.000000000000000000e+00
-1.000000000000000000e+00
2.396123558696862665e-01
1.664001160971730897e-01
-8.678840599452815052e-01
1.000000000000000000e+00
-8.505660129018067783e-01
-3.833022556194467523e-01
-1.000000000000000000e+00
-1.000000000000000000e+00
-1.000000000000000000e+00
1.000000000000000000e+00
3.598825127354259301e-01
-1.000000000000000000e+00
-1.000000000000000000e+00
1.000000000000000000e+00
1.000000000000000000e+00
-1.000000000000000000e+00
6.018442742901393139e-01
2.961330381551967594e-01
3.698673580795691640e-02
1.000000000000000000e+00
-1.089173168823256987e-01
1.000000000000000000e+00
1.000000000000000000e+00
1.000000000000000000e+00
-4.013063711594369032e-01
-1.000000000000000000e+00
1.000000000000000000e+00
-1.580748096361892507e-01
1.000000000000000000e+00
1.000000000000000000e+00
-3.836373227036176115e-01
-1.000000000000000000e+00
1.000000000000000000e+00
-1.000000000000000000e+00
-1.000000000000000000e+00
1.177290736055078002e-01
3.332744694312638201e-01
-1.000000000000000000e+00
2.011527289473466484e-01
1.602032723051730057e-01
5.250647858288314263e-01
-5.722310036173157144e-01
1.000000000000000000e+00
6.710247977963792465e-01
-1.000000000000000000e+00
2.068151297636822150e-01
1.237859670000170942e-01
1.000000000000000000e+00
1.218436520134584811e-01
-3.817778723693635579e-01
2.630541570296756615e-01
1.000000000000000000e+00
-4.943330892759356665e-02
6.183010318887025569e-01
-1.000000000000000000e+00
4.150981314107573539e-01
5.358714054189460674e-01
-9.661152512078685639e-02
5.498316745609971301e-02
1.000000000000000000e+00
-1.755439272360571623e-01
9.980922433943151262e-02
-1.000000000000000000e+00
-8.698466846908954331e-01
8.591080072350989472e-01
-1.000000000000000000e+00
2.170525509282921761e-01
-2.198239638761556591e-01
1.000000000000000000e+00
8.875519204717174926e-01
-1.000000000000000000e+00
-3.115840856900959910e-01
-1.000000000000000000e+00
-1.230386717609673330e-01
-9.662339893552651660e-02
3.903629799364731756e-01
-2.870416822414044722e-01
-1.000000000000000000e+00
-7.740623872659062599e-01
-3.693095239004147712e-01
-1.000000000000000000e+00
-6.110869246555277190e-01
-2.822905128131996122e-01
3.936097784383039144e-01
-9.590094140462902539e-01
1.000000000000000000e+00
-3.452035548152001532e-01
-1.000000000000000000e+00
2.254283524630174007e-02
1.000000000000000000e+00
-1.000000000000000000e+00
-1.000000000000000000e+00
1.000000000000000000e+00
1.519338109537946568e-01
-1.000000000000000000e+00
1.000000000000000000e+00
-3.283215246763198092e-01
-6.500068644369072501e-02
1.000000000000000000e+00
-4.214844824527625988e-01
2.355416696718132807e-01
5.497964318512177373e-01
4.788692694718437171e-01
1.000000000000000000e+00
-1.000000000000000000e+00
-1.000000000000000000e+00
1.000000000000000000e+00
-9.047837845168362758e-01
-7.611887332219544611e-01
-1.000000000000000000e+00
1.000000000000000000e+00
1.000000000000000000e+00
9.651749794236241797e-02
-4.576763271023948088e-02
-1.000000000000000000e+00
-1.836405825265940983e-02
-1.000000000000000000e+00
-4.436831675622466831e-01
1.000000000000000000e+00
-7.081757072425626243e-01
2.534644420448863289e-01
-2.286582568195615339e-01
1.000000000000000000e+00
-1.000000000000000000e+00
2.075718164404285471e-01
7.784880057249549123e-02
3.479492200930927037e-01
-1.000000000000000000e+00
1.388135057492088098e-01
-1.000000000000000000e+00
1.000000000000000000e+00
-1.706553051579321467e-01
-1.000000000000000000e+00
8.334089956283656786e-01
-1.707213016204498501e-01
-1.000000000000000000e+00
-5.505442420597459474e-01
-3.540784395046854272e-01
8.127116602194076611e-01
1.000000000000000000e+00
-3.624470037843522396e-01
-1.000000000000000000e+00
-1.000000000000000000e+00
3.186876450039752284e-01
-1.000000000000000000e+00
2.945903251331720707e-01
5.980777360454230251e-01
1.000000000000000000e+00
1.000000000000000000e+00
-1.000000000000000000e+00
1.000000000000000000e+00
-6.871672621269420134e-01
-1.000000000000000000e+00
-2.803969978095304239e-01
1.000000000000000000e+00
3.848171044830558385e-01
-1.000000000000000000e+00
-2.163825571619244492e-01
-1.000000000000000000e+00
-3.467484299238397516e-01
-1.000000000000000000e+00
1.000000000000000000e+00
1.000000000000000000e+00
9.195786875110543157e-01
2.807126742357479721e-02
6.479833562478587439e-02
-6.693268706168405968e-01
-5.144328348660287542e-02
1.000000000000000000e+00
-1.000000000000000000e+00
-3.424579257163150592e-01
4.490312074426291433e-01
-1.000000000000000000e+00
-1.000000000000000000e+00
-1.000000000000000000e+00
-1.474508397062637144e-01
-1.000000000000000000e+00
5.315584339580305961e-01
1.000000000000000000e+00
-1.000000000000000000e+00
1.000000000000000000e+00
1.000000000000000000e+00
-8.435763167550029973e-01
-1.000000000000000000e+00
-1.000000000000000000e+00
9.208294317732041989e-01
-1.000000000000000000e+00
-3.950375722553178814e-01
2.143708431593680519e-01
-6.667094529556008009e-01
5.142866953757248005e-01
2.985519009077746144e-01
1.000000000000000000e+00
6.766538882323802628e-02
1.000000000000000000e+00
-1.000000000000000000e+00
1.000000000000000000e+00
6.866653400905409210e-02
-1.000000000000000000e+00
-1.000000000000000000e+00
1.250602568819167981e-01
-4.359570409712336669e-01
-9.299228587201221474e-01
-4.647549710369172637e-02
-1.000000000000000000e+00
1.000000000000000000e+00
6.499074549356869124e-01
1.000000000000000000e+00
1.000000000000000000e+00
-3.330123891433207639e-01
1.209214745571893790e-01
-1.000000000000000000e+00
1.000000000000000000e+00
2.166392879414432704e-01
2.860886437625402845e-01
-1.000000000000000000e+00
1.000000000000000000e+00
1.000000000000000000e+00
8.595998031290679187e-01
