7.341857943092127137e-01
-2.947772168937756732e-01
-8.772275443295003416e-01
5.181766878765043938e-01
-4.637190067192920040e-01
-6.794146412148935887e-01
2.765017284534734276e-01
3.662823176144369697e-02
5.478397940263404209e-01
-2.678464577976189531e-01
-5.764348513698460685e-01
-3.100525736695545209e-01
-1.936829222959481900e-01
8.924573862134679292e-01
9.915600976471155015e-01
4.477753308365655105e-01
-1.573545225586858720e-02
8.269662203304939396e-02
-6.779445002743931248e-01
3.433664824246493996e-01
5.077527882145063121e-01
6.412153308214640912e-01
5.139861562217389324e-01
-8.968117580638541586e-01
4.842459005184105436e-01
5.354114019779667721e-01
1.748482813864844498e-01
-5.030783944041263833e-01
-2.649619150626802977e-02
-6.445825312658568507e-01
3.678480875329261934e-01
-9.334721452551140164e-01
-9.819478612270489126e-01
-4.025853935151686436e-01
-3.999535884999183555e-01
9.582980817425097442e-01
-8.661700883997336398e-02
8.342633553877438768e-01
-4.635916751385067425e-01
9.489625470552294217e-01
-9.763531384166634908e-01
3.709693997438341384e-01
-8.332227966000096409e-01
-9.246376571415166890e-01
2.672708547270259416e-01
-3.589900034130575346e-01
-3.269813672979071661e-02
-4.587348751546165282e-01
8.286556648799636715e-01
-5.322266847880663398e-02
-8.617498072676261778e-01
-1.056821674489656360e-01
-4.794912404030708952e-01
4.327120528817773870e-01
1.450408636197808576e-02
6.530217318042939034e-01
-8.978079565789118810e-01
-5.895166510849634278e-01
4.265682789941009911e-01
-5.900777150298359697e-01
2.990230374188223017e-01
-4.617563702505806944e-01
-7.568869997880511846e-01
8.984964163601860676e-02
-8.422355620318513481e-01
-2.979648222903246158e-01
-9.108661822471988412e-01
-5.811898767351486583e-02
-6.384785480489456599e-01
9.469708124327582688e-01
6.245355381931718686e-01
5.925744495065621287e-01
-5.565839089490813851e-01
-6.893465835035488265e-01
-7.078270032955589208e-01
9.855343048677380757e-01
5.260507409759893616e-01
-3.486663075079563523e-01
5.615157074592058706e-01
-1.567920505861815084e-01
-3.176972058970453094e-01
5.821007998638558778e-01
5.819902162613277419e-02
2.682499109676355076e-01
-7.794267505468877033e-01
-4.582609505138677264e-01
-2.085163711603328363e-01
6.810235418389720685e-01
2.641659832117431161e-01
5.745949449012388577e-02
5.574600634739990124e-01
-4.712527631371701275e-01
3.931058881055189413e-01
-1.745551042368893579e-01
-7.752574696965375267e-02
4.340102633200368931e-01
2.585893224433031268e-01
1.233554523755964194e-01
-2.379095503610173523e-02
5.776251623819628200e-02
1.103074651913946713e-01
-5.812267445595442616e-02
4.642011868522082363e-01
-6.283628559814165015e-01
8.881465081158073094e-01
3.694609509222934740e-02
7.715568805817858422e-01
-1.705764093479071875e-01
-3.713019346055905778e-01
8.106584159700760406e-01
4.616308697218722834e-01
8.399996892946659521e-02
-5.474479924326562941e-01
6.817063400221410330e-01
-8.194642589034240032e-03
-9.252550810828319428e-02
-7.610054289794856430e-01
-2.250172762782298719e-01
-8.194415988196690481e-01
-1.202339507838745547e-02
-1.530470560758909748e-01
-4.479658411132361184e-01
-8.702556959268223924e-01
-1.650466872617561975e-02
-9.795085997831407543e-01
7.190115099503284757e-01
2.806334400727161782e-01
-1.949191571796762279e-01
-1.887320376959928936e-01
3.012527232972994629e-01
7.422037410558308679e-01
-1.120996522671746654e-02
-5.501732537121959421e-01
6.750177178022085389e-01
5.874496633359245212e-01
7.089564315162031338e-01
9.324874482830347588e-01
4.799168894180263489e-01
-8.441502759634555986e-02
-2.605744527939093391e-01
5.156184737240383509e-01
-7.173731982380284755e-01
-3.029211138269813919e-01
9.339608974519635343e-01
3.771027802302813203e-01
2.118335109628861623e-01
9.501428217206331350e-01
-5.427588153572626695e-02
2.640553917822618946e-01
-1.125736773713512662e-01
1.515178946616912992e-01
4.273959677298400095e-01
-6.955059717707241518e-01
9.934921086344505881e-01
6.503169315689363295e-01
-6.966566795335544793e-01
-5.164853652593559552e-02
9.450841623506618383e-01
5.505162463768313863e-01
-5.663680237857025013e-01
-3.946523410425188949e-01
4.900646785278275352e-01
-1.756905353803883685e-01
4.951507673001005472e-01
-4.572547142406540033e-01
4.284272271532925114e-01
-1.012079379896604348e-01
8.782927500736190662e-01
4.330566531887880544e-01
7.169767578127541618e-01
6.151003546924016518e-01
-9.884119964374968870e-01
-3.777557886047755442e-01
3.134778254663221908e-01
-3.894294959246389354e-01
-1.386127601088125161e-01
-3.509497063539557260e-02
2.322964943810208460e-01
-9.294293744806840785e-01
-6.819234189397871404e-01
4.577734158686541655e-02
-7.974949489615907883e-01
-4.315323724182802412e-01
3.272179189051751536e-01
4.515157528915947349e-01
3.181302790547309023e-01
5.666556630526420335e-01
-4.343246904338453618e-01
6.493498724840818248e-02
-2.183121579437274917e-01
7.439605136014768583e-01
-4.454178329771192324e-01
4.714202355869727690e-01
9.112859633324423836e-01
-6.439769869413425329e-01
8.394180915484523720e-01
-6.137280418753845446e-01
-7.848023915033284226e-01
9.852501964275695023e-01
8.004148571113487431e-01
3.560346137779062392e-01
-3.723726540097267446e-01
-5.932246450589087061e-01
2.473499805969499032e-01
3.372735099830725947e-01
-4.133992444796583676e-01
4.239950926658422325e-01
7.206612014277054001e-01
3.050451089780261693e-01
5.379834912995886675e-01
8.986682819591074178e-02
8.178704277358253005e-01
3.632377958227852588e-01
-7.092238103728165655e-02
-8.857633748065381063e-01
-3.519734670695551237e-01
-1.984658754854851104e-02
-7.925842569391907677e-01
8.139386533771733045e-01
3.112097398015574168e-01
9.149981100340573992e-01
8.383786347444386333e-01
-6.650545766428508365e-01
7.863391176272505056e-01
-6.792033322297788001e-01
-5.891577230011946220e-01
1.000442815078170788e-01
-8.848669471168224554e-02
9.216592608262508257e-01
-2.222678895051672932e-01
2.157551060266404974e-01
4.889898831616774633e-01
4.788335522745317263e-01
3.920644283097196592e-02
9.138719448772389953e-01
5.634784581626122169e-01
5.359614084408192980e-02
-1.113363533854117016e-02
3.385582381856764300e-01
1.280456655500179508e-01
-6.703052434802476700e-01
-5.294501712373931301e-01
1.206648707265651765e-01
6.735471807235371422e-01
4.943497930815914376e-01
-6.102148437137153714e-01
7.680021034811872482e-01
5.749363953305672847e-01
1.155972093615293961e-01
9.603486192860066772e-02
2.093521206310253735e-01
5.111902739800486817e-01
1.354242790088786563e-01
-6.278386341703081630e-01
3.471096391783647928e-01
1.137680267338541107e-01
6.238963476974308531e-01
7.651136225544648006e-01
-1.093384170827966795e-01
4.250671235003198323e-01
5.305811582125368187e-01
8.537295896201118062e-01
-4.468825094198800585e-01
-4.749718900840436131e-01
-7.073539211527888337e-01
