1.000000000000000000e+00
-1.000000000000000000e+00
-1.000000000000000000e+00
-1.000000000000000000e+00
7.225613275513533829e-01
1.000000000000000000e+00
4.458128018159702721e-01
-5.766587655967680970e-01
3.384058015494056937e-01
7.358445035910026188e-01
1.000000000000000000e+00
-1.000000000000000000e+00
1.904622357232906571e-01
-6.728423410836785745e-01
-6.981045947249450156e-01
-5.322814603333416716e-01
-1.000000000000000000e+00
-1.000000000000000000e+00
-1.000000000000000000e+00
3.743102486705958132e-01
5.255632237649310312e-02
5.881728801423004027e-01
-1.000000000000000000e+00
-9.656410950772496005e-01
-1.000000000000000000e+00
5.969816948724914196e-01
9.785787782842007010e-01
-2.903241743959496524e-01
1.000000000000000000e+00
1.000000000000000000e+00
1.000000000000000000e+00
-1.000000000000000000e+00
-1.000000000000000000e+00
-4.026821797264009128e-01
1.000000000000000000e+00
-1.000000000000000000e+00
1.000000000000000000e+00
1.000000000000000000e+00
-1.000000000000000000e+00
1.000000000000000000e+00
-6.003687668528756571e-02
7.890230221744630734e-01
-1.784276068717779440e-01
-4.368018197208112241e-02
1.000000000000000000e+00
-2.758875612888352924e-01
-1.170599652786166178e-01
-9.063745519013972629e-01
-9.159563248227606813e-01
-1.000000000000000000e+00
-2.486502470050817593e-01
9.710031672741692432e-02
-1.000000000000000000e+00
-1.000000000000000000e+00
-7.913630513396282540e-01
1.000000000000000000e+00
-1.000000000000000000e+00
1.000000000000000000e+00
-3.551140735923402625e-01
-1.000000000000000000e+00
1.000000000000000000e+00
-1.000000000000000000e+00
1.000000000000000000e+00
-1.000000000000000000e+00
4.845048423032304319e-01
8.109655024070203666e-01
-8.361196270854809320e-02
-1.000000000000000000e+00
-3.132468925205410537e-01
1.000000000000000000e+00
3.713986646301384864e-01
-1.000000000000000000e+00
-1.000000000000000000e+00
2.599144260576057297e-01
-8.820754097850449504e-01
1.000000000000000000e+00
1.000000000000000000e+00
-1.000000000000000000e+00
1.000000000000000000e+00
1.000000000000000000e+00
1.000000000000000000e+00
1.000000000000000000e+00
-1.000000000000000000e+00
9.693713830314003577e-01
1.289151287993761663e-01
1.000000000000000000e+00
1.000000000000000000e+00
8.965661265457877116e-01
3.027176626026051864e-01
-7.154881067987910459e-01
5.756010773862231256e-01
-1.000000000000000000e+00
-1.000000000000000000e+00
-5.026221454852359827e-01
7.931707839037183128e-02
8.999490808951360332e-01
1.000000000000000000e+00
1.000000000000000000e+00
6.886948679935218642e-01
-9.830447080141830885e-01
5.793221692536474343e-01
5.104438789424581291e-01
3.054360079348592549e-01
-1.000000000000000000e+00
1.000000000000000000e+00
-1.000000000000000000e+00
1.000000000000000000e+00
6.756621214641223006e-02
-6.472720142959905720e-01
-1.000000000000000000e+00
-1.000000000000000000e+00
-2.745360718572158465e-01
-1.000000000000000000e+00
6.399020998313726949e-01
-1.000000000000000000e+00
-9.530018079599784642e-01
2.073908286895765896e-01
-4.427628882334306293e-01
-1.000000000000000000e+00
-1.000000000000000000e+00
1.000000000000000000e+00
1.965707667495967259e-01
6.789950164165423629e-01
1.000000000000000000e+00
1.728887966991125014e-01
-5.527562158394965230e-01
-8.245273768547682902e-01
1.000000000000000000e+00
-5.957127965634189115e-01
-9.340645977416146550e-01
4.218202439221263589e-02
8.688355711272609527e-01
-1.000000000000000000e+00
6.596335025958274256e-01
-8.939270185322617523e-01
-1.000000000000000000e+00
-4.155927304295198299e-01
2.557100377129047919e-01
1.000000000000000000e+00
8.382289941037144310e-01
1.000000000000000000e+00
1.000000000000000000e+00
-6.010909103161836686e-01
4.165233067854296478e-01
-1.000000000000000000e+00
-1.000000000000000000e+00
-1.000000000000000000e+00
7.535421585902591923e-01
-1.000000000000000000e+00
5.054492853122340978e-01
-1.000000000000000000e+00
-1.000000000000000000e+00
5.693200939513950454e-01
1.000000000000000000e+00
6.584757930699385309e-01
-2.175560764022614890e-01
1.000000000000000000e+00
-1.000000000000000000e+00
-1.000000000000000000e+00
-1.000000000000000000e+00
8.412342312030502978e-01
1.000000000000000000e+00
1.000000000000000000e+00
5.239956538276763220e-01
1.000000000000000000e+00
-8.809468547055736565e-01
1.000000000000000000e+00
-1.000000000000000000e+00
4.907407279605796036e-01
1.000000000000000000e+00
9.309396373534982727e-01
-3.535836636318856474e-02
1.000000000000000000e+00
6.789790456925021145e-01
1.000000000000000000e+00
8.827080979547640149e-01
-2.047505651471903665e-01
1.000000000000000000e+00
1.000000000000000000e+00
-5.301189028271504622e-01
-4.572614227136114207e-01
7.696031078006682069e-01
1.000000000000000000e+00
-4.609778358623763950e-01
1.434790143656183847e-02
1.000000000000000000e+00
2.674077192335211350e-02
4.740742529322814480e-01
3.777842633041357812e-01
-7.736531318574644267e-01
4.767627310353083070e-01
-1.000000000000000000e+00
-8.327324292757782853e-01
-7.272907580787841830e-01
-1.000000000000000000e+00
-1.000000000000000000e+00
-1.000000000000000000e+00
-1.000000000000000000e+00
2.614783381420671127e-01
6.675344562672600457e-01
-1.000000000000000000e+00
9.363173500947952199e-03
1.000000000000000000e+00
3.215985988391810713e-01
-1.000000000000000000e+00
5.014353828210169617e-01
6.614306994243510651e-01
-1.000000000000000000e+00
-1.494914366030181685e-01
1.000000000000000000e+00
-8.859948657416703011e-01
5.553473087996592117e-01
6.129222169762643668e-01
3.134568666742464371e-01
8.374079967338171615e-01
-1.000000000000000000e+00
7.554062998815758156e-02
-2.829431899862608901e-01
-5.165964226400189263e-01
1.000000000000000000e+00
-1.000000000000000000e+00
4.057773903902717194e-01
-1.751498849922581424e-01
2.355791476721404987e-01
9.272332837156780361e-01
1.000000000000000000e+00
-7.993061996543660008e-02
-1.000000000000000000e+00
1.000000000000000000e+00
1.000000000000000000e+00
-9.744975325238021124e-01
1.000000000000000000e+00
9.318623882672036896e-01
7.100084369536070472e-01
1.000000000000000000e+00
1.000000000000000000e+00
-1.000000000000000000e+00
-1.000000000000000000e+00
9.937518402834928377e-01
-1.000000000000000000e+00
2.973614670698414564e-01
-1.000000000000000000e+00
3.355784444128144806e-01
-1.000000000000000000e+00
-1.000000000000000000e+00
4.530851516003098212e-01
1.814205323611526033e-01
3.927502231407500322e-01
1.000000000000000000e+00
9.816700720330429064e-02
7.125048218213012596e-01
-1.000000000000000000e+00
-1.000000000000000000e+00
5.953426056065256322e-01
-2.835275429296287286e-01
-1.000000000000000000e+00
-6.620023457380813658e-01
1.000000000000000000e+00
-6.932582966996931884e-01
-1.000000000000000000e+00
1.000000000000000000e+00
1.000000000000000000e+00
1.000000000000000000e+00
1.000000000000000000e+00
-2.682683742824825135e-01
