5.439352680890845448e-01
6.086987851507112968e-01
8.846277815623304619e-02
-7.226497852810136457e-01
-7.948086572165451447e-01
-6.577524888953725224e-01
9.062631294349758893e-01
8.729364931487910706e-01
7.708430941509989420e-01
8.023622403592827190e-01
-6.759277016941824812e-01
8.877380461416939372e-01
2.424181474194058161e-01
9.837928528155677199e-01
-2.727954169288886455e-01
-6.918786469819910856e-01
1.615827206528979154e-01
-4.755001954824191746e-01
6.466966193151633124e-01
6.311153608142956450e-01
3.394689043762622038e-01
-9.183905835886823077e-01
-8.268326674594443926e-01
2.392346946369804384e-01
-3.373247123379747858e-01
8.852133573997982285e-01
4.199745441934461532e-01
6.606454807064048307e-01
9.345480569263142634e-02
-8.176304014547592924e-01
2.629755660374788473e-01
-5.018588404583284035e-01
-1.385495831797187716e-01
6.896670504317718997e-01
-7.305839436688477129e-01
7.689856461247452923e-01
-3.488935547340827892e-01
6.468758934462239818e-01
2.955596049000486225e-01
2.618084227660790742e-01
-2.195347581005399895e-01
8.270987222225354429e-01
4.912696393508702020e-01
2.645755556048867696e-02
-3.463908769538810439e-01
-3.618682978484062396e-01
-1.171186248294979748e-01
-3.076597948245136660e-01
-6.358508706399002008e-01
3.428763280929769675e-01
6.894001155990248098e-01
1.639325882497388864e-01
1.537110109683381687e-02
6.174486484376171536e-01
5.888706408647310653e-01
-2.825177227129835877e-01
1.611216562312787204e-01
4.134793608132787401e-01
7.248452463979948579e-01
-1.523723712977500533e-01
3.717484817529497221e-01
-1.000000000000000000e+00
4.098478646550031135e-01
2.012406836990743297e-01
-7.008170035402394582e-02
-5.014421975209832905e-01
8.507669653744742710e-01
6.866993934200849026e-01
-1.000000000000000000e+00
-6.868799831070611095e-01
-5.596384608412661166e-01
6.786812056305859819e-01
4.233493753094805800e-01
-1.000000000000000000e+00
-1.338555790309021720e-01
1.355078079425455773e-01
-7.178405814719703848e-01
6.158970526606086793e-01
6.200990104091563815e-01
2.102052227611543866e-01
3.612777714652031236e-01
9.221673400312547786e-01
9.370698582572489777e-01
-1.838221565292461612e-01
6.498257508616831490e-01
9.038555651391486645e-01
-4.827972863784928403e-01
-2.920211312579742424e-01
-1.000000000000000000e+00
1.359261187868194831e-01
1.071469333573318305e-01
-1.000000000000000000e+00
-8.472643074953549736e-01
1.000000000000000000e+00
-5.997738308604314561e-01
9.574340941111942893e-01
-2.796770469869764852e-01
-4.746288352872927163e-01
-8.054565764287981988e-01
-8.178185672767748216e-01
7.382423194140446121e-01
8.835681838185507342e-01
-6.728227187029738321e-01
6.192718834913961690e-01
1.000000000000000000e+00
-1.194776788170706094e-01
-9.486944264786045800e-02
1.000000000000000000e+00
7.230431389633138473e-01
-1.149621768879776074e-01
-1.725280012122607509e-01
-1.000000000000000000e+00
-1.557398106199647803e-01
8.596012818166498537e-01
-9.770969177645731918e-01
8.161738828505349375e-03
7.930359916871658754e-01
-1.538521619832939891e-01
-4.728056826015045733e-01
-3.559805271459890452e-01
-6.834723377748841422e-02
-4.763731455766770928e-01
-2.351025258150849506e-01
6.053842078618965061e-02
1.000000000000000000e+00
-8.119128014736962662e-01
-9.873026527442720912e-01
9.821981171137315059e-01
2.862897634314023332e-01
-6.824905972679562449e-01
4.236109435831809100e-01
-4.431251810758628507e-01
6.643942880361584091e-01
-1.469704331312637891e-02
4.394656207204059584e-01
7.551786917273854982e-01
-2.080654335077491979e-02
-3.080133797476398705e-01
1.851673508642603938e-01
-1.824556443340408229e-02
3.159470164697102401e-01
6.393137954462149164e-01
1.145107514509626778e-01
5.165148519563724783e-01
8.552488640658340024e-01
3.056475098280264646e-02
-1.094304014603943997e-01
-7.848785358723093797e-01
4.547387069821211547e-01
1.000000000000000000e+00
-1.000000000000000000e+00
1.000000000000000000e+00
-5.535490674521410526e-01
7.169890779368468525e-01
-1.736052257656111597e-01
4.950964035999239066e-01
6.552082923073097032e-01
1.458889225601760486e-01
-2.897877571713483036e-01
-8.646275614636094176e-01
-5.562264018544620381e-01
-9.521391045386959906e-01
-1.000000000000000000e+00
-1.814439140932697647e-01
7.515012436968684373e-01
-9.343991467412975371e-01
7.333843086924292098e-01
-8.047167685046319185e-01
9.095287803834894991e-02
-3.170627501233445056e-01
2.237966107263902327e-01
-3.008750505248618534e-01
-3.182564671842154080e-01
-2.999671598148225815e-01
-2.541355859954439467e-01
-5.146706853373483881e-03
8.101483704665188856e-01
-2.352311662938195713e-01
-2.588748167226022634e-01
-1.000000000000000000e+00
6.022416293694996536e-01
-1.000000000000000000e+00
4.435197349853409743e-01
-1.000000000000000000e+00
-6.666086317729638111e-01
1.187095090150590004e-01
-7.027855360493189263e-01
8.221287288858738496e-01
-3.533296168344122190e-01
7.620096496525281538e-01
-8.953144507471755276e-03
8.459069101357408194e-02
9.261492467531888817e-01
6.436437763350402186e-01
-3.711685265925888100e-01
2.988417162206002953e-01
-6.661485546073921959e-01
-5.289594147737759489e-01
-3.174899657667751285e-02
-4.740033311034476116e-01
9.896793098692469037e-02
-1.653750736769019625e-01
-2.709909739011473473e-01
8.334745985495863874e-01
4.580132321011063934e-01
-4.933450639896295176e-01
8.564267883296816652e-01
-1.000000000000000000e+00
9.002805088227964214e-01
-8.956684065593085720e-01
4.919812576447215591e-01
4.894546816347624674e-01
6.964704285399865302e-01
-9.647578545313197917e-01
9.324420967978466201e-01
-5.139134218197156656e-01
6.523886019305931150e-01
-4.301906348358638388e-01
6.489352471007434620e-01
-9.760131643490588260e-02
5.782999101359742600e-01
8.652231702304906680e-01
8.831567045135613192e-01
-5.902902577083368740e-01
-7.367171482340877375e-01
-1.000000000000000000e+00
-1.019750339058241306e-01
6.182107566566548140e-01
-1.000000000000000000e+00
5.931641109518817068e-01
-6.547555271789289311e-01
9.084380411011067080e-01
9.375708852072626165e-01
1.505902961198624102e-01
8.429321215670662060e-01
-1.486653556528287901e-01
4.898675612903613530e-01
-9.128564355952968334e-01
8.704207467424414091e-01
-4.412538156888692331e-01
-3.499740266543709399e-01
-3.787190726598299584e-01
5.155179149389037541e-01
-9.835102724047763978e-01
-5.735756749703035950e-01
-4.566978334245948012e-01
9.214781129875491139e-01
-6.143495301412937870e-02
7.865517009605045295e-01
9.759917529509110068e-01
1.066601784293472743e-01
-6.026245468256308246e-01
-7.334637958370684441e-01
6.197052210088946911e-01
-5.638289010463801709e-01
4.584904387526571590e-01
4.783802034593622743e-01
4.059921371037291671e-01
8.438963517862452246e-01
-1.017339382276030157e-01
1.000000000000000000e+00
6.101205055967251489e-02
1.000000000000000000e+00
2.392908874191190804e-01
-9.523693943943263296e-01
