5.328569121349733262e-01
-7.839080414347288084e-02
-2.072107701231995502e-01
6.115032382004210731e-01
-6.445994858908323799e-01
-6.652088496710206744e-01
9.272963535363760723e-01
9.393796519672774625e-01
-6.273715441356981781e-01
-8.842876124455576470e-01
1.597331570260254185e-01
2.048845534539525115e-01
1.934512364508749194e-01
9.653385837362367106e-01
2.489138952866043475e-01
-4.395183186217990201e-01
-7.682118707544938196e-01
4.067998168362347844e-01
6.422471205892776869e-01
3.123869946187844970e-01
6.095758462282800938e-01
7.660641502896237132e-01
-6.758975786864669377e-01
1.238886628921018751e-01
3.827346000318507802e-01
-3.812174489094493079e-01
1.559337016046364877e-01
-7.712794606986737023e-01
6.231669695328756475e-02
-5.143395248863205094e-01
6.734443222632302550e-01
-3.815748806715391073e-01
1.888975698452952656e-01
4.085218240023014147e-02
7.994505316815181395e-01
4.991511599640827690e-01
-8.195492467852962815e-01
-2.504128669781542360e-01
-5.544655828278051146e-01
4.531416479187548862e-01
-8.821331161998000603e-01
8.926361879557274115e-01
-4.850145105031600234e-01
7.821945182515970263e-01
4.568040978835923305e-01
-5.101102365999212740e-01
-6.529921176881396949e-01
-1.431264627348582952e-01
-8.051655755874171927e-01
-7.614654213925691195e-01
-7.184452558033751490e-01
1.180809014017509817e-01
2.870970718777261510e-01
2.642816217067265328e-01
-6.033735783053328916e-01
4.540480518550646938e-01
-3.418690791052445554e-01
-5.192479181267466437e-01
-2.474602429161043560e-02
-3.923982119703981475e-01
-8.663203533121193178e-01
-1.984701407492621694e-01
9.266430533513974055e-01
-9.573300873866221750e-01
1.848661772700643802e-02
3.182045816174841057e-01
-4.300613854634138811e-02
1.253798173749864908e-02
9.465550767076813532e-01
-3.659180910566011136e-01
-4.199487842356013356e-01
-6.260704772579217536e-01
4.124351983857563742e-01
2.257352984774785298e-02
8.648040322935570678e-01
-7.154557726444650267e-01
7.976421796370511963e-01
2.769447479252786781e-01
-2.192373758216548119e-02
3.692422313357202057e-02
-6.573565134392700404e-01
-5.357341611956418781e-01
7.656867172878234484e-01
5.630414172882429735e-01
-2.326121003587748870e-01
-9.438300050653194440e-01
-5.512720876413512716e-01
-9.265222982744678593e-01
-1.193364666620082559e-01
-8.918805008248771315e-01
4.954536692176108037e-01
-5.799642118647059252e-01
7.781905451410240371e-01
-4.556806228699714634e-01
9.096580927955510987e-03
2.237149298742695525e-01
7.733345932996398275e-01
4.170862625986546668e-01
-1.713394966256946983e-01
-5.889240567814917338e-01
5.316762649880586444e-01
-2.497678936235803171e-02
-7.891985040020150777e-01
4.907026022092617623e-01
-5.920666214590231125e-01
-3.306191150011439372e-01
-7.902462190908763340e-01
-3.145916820832717065e-02
9.219906201732741557e-01
2.187901038712387614e-01
-3.367093880080680446e-01
-4.623584433881107181e-01
-9.056413676975161309e-01
-2.685298283845833911e-01
7.185355884784305758e-01
9.204459866352381336e-01
9.137909250761555580e-01
8.275938613739413086e-01
-6.270767943182871118e-01
-5.051563912391836553e-01
2.314084879675344375e-01
6.057138989633470416e-02
2.364060529010043599e-01
-4.568612450230113975e-01
-3.384489385064033407e-01
2.885375155495806254e-03
4.390216608304602364e-01
2.170420282562866010e-01
-1.067443116344943821e-01
6.282783557058790880e-01
7.366093840525143044e-01
-4.397905699502491217e-01
-8.039658727256044912e-01
-3.728409753121655346e-01
7.259354810191096519e-01
-7.921031520179417917e-01
-3.445000200205394769e-02
-4.153782163922254966e-01
6.932838853481164687e-01
-6.966085410790978649e-02
6.138273106856912964e-01
-8.920851251534738235e-01
1.571562162797792706e-01
5.472780436497919343e-01
-6.642833476253102720e-01
-9.466320008223383375e-02
-8.311913552933107852e-01
-7.315165679214981065e-01
-8.762311825565132217e-01
-4.297831810394778795e-01
2.004984555036275484e-01
5.351620572429007794e-01
-1.168640368956939124e-01
-8.984783408045453612e-01
-4.732298426977752381e-01
-4.317926283472510729e-01
-9.387793147810299388e-01
-5.134245124505716351e-01
-6.244982463483601531e-01
6.822237482979973677e-01
6.226252628872157580e-01
3.324882842568679386e-01
-9.225888172505516405e-01
4.022604891790586557e-01
4.127335142314554339e-01
3.168947202116298989e-01
-9.528835611998498489e-01
-2.507156326682948855e-01
-2.596848901863897385e-01
4.540466177349564703e-01
2.210832357929044534e-01
9.394933082335110708e-01
-2.926726534701877824e-01
-2.511574747939655516e-01
-7.016347929056778732e-01
8.574998003147327186e-01
-5.607491519651672807e-01
-6.988615516178551257e-01
7.425749088690050126e-01
-9.173321479931653144e-01
6.518878895017923281e-01
-8.717221010661697633e-01
8.901566988982014816e-01
-5.692252531332513410e-01
-9.069125649734004480e-01
-5.648935814859732396e-01
-1.974076965476443402e-01
7.351031610966305418e-01
6.267807178625635078e-01
1.996364955877463210e-01
-2.067963203526377303e-01
6.105461879381075541e-01
5.716746332314182055e-02
-9.856657419241696694e-01
-2.432401546078877264e-01
-7.965150874686328653e-01
2.237008988826238998e-01
-9.531674382401911227e-01
-4.548936565873495930e-02
3.884096319163430344e-01
-6.860242083292686921e-01
9.448232365551767487e-02
-6.268168843971111404e-01
6.414155919238544445e-01
-7.632736599348199924e-01
2.766816006679504447e-01
4.832828715267525332e-01
-1.719757616970025715e-01
5.954266535881138633e-01
3.275408902880472262e-01
-8.633314120360020549e-01
-7.271045856991842360e-01
9.305156726403527312e-01
5.137724360230904175e-01
5.752089667748829793e-01
-7.641257108509471596e-01
-7.043717631233303855e-02
-3.154783009449559916e-01
8.521954703820979748e-01
2.421986513197389446e-01
9.542954087327026880e-01
4.004539874165085056e-01
-4.651452175156918223e-01
-6.082247389596640019e-02
6.239902191163082534e-02
3.224852292904316631e-01
8.050878892241635221e-01
-4.448917564482082199e-01
8.473599216127738476e-01
6.916968758335124701e-01
8.982777514028139620e-02
-6.578460896237912081e-01
9.810459996475078270e-01
-1.327127909756287139e-01
-9.977481372986858332e-01
-4.738980366563168012e-01
6.064737381852609577e-01
3.675001748295303461e-01
-7.482072106045691839e-01
3.731393801824665069e-01
8.174052460476515236e-01
-3.405583373541245518e-01
-6.655807502698232181e-01
-4.666887924480258576e-01
-4.123443251677985089e-01
-1.851687899987997099e-01
-8.743298370560204091e-02
3.330880753714584586e-01
1.694726278817275666e-01
-1.886300324813492413e-01
8.645712220820975791e-01
-1.277766563163802438e-01
-4.987541541204800755e-01
2.521925350818283729e-01
5.828743290561730905e-01
-9.759468173513541345e-01
5.855541845097964604e-01
6.392236297389459754e-01
-9.591072143278367435e-03
-6.185462252698723518e-01
8.400624622271539721e-01
-3.555949706351739792e-01
3.032368085810916991e-01
-8.562944089169084450e-01
6.428188688491216496e-01
