-1.844244664824532975e+00
-2.035510835942096364e+00
-3.924495733858966329e+00
-4.751065872273697033e-01
-2.598916782848568197e-01
1.404355277832319282e-01
-6.861449324645239045e-01
4.180723035379416253e+00
-3.031258718902655858e+00
-9.842602438478518234e-01
-1.617931072241264978e+00
-2.381186138129954166e+00
6.321983629677363492e-01
-3.751814508842760798e+00
1.289890183302034865e-01
2.049563797909776497e+00
2.445112485815703618e+00
-8.335450250539605532e-01
-9.051831679723328916e-01
8.371285146516493914e-01
-8.355278613934754572e-01
1.237425499469545720e+00
3.811758361892614300e-01
-1.223989888058358844e-01
-8.364556301039333119e-02
-3.651375713187394290e+00
-1.082693293245323707e+00
-2.233434639817158729e+00
3.058533516476582559e+00
3.459902958697586017e-01
6.915329946437818176e-01
-2.258901811741834909e+00
1.433896613754921834e+00
-1.000000000000000000e+00
-1.363321069872616143e+00
6.330598388209907057e-01
9.742847345641829637e-01
-2.006911923967627853e+00
-2.919202206463784144e+00
3.545766505867076646e+00
-1.080534155046299905e+00
-7.796404294256471523e-01
8.345560488976948577e-01
3.432726651653591254e+00
1.330579671755180993e-01
7.533401976000917433e-01
5.888817138001671836e-01
-1.182187686848344299e+00
9.465756178559501244e-01
-2.107543339686342332e+00
9.371125371194883868e-01
-1.230964851942940030e-01
2.435682374248624882e+00
-3.477552621836074387e+00
9.703361590285763949e-01
-7.175712690705674524e-01
-1.730495390645555576e-01
1.491041785562030375e+00
1.776039816485867284e+00
1.634257369059478382e+00
1.860691804596458221e+00
4.322330025468874570e-01
-1.592327742037585425e+00
-1.520882597838799644e+00
6.075050406116749846e-01
-3.284713900484953708e+00
2.407112685880048009e+00
-4.833676290492671113e-01
1.866107919075556509e+00
4.964440100822692159e+00
-5.210206614877043840e+00
2.001599484307768684e+00
6.655304870265600137e+00
2.832046413843035459e+00
1.941648511403851529e+00
2.670609043960822104e-01
7.894473952847473885e-01
-1.692495387379982619e+00
8.468634490095977574e-02
5.987884392054984017e-01
3.211770484418358329e+00
2.263000838556949113e+00
-7.465063997746435032e-02
-2.940950339483370701e+00
5.659133894460742553e+00
-3.124391415107653280e+00
6.866162286463034503e-01
4.878320654632912201e-01
2.140581103129614249e+00
-3.230147449446871377e+00
-1.391754398898675138e+00
-2.887650042079726198e+00
-1.048024753768249884e+00
-1.000000000000000000e+00
1.026094049454355783e+00
-1.604930807248822755e-01
-1.287742478456173290e+00
3.395292871264092849e-01
3.726155407822381083e+00
-1.528679941932645781e-01
3.162859807503636933e+00
3.083212868482343438e-03
-7.765104610936680585e-01
-2.566627228456498155e+00
-1.832540615558777342e+00
-5.461559301623153395e-01
1.893877835793899234e+00
-1.555906707232124653e+00
-4.345737270172360112e-01
2.705056179557461249e+00
5.433542104970187303e+00
-2.036779089658983022e+00
-1.799606402938427774e+00
-3.377448832522042643e+00
8.730602123251339497e-02
-4.088931017477779761e+00
-2.057463817741959078e-01
-3.912268270394944070e-01
-1.480829413595802890e+00
-4.066121006931660009e-01
-3.656693909681298482e+00
-5.455555525407617123e-01
-1.562468768378301842e+00
2.002683532050164583e-01
-4.021593220082430697e+00
-1.183022698863795741e+00
5.918784505705004806e-01
2.564950185905914282e-01
-2.561649724522137017e-01
3.413777635364148466e+00
1.728513361313617214e+00
2.456955427399762026e+00
-6.514698868707713419e-01
2.413018251106788803e+00
3.585099329832837967e+00
3.786103970058003476e+00
1.107306559920222977e+00
1.733179183526268652e+00
-6.496784023316221068e-01
2.539708273611362532e+00
-7.673223498132529796e-01
3.868668530457990862e+00
-1.334091665347932221e+00
3.449851582218337320e-01
2.308773960879056730e+00
1.943503868157176573e+00
1.420218127576927891e+00
-1.320341938801505854e-02
6.448925994115004556e-01
6.027853774751865679e-01
-9.047562758828624485e-01
2.061971124428484181e+00
-4.231954399628091501e+00
4.476194724401063141e+00
-3.504451016877356384e+00
-9.843360904479818707e-01
1.120758195085344022e-01
2.042373523424247050e+00
1.000000000000000000e+00
1.786757310732069171e-01
2.796467899773151800e+00
-7.173077050431532209e-01
1.447822897649890583e+00
2.115415219917969214e+00
7.441282784785050453e-01
-6.418433784326538216e-01
1.754737676491463061e+00
-2.140942029091145837e+00
1.116218654838000646e+00
2.347325651098864374e-01
-8.080770170815504416e-01
1.707733036192751186e-01
-1.457565424938169540e+00
2.238435370858286255e+00
-3.477520470768000749e-01
-9.879265483477350784e-02
1.336190199853310778e+00
2.466026347054737500e-01
-6.787498050323370613e-02
-9.535698106830137188e-02
4.083564094302765679e-01
-1.123210973432851589e-01
-1.211921074482813498e+00
9.921755168058163932e-01
3.164719939872925880e-01
-2.604584038767559506e-01
-5.293913758191338692e-01
-4.393257044651824650e+00
2.064959205674449461e+00
3.702953676996497689e-01
-8.260156730794749436e+00
-1.160524264340295320e+00
4.963884578697077998e+00
1.430240577763921106e+00
1.132978387711105261e+00
-6.737355996453238127e-01
7.778090045488385007e-01
-3.737965810474594974e+00
1.385070812722782652e+00
2.841800801419525069e-01
-8.673626318015426051e-02
-3.055136970556742160e-01
1.947483941824052600e+00
5.860054353874968314e-01
7.421948374982711982e-01
4.101731250013913588e-01
-1.666176165033778078e+00
-5.088436313626618634e+00
-5.581151517654339145e-01
1.179763210096520520e-01
-2.156142882648372172e+00
-2.960800820901806851e+00
-1.571158815967772959e+00
4.991806321786480538e+00
5.522939715018038154e-01
-3.582376579292076424e-01
-1.954216339735038055e+00
4.083765640408149045e-01
1.000000000000000000e+00
-1.331586031872940223e+00
4.032543568840705639e+00
-1.714457215206884655e+00
1.678720937821888803e+00
-1.183558773715859935e+00
-1.693513747158962746e+00
-1.944955229290225684e+00
-2.097245416750928459e+00
-3.390359219648097611e+00
-2.657862193485221791e+00
-1.186100746230316139e+00
-1.384312738301755719e+00
-1.271024784964425614e+00
-3.763288705174089976e+00
-1.753452895034035119e+00
1.617486142270044169e+00
-3.887943301311077571e-01
7.000674348970756800e-01
-1.280532408485936635e+00
-1.439375786313692895e+00
-6.500254521524710949e-01
-2.984326920009124695e+00
5.157086842241875857e+00
1.645198264999423010e+00
-1.747539624590187302e+00
-2.426061525679138242e+00
-2.952299636499438495e+00
-5.379696609615380432e+00
-1.040156047163725894e+00
-9.528233839982217512e-01
-5.682512138469381746e+00
1.086461087089312105e-01
8.844594805470076260e-01
7.423052288208804583e-01
-5.868237182352503689e-02
9.713733279072045423e-01
1.521246281400245870e+00
4.046416130949541667e-01
2.071834618994154997e+00
-1.040773813514181301e+00
-4.810545400502749258e-01
2.250078679117143210e+00
-1.416618305163082958e+00
8.559304998079525495e-01
-1.284261960332409025e-01
3.032250707613591167e+00
