1.000000000000000000e+00
-1.000000000000000000e+00
-1.000000000000000000e+00
1.000000000000000000e+00
3.210130036968183997e-02
1.499508956767400258e-01
-1.000000000000000000e+00
1.000000000000000000e+00
4.356049584218534276e-01
3.744691154574397718e-01
2.587569540688260394e-01
-1.000000000000000000e+00
-2.875273387717919293e-02
-1.000000000000000000e+00
-1.000000000000000000e+00
5.109909954410399857e-01
1.000000000000000000e+00
1.000000000000000000e+00
6.893164693117018738e-01
-8.062049830574279374e-01
-6.896461397024099549e-01
3.095090588109399854e-01
-1.000000000000000000e+00
1.000000000000000000e+00
-6.308807711437280918e-01
7.076130977976571312e-01
-1.655657782702816827e-01
7.258791961144936966e-01
-1.000000000000000000e+00
-1.000000000000000000e+00
-5.708255609098209504e-01
-9.836885519302760450e-01
-4.764520840273012148e-01
-1.000000000000000000e+00
-2.324890063085282010e-01
1.000000000000000000e+00
9.746430659850139344e-01
-5.606467887832400354e-02
-2.993474624203236178e-01
-9.375652473665726516e-01
-1.000000000000000000e+00
1.000000000000000000e+00
-2.657252282271549415e-01
-9.569116380816991008e-01
9.879023506554993617e-01
-1.228767713328347000e-01
-6.248336507956808727e-01
1.000000000000000000e+00
1.000000000000000000e+00
3.765270600973742443e-01
5.901011297994283034e-01
-1.000000000000000000e+00
1.000000000000000000e+00
-1.000000000000000000e+00
-1.512398918142112691e-01
-3.149382437810555602e-01
-2.130786062660824376e-01
7.418982274518537423e-01
-1.000000000000000000e+00
-3.990363941869210507e-01
-9.200646716549640836e-01
-6.285830367240617944e-01
1.000000000000000000e+00
2.494313616492160879e-01
-1.000000000000000000e+00
4.002879185387857031e-01
9.962460933642605099e-01
-7.514101006365119240e-01
-1.000000000000000000e+00
-1.000000000000000000e+00
-1.000000000000000000e+00
1.000000000000000000e+00
1.000000000000000000e+00
-1.000000000000000000e+00
1.000000000000000000e+00
1.000000000000000000e+00
7.278350414221627096e-01
-1.000000000000000000e+00
-1.000000000000000000e+00
1.000000000000000000e+00
-9.270134222679775604e-01
-1.000000000000000000e+00
-1.000000000000000000e+00
-7.831272945402861785e-01
1.000000000000000000e+00
8.072533832364376938e-01
-6.824483833507635211e-01
-1.000000000000000000e+00
1.869213841528625242e-01
-7.751706001721991868e-02
6.945018934005140476e-01
-1.326633332393120646e-01
7.230305934497747167e-01
1.000000000000000000e+00
1.000000000000000000e+00
-1.051816960657043776e-01
-1.576672875205592517e-02
1.000000000000000000e+00
6.448647884263732921e-01
5.302614766436236637e-01
-1.000000000000000000e+00
-1.000000000000000000e+00
1.000000000000000000e+00
-7.444325085913751083e-01
-1.000000000000000000e+00
-1.000000000000000000e+00
2.867618375585110346e-01
-1.000000000000000000e+00
1.000000000000000000e+00
1.000000000000000000e+00
2.027544989959702004e-01
-1.853988914318902559e-01
1.000000000000000000e+00
-1.000000000000000000e+00
-1.000000000000000000e+00
-1.000000000000000000e+00
2.358906541044205607e-01
1.000000000000000000e+00
-3.222871696805869046e-01
-2.771982682059337399e-02
-1.000000000000000000e+00
5.935266542240771326e-01
1.000000000000000000e+00
-1.000000000000000000e+00
-3.043989327726219773e-01
4.862244951222760569e-02
-9.607564690113318262e-01
-1.000000000000000000e+00
1.000000000000000000e+00
-1.000000000000000000e+00
-3.315462015100534288e-01
3.902395546339308963e-01
2.451398598543754748e-01
-1.313101869987598480e-02
2.008004077915364338e-01
1.000000000000000000e+00
1.000000000000000000e+00
2.223042776037705837e-01
-1.000000000000000000e+00
1.000000000000000000e+00
5.998340356191621536e-01
-1.157514888027886824e-01
-7.958235732253677863e-01
5.412078198205876323e-01
-7.131331527839896989e-01
1.000000000000000000e+00
1.000000000000000000e+00
1.000000000000000000e+00
1.000000000000000000e+00
-1.000000000000000000e+00
-1.008476218661576163e-01
-5.693861447189774161e-01
-1.000000000000000000e+00
-5.193101812602847200e-01
-3.767604716255417152e-01
3.772687990459016594e-01
-9.847714888807098665e-01
1.000000000000000000e+00
7.135200447533067702e-01
-1.199519626672397865e-01
-3.771166161820433960e-01
-4.732328066919283538e-02
1.000000000000000000e+00
8.356635936193193004e-01
-1.000000000000000000e+00
1.000000000000000000e+00
1.000000000000000000e+00
-1.307120766869527828e-01
4.377148358285272156e-01
7.523703524461188286e-01
-1.000000000000000000e+00
-6.349083804789241725e-01
-1.000000000000000000e+00
-1.000000000000000000e+00
1.000000000000000000e+00
1.000000000000000000e+00
-3.642307650384012940e-01
1.000000000000000000e+00
-2.257437383834151046e-01
1.000000000000000000e+00
-5.456831924083312968e-01
-3.027275327940344152e-01
1.000000000000000000e+00
6.403336332286587718e-01
1.000000000000000000e+00
8.590261553387636972e-01
-1.000000000000000000e+00
-3.126897200189029946e-01
-5.687656192879836370e-01
4.101830010208984412e-02
1.000000000000000000e+00
7.956057879437450353e-01
-1.000000000000000000e+00
1.024144879713378975e-02
9.243015722067360329e-02
-1.828596757065524270e-01
1.000000000000000000e+00
-1.000000000000000000e+00
5.470266899818215789e-02
1.721921774707646513e-02
7.039111754463954762e-01
7.706519785171772607e-02
1.000000000000000000e+00
9.367085095625315994e-02
-8.690614160492525775e-01
-2.724643363744521096e-01
-8.154937937342205956e-01
-7.121073306675198555e-01
-1.000000000000000000e+00
-1.000000000000000000e+00
-1.000000000000000000e+00
1.000000000000000000e+00
7.756088810031991354e-01
1.000000000000000000e+00
8.360650454932005982e-01
1.000000000000000000e+00
-1.000000000000000000e+00
-1.000000000000000000e+00
8.298726809463869980e-01
-1.000000000000000000e+00
-1.000000000000000000e+00
-1.000000000000000000e+00
1.000000000000000000e+00
-8.413148753222299270e-02
-9.817942062438833606e-01
-1.000000000000000000e+00
-1.000000000000000000e+00
-9.654581237104447045e-01
-7.980451630435159149e-01
1.000000000000000000e+00
1.000000000000000000e+00
-1.000000000000000000e+00
1.000000000000000000e+00
9.970468366094697998e-02
5.797275185931978214e-01
5.138116794972348300e-01
-1.000000000000000000e+00
-7.133017799222007849e-01
1.000000000000000000e+00
-1.000000000000000000e+00
-1.000000000000000000e+00
-1.000000000000000000e+00
1.000000000000000000e+00
-9.010669187294142457e-01
-1.000000000000000000e+00
-8.462933805740716631e-01
-1.000000000000000000e+00
-1.000000000000000000e+00
1.000000000000000000e+00
1.000000000000000000e+00
6.872533048386511023e-01
-1.000000000000000000e+00
-1.000000000000000000e+00
9.095743322473321957e-01
-1.843494126448608217e-01
-8.211389043238634944e-01
-1.000000000000000000e+00
5.630183913795568929e-01
1.000000000000000000e+00
-2.956370488781364658e-01
3.049996299643241704e-01
-5.310999335508856944e-01
4.904580913233436146e-01
9.658919856176079177e-01
1.000000000000000000e+00
