-7.422920132905409751e+00
3.118928486473022232e+00
-5.144637236273529979e+00
1.933471012087125018e+00
-1.777984571442990047e+00
-1.828900794157585219e-01
-2.462485244923546368e+00
-3.367738023522107049e+00
-1.856867416011485528e+00
-1.032062371245763943e+00
2.852849877413799806e+00
1.820479140797759854e+00
3.312241026753764417e-01
-1.520533996972787349e+00
-7.858485441547668593e+00
8.925617223659206845e-01
-1.813596251084968802e+00
-3.470372716403136160e-01
3.088560041164690073e+00
-1.146206118746082997e-01
1.023018496013695433e+00
3.613037762654211171e+00
5.382188594036681373e+00
2.015188946987012564e+00
1.876756714555711580e+00
-2.113898770032204055e+00
9.667113898373373981e-01
-1.369108889787103434e-01
1.044340546597809061e+00
6.386561210599465355e+00
8.867935371619504181e+00
7.348630375326881126e-01
1.028276852392612017e+00
5.182929298683082386e+00
3.790346024856168672e+00
9.243558936720265962e+00
-5.305821000337765270e+00
6.820801442695916705e+00
-6.015469116374094760e+00
9.925867532788645864e-02
2.549356117838589064e+00
-6.460325853892131542e-01
1.145887399583624067e+01
5.402488161176915327e+00
1.884650049309978925e+00
-3.643506546413529668e-01
-4.267135606137706816e+00
-2.394758582157275661e+00
-2.956003668476173685e-01
-5.761467158946214084e-01
-7.156839852972661120e+00
-3.218013252057080553e+00
-2.067419485890854336e+00
-4.162581158340620036e+00
-8.245873986830183355e+00
-3.697462335799986288e+00
-4.490382538711364724e+00
2.128674829349618269e-01
-4.281280490267022287e+00
-3.141854856280913211e+00
3.898375191812593066e+00
-1.457902754744455853e+00
-1.214036601041544206e+00
-2.831667194414420052e+00
1.534288406900508495e+00
3.027224497045295504e+00
3.948618105105258014e+00
-2.372456720250980311e+00
1.643576512453811089e+00
-2.494899797743757475e+00
-1.612363552129873590e+00
1.774607323706417494e+00
-3.413890915393391623e+00
-2.117281684300396982e+00
-3.255776618732176830e-01
1.811435706172259019e+00
3.382396787866286392e+00
-1.087912374952954897e+00
-4.049866164762968346e+00
1.298976385958323831e+01
-1.337545210139382768e+00
2.004060126353484073e+00
-1.326909567312231308e+00
-2.273182436819134455e-01
-1.754947850703712398e+00
2.462970482618989099e+00
2.442498007556685724e-01
2.098775387951413052e+00
-2.860306052696107493e+00
-4.592071651146060196e-01
2.438117406472555704e+00
3.458163494637013002e+00
-3.824712946490812282e+00
-2.859127014614414097e+00
-2.575030537809857911e+00
9.288707567996873138e+00
-6.451400330719859966e+00
1.767343756863827720e+00
-2.435630201421047580e+00
-1.335376801877739439e+00
-6.523377961173783213e+00
-2.382251698905551773e+00
-2.079351307613955591e+00
-1.627253604006440257e+00
-6.048919195135920024e-01
6.627813759337091160e-01
3.496820818310593992e+00
1.352022066115684817e-01
-2.254438787846868575e+00
2.819577278333952997e+00
-3.577556374823972263e+00
-8.046660837435439362e+00
-6.322175643811578372e-02
-1.230657562317424958e+00
-2.665425178279675400e+00
-3.700529602578513710e+00
1.511904469850970489e+00
1.820182015654304264e+00
-7.911484600074497386e+00
5.382037039810318113e+00
-7.760925142624341078e+00
-4.961663996703687962e-01
-9.049724844498652221e-01
-3.019581295959372080e-01
6.097055821999567415e-01
-7.927204205586926733e+00
1.966522297451116508e-01
2.710845500905794125e-01
6.135596348388874688e+00
-6.050213269441822916e+00
5.086846195983993901e-01
-6.984575361112071334e+00
-3.400579569828843240e+00
-1.188777031713030397e+00
-2.329521166180222647e+00
4.979371624222196147e+00
3.469800399180805073e+00
-8.688186979753730332e-01
-9.564641272668925609e-01
6.548110116220808408e+00
-7.296197538488103262e+00
-6.214781272709585247e-01
8.099557101053434849e+00
-1.024791620924716318e+00
-1.238992759024346846e+01
-5.918106714440513727e+00
-5.528323643912632868e+00
-7.594241289455516686e-01
5.046724527010598704e-01
-6.083960671830040967e-01
3.427226636289965045e-01
4.800171459105990301e+00
1.522615122093282913e+01
6.763656524814955162e+00
-2.636451668450499053e-01
-8.654760195371302700e-01
2.407937280099933020e+00
-2.678453467632072371e+00
8.129596525851143340e+00
5.663717202016494312e+00
4.875516894194977802e-01
4.295309492618864522e-01
-8.856813235456884925e+00
1.839933483173902040e+00
5.546112489357107656e+00
1.487874933069566419e+00
-1.242246797635768951e+00
-3.033463508802261011e+00
-6.226351236909141385e+00
-1.898964870068782229e+00
-4.414332688020330409e+00
-1.523006630151576113e+00
2.076409360461485498e+00
-6.168748413416296206e-01
3.528036756270025442e-02
-3.774417712313400397e+00
-1.791484450129293471e+00
-3.195957667063524354e+00
4.767801994999634196e+00
4.700561110127593700e+00
-1.292973489866172221e+00
-1.036014932734041105e+00
-2.762701251690513171e+00
3.752402105487013806e-01
1.954266635666554119e+00
-2.577822026109730658e+00
2.684100088360897640e+00
5.699834202965309293e-01
-1.463371944005962266e+00
-1.217545572743006410e+01
-3.158509497700320079e+00
-3.329487708204331042e+00
-4.503505729641390509e+00
-3.717463221861253553e-01
5.576611565199488751e+00
-8.951587736597729217e-01
3.895193194451484153e+00
2.002788402249492616e+00
1.125238326686272439e+00
-3.837463818761473799e+00
1.083992871935769742e+01
-4.056646990471968195e+00
2.522275754663736436e-01
-3.241957552574385559e+00
4.922437926163861555e+00
5.994797417348220137e+00
4.817962305528705080e+00
2.041496521421517940e+00
-6.120022106776946691e-01
2.915692080541119058e+00
-3.394869637987262267e-01
-4.753791469158553440e+00
1.086303107001215906e+00
-5.303925926419800874e+00
1.601771162914184643e+00
-4.496771802962542530e+00
-9.843369553867751254e-01
4.616115583886122309e-01
3.653927249136328825e+00
-1.072392314987258288e+00
4.713064101640165759e+00
-5.800266212264353349e-01
-9.941515442135638869e-01
5.899860504375763703e+00
-6.227734953771721926e-01
8.882783893983575041e+00
6.280750667369223272e+00
6.232715203403213167e+00
-1.031343192151005006e+00
7.024867512490743371e-01
5.764430841600475475e+00
5.212107019749590897e+00
-8.140118092897883351e-01
2.630864047125864413e+00
-4.495511270372772650e+00
-1.294048042017540867e+00
-8.117255711168011700e+00
-4.220506872681274446e-01
-1.778811308322727491e+00
2.688956298033656989e+00
-2.947356211913959800e+00
-1.971098666067478966e+00
6.616382179419732168e+00
2.992841508048895705e+00
1.685275627771174456e-01
6.797033616720831617e+00
4.212750021109749277e+00
-1.282703073495734536e+00
5.833173362895740510e-01
2.706160291860300049e+00
8.448662281248555672e-01
5.264875300326006702e+00
1.657671681693507759e+00
8.708837964992073299e-01
6.852185213990785506e+00
5.479138984260674139e-01
-4.827253226081065662e+00
4.101450830650977153e+00
1.094898191352504102e-01
-4.245768124593116255e+00
-6.799700521387852525e+00
-2.057463114362708012e+00
-5.647095756488232254e+00
-8.633965925649214057e-01
-7.890935513091534403e+00
