-9.271129582791490797e-01
7.167423349457784365e-01
3.280835633968686160e-01
-7.044249222136749200e-01
-6.396469424853765684e-01
-9.880905672259054917e-02
2.666194337181575502e-01
4.898491145531740365e-01
1.936403667747290669e-01
1.780514028194797316e-01
7.206885571828305359e-01
8.304567914202301004e-01
-7.228918123712633204e-01
-1.264366292189869068e-01
5.756306462559757087e-02
-8.030215497463244478e-01
-5.147938799370674889e-01
-9.503310731152490032e-01
2.087296835048690902e-02
9.497964350585994531e-01
7.439720627992272295e-01
-4.009898151310713477e-01
8.175090970022700354e-01
6.659913684724634297e-01
-9.468466872817875579e-01
4.850497056509661675e-01
1.462192966279125539e-01
2.238768767231280599e-01
1.648490171069141308e-01
-3.761738909074290316e-01
9.274523631744184815e-01
5.048961252938588551e-02
3.849344789236297526e-01
-4.474320082714451363e-01
-1.713228082136641905e-01
-7.352885344549453528e-02
6.424846726599808822e-01
2.207926803355384493e-01
-3.686278889190688357e-01
-8.864841491309811694e-01
-6.816012031222633549e-01
9.806263071206824389e-01
-7.030219327963942444e-01
9.697407289614985437e-01
-1.859100729314659972e-01
9.389391757266973837e-01
4.952513994727365532e-01
7.173387774905726211e-02
-1.451907489089077075e-01
6.649331860898111124e-01
-6.333890004443278876e-01
-3.295231301761578635e-01
6.502813730284859872e-01
-7.448515500488670504e-01
1.524978742119611486e-01
1.437680123982791880e-01
-3.597398560239639664e-02
5.608199111060716557e-01
5.554461962460752744e-01
-3.270876409637821780e-01
7.419241510808440854e-01
-3.263980704441842295e-01
5.950442829338173922e-01
2.877983630725073905e-01
-6.458172660515077990e-01
8.902050031183239565e-01
-2.842467699912394341e-01
-1.219995439272307802e-01
-2.499106101996593221e-01
-6.646116512108277696e-01
-6.033645143570371960e-01
-5.517695476060118231e-01
8.115041795299913208e-01
9.750812895387168666e-01
6.307404086441537050e-01
9.476141761729128810e-01
-8.095451934879607236e-01
-5.018144205343233466e-02
-9.266907874082346286e-01
-7.993416026510873351e-01
3.940400171881801583e-01
-3.615900303356458512e-01
4.920789767924280689e-01
6.065454631236861793e-01
-3.581640197824793592e-01
-6.696812287932640828e-02
5.399324182594886778e-01
1.591485908285386053e-01
-6.442103643530754375e-01
-3.213214261652175274e-01
-3.564581927426644370e-01
-6.920586108121680180e-01
2.224827026858038348e-01
-8.835298274529213014e-01
7.455932205692159531e-01
5.107443618032250221e-01
7.605509564802499511e-01
-4.437764528570387057e-01
5.166045060337860484e-01
4.656325149733373525e-01
4.495971039156829718e-01
-4.848899267084754161e-01
-5.759844961396074492e-01
4.558419780065952054e-01
2.388171143967019461e-01
5.416471651760057515e-01
-2.655574643947442581e-01
-4.840923755150734475e-01
4.547447028393512003e-01
-9.124434574827213762e-01
7.370370258358602822e-01
-3.213199956867518470e-01
-1.970828468180703119e-01
-9.063848366051550087e-01
6.922241837536753373e-01
-2.001943777639458855e-01
2.233749804526592442e-01
5.351112637805170991e-01
-3.399074513228801386e-01
-4.282474232449220430e-01
-3.112040762374457259e-02
3.796115937611090896e-01
6.098369682501163513e-01
-3.617964268522253501e-01
2.022275391180667903e-01
-6.018116664240014124e-02
9.234562046653762568e-01
-2.012965714051970778e-01
-7.634597780778216158e-01
-7.540636012402421873e-01
-4.796464026560349758e-01
-9.754047397334848490e-01
-2.670265191887977174e-02
3.056946161417599672e-01
2.537725647664843542e-01
-1.692165189237095912e-01
-4.421788911117563448e-01
-1.910727738122370845e-01
5.082738184024693240e-01
-4.400171850093996806e-01
4.609718559071309674e-01
-2.692097425081756423e-01
-4.058147747612845802e-01
-2.648057819814138014e-01
-2.740267688677655578e-02
-4.113540217061759652e-01
-2.124147412845316385e-01
-4.009859469767826923e-01
8.245660473470757257e-01
-9.379865069318382709e-01
5.360684736054814881e-01
-5.222191841136125667e-01
-3.635642953767170837e-02
-8.635780514928454998e-01
-5.170591296196620501e-01
-4.054036491733867820e-01
2.189989424160156961e-01
1.781757226872160427e-01
3.371820888272978323e-01
-9.999269810058608599e-02
-1.693640906817679426e-01
9.076990112009775125e-02
3.428160021579602645e-01
6.722335731503941147e-01
-5.280999376341233287e-02
-8.959163775204839197e-01
-7.661806272645825810e-01
7.273170682500649242e-01
6.240226245493258883e-01
8.894666340579737707e-02
7.206566681213208980e-01
7.552960977946623355e-01
4.925994512187248375e-01
5.526238483804870594e-01
2.748642544190516013e-01
2.994078093536634011e-01
-7.575935747753721472e-01
2.855774226358414047e-01
7.731253662475299215e-01
9.249672923981280270e-01
-1.080597912821481543e-01
-2.551933118873992434e-01
-3.472904767836744178e-01
7.994992080983376326e-02
-8.590000251729377201e-01
6.654792009276540021e-01
-6.228545834647201129e-01
-4.307503198370454811e-02
-9.941889918773785251e-01
-7.478869347615102470e-03
6.384119358010540424e-01
6.454923660613289815e-01
7.144102317000156077e-02
-9.949220232124711405e-01
-2.140338401318353512e-02
-5.422102330844775775e-01
-4.176647326298343899e-01
1.854207755510652866e-01
3.904483827289828568e-01
7.590719953228302064e-01
-2.324388050542161022e-01
7.532189938771101101e-01
2.300446116924128592e-01
3.594618433223732978e-01
6.429022000445925311e-01
-4.616462363640372324e-01
-6.885850995622464499e-01
5.014835609108760917e-01
-9.099817483223004988e-01
-5.261727759567162988e-01
-7.499647894107432933e-01
4.163619400807581084e-01
6.542860423131928727e-01
5.286351499432071499e-01
2.224701456975275438e-01
-2.332774004383926236e-01
-9.377475235511583129e-01
-1.962679964263986943e-01
4.276856588651025692e-01
-6.120848638232514460e-01
7.868336651076284216e-01
9.401978761764255843e-01
-1.999888507054050635e-01
-6.846809388367374183e-01
-5.893993708063327563e-01
-7.633984564125335659e-01
-2.343260250825458524e-01
3.935987832574876499e-01
3.395912776520162435e-01
6.099388143614659086e-02
6.936952070911484025e-01
-5.994738374595964814e-02
1.856768787768259266e-01
8.931756438396463160e-01
-6.621156747745582383e-01
4.265572962135582014e-01
4.601638871913229512e-01
9.722405567676288829e-01
8.056268561850119525e-01
-8.977818851123628985e-01
-2.616281700699243373e-01
2.326637593223468414e-01
5.527023020578347712e-01
9.165455464350837911e-01
-7.229840346563995990e-01
6.860097746590203549e-01
-7.013675868110125222e-02
-2.235614353368959861e-01
-4.428012964528214024e-01
-8.805661720349469146e-01
-3.748364858606305638e-01
-7.923185065004223482e-01
-7.876027508211973505e-01
-3.075270543544854629e-01
-1.954498738875698471e-02
7.107096228518667846e-01
3.356378600334242179e-02
4.545734621899280015e-01
-5.753744378438543361e-01
-3.718039994580839558e-01
1.670467241316673235e-01
7.596276616095516410e-01
2.498952147379251976e-01
-8.334913481233299226e-01
8.406404659828188297e-01
