1.000000000000000000e+00
1.000000000000000000e+00
-9.320746346196797649e-01
1.000000000000000000e+00
-1.000000000000000000e+00
-1.803953487977508208e-01
1.056016196663971396e-01
1.000000000000000000e+00
-1.000000000000000000e+00
-1.000000000000000000e+00
1.000000000000000000e+00
1.000000000000000000e+00
-1.000000000000000000e+00
-8.786379247124753711e-01
-1.000000000000000000e+00
-3.001949454800789674e-01
1.000000000000000000e+00
-1.000000000000000000e+00
5.309243622797358286e-01
-1.000000000000000000e+00
1.000000000000000000e+00
3.197801773448287199e-01
-5.189682098699968105e-01
-1.000000000000000000e+00
1.000000000000000000e+00
1.000000000000000000e+00
1.000000000000000000e+00
1.000000000000000000e+00
1.000000000000000000e+00
-1.000000000000000000e+00
1.000000000000000000e+00
-5.122149464921004203e-01
-1.000000000000000000e+00
-1.000000000000000000e+00
2.889387100565226074e-01
1.000000000000000000e+00
-1.000000000000000000e+00
4.256839184436702062e-01
-1.000000000000000000e+00
1.000000000000000000e+00
7.505230046106954322e-01
1.000000000000000000e+00
-7.706633825690289985e-01
-1.000000000000000000e+00
1.000000000000000000e+00
-1.000000000000000000e+00
1.000000000000000000e+00
1.000000000000000000e+00
-1.000000000000000000e+00
-6.183398779308488802e-01
-6.874265699698025589e-01
-1.000000000000000000e+00
-1.000000000000000000e+00
1.000000000000000000e+00
-1.000000000000000000e+00
-1.000000000000000000e+00
-1.000000000000000000e+00
-1.000000000000000000e+00
1.000000000000000000e+00
-1.829444956611636641e-03
-5.906564695176006463e-01
1.000000000000000000e+00
-1.000000000000000000e+00
-1.000000000000000000e+00
1.000000000000000000e+00
1.000000000000000000e+00
-2.365664531516905589e-01
-1.000000000000000000e+00
1.000000000000000000e+00
-1.000000000000000000e+00
1.000000000000000000e+00
1.000000000000000000e+00
-7.940571900537418681e-01
-1.000000000000000000e+00
1.000000000000000000e+00
1.000000000000000000e+00
1.000000000000000000e+00
-1.000000000000000000e+00
-1.000000000000000000e+00
-4.218107119960941565e-01
-1.000000000000000000e+00
1.000000000000000000e+00
1.647615739058347351e-01
1.000000000000000000e+00
-1.000000000000000000e+00
1.000000000000000000e+00
-1.000000000000000000e+00
5.448184991608047145e-01
1.000000000000000000e+00
-1.000000000000000000e+00
1.000000000000000000e+00
-1.000000000000000000e+00
1.000000000000000000e+00
-3.121794793037310223e-01
-1.000000000000000000e+00
9.825260845692322942e-01
5.989603474319536991e-01
1.000000000000000000e+00
8.394203484274997962e-03
-5.145916228455851282e-01
-1.000000000000000000e+00
-1.000000000000000000e+00
-6.517064794793201443e-01
-1.000000000000000000e+00
-1.000000000000000000e+00
-1.000000000000000000e+00
-1.000000000000000000e+00
-1.000000000000000000e+00
-7.040744851764391132e-01
1.000000000000000000e+00
-1.000000000000000000e+00
2.586090647941015064e-01
1.000000000000000000e+00
-1.000000000000000000e+00
1.000000000000000000e+00
1.211381342155032348e-01
1.632880361562223381e-01
1.000000000000000000e+00
1.000000000000000000e+00
-1.000000000000000000e+00
1.000000000000000000e+00
-3.042862857273179733e-01
1.000000000000000000e+00
1.000000000000000000e+00
-1.950538226060151148e-01
1.000000000000000000e+00
-2.945018545411055566e-01
-1.000000000000000000e+00
-1.000000000000000000e+00
-7.436943394937701735e-01
1.000000000000000000e+00
-1.000000000000000000e+00
-1.000000000000000000e+00
6.681070544871007266e-01
4.804792842587625734e-01
1.000000000000000000e+00
-8.028415036231933977e-02
-2.435650557249433579e-01
1.000000000000000000e+00
1.000000000000000000e+00
1.000000000000000000e+00
1.000000000000000000e+00
-1.000000000000000000e+00
-3.676769548515608221e-01
6.198140544146097941e-01
1.000000000000000000e+00
-1.000000000000000000e+00
3.646504973048081411e-03
6.814225196971313014e-02
1.000000000000000000e+00
1.000000000000000000e+00
1.000000000000000000e+00
7.619273441822973503e-01
1.000000000000000000e+00
8.557233256606178173e-03
2.501631522229391669e-02
1.000000000000000000e+00
1.000000000000000000e+00
1.000000000000000000e+00
2.177553846372877189e-01
-1.000000000000000000e+00
-2.711720341482082297e-02
4.478449958850906354e-01
1.000000000000000000e+00
-1.000000000000000000e+00
-4.153190426072491670e-01
-1.000000000000000000e+00
1.000000000000000000e+00
1.000000000000000000e+00
1.000000000000000000e+00
-1.000000000000000000e+00
-1.000000000000000000e+00
1.000000000000000000e+00
1.000000000000000000e+00
8.599566806886569381e-01
1.000000000000000000e+00
-7.719946820993792702e-01
1.000000000000000000e+00
1.000000000000000000e+00
1.000000000000000000e+00
-2.836094019646940856e-01
-1.000000000000000000e+00
-2.377218583666595997e-02
1.000000000000000000e+00
7.926734651777070928e-01
-1.000000000000000000e+00
-1.000000000000000000e+00
1.000000000000000000e+00
-1.000000000000000000e+00
1.000000000000000000e+00
-1.000000000000000000e+00
1.000000000000000000e+00
-1.469598110006025138e-01
1.000000000000000000e+00
8.270170711172734057e-01
-1.000000000000000000e+00
8.709155399083010618e-01
-5.731748982541573501e-02
8.031759630297481412e-01
8.530226205885946822e-01
6.166354150265822565e-01
-1.000000000000000000e+00
-1.000000000000000000e+00
1.000000000000000000e+00
-1.000000000000000000e+00
1.000000000000000000e+00
1.982852729801731773e-02
1.000000000000000000e+00
1.000000000000000000e+00
-1.000000000000000000e+00
1.535051893519899791e-01
1.274060150001640190e-01
1.000000000000000000e+00
1.000000000000000000e+00
1.000000000000000000e+00
-1.000000000000000000e+00
-2.255314325475065163e-01
-3.983518683585185460e-01
4.180662066201743521e-01
-1.000000000000000000e+00
-1.000000000000000000e+00
-1.000000000000000000e+00
-6.922796451136508100e-01
1.000000000000000000e+00
1.000000000000000000e+00
-1.000000000000000000e+00
-6.625087317884518212e-01
1.000000000000000000e+00
1.000000000000000000e+00
1.000000000000000000e+00
-1.000000000000000000e+00
1.000000000000000000e+00
-1.000000000000000000e+00
-1.000000000000000000e+00
-3.460098411651491013e-02
-3.280556555425908627e-01
-7.670237900519648599e-01
-6.836215076967717685e-01
-4.772909191218055458e-01
2.671025703902800141e-01
-6.710097058265582781e-01
-1.000000000000000000e+00
9.447343330436386299e-01
1.000000000000000000e+00
8.167867196965344911e-01
1.000000000000000000e+00
4.076223534672129833e-02
-1.000000000000000000e+00
-6.764205631715303202e-02
1.000000000000000000e+00
5.052693069456620778e-01
1.000000000000000000e+00
-3.246314979107525200e-01
-1.000000000000000000e+00
-1.000000000000000000e+00
-9.528064308838003482e-01
-1.000000000000000000e+00
1.000000000000000000e+00
-6.176871264914234327e-01
-1.000000000000000000e+00
1.000000000000000000e+00
-1.000000000000000000e+00
1.000000000000000000e+00
1.000000000000000000e+00
1.000000000000000000e+00
