2.874660367660015758e-01
4.469656136946800196e-01
-4.910730832415266534e-01
5.242442613883928626e-01
1.215091098334568631e-01
-1.074377073454919618e-01
9.330744498139940113e-01
4.326610523953116072e-01
-7.398800300737411462e-01
6.767794488551550636e-01
4.088179479164002483e-01
7.681631202322551921e-01
-4.587986859686472574e-01
1.503883052038708090e-01
5.816995851434143550e-01
7.449833188891317182e-01
-3.648412572969175205e-01
-4.067774928201424167e-01
5.576255060790171747e-01
5.000464779914948199e-01
3.377810754318044673e-01
-6.410791012180514503e-01
-3.089946235052583035e-01
2.214880215786545481e-01
1.848651923250819173e-01
-5.949292783600568235e-01
4.924929131133919391e-01
-2.559916666917674277e-01
1.219197598392176562e-01
-9.161222708892169386e-02
2.502685112086706631e-01
2.552537286133227390e-02
-4.399589283447840060e-01
6.177304477366933888e-01
-1.504293137020520366e-01
-3.927378024162526682e-01
9.413951570771859068e-01
1.487735681484236849e-02
-3.206054473326680476e-01
2.690847287558524314e-01
-9.424974085911148602e-01
4.800212627052855563e-01
6.495487284049985544e-01
3.640306687717538292e-01
-6.564372812172176719e-01
8.222171117026648712e-01
-9.383177672876390485e-01
-7.976370356850881471e-01
-6.861361908168179813e-01
8.934696093787981575e-01
-1.174159684323323738e-01
6.880588248057000200e-01
9.113087348421844425e-01
8.693843137849150970e-01
8.870627403056303706e-01
2.400789525863689100e-01
-1.083058655430562123e-01
5.795198951434046286e-01
-5.286698706544861182e-01
-4.910535582533808174e-01
-8.393084191210677947e-01
-5.326286319371515976e-01
7.316841865133678624e-01
1.982133284396361272e-01
-1.185280996455706504e-01
7.136780213154823027e-01
-4.296436487846042596e-01
1.197817242707053254e-01
8.495165556773986992e-03
5.921133015648094577e-01
7.586253999941792170e-01
-5.987092624961372067e-01
-7.288798313043103327e-01
1.086857373290792683e-01
-6.960704944724676047e-01
-8.048391258998095488e-01
-7.168217934367127064e-02
1.842431823457766349e-01
-1.511430109678570943e-01
5.875418598929027514e-01
-6.497591282502064303e-01
6.340263539835646611e-01
8.671512057381882688e-01
-9.971697333026410259e-01
5.947435332209594083e-01
8.363405376913459754e-01
1.006536050574473595e-01
1.612586559197031200e-01
-8.820226225195606506e-01
-3.210759347512781581e-02
5.122549111085707985e-01
-4.598598484012381693e-01
1.976505830872874458e-01
5.370835497934982605e-01
2.857711423729492051e-01
-9.236135600157466818e-01
-3.130481594103977638e-01
4.436847865576996064e-01
-6.266747520607545141e-01
-8.883694860053599207e-01
-6.297626974597017036e-01
-7.805886042162746286e-01
-1.918946961389098593e-01
-4.080178055663681302e-01
-2.922769645963159135e-01
-2.123260244747471326e-01
-3.331555291732528623e-01
6.840846852270543454e-01
9.420631821918123983e-01
-6.866396061989172850e-01
1.008685688850385898e-01
9.641230728932648208e-01
-5.005804382642629058e-01
1.539475171959892030e-01
-8.035523449119486017e-02
-4.335168373775264428e-01
3.070880966783362531e-02
6.792398085189008672e-01
6.014293830642158944e-01
-8.628958870861540564e-01
-3.937682727416840223e-01
5.297838480716807741e-01
2.607112402776778914e-01
-5.706379505774119565e-01
-3.542134774409511078e-01
-5.098595500600648922e-01
-1.579408329079090567e-01
3.660124638276542886e-01
-5.019078682542614800e-01
9.932678661412113197e-01
2.831164991741537129e-01
-7.186592152235828923e-01
-9.821011500236309644e-01
-5.444344996474903553e-02
2.393912207432009609e-01
2.389456325467762543e-01
1.794510807671882979e-01
-2.944569763835729326e-01
-5.133317192708042320e-02
-7.784256614840985300e-01
5.008162967369509389e-01
-5.890821762702280751e-03
-6.733354053595115296e-01
8.140081834690171547e-01
1.080039496676250543e-01
-6.077416152738137622e-01
7.491484854600305443e-01
-6.857735326026099809e-01
-6.337174592072882806e-01
-2.831045310336441911e-01
7.189764656905017759e-03
-8.588591448071973833e-01
-6.002809786492353528e-01
4.781667653295214038e-01
-3.997193930173863485e-01
2.244771340080342625e-02
-4.859740400648693281e-02
2.855167645296596834e-01
7.307544959147571628e-01
6.393770912888945279e-01
7.128353791933146333e-01
1.249681105375153312e-01
9.408708271670878087e-01
-5.490345368160622908e-01
1.509884791232778412e-01
1.007870235560823780e-01
1.196069686257148490e-01
2.064456003323453803e-01
-9.688720269590698209e-01
-6.044406943835745061e-02
8.295328129353143343e-01
-3.371828541486410202e-01
-4.399068995612427369e-01
6.023279355000248358e-01
-7.666499238277661998e-01
-3.570668976319646415e-01
-1.339271416698342154e-01
3.427266568944720149e-02
-3.298738417993807293e-01
5.657621328857758147e-01
9.268254976369134646e-01
6.008532745044408152e-01
6.180169419810570552e-01
-9.658053094065044419e-02
-1.223660835672639724e-01
-5.876778694018913729e-01
-7.578649880471439726e-01
-2.901232914171811839e-01
2.961732423483147691e-01
-7.833793876251728960e-01
2.213335908051166090e-01
-1.609351183784988315e-01
9.423516670220402069e-01
7.930815282817789136e-01
5.209207256378336481e-01
8.213688538536008110e-01
-6.494701272700871275e-01
2.660360511137194184e-01
7.702415682350642889e-01
9.323072968157313234e-01
9.299944799696842068e-01
-9.736901683897503101e-01
1.158549699409276990e-01
5.158862233074765768e-01
-5.327890871143381446e-02
-5.164627324437178757e-01
-6.935259949928311851e-01
2.990862792798736347e-01
-8.578623166581409443e-01
3.833787067619403022e-01
1.162256007388027257e-01
-9.189831122509592998e-01
-4.786422575041049399e-01
6.996308584376804696e-01
5.972037369508795823e-01
-8.985036595020401418e-01
-8.134615638243583025e-01
3.771346178016268258e-01
6.812477720302501094e-01
5.682156844787218386e-01
-6.691155945296902718e-01
4.941668414275053323e-01
8.792302804391045612e-01
2.216309472887454390e-01
7.929167470411029317e-01
6.363418401879530339e-01
-5.187216147995472593e-01
6.895431677312853225e-01
8.144707433314279932e-01
-8.040435385429500759e-01
-1.424474994113955617e-01
6.348935249846550111e-01
-2.460189818400535522e-01
-2.059888777537053350e-01
-1.489475147605083816e-01
9.653292473069425839e-01
-2.375708450770335212e-01
-9.961151183196303993e-01
-9.717318803611769695e-01
7.402781477494912998e-01
-6.554675502047420110e-01
-4.119884108619213947e-01
-3.043577470568827881e-01
2.570113148705279738e-01
-8.949649851290470970e-01
8.420822114209487452e-01
7.961093842365112305e-01
-1.692105323403609862e-01
-5.012722881820901311e-01
1.837051660529029906e-01
-4.418563100057633086e-01
-8.880562651302352783e-01
-1.695323102448642594e-01
6.344990541052508704e-01
-3.168447425291247566e-01
5.933073404916007210e-01
1.822374869287575194e-01
9.872511617735248990e-01
6.521178475300508648e-01
-8.964670249465436225e-01
-7.085581586277056587e-02
-2.908473725458857739e-01
4.841687102752980643e-01
3.943752418452968200e-01
1.693154128173743889e-01
