1.000000000000000000e+00
1.342461075344290045e-01
-1.000000000000000000e+00
-4.983635232783749092e-01
-1.000000000000000000e+00
-1.000000000000000000e+00
-1.000000000000000000e+00
-7.675015899256096841e-01
-1.963164925617281176e-01
3.156983678708681351e-01
1.000000000000000000e+00
1.714563214179323225e-01
-3.655809154888517432e-02
-1.000000000000000000e+00
-8.315860814337958651e-01
-1.000000000000000000e+00
1.828348218118693858e-01
2.587800150870016580e-01
-1.000000000000000000e+00
-1.427937556574371269e-01
9.833999665216616171e-01
-1.000000000000000000e+00
-5.277919433342679323e-01
-1.000000000000000000e+00
-1.000000000000000000e+00
-1.000000000000000000e+00
-1.000000000000000000e+00
1.000000000000000000e+00
1.000000000000000000e+00
1.000000000000000000e+00
1.000000000000000000e+00
7.167014482523479391e-01
-1.062804181960713690e-01
4.676732878604727972e-01
-9.951135427112192122e-01
6.175726699513678364e-02
9.506968692213446648e-01
3.882174416023053132e-01
-1.346123264307512446e-01
-1.000000000000000000e+00
6.725724238717798453e-01
-1.000000000000000000e+00
-4.493976194640385557e-01
-1.780676219087300449e-01
9.345624828370237003e-01
-2.944244053918536608e-01
-7.945569993971005607e-01
-3.028650580087488553e-02
1.000000000000000000e+00
-1.000000000000000000e+00
-1.000000000000000000e+00
-1.000000000000000000e+00
1.000000000000000000e+00
1.644656198039234907e-02
6.471577251455966628e-01
1.000000000000000000e+00
-1.340581569151890751e-01
4.818349054491362082e-01
-4.417503089834567409e-01
-1.000000000000000000e+00
-1.000000000000000000e+00
-1.000000000000000000e+00
-3.926324563303231763e-01
-1.000000000000000000e+00
-8.743023681721147078e-01
4.343785688687588076e-01
7.074000027102314014e-01
-2.015173615941098784e-01
-1.000000000000000000e+00
6.037637693858022292e-01
1.453779766312177646e-01
-1.000000000000000000e+00
5.503583211814970788e-01
8.383215380047175369e-01
-3.827700737911231554e-01
1.000000000000000000e+00
-5.110602106715644855e-02
4.836871561398264907e-01
-6.023777890444848016e-02
3.663275458384918082e-02
-7.497752508492391277e-01
-2.278307384998031759e-01
1.000000000000000000e+00
-6.421009179360823715e-01
1.000000000000000000e+00
-6.744072924786582712e-01
1.000000000000000000e+00
-1.000000000000000000e+00
-6.527003313635537651e-01
9.311172591533252163e-01
4.878286349543404787e-01
-1.243053124260138365e-01
-1.000000000000000000e+00
-9.741469108995430837e-01
-2.319370461725672738e-01
-3.647551958918395787e-01
-1.000000000000000000e+00
-8.058051628706475178e-02
1.000000000000000000e+00
9.290882648050653447e-01
1.000000000000000000e+00
8.781463694181450563e-01
-1.000000000000000000e+00
6.051913763118002554e-02
-3.745791334752995860e-02
-1.000000000000000000e+00
-3.369325299018856024e-01
4.639122922256777581e-02
-6.843114861815681182e-01
-4.144250745372946021e-01
1.000000000000000000e+00
3.597840155235674242e-01
-6.173505816245409283e-01
-5.567341377206825870e-01
1.000000000000000000e+00
1.000000000000000000e+00
-1.000000000000000000e+00
1.000000000000000000e+00
7.532338985448436830e-01
1.000000000000000000e+00
8.472008390058290983e-01
-1.000000000000000000e+00
-1.000000000000000000e+00
-1.967180175619542837e-02
1.000000000000000000e+00
-1.000000000000000000e+00
-2.350275029968171836e-01
-8.848605292426625635e-01
-1.000000000000000000e+00
-1.000000000000000000e+00
5.577188793910212716e-01
-9.427118336398990772e-01
-5.644221317521759262e-01
-5.575208801705938688e-01
9.262840609771414435e-01
-1.000000000000000000e+00
1.000000000000000000e+00
-9.678955986574229176e-01
3.375635533880179118e-01
1.000000000000000000e+00
9.251442377461016608e-01
-1.000000000000000000e+00
8.630087137776251138e-01
-2.777507183994987194e-01
5.232052947286585098e-01
8.611595778185916483e-01
-5.191527158298236966e-01
-9.625697392636578531e-02
-1.000000000000000000e+00
-1.000000000000000000e+00
-1.000000000000000000e+00
1.000000000000000000e+00
-5.025124591240566208e-01
-1.000000000000000000e+00
-1.000000000000000000e+00
1.000000000000000000e+00
2.020427645283096041e-02
1.000000000000000000e+00
4.513724364696329316e-01
-8.231679839274116395e-01
-1.000000000000000000e+00
4.368473057808391902e-01
1.000000000000000000e+00
-1.000000000000000000e+00
1.000000000000000000e+00
1.000000000000000000e+00
2.720824491995903482e-01
1.000000000000000000e+00
6.489574333769607684e-01
7.938170819050756055e-01
4.085421053632631860e-02
-9.227767098366681520e-01
-1.073652321954787769e-01
1.000000000000000000e+00
7.025397469172725007e-01
1.000000000000000000e+00
-1.000000000000000000e+00
1.000000000000000000e+00
-1.000000000000000000e+00
6.152995243069214748e-01
-1.000000000000000000e+00
1.000000000000000000e+00
-1.000000000000000000e+00
1.000000000000000000e+00
1.000000000000000000e+00
1.659576240540671099e-01
1.000000000000000000e+00
1.000000000000000000e+00
-6.420719462753192719e-01
1.000000000000000000e+00
1.000000000000000000e+00
-2.694790660221181300e-01
1.000000000000000000e+00
4.764812806943167223e-01
-1.000000000000000000e+00
1.000000000000000000e+00
-4.927333170223031633e-01
2.114609677847772984e-01
1.000000000000000000e+00
1.000000000000000000e+00
1.000000000000000000e+00
9.562995967535038444e-01
-4.409351297371759681e-01
-1.000000000000000000e+00
-9.504003601836584769e-01
1.000000000000000000e+00
1.000000000000000000e+00
1.803341174520436407e-01
-6.734527400088166083e-01
-1.000000000000000000e+00
-6.917758361108710119e-01
6.398368195763460831e-01
-2.703848407702177381e-01
6.316288764652653320e-01
-9.290069838177883454e-01
1.776893300263215902e-01
-8.970671475636261549e-01
8.706370968699229662e-01
-1.000000000000000000e+00
-2.889879998493674607e-01
-1.000000000000000000e+00
-1.000000000000000000e+00
-2.047914434623081537e-01
-5.181467980114998761e-01
-4.048063115907386544e-01
1.000000000000000000e+00
6.372815136435990846e-01
-7.143673676420831953e-01
9.171510307568577769e-01
1.000000000000000000e+00
1.000000000000000000e+00
-1.000000000000000000e+00
1.000000000000000000e+00
3.737118667882157741e-01
-1.000000000000000000e+00
-1.000000000000000000e+00
-8.148612417727112422e-01
7.463458644368627937e-01
1.000000000000000000e+00
-1.000000000000000000e+00
3.593926907374359603e-01
1.810789792932513409e-01
-4.065452185298368271e-02
-5.250265690106079020e-02
4.425204011014871597e-02
6.162684084863956357e-01
-1.000000000000000000e+00
-9.844309305315768199e-01
5.438056448990988834e-01
1.000000000000000000e+00
-1.000000000000000000e+00
1.000000000000000000e+00
7.762098136606733201e-01
1.000000000000000000e+00
-1.152221135505503424e-01
-1.000000000000000000e+00
1.000000000000000000e+00
-3.099727856631131484e-01
9.643152449710628016e-01
6.147176302472172615e-01
1.000000000000000000e+00
-9.484573468904129445e-01
7.550357952156945274e-01
1.000000000000000000e+00
-1.000000000000000000e+00
