-9.881867907884180902e-01
-3.148943620046398273e-01
-6.115611818380424225e-01
7.851204348805049804e-01
7.691796238654173834e-01
1.515259418049197393e-01
-6.197959621572486366e-01
4.984912140847665984e-01
-9.428537319004279826e-01
-6.314410271507209238e-02
-9.119296174162605517e-02
-6.604066250741438271e-01
1.710526789902244715e-03
-1.095980100313824757e-01
8.173908555189179914e-02
-5.000137625268803454e-01
-4.069485109855306426e-01
-8.459268286952934535e-01
-3.195271740577054764e-02
3.804964526804346381e-01
-6.010758659927333269e-01
-2.297218547669648281e-01
-5.171053484086582941e-01
4.876283994133550070e-01
2.305078563208202702e-01
-2.133961757016158423e-01
-9.540015312854130958e-01
2.595391833016718053e-01
-9.498537929982653338e-02
6.396467725389931580e-02
-2.537260275371879814e-01
-3.578847245313432346e-01
-4.900449854727728649e-01
-3.837157813463223377e-01
-7.538585992608206610e-01
7.159477308974557808e-01
9.707315947067816087e-01
-1.420702913913032273e-01
-3.183695734698073210e-01
-2.565429646698031974e-01
7.869373932413379347e-01
7.938592217869366863e-02
6.760047389012373564e-01
-1.367148546860208480e-01
1.025881362552225617e-01
5.631993130132748604e-01
5.004553561031717113e-01
7.211786972328433354e-01
-7.094520625236522271e-02
2.276334599555367433e-01
9.137599265529956494e-01
-8.321328040090536504e-01
1.449435793327762401e-01
2.797400401051024499e-01
9.080420404075675300e-01
-9.355991234157257086e-01
-1.007677622149627528e-01
-1.220266636519129477e-01
-7.589430346366314861e-01
-4.141285950236652802e-01
9.839500236207183725e-01
5.701656458203649969e-01
9.181198921101105803e-01
8.982751678667386663e-01
2.185327768440119556e-01
-8.206002825555727132e-01
-5.213557421542567294e-01
2.491878513184060395e-01
-3.153047226852085938e-01
4.244735580221927762e-01
-8.875079710394564447e-01
8.307501000415538073e-01
2.378063820122171546e-01
2.591916436845953520e-02
-1.277698934968083400e-01
4.083051715270011872e-01
9.885536277498154778e-01
9.948362816061806502e-01
-3.181160863396084171e-01
-8.260328572337671815e-01
-2.078095860780431181e-01
-9.583917669362527203e-01
8.835152276283271267e-01
4.046775700618894245e-01
2.384282218729703029e-01
-1.105806228066068542e-01
-1.338887870950264958e-01
1.861066933488293440e-01
3.814772634781065097e-01
4.218755738579333947e-01
7.028287495579819133e-01
6.722355980356826688e-01
1.621615518801884370e-01
-8.310309365811177074e-01
-5.181439560643124054e-01
3.070182929460374410e-01
-8.938366689922696562e-01
7.511686429761610384e-01
3.300081299401269597e-01
7.590588171391923211e-01
5.307648448199153712e-01
7.253384466347967408e-01
3.069620550971019490e-01
6.835705112629624214e-01
-2.359067224226309989e-01
-3.218653908971651489e-01
3.308590412318923590e-01
-4.476672053989181332e-01
-1.692679998216761739e-01
-7.400849840402381474e-01
-5.630063307723309762e-02
-5.500443724969155124e-01
7.973285512177819001e-01
6.394837387557097408e-01
-9.699188228601529627e-01
1.431722363846659185e-01
6.200043610657639537e-01
-2.853446476944285770e-01
8.138832591892435353e-01
-4.658911855895226939e-01
9.140963567439837067e-01
5.616347106250068055e-01
2.898024913537549097e-01
-1.924289903370013377e-02
1.107449173561625422e-02
9.232727259461768199e-01
5.969884548163366667e-01
-5.178475267266571258e-01
4.508757499849116446e-01
2.830327315479410633e-01
9.613804749018730611e-01
-8.795540912704509218e-01
2.849258047016145490e-01
3.342532387204151245e-01
4.953774438429867644e-01
2.264022250184296592e-01
-8.533673773233463322e-02
2.974382433376956403e-01
2.535502167331402656e-01
-3.713766443463157874e-01
-2.536368607773189510e-01
-4.973429020842186077e-01
6.478625009275762459e-02
-8.241427078607501677e-01
8.152557511887330577e-01
2.152715999539895897e-01
6.785630872073600273e-02
-1.738073499232937191e-01
-8.597653401681575325e-01
-9.065457760371842255e-02
-5.981220170019878601e-01
-1.712032107878260767e-01
-8.478994507823078841e-02
-1.690105307276976720e-01
-1.968139473970766939e-01
-7.844596246646671212e-01
-4.404076938602172753e-01
-5.141291009943500523e-01
5.930701262084032699e-01
-1.757013609782989150e-01
9.692501657346248578e-01
-5.023607397791185480e-01
-6.805289088036592382e-02
1.614842947034378362e-02
2.843021726687378070e-02
-1.189094841045486017e-01
3.676466546675372093e-01
3.600248770286185174e-01
2.623945862225600667e-01
-5.735238956843435876e-01
-7.052487492507442113e-01
-5.993070677578657968e-01
2.299012579220403030e-01
4.893741008780592150e-01
3.517895976002811675e-01
4.627529282154838608e-01
8.665101398492500717e-01
3.370445845692948694e-01
-3.568592516319861740e-01
-1.430132861598067961e-01
6.088093375680037056e-02
-5.636569504090842564e-01
-4.366585928419970397e-01
9.194270509239559352e-01
-1.134830779286817304e-01
9.755754247095984599e-01
3.365971827138225514e-02
5.726491568488418782e-01
-8.534874897825246443e-01
5.727513893054927419e-01
7.622832807318771220e-01
-3.332531290690321502e-01
-5.709455582393156980e-01
9.031654561144839555e-01
5.783412475359743787e-01
-2.240566377094326267e-01
-7.802362340747572844e-01
-3.578411271813120020e-01
5.225374911917977094e-01
3.135418586263472029e-02
-7.841795948663587978e-01
4.723053451019201265e-01
-1.187905521719156976e-01
-7.778650668440290072e-01
-9.864867769097580563e-01
-1.667656819515532796e-01
7.525589153896692363e-01
7.924828531975978141e-01
-5.786490419532506202e-01
6.369279908476304097e-01
4.521097802663176513e-01
-9.744493380145768935e-01
-1.876147149680158499e-01
-8.020905893660668085e-03
2.158995853923395547e-01
-1.640608766924225304e-01
1.125853093252293657e-01
6.989537678080715022e-01
3.460576469713900760e-01
-5.966307713812555313e-01
6.851267502046922697e-01
-2.208522127854153361e-01
3.465595559278957793e-01
5.108097612027129308e-02
-2.263468155940213666e-01
-3.701927512026426115e-01
9.613635808373299785e-01
-7.296356358210711601e-01
5.450517101115448515e-01
7.682343809678113811e-01
-8.498526126159062777e-01
-5.290459517765380149e-01
9.965548593953872381e-01
9.545281112278727331e-01
8.840398184544524529e-01
3.231089563159883493e-01
3.487706401237593568e-01
-4.088419583801321533e-01
9.053542686794053829e-01
-7.616095552722941253e-01
-8.501607986380803617e-01
2.776818944555008439e-01
-7.059583518422622994e-01
-8.754206471412329105e-01
8.621689970093462385e-01
-1.695634577566413892e-01
-1.276418251412181348e-01
7.711858354213718680e-01
-7.135580132913887930e-01
-2.789949708306169729e-01
5.198278601324195503e-01
1.841020116100422488e-01
-4.205696735859003610e-01
-5.116991974415707745e-01
-3.750074445679763002e-02
-5.812232482360060182e-01
-9.877382007665469477e-01
-1.797256179978499180e-01
-4.023703902324922144e-01
7.345800486627820369e-01
-5.519345287532828603e-01
7.210069559504337366e-01
-3.618795049557883559e-01
-2.645838335230183969e-01
8.994075820381124409e-01
