1.000000000000000000e+00
-1.000000000000000000e+00
-1.000000000000000000e+00
-1.000000000000000000e+00
1.000000000000000000e+00
-8.804171628121988391e-01
-1.000000000000000000e+00
1.000000000000000000e+00
1.000000000000000000e+00
1.000000000000000000e+00
-9.050168129197168065e-01
-1.000000000000000000e+00
-1.000000000000000000e+00
-1.000000000000000000e+00
1.000000000000000000e+00
-9.507628626907008718e-01
-8.420748826737478598e-01
-1.000000000000000000e+00
-1.953544093203540832e-01
1.000000000000000000e+00
-3.213741967960064283e-01
-1.000000000000000000e+00
1.000000000000000000e+00
-1.000000000000000000e+00
-2.851912158500891081e-01
1.000000000000000000e+00
-5.393484809264093016e-01
1.000000000000000000e+00
9.973860693767169217e-01
1.000000000000000000e+00
-1.000000000000000000e+00
-3.829003938042858657e-01
-1.000000000000000000e+00
3.685233932760929587e-01
-1.000000000000000000e+00
1.000000000000000000e+00
1.000000000000000000e+00
-7.078634705030617535e-01
-1.000000000000000000e+00
1.000000000000000000e+00
-7.521416257716500020e-01
-1.000000000000000000e+00
9.921387619906341104e-02
3.403477416446177850e-01
6.723316712481423041e-01
3.590146059448776628e-01
-1.000000000000000000e+00
-1.000000000000000000e+00
-1.000000000000000000e+00
-1.000000000000000000e+00
-1.000000000000000000e+00
-5.835142025905390994e-01
-1.000000000000000000e+00
1.000000000000000000e+00
1.000000000000000000e+00
1.000000000000000000e+00
1.000000000000000000e+00
1.000000000000000000e+00
-1.000000000000000000e+00
2.721857092455951532e-01
-6.314167034448190385e-01
-1.000000000000000000e+00
-1.000000000000000000e+00
-3.531475120041458471e-01
4.837461686106787617e-01
1.370364875326397502e-01
-1.000000000000000000e+00
-1.000000000000000000e+00
-1.000000000000000000e+00
-8.198721811448425045e-01
-1.000000000000000000e+00
-7.188392171199013969e-01
-5.233611677527130190e-01
-3.234272801887997373e-01
-1.000000000000000000e+00
-1.000000000000000000e+00
-1.000000000000000000e+00
4.590998582337135758e-03
7.354984203347727512e-01
3.328707687245202607e-01
3.736349602844062923e-01
-1.000000000000000000e+00
1.000000000000000000e+00
-2.509917884256774867e-01
-8.233172710654869109e-01
5.743245780484920182e-01
-1.000000000000000000e+00
-1.000000000000000000e+00
6.528412455929577529e-01
-1.000000000000000000e+00
-2.072586580150035385e-01
-1.000000000000000000e+00
1.000000000000000000e+00
-1.000000000000000000e+00
-1.000000000000000000e+00
-3.904199560342570541e-01
-1.000000000000000000e+00
7.723470372420635499e-01
1.096732019649652723e-01
1.000000000000000000e+00
1.000000000000000000e+00
1.962337182074457287e-01
4.530791178694464350e-01
-1.000000000000000000e+00
1.000000000000000000e+00
4.535769769290888265e-01
-1.000000000000000000e+00
-1.000000000000000000e+00
7.595522357059938390e-01
-5.902759104469378348e-01
1.000000000000000000e+00
-1.000000000000000000e+00
-9.316838736449446490e-01
6.961368419167200949e-01
7.250928497626990543e-01
-5.930662764426446465e-01
-2.138747010185253483e-01
1.000000000000000000e+00
-5.907367345743158582e-01
2.942445908094525331e-01
1.123046290089769195e-01
1.000000000000000000e+00
1.000000000000000000e+00
-8.464548416565367273e-01
1.000000000000000000e+00
2.201480820839085695e-02
-1.000000000000000000e+00
-1.000000000000000000e+00
-1.419247802959802407e-01
-6.328895852085335560e-01
1.986998616180894184e-01
-1.000000000000000000e+00
1.000000000000000000e+00
-1.000000000000000000e+00
-8.673679437953785154e-01
-2.979013924484469333e-01
-1.000000000000000000e+00
8.699527117214624905e-01
-1.000000000000000000e+00
2.843890487963591784e-01
-2.791237988605174136e-01
-4.793241853342570247e-01
-8.908430765148896979e-01
-1.000000000000000000e+00
-1.000000000000000000e+00
3.312437044542921316e-01
-1.000000000000000000e+00
-1.000000000000000000e+00
-4.037409172860619844e-01
-5.857298054363482276e-01
-1.000000000000000000e+00
-1.000000000000000000e+00
-1.000000000000000000e+00
1.000000000000000000e+00
1.000000000000000000e+00
-2.554567729007913846e-01
-8.362685201528643475e-01
1.701103435341166925e-01
-1.000000000000000000e+00
-1.681295851467141667e-01
1.000000000000000000e+00
-1.000000000000000000e+00
1.000000000000000000e+00
1.000000000000000000e+00
4.615422574377193721e-01
-1.000000000000000000e+00
5.020767888728121520e-01
-1.000000000000000000e+00
1.000000000000000000e+00
-1.000000000000000000e+00
-1.000000000000000000e+00
1.000000000000000000e+00
-1.000000000000000000e+00
6.824952262892007848e-01
1.000000000000000000e+00
-5.066431220824045845e-01
1.000000000000000000e+00
1.000000000000000000e+00
-1.000000000000000000e+00
-1.000000000000000000e+00
-1.000000000000000000e+00
-8.922459239962868827e-01
1.000000000000000000e+00
1.000000000000000000e+00
4.972019458005723092e-01
-1.000000000000000000e+00
3.438039002759103457e-01
-6.016575705872605484e-01
1.000000000000000000e+00
-1.000000000000000000e+00
-1.000000000000000000e+00
-1.000000000000000000e+00
-6.947725000698350417e-01
4.988140461893298960e-01
-1.000000000000000000e+00
-6.026091911444686477e-01
-1.000000000000000000e+00
-1.000000000000000000e+00
1.000000000000000000e+00
1.579618649666701957e-01
-1.000000000000000000e+00
-8.798932954097836434e-02
-5.287892454683433829e-01
1.000000000000000000e+00
3.121120999797914464e-01
-1.000000000000000000e+00
1.000000000000000000e+00
1.494209198978687092e-01
1.000000000000000000e+00
7.266755405075653318e-02
-1.000000000000000000e+00
-1.000000000000000000e+00
7.355867253571912734e-01
1.000000000000000000e+00
-1.000000000000000000e+00
-1.000000000000000000e+00
1.000000000000000000e+00
1.000000000000000000e+00
1.000000000000000000e+00
1.000000000000000000e+00
-7.024269751101065440e-01
1.000000000000000000e+00
1.000000000000000000e+00
-1.000000000000000000e+00
6.285662927441939551e-01
-1.000000000000000000e+00
-1.000000000000000000e+00
-2.140294074384477829e-01
-1.000000000000000000e+00
1.476535704370203206e-01
6.609681235288796808e-01
-1.000000000000000000e+00
1.000000000000000000e+00
-6.536969401655680356e-02
-6.727084664385885038e-01
-1.000000000000000000e+00
3.025557726135126302e-01
1.000000000000000000e+00
-1.000000000000000000e+00
-1.000000000000000000e+00
7.383189678688926172e-01
-1.000000000000000000e+00
1.464159415918049323e-01
1.000000000000000000e+00
-1.000000000000000000e+00
-4.828222491406188865e-01
-1.000000000000000000e+00
1.000000000000000000e+00
-1.000000000000000000e+00
1.000000000000000000e+00
-7.202246661311337839e-01
1.949025503186818664e-02
1.000000000000000000e+00
-1.000000000000000000e+00
4.906362198329916602e-01
3.331533467569002260e-01
2.797705422154856958e-01
1.000000000000000000e+00
1.324024658511753216e-01
-8.532717665757962866e-01
-1.000000000000000000e+00
6.932265135622064367e-01
-6.589923488057163325e-01
1.000000000000000000e+00
1.000000000000000000e+00
