1.000000000000000000e+00
3.251401993592479833e-01
-9.844498695708525648e-01
-3.861110983370430461e-02
1.000000000000000000e+00
3.982868418377620845e-01
-7.204128433393575115e-01
4.639996298801976615e-01
-1.000000000000000000e+00
4.987720580719841035e-01
3.110804458066984690e-01
5.401789107194762130e-01
1.000000000000000000e+00
-1.000000000000000000e+00
1.314028233052688677e-01
7.379573289516492274e-01
8.131141587414691951e-01
1.000000000000000000e+00
-3.453572618875214717e-01
-1.000000000000000000e+00
-2.265805783637766524e-01
1.000000000000000000e+00
1.000000000000000000e+00
-7.239058437482334130e-01
-6.310708499116546299e-01
-3.690134105305251655e-01
3.077191459284410457e-02
6.033576641318438849e-01
-1.000000000000000000e+00
1.000000000000000000e+00
-1.000000000000000000e+00
-1.000000000000000000e+00
-4.301362408780772251e-01
-8.726300314346687736e-01
-9.056776163487156861e-01
8.681502645144734132e-02
-7.614541949799320530e-01
-9.940126864050013999e-01
-4.895476320961025252e-01
1.000000000000000000e+00
-8.798321097225987319e-01
-1.000000000000000000e+00
5.818246582422548219e-01
-1.033353893055713457e-01
-7.841924069310548528e-01
4.760831672861710606e-01
1.000000000000000000e+00
5.803854665491973153e-01
9.905639048470902264e-01
-1.000000000000000000e+00
1.000000000000000000e+00
-6.411949586096061804e-01
4.782954615418605337e-02
-1.000000000000000000e+00
1.446505414306771264e-01
1.000000000000000000e+00
-1.000000000000000000e+00
1.000000000000000000e+00
-1.000000000000000000e+00
6.947380913942033942e-01
2.190304905091431387e-01
-6.151462193585711669e-01
-1.000000000000000000e+00
-6.169928199767695798e-01
1.000000000000000000e+00
-8.312918957372067430e-01
-6.032511030571393595e-01
-1.000000000000000000e+00
2.706877432054781707e-01
3.308324940934203040e-01
9.435467322949213642e-01
-1.867641568222455639e-01
1.000000000000000000e+00
-1.223796062118138739e-01
8.104600327581580332e-01
-7.349246650144635185e-01
-9.557555047259729264e-01
1.000000000000000000e+00
-2.977221121480276844e-01
-1.000000000000000000e+00
9.891315365903194934e-01
1.000000000000000000e+00
-1.000000000000000000e+00
1.000000000000000000e+00
-5.400920050852912047e-01
-3.011906355613941377e-01
5.404725575451214681e-01
-6.932201336566043981e-01
-1.000000000000000000e+00
1.000000000000000000e+00
3.548362365113839623e-01
-1.000000000000000000e+00
-5.684722843210191501e-01
-3.950581385252904809e-01
1.147303159716769327e-01
-4.876069726451484621e-01
3.732719751370134342e-01
-1.469057557616839649e-01
-2.137487736848992514e-01
-1.000000000000000000e+00
-1.161669354617072547e-01
-1.000000000000000000e+00
1.000000000000000000e+00
4.292008637996433951e-01
-2.537945142588924341e-01
5.594450586727806041e-03
-1.000000000000000000e+00
-7.899180520778417147e-01
1.000000000000000000e+00
1.000000000000000000e+00
9.606368293609933717e-01
-6.660517971692729855e-01
2.703533311739039213e-01
5.298300853165416324e-01
-7.382391723379302384e-01
-9.621075141038226697e-02
-1.000000000000000000e+00
1.000000000000000000e+00
1.000000000000000000e+00
-1.000000000000000000e+00
-1.000000000000000000e+00
1.000000000000000000e+00
-1.000000000000000000e+00
1.000000000000000000e+00
8.070631424272829424e-01
-1.000000000000000000e+00
-1.000000000000000000e+00
-4.758172736308527440e-01
-1.000000000000000000e+00
5.703687011226596937e-01
1.000000000000000000e+00
-6.439928662078298061e-01
8.611340740864696919e-01
-1.000000000000000000e+00
-1.000000000000000000e+00
-1.000000000000000000e+00
7.799542846604572421e-01
-6.296051305214231952e-01
3.462059803974660843e-01
-6.293695823849323467e-01
-1.878756036123898632e-01
-9.101963386809750478e-01
1.000000000000000000e+00
1.000000000000000000e+00
-1.853002161744987664e-02
1.000000000000000000e+00
1.000000000000000000e+00
1.000000000000000000e+00
-7.660976736838702728e-01
-7.110910834589179164e-01
7.480009875636489669e-01
1.000000000000000000e+00
1.000000000000000000e+00
-9.280728726832939701e-01
-1.000000000000000000e+00
-7.582034016696146406e-01
-1.221273976804537753e-01
-9.939192362011008974e-01
8.956457844344303254e-01
1.000000000000000000e+00
1.000000000000000000e+00
-9.707639631265049251e-01
-5.610595950803705101e-01
-1.000000000000000000e+00
-1.000000000000000000e+00
-2.988367365695112632e-01
-1.000000000000000000e+00
8.073874087726902182e-01
3.301387370778736674e-01
1.000000000000000000e+00
-6.156544132596553087e-01
-6.878651900194643343e-01
-4.348655531826892684e-01
-1.000000000000000000e+00
-8.074401689518853065e-01
7.664727769492429843e-01
-4.792113644580900389e-01
-1.000000000000000000e+00
-5.335240730367705186e-01
3.391565449865294735e-01
-5.783858220468575118e-01
1.837736026379090948e-01
1.000000000000000000e+00
6.669061214359428558e-01
-2.755237145375466490e-02
9.524452540333105954e-01
-3.747213524464889645e-01
1.000000000000000000e+00
-2.452524198669109312e-02
-1.006280998859054865e-01
-1.012750104969051268e-01
-4.263992701993391532e-01
-8.058174190101907719e-01
4.272232541802393202e-01
1.000000000000000000e+00
-9.805130052968235033e-01
-9.066755937987215352e-01
-8.140733415728140798e-01
-8.139598631943617546e-01
1.000000000000000000e+00
1.000000000000000000e+00
8.173500644998773490e-01
-6.944470747113977716e-01
9.393766176270428314e-01
3.240572086258850515e-01
1.000000000000000000e+00
-1.000000000000000000e+00
-2.477268324859476234e-01
-4.526551205995982263e-01
-5.656022992357280232e-01
-1.000000000000000000e+00
-1.000000000000000000e+00
1.000000000000000000e+00
1.000000000000000000e+00
1.000000000000000000e+00
-3.484992001183306876e-02
9.680512749076208845e-02
1.000000000000000000e+00
5.029844660553650648e-01
-1.000000000000000000e+00
-8.779150913774917964e-01
-2.816900863859478354e-01
-3.227596790363700396e-01
7.182506240313917267e-01
1.000000000000000000e+00
-7.196772400255373459e-01
8.442115246572950982e-02
9.896171545121672519e-01
-1.000000000000000000e+00
-1.000000000000000000e+00
1.000000000000000000e+00
1.000000000000000000e+00
-1.000000000000000000e+00
-9.104663257056413439e-01
-5.039514309746668808e-01
-1.000000000000000000e+00
7.996562873511097180e-01
-4.545905008944214343e-01
1.000000000000000000e+00
7.686002429258165236e-01
-2.088454332159912497e-01
1.000000000000000000e+00
1.000000000000000000e+00
-2.753770745421372790e-01
1.000000000000000000e+00
4.531069695088183469e-01
9.673676288823405134e-01
8.896812027723977057e-02
1.000000000000000000e+00
1.000000000000000000e+00
1.040664825351861333e-01
-8.996920466982499809e-01
2.631752920109372007e-01
4.475239300013735821e-01
-8.097679951904730444e-01
9.707758648097873921e-01
-1.000000000000000000e+00
-2.664997541195824882e-01
-4.714070360235347312e-01
1.000000000000000000e+00
-1.000000000000000000e+00
6.472911133527319283e-01
-1.000000000000000000e+00
9.948937883636094215e-01
5.155408395946929900e-01
