-1.359823934748531915e-01
1.000000000000000000e+00
-7.140728241333564874e-01
-3.265471191561823971e-01
-1.000000000000000000e+00
5.734930692594129020e-01
1.000000000000000000e+00
-1.000000000000000000e+00
2.688472796584681079e-01
-1.755099183424213560e-02
-1.623410784976581089e-02
1.000000000000000000e+00
9.668995604183350245e-01
7.852953894733003537e-01
-2.603283407831404883e-01
2.631681201728024444e-01
7.142672764749874448e-01
1.000000000000000000e+00
1.000000000000000000e+00
6.550369912935538608e-02
-6.515983069237359926e-01
-1.000000000000000000e+00
8.348119726499863003e-01
7.655924430711730233e-01
-9.132811003752454582e-01
1.000000000000000000e+00
9.690447425905288625e-01
-9.054215878076918855e-01
-4.686917750908390357e-01
1.000000000000000000e+00
-4.809117584317346150e-01
3.778854001736835500e-01
-3.434518969583573167e-01
-1.166414881068560394e-01
2.052188689208291617e-01
5.301328001158991388e-01
-7.949280983637152520e-02
-1.000000000000000000e+00
7.197652639579116274e-02
-1.000000000000000000e+00
-5.601997000344348665e-01
-8.307733567290147558e-01
1.000000000000000000e+00
-1.000000000000000000e+00
-1.000000000000000000e+00
-1.591235108988226510e-01
-1.027313935382570820e-01
9.778905456021969034e-01
-1.031400910355732004e-01
-6.797398157800609297e-01
6.930885369069534896e-01
-3.821132737284453906e-01
-3.271691747648153292e-02
-9.832813942132392349e-01
8.317982579482574579e-03
-6.983310468547336836e-01
-1.000000000000000000e+00
-1.000000000000000000e+00
-1.000000000000000000e+00
-8.451295478800321392e-01
1.000000000000000000e+00
3.638277291024715199e-01
-6.720336610747010830e-01
-6.021421541320866044e-01
8.561028569013813261e-01
5.444188435162445883e-01
-1.000000000000000000e+00
2.666914430083316412e-01
6.055405703342664481e-02
2.520701478169828924e-01
-6.872887718650568800e-01
-1.000000000000000000e+00
1.000000000000000000e+00
6.099642988780984432e-02
3.376323792821861458e-01
1.000000000000000000e+00
7.551910688496846769e-01
-9.268490160963660518e-01
2.357912258365791880e-01
-1.000000000000000000e+00
-1.000000000000000000e+00
-5.892514867455727057e-01
-3.118826418492311459e-01
-2.234503356025046017e-01
1.000000000000000000e+00
1.750698566438362302e-01
-4.075938393436484564e-01
5.579634339973007506e-01
-5.124849412069238941e-01
9.816111562770452048e-01
1.000000000000000000e+00
2.120287853798734634e-01
8.964278582077755964e-01
1.000000000000000000e+00
-9.828896461847904664e-01
1.000000000000000000e+00
1.000000000000000000e+00
-1.000000000000000000e+00
-2.044052268120034599e-01
-5.826837768479575796e-01
1.000000000000000000e+00
8.485522636721325451e-01
-6.347206774841187560e-01
-5.625245568935466345e-01
6.895837594213936050e-01
5.655199772575951744e-01
-8.669459673925594689e-01
7.027323445952359249e-01
-1.000000000000000000e+00
-1.621892079340054860e-01
6.996379214028521920e-01
6.502906655812870640e-02
4.261974005494651441e-01
6.794343512468512536e-01
-5.372483393720322020e-01
6.325115286669272807e-01
4.636297130724039706e-01
1.000000000000000000e+00
-1.000000000000000000e+00
-4.956488115458446142e-02
5.054532242553841925e-01
-5.138011508045237097e-01
5.941255732591428362e-01
-4.448879672333611035e-01
1.000000000000000000e+00
1.000000000000000000e+00
-1.000000000000000000e+00
-2.181231792033231365e-01
-4.148894609373809939e-01
4.540827832205456271e-01
5.267130855207806661e-01
-9.858785667997453928e-01
-1.000000000000000000e+00
6.883121900939892512e-02
1.434837643005102414e-01
-1.000000000000000000e+00
7.452510808825906219e-01
7.271023929405839858e-02
-9.486006451176893783e-01
-4.883572469409050987e-01
-2.024472860316492984e-01
1.000000000000000000e+00
7.796463760961280798e-02
-7.494019534149668482e-01
-7.664731150858750119e-02
-1.000000000000000000e+00
1.723319292166301531e-01
-1.000000000000000000e+00
7.910164683568635668e-01
-9.504779615760771128e-01
9.558270906128119027e-01
-6.971458158249286274e-01
1.000000000000000000e+00
-8.385017693391074722e-01
1.000000000000000000e+00
1.000000000000000000e+00
8.317589291024298781e-01
-1.000000000000000000e+00
1.000000000000000000e+00
2.129892721680761714e-01
-1.000000000000000000e+00
-9.819842606591251410e-01
-1.000000000000000000e+00
-8.616798482282643779e-01
1.000000000000000000e+00
-5.671673527317871999e-01
-1.000000000000000000e+00
-8.295872579161909233e-01
-2.014396511890363950e-01
-1.000000000000000000e+00
1.000000000000000000e+00
-1.000000000000000000e+00
1.000000000000000000e+00
4.401653942969149247e-01
-1.000000000000000000e+00
4.196328588677286642e-01
-1.000000000000000000e+00
1.000000000000000000e+00
1.000000000000000000e+00
1.985497783534765914e-01
-8.989203253839790353e-01
-9.249909317266993281e-01
-2.211149831465446525e-01
6.648397105932015716e-01
-1.000000000000000000e+00
7.470526767718684846e-01
-2.251863183684852388e-01
1.161792905998750847e-01
-2.452614434075543748e-01
8.198787116734413960e-01
1.000000000000000000e+00
1.000000000000000000e+00
1.000000000000000000e+00
-1.000000000000000000e+00
-1.000000000000000000e+00
1.000000000000000000e+00
4.317200483399326605e-01
-1.129695316397795191e-01
3.921328962938832596e-01
1.000000000000000000e+00
6.691258966428101918e-01
-1.000000000000000000e+00
-9.159034859352823688e-01
-1.000000000000000000e+00
-3.633584236338993634e-02
-3.622154539503659176e-01
-1.000000000000000000e+00
1.855973419311225947e-01
-1.000000000000000000e+00
-1.000000000000000000e+00
3.239311438618314165e-01
-1.000000000000000000e+00
3.625862032127440404e-01
-3.484122789885102378e-02
-2.877217830486931138e-01
2.940624849905357774e-01
1.397774173282763099e-01
-1.000000000000000000e+00
6.442685546163098298e-01
-6.014724376419708918e-01
2.275771311052081636e-01
-3.124139279167649774e-01
8.710671035713022370e-01
9.471532305931069651e-01
-1.000000000000000000e+00
-9.770581384444856354e-01
6.904163621994436895e-01
2.946657357547986522e-01
1.000000000000000000e+00
1.000000000000000000e+00
7.723714937828469740e-01
-1.000000000000000000e+00
-1.763812268444078790e-01
2.243579621781661149e-01
1.213112644253224737e-01
4.766489640944930883e-01
8.795549932749384681e-01
-1.000000000000000000e+00
1.000000000000000000e+00
-1.000000000000000000e+00
-1.000000000000000000e+00
7.054518369446883819e-01
1.000000000000000000e+00
-8.190775660340088304e-02
3.374429580281788632e-01
1.000000000000000000e+00
-7.553211193404543167e-01
-5.371793035869467658e-01
1.000000000000000000e+00
-7.863674732501033660e-01
5.981047751137051893e-01
6.805151856953262079e-01
-1.000000000000000000e+00
1.000000000000000000e+00
3.829015013244310706e-01
1.000000000000000000e+00
-1.000000000000000000e+00
1.000000000000000000e+00
1.000000000000000000e+00
1.772088981569241994e-01
4.410761463274768257e-01
4.698819800794302726e-01
-5.676470767053448663e-01
-8.941517364987078276e-01
7.481290948446104316e-01
