1.000000000000000000e+00
-1.000000000000000000e+00
6.229630634939782308e-01
-1.000000000000000000e+00
2.249589321158567690e-01
-1.563696010351169896e-01
1.000000000000000000e+00
1.000000000000000000e+00
-7.914517659070574584e-01
-8.469648553166500005e-01
-1.000000000000000000e+00
-1.045182513127520529e-01
-3.713342186076956652e-02
1.000000000000000000e+00
4.662752182959601921e-01
-2.076378273233985272e-01
1.000000000000000000e+00
-6.515834646699812938e-01
-4.976053214894456400e-01
-1.000000000000000000e+00
-1.000000000000000000e+00
-2.830873651704096106e-01
7.544969664224709938e-02
-7.516469827976641760e-01
8.211814851052969821e-01
-2.352506822163662470e-01
-1.938055035573887919e-02
-7.459353275605419276e-01
-1.000000000000000000e+00
-4.790190774766071025e-01
2.922051294680956257e-01
-1.145508499225274535e-01
-1.342739192383771707e-01
-1.000000000000000000e+00
-1.000000000000000000e+00
4.236534452636121495e-01
7.505225703884033095e-02
1.000000000000000000e+00
-1.340096437914357619e-01
-1.000000000000000000e+00
-4.843730523705900848e-01
4.294436038366955533e-01
-8.860210820546441379e-01
1.000000000000000000e+00
3.776820231300823116e-01
5.352852102729138695e-02
1.816174653928976923e-01
-1.000000000000000000e+00
-1.066458239766119309e-01
-1.000000000000000000e+00
-8.534351925648501203e-01
4.074187164076894518e-01
-3.441974866351465989e-01
-5.887178449744355779e-01
1.000000000000000000e+00
-1.437784813446139620e-01
8.650383569792249316e-01
4.470052055650668432e-01
-6.176299163660730063e-01
9.147188368986866047e-01
-3.767474332324094455e-02
-9.219118636959708901e-01
4.896045424310249139e-01
1.931532369589206155e-02
9.107135033172675254e-02
-1.000000000000000000e+00
-9.177616356718976132e-02
-8.674765701462443523e-01
-3.178007227454042738e-01
-1.000000000000000000e+00
-2.734156283662316778e-01
-2.565783553109532988e-01
1.000000000000000000e+00
-1.000000000000000000e+00
2.530729544792853503e-02
1.000000000000000000e+00
1.000000000000000000e+00
-1.000000000000000000e+00
1.000000000000000000e+00
1.000000000000000000e+00
-1.658265002541556288e-01
1.000000000000000000e+00
-4.102122771287834979e-01
-4.946992023085698964e-01
1.000000000000000000e+00
1.000000000000000000e+00
-8.706754834709187207e-01
2.561103665933138762e-01
-6.796681048088593080e-02
-6.282812337827512472e-01
-1.000000000000000000e+00
-1.000000000000000000e+00
-6.877460124810950148e-01
-1.435504626655552673e-01
2.483801516399632980e-01
1.000000000000000000e+00
1.000000000000000000e+00
1.000000000000000000e+00
3.385555464051366314e-01
-1.000000000000000000e+00
-8.743467667824467160e-01
-5.963227763250764646e-01
3.572439582495418042e-02
9.329106889385414547e-01
-8.101704021890470120e-01
2.702404704163221538e-01
-1.000000000000000000e+00
1.000000000000000000e+00
-9.217738470790708405e-01
4.711956971615341438e-01
3.166117137771304324e-01
-7.665241733954479830e-01
3.454842124275229187e-01
4.962861596235841333e-01
3.317643596427979347e-01
5.680846862815200904e-01
1.000000000000000000e+00
4.292535029073482056e-01
-6.807599406011268783e-01
-1.000000000000000000e+00
-2.785218557045692211e-01
-1.000000000000000000e+00
1.000000000000000000e+00
-1.042034736992520916e-01
5.115983347571038120e-01
-1.000000000000000000e+00
-1.000000000000000000e+00
-5.868193040174531916e-01
1.310240504630011404e-02
-3.493090739611237616e-03
2.655482321381839039e-01
6.372562720201002673e-01
3.043244825289268540e-01
1.000000000000000000e+00
-1.000000000000000000e+00
-4.248179334208321833e-01
6.070070292065868900e-01
9.463293695940422356e-01
6.626056235555495555e-02
-1.000000000000000000e+00
3.491656740035215534e-01
8.714240228651304321e-01
-1.000000000000000000e+00
3.294281083247694308e-01
1.000000000000000000e+00
-2.704178275251598595e-01
-6.613242179803950904e-01
9.197887833588997974e-01
7.032516443933671813e-01
-8.678076090982507207e-01
7.756297386448973707e-01
3.092369711032898483e-01
-7.299423573714768354e-01
-3.813973365253484626e-01
9.227092319735685777e-01
-9.744338095841857950e-01
5.238418800054525093e-01
2.286564086021061482e-01
-7.165817743991637068e-01
1.000000000000000000e+00
8.706847122454097754e-01
-1.000000000000000000e+00
1.000000000000000000e+00
8.569959981462231813e-01
1.000000000000000000e+00
-7.887784741816719070e-01
1.000000000000000000e+00
-3.384620639083681937e-01
8.175439695488704306e-01
-3.360455233143424536e-01
-7.534465986066906096e-01
6.233364011230668744e-02
-2.976056872139443144e-02
4.676710930848604342e-01
-4.747198112886668042e-01
-1.698663953611792010e-01
-9.062871753630250549e-01
1.000000000000000000e+00
3.811969744739726607e-01
1.000000000000000000e+00
-1.000000000000000000e+00
3.508676847744542915e-01
-1.000000000000000000e+00
1.000000000000000000e+00
9.022166021498954080e-01
3.501524052647465579e-01
-9.358676622465985639e-01
1.494327031630639513e-01
4.951930852049806209e-01
-2.550685488574193638e-01
6.242074090013692844e-01
-4.521102353229360382e-01
1.000000000000000000e+00
6.649258787767668988e-01
-9.008497574421667764e-01
-1.584931456268739991e-01
3.437448271616949658e-01
-1.000000000000000000e+00
-1.000000000000000000e+00
-1.000000000000000000e+00
8.430562803840269126e-01
1.000000000000000000e+00
1.000000000000000000e+00
1.000000000000000000e+00
-7.569481355981475534e-01
3.631008019362771400e-01
-2.925762611785366896e-01
-1.000000000000000000e+00
1.000000000000000000e+00
1.000000000000000000e+00
-2.123700551393455094e-01
-9.662490341782233871e-01
8.584201458437250576e-01
1.000000000000000000e+00
-4.270358767051276594e-01
3.770265602225120194e-02
9.707700296086064773e-01
3.235848546308794371e-01
8.531003323552637241e-01
-9.555938561695527245e-01
-5.872100574557712616e-01
-7.220827303243670947e-02
-3.363858373210182329e-02
2.217096927088541558e-01
1.000000000000000000e+00
-7.659895341540700064e-01
-2.186163828075569082e-01
1.000000000000000000e+00
-1.000000000000000000e+00
-1.071839737103191803e-01
-8.333363848663892792e-01
-5.538374051597165781e-01
-1.000000000000000000e+00
3.748323605317680496e-01
5.758747883941599532e-01
-1.000000000000000000e+00
7.616483914414007295e-02
-1.000000000000000000e+00
1.000000000000000000e+00
-7.443908380812884751e-01
1.000000000000000000e+00
-3.445961122030864465e-01
7.150451882287828242e-01
1.000000000000000000e+00
-4.370475610810753420e-01
2.309204363922825465e-01
1.000000000000000000e+00
6.319302505114703372e-01
7.826982925588613638e-01
5.730449634727714514e-01
-3.482835422905588008e-01
-1.000000000000000000e+00
5.206336762954933972e-01
1.000000000000000000e+00
1.000000000000000000e+00
4.686479470567194161e-01
-1.000000000000000000e+00
-5.981776339803918097e-01
8.948698318888999026e-01
6.866564079124439779e-01
3.227456870181615312e-01
-4.445618071184795350e-01
1.000000000000000000e+00
1.761911437487828636e-04
-7.958920568542358076e-01
