9.370465505156957420e-01
-1.000000000000000000e+00
1.000000000000000000e+00
7.098476630188064185e-01
-1.273963525889584281e-01
3.069208051891791911e-02
4.507274036260734418e-01
5.912962578088922783e-01
1.000000000000000000e+00
6.803031245734865173e-01
4.828971603477127950e-01
1.000000000000000000e+00
-4.646014488381221552e-01
-1.000000000000000000e+00
1.000000000000000000e+00
2.232062241284296089e-01
4.721508429434864151e-01
-8.821099275941279849e-01
1.942496843235750337e-01
2.156870455676032083e-01
7.411425261134296782e-01
1.157195670171776158e-01
1.000000000000000000e+00
-7.565507819403307632e-01
-6.619457755466040538e-02
-7.150888598360372050e-02
7.133482777275715336e-02
-1.000000000000000000e+00
1.000000000000000000e+00
-4.112012295375355730e-01
-7.130822139221568712e-01
-4.803509752335306526e-01
-3.155421683417032330e-01
-6.737155581439951968e-02
-8.709005677871584084e-02
5.594919005015794866e-01
-1.000000000000000000e+00
6.868318722850259572e-01
2.620856258754504786e-01
-1.221559366101743205e-01
9.910855224125244556e-01
-1.000000000000000000e+00
-8.094115240049748472e-01
6.472474767934829343e-01
6.433172330250476190e-01
7.626385409871838661e-01
-1.000000000000000000e+00
2.581646584242118792e-01
6.065175147043360138e-01
-7.683045316738961183e-01
5.920961673567277650e-01
6.514832320789789577e-01
-5.961821164363266812e-01
-6.558078807127292187e-01
1.000000000000000000e+00
5.868031501507886549e-01
5.160105409515276520e-01
2.936763475947157254e-01
-1.139256857347640262e-01
3.354639651661320832e-01
-9.445878161684222452e-01
-7.560746382263163756e-01
2.489288547410755115e-01
-1.000000000000000000e+00
4.676602414339945391e-01
-1.497440871804445184e-01
1.000000000000000000e+00
9.913203451463772353e-01
-2.238918743193663019e-01
1.619655875097762987e-01
-1.000000000000000000e+00
-5.232311074636735171e-01
-3.996861304158267347e-01
1.000000000000000000e+00
8.180597418496771134e-02
2.027897539918798175e-01
-1.439188323954505577e-01
-1.000000000000000000e+00
-1.970163218674882977e-01
-2.929157230796118894e-01
-7.676820352862219199e-01
-6.448152877702192365e-01
5.024177988419291641e-01
-5.647006673645287300e-01
-8.171623366565309299e-01
-2.774037037819563345e-01
1.000000000000000000e+00
-4.544135790003449582e-01
1.000000000000000000e+00
-2.346837035926616633e-01
-1.000000000000000000e+00
2.027881905148894992e-01
-1.197358929938494021e-01
5.267797045059854355e-01
3.924945861580373396e-01
3.581000952140164784e-02
5.018222344261514811e-01
-3.398092785724342590e-01
-1.000000000000000000e+00
8.370721649474868187e-01
1.000000000000000000e+00
4.710630945980158746e-01
9.240936410682021318e-03
1.000000000000000000e+00
4.105287342598669120e-01
-1.000000000000000000e+00
-7.224633552397974334e-02
-9.016229500383386997e-01
-5.801997768446879311e-01
5.496676108041892439e-01
-1.000000000000000000e+00
-6.646141283644153575e-01
1.000000000000000000e+00
-5.473881318723456957e-01
-3.506205024667370385e-01
-6.324694102749167657e-01
1.539684509612591068e-01
1.535775370963718967e-01
-1.230551611020169744e-02
4.510629117470541516e-01
1.000000000000000000e+00
4.936574215453726211e-02
5.336175963732368022e-01
1.000000000000000000e+00
7.210090390392592807e-01
-2.475632234497162631e-01
7.876952122221503316e-02
-1.000000000000000000e+00
-6.605460441662964755e-01
-1.000000000000000000e+00
9.273025779309715944e-01
-2.041602288654207342e-01
-7.432583721861119042e-01
1.000000000000000000e+00
-9.254721059812398565e-02
-1.000000000000000000e+00
-1.000000000000000000e+00
-9.048902017187037128e-01
1.000000000000000000e+00
-9.479645873614277463e-01
-7.056290245220269153e-01
-3.740957622346587907e-01
7.202279670663402911e-02
7.082179402633699272e-01
-4.566061273857702218e-01
9.329623792110806058e-01
-1.000000000000000000e+00
-1.073187974541424117e-01
-1.000000000000000000e+00
9.233948320593332593e-01
-9.505781324857410786e-01
1.000000000000000000e+00
-5.203520717845853127e-01
-2.340631740968872609e-01
8.999668314655457912e-01
-1.000000000000000000e+00
1.659278669656205629e-01
2.117261773030894023e-01
-1.000000000000000000e+00
4.455726939584723212e-01
1.000000000000000000e+00
9.860619643531347567e-01
1.000000000000000000e+00
7.736107217735921360e-01
6.322485060604681184e-01
-1.000000000000000000e+00
1.000000000000000000e+00
-5.151261041791594941e-01
5.494058850846496034e-01
-1.865211728474227559e-01
9.260834450501786996e-01
-4.761851497737904504e-01
-6.029955548679446498e-01
3.527740018430578495e-01
-9.797877450984912029e-01
-6.145752521878927732e-02
-5.963888512946673437e-01
-6.935952914625687082e-01
-5.162352255022817360e-01
7.435443913575445762e-02
5.795192952030603362e-02
9.778820074638803206e-01
-6.487811891792553132e-01
-1.000000000000000000e+00
1.000000000000000000e+00
-9.205835008274537712e-01
-1.452059678213277749e-01
-1.000000000000000000e+00
1.000000000000000000e+00
4.817773815291059858e-01
-8.369933874733042067e-01
-3.697936622225630465e-01
-4.611093275284297022e-01
-6.632156873704799782e-01
8.480468016960294175e-01
-1.000000000000000000e+00
1.000000000000000000e+00
-9.417831627796716676e-01
-1.752063396896321179e-01
-5.604312845550063482e-01
-2.823856111646579903e-01
-8.907045294227360355e-01
1.814161536145229014e-01
5.395966104408100872e-02
-1.000000000000000000e+00
-8.145751469720454718e-01
1.000000000000000000e+00
-6.425527494020588648e-04
-5.929643894155645079e-01
1.000000000000000000e+00
-9.910765102549119465e-01
2.386666328102928780e-01
-3.559581154771072065e-01
2.643879729197307071e-01
5.283765002387559306e-01
-1.000000000000000000e+00
-6.154422735027917923e-01
-1.000000000000000000e+00
8.551869143903028103e-01
1.000000000000000000e+00
5.991098958141316544e-02
-1.000000000000000000e+00
5.098264367057869784e-01
-7.294749825127798681e-01
-1.000000000000000000e+00
6.790301886641948448e-01
5.527982372069162320e-01
4.563614566012574175e-02
-5.818275017599516818e-01
3.703692519401604599e-01
-9.467800988810051166e-01
5.018609467151653458e-01
-6.243787855712712442e-02
-2.274326703373585890e-01
4.384763758734115946e-01
9.574051569344576018e-01
-1.451578475186908190e-01
1.000000000000000000e+00
-6.158575332043694228e-01
-3.572841856613124811e-01
-1.000000000000000000e+00
1.356318736041112194e-03
-1.000000000000000000e+00
1.000000000000000000e+00
1.000000000000000000e+00
7.703799866298963739e-01
6.015374404266407016e-01
1.000000000000000000e+00
1.000000000000000000e+00
2.035285441315348720e-01
-4.533215783341337790e-02
-8.843349324161573488e-01
-1.439253049111071103e-01
1.077553539096215429e-01
-5.793095673766086584e-01
-1.000000000000000000e+00
-1.298994098103812833e-01
9.806581544639196846e-01
3.142261824138790627e-01
-1.169049512755759856e-03
8.997931899068598582e-01
-9.990420162830917494e-01
4.314943647234135149e-01
-4.412502655075885016e-01
1.000000000000000000e+00
