2.085980365031730455e-01
1.000000000000000000e+00
-1.000000000000000000e+00
1.000000000000000000e+00
4.251590293406389831e-01
-8.947504148847589267e-01
1.000000000000000000e+00
1.000000000000000000e+00
-4.788794488557286400e-01
9.485303805108623587e-01
-1.000000000000000000e+00
-1.000000000000000000e+00
-2.149270278775976539e-01
1.000000000000000000e+00
-1.000000000000000000e+00
1.000000000000000000e+00
6.839247539662148823e-01
1.000000000000000000e+00
-1.000000000000000000e+00
-1.000000000000000000e+00
3.071475488642585461e-01
-2.481404441390259175e-01
1.000000000000000000e+00
1.000000000000000000e+00
1.000000000000000000e+00
-1.000000000000000000e+00
5.856640875288203762e-01
9.748218617512330875e-01
6.164935900393142543e-01
3.107422402441320508e-02
1.000000000000000000e+00
-1.000000000000000000e+00
1.000000000000000000e+00
-1.000000000000000000e+00
-4.480019924816459054e-01
1.000000000000000000e+00
-4.285882189234768713e-01
-4.108647518294812340e-01
7.378701551531304803e-01
-1.000000000000000000e+00
-7.134195300951038377e-01
1.431781335806030508e-01
1.000000000000000000e+00
-1.000000000000000000e+00
-6.053085291641091548e-02
1.000000000000000000e+00
-9.597331783597701227e-01
7.355248789283463928e-02
-1.000000000000000000e+00
1.000000000000000000e+00
1.000000000000000000e+00
-1.000000000000000000e+00
-1.000000000000000000e+00
-1.000000000000000000e+00
-1.000000000000000000e+00
-7.215093855069079076e-01
-1.989391556250607318e-01
-3.388761273519831363e-01
-2.893624532311110942e-01
5.376640979775848539e-01
-1.277514093697465491e-01
-1.000000000000000000e+00
1.000000000000000000e+00
-1.000000000000000000e+00
2.840472187585320052e-01
-6.596267494522307651e-01
1.000000000000000000e+00
1.000000000000000000e+00
9.484385466852898183e-01
1.060212364399515383e-01
-1.000000000000000000e+00
-6.788327651165799725e-01
1.000000000000000000e+00
2.863001219114438278e-01
1.000000000000000000e+00
1.000000000000000000e+00
1.000000000000000000e+00
7.146187469372315970e-01
-5.197900820106740039e-01
1.000000000000000000e+00
-1.000000000000000000e+00
-7.100341215370844505e-01
-1.000000000000000000e+00
-8.290165491606314996e-01
-1.000000000000000000e+00
1.000000000000000000e+00
-8.598507144580268546e-01
-1.000000000000000000e+00
-7.721034400099257011e-01
1.000000000000000000e+00
-7.081339273614911667e-01
-1.000000000000000000e+00
5.572080392528421244e-01
3.771420713376327782e-03
3.190789525318025177e-01
8.683262739724501023e-01
1.000000000000000000e+00
-1.000000000000000000e+00
3.201398389980327219e-01
1.000000000000000000e+00
-5.976510989317633804e-01
1.000000000000000000e+00
-6.432015618773441190e-01
-5.374532578390525117e-01
-1.000000000000000000e+00
1.000000000000000000e+00
6.236699969161513257e-01
-1.000000000000000000e+00
-1.000000000000000000e+00
-1.000000000000000000e+00
5.183847688271840948e-01
-3.231163769414650000e-01
7.416520211349398872e-01
-5.834702292879576646e-01
-1.000000000000000000e+00
3.999674924713758628e-01
8.680309166001782817e-01
-1.000000000000000000e+00
-6.422221418386540037e-01
1.692749999127940441e-03
2.386423658243176371e-01
5.182414705944171640e-01
-1.000000000000000000e+00
-6.069936426589545020e-01
-1.000000000000000000e+00
-1.000000000000000000e+00
2.533725971256404197e-01
-7.087579242011328162e-01
1.242498105368702310e-01
1.000000000000000000e+00
1.000000000000000000e+00
1.000000000000000000e+00
-4.606817670419347532e-01
-1.000000000000000000e+00
1.000000000000000000e+00
-1.000000000000000000e+00
-1.000000000000000000e+00
-1.000000000000000000e+00
-8.492528690071847741e-01
-2.125453135917536873e-01
-1.000000000000000000e+00
7.659070796632154732e-01
-1.000000000000000000e+00
-3.711401261840989174e-01
-1.026649248059691433e-01
5.233358388378059889e-01
-1.000000000000000000e+00
-1.000000000000000000e+00
8.653126004504682056e-01
-4.239920551027455131e-01
6.922580790830898945e-01
1.000000000000000000e+00
-5.057967987357278039e-01
-1.000000000000000000e+00
-3.964704877405464956e-01
2.904371472202629256e-01
1.000000000000000000e+00
1.000000000000000000e+00
-1.000000000000000000e+00
9.251482107572401858e-01
8.173031692796612901e-01
1.000000000000000000e+00
-1.000000000000000000e+00
-1.000000000000000000e+00
-5.561191799379587852e-01
-7.337641472548507293e-01
1.000000000000000000e+00
-6.223047757177242456e-01
-1.000000000000000000e+00
1.000000000000000000e+00
7.750698703328549044e-01
-1.000000000000000000e+00
6.613134659336774579e-01
-1.000000000000000000e+00
-1.190876010706949373e-01
2.573303168120452122e-01
-6.605161005046261691e-02
1.000000000000000000e+00
-1.000000000000000000e+00
1.000000000000000000e+00
6.552134832954121801e-01
4.545566740864506738e-01
3.595203602122616360e-01
-1.000000000000000000e+00
-1.000000000000000000e+00
1.000000000000000000e+00
8.698566553083935116e-01
-1.000000000000000000e+00
-1.000000000000000000e+00
9.092658041866552576e-01
-1.000000000000000000e+00
3.734049292712053880e-01
-1.000000000000000000e+00
-1.000000000000000000e+00
5.065224679108699668e-01
-1.000000000000000000e+00
8.259977900981743115e-01
1.000000000000000000e+00
1.000000000000000000e+00
1.000000000000000000e+00
-7.128593567009138265e-01
-6.736829066722750392e-01
-7.411626440621188472e-01
-1.000000000000000000e+00
1.000000000000000000e+00
-1.000000000000000000e+00
7.465605842631115596e-01
5.357801454217914205e-02
-1.000000000000000000e+00
-3.685006980671600152e-01
-1.401427259275537240e-01
1.000000000000000000e+00
-2.399051292214438025e-02
8.701994174185034847e-01
-7.072407531420000781e-01
9.456410371389311065e-01
1.000000000000000000e+00
1.000000000000000000e+00
1.000000000000000000e+00
-8.534891527850785309e-01
-9.844489639996290009e-04
-1.000000000000000000e+00
1.000000000000000000e+00
-1.000000000000000000e+00
1.000000000000000000e+00
-1.000000000000000000e+00
-1.000000000000000000e+00
-1.000000000000000000e+00
-1.000000000000000000e+00
7.952071429720584117e-01
-1.000000000000000000e+00
-1.000000000000000000e+00
1.000000000000000000e+00
7.280991382427102199e-01
1.430768592183534471e-02
-1.000000000000000000e+00
1.000000000000000000e+00
1.000000000000000000e+00
1.000000000000000000e+00
-1.000000000000000000e+00
-1.000000000000000000e+00
-8.136032368622067024e-01
9.882534919796039929e-01
1.252048333869297814e-01
1.000000000000000000e+00
1.000000000000000000e+00
-1.000000000000000000e+00
7.929614026501231594e-01
2.951446981045807716e-01
1.000000000000000000e+00
-1.000000000000000000e+00
-1.482058667014252151e-02
1.000000000000000000e+00
-1.000000000000000000e+00
-1.000000000000000000e+00
2.105820195319846322e-02
3.283035318212045306e-01
7.382948276026057854e-02
1.000000000000000000e+00
1.000000000000000000e+00
-1.000000000000000000e+00
-1.000000000000000000e+00
1.000000000000000000e+00
-3.412530629431548279e-01
-1.000000000000000000e+00
