7.745607482699237156e-01
-1.000000000000000000e+00
-9.444421168700745106e-02
1.000000000000000000e+00
-4.135606654284610384e-01
1.000000000000000000e+00
-1.000000000000000000e+00
-1.000000000000000000e+00
1.000000000000000000e+00
7.726115104280776302e-01
5.634239347448377622e-01
9.277168544022406094e-01
-1.000000000000000000e+00
-3.806255603374145147e-02
1.000000000000000000e+00
1.000000000000000000e+00
-1.000000000000000000e+00
-1.000000000000000000e+00
1.000000000000000000e+00
-8.595664780764866730e-01
-1.000000000000000000e+00
-1.000000000000000000e+00
-4.929445834132321624e-01
1.000000000000000000e+00
1.000000000000000000e+00
1.783457173994226208e-01
-7.231776196302308612e-01
-1.000000000000000000e+00
1.000000000000000000e+00
1.000000000000000000e+00
-1.000000000000000000e+00
1.000000000000000000e+00
1.000000000000000000e+00
-6.220609777503414151e-01
-2.245732311023918015e-01
-4.142078023091437800e-01
-1.000000000000000000e+00
-1.000000000000000000e+00
1.000000000000000000e+00
1.000000000000000000e+00
4.906229747901668103e-01
-1.000000000000000000e+00
-1.000000000000000000e+00
-1.512377903221873154e-01
-1.000000000000000000e+00
-1.000000000000000000e+00
1.000000000000000000e+00
1.000000000000000000e+00
-1.000000000000000000e+00
1.000000000000000000e+00
-1.000000000000000000e+00
1.000000000000000000e+00
-1.000000000000000000e+00
-3.401554141190789582e-01
-1.000000000000000000e+00
1.000000000000000000e+00
1.000000000000000000e+00
1.887422523388823103e-01
-1.000000000000000000e+00
-1.000000000000000000e+00
1.000000000000000000e+00
1.000000000000000000e+00
5.134311182577258048e-01
-1.000000000000000000e+00
1.000000000000000000e+00
1.000000000000000000e+00
9.907828401795802931e-01
-1.000000000000000000e+00
1.409880539265460087e-01
1.000000000000000000e+00
-1.000000000000000000e+00
-1.000000000000000000e+00
1.000000000000000000e+00
-5.063752185135667050e-02
1.000000000000000000e+00
1.000000000000000000e+00
1.000000000000000000e+00
9.221423109717495903e-01
-1.000000000000000000e+00
1.337469349628872539e-02
1.000000000000000000e+00
1.000000000000000000e+00
1.000000000000000000e+00
-4.031047371922422684e-01
1.000000000000000000e+00
1.000000000000000000e+00
7.886413261537594810e-01
1.000000000000000000e+00
1.000000000000000000e+00
9.245713736703881080e-01
-2.962022719800360693e-01
-9.674306155070389046e-01
9.742609768459764563e-01
4.271951081033398268e-01
1.000000000000000000e+00
-1.000000000000000000e+00
-1.000000000000000000e+00
-1.000000000000000000e+00
1.622563427792188540e-01
2.823557030803569567e-02
-8.816159574152552247e-01
1.000000000000000000e+00
1.000000000000000000e+00
1.000000000000000000e+00
8.441100323476748990e-01
2.586081854223336585e-01
-6.250891090125849647e-01
-8.932250805351766854e-01
-9.599044068047093425e-01
-3.124607289451044601e-01
1.000000000000000000e+00
-3.699515832296962903e-01
1.000000000000000000e+00
-1.000000000000000000e+00
1.000000000000000000e+00
-1.000000000000000000e+00
-1.000000000000000000e+00
1.000000000000000000e+00
6.584755141382436783e-01
1.000000000000000000e+00
1.000000000000000000e+00
-8.745731922103263667e-01
8.007771943511964308e-01
5.230079347857173877e-01
-1.000000000000000000e+00
6.997320966393756336e-01
-1.000000000000000000e+00
1.000000000000000000e+00
-1.000000000000000000e+00
1.000000000000000000e+00
1.000000000000000000e+00
1.715786881881740111e-01
4.961783868626574723e-01
1.000000000000000000e+00
4.166065493118384366e-01
1.000000000000000000e+00
5.502809407219967364e-01
-3.015792043244114318e-01
1.000000000000000000e+00
-3.888636439066561756e-02
1.000000000000000000e+00
1.000000000000000000e+00
-2.485513402619190515e-01
-9.566191743340249909e-01
-1.452684595527838907e-01
-1.000000000000000000e+00
8.590066664036521971e-02
-7.631645589341276015e-01
-1.825946171236941806e-01
-2.810921869885582014e-01
1.000000000000000000e+00
1.000000000000000000e+00
1.000000000000000000e+00
1.000000000000000000e+00
-1.109143742613647454e-01
9.192477187332396271e-01
5.137596208765629058e-01
-1.000000000000000000e+00
-8.072946580780365755e-01
-2.907098856327426928e-01
-1.000000000000000000e+00
-4.927022503502027639e-01
-1.000000000000000000e+00
-1.000000000000000000e+00
-9.939387646119165476e-01
-9.730874222227624548e-01
4.314347952544264064e-01
8.676025356845283865e-01
-1.000000000000000000e+00
1.576022757853248191e-01
1.000000000000000000e+00
1.000000000000000000e+00
-2.022344871144612366e-01
-1.000000000000000000e+00
1.000000000000000000e+00
5.017430766335460035e-01
-1.000000000000000000e+00
7.456210580191147130e-01
-1.000000000000000000e+00
-8.158057806095677655e-01
-1.000000000000000000e+00
1.000000000000000000e+00
1.000000000000000000e+00
-5.012436374202096090e-01
-1.000000000000000000e+00
-2.979397726991042106e-01
1.000000000000000000e+00
-1.000000000000000000e+00
-1.000000000000000000e+00
-8.376300515422110404e-01
8.006345173971938234e-01
-1.000000000000000000e+00
-3.662399438038969612e-01
-7.936091653391685874e-01
-5.818848592555447841e-01
-5.605119400200655466e-01
-1.000000000000000000e+00
6.613009680954112790e-01
-1.000000000000000000e+00
-8.769146486469048263e-02
1.000000000000000000e+00
6.940628796585268656e-02
1.000000000000000000e+00
-1.000000000000000000e+00
-1.339534709006743318e-01
1.000000000000000000e+00
9.524301888311905717e-01
1.000000000000000000e+00
1.000000000000000000e+00
1.000000000000000000e+00
6.038228622388360778e-01
-6.485740016051217971e-01
1.000000000000000000e+00
-3.772099420924136803e-02
-1.000000000000000000e+00
-1.000000000000000000e+00
-1.000000000000000000e+00
-1.000000000000000000e+00
-1.000000000000000000e+00
1.000000000000000000e+00
-1.000000000000000000e+00
-1.000000000000000000e+00
-7.329571845257443208e-01
1.000000000000000000e+00
-1.737671262497080815e-01
2.573335039778874567e-01
1.000000000000000000e+00
1.000000000000000000e+00
1.454562959516129128e-01
-1.000000000000000000e+00
-1.000000000000000000e+00
1.000000000000000000e+00
-1.000000000000000000e+00
7.138519953632550541e-01
-9.864744985168771851e-01
-1.000000000000000000e+00
-4.925482931478508131e-01
8.306242597661388505e-01
-3.353212140593608837e-02
-1.000000000000000000e+00
9.196460586325532205e-01
-3.151813641534317867e-02
1.000000000000000000e+00
1.000000000000000000e+00
-8.516313956305019417e-01
-1.000000000000000000e+00
7.101893527466518474e-01
1.000000000000000000e+00
1.000000000000000000e+00
1.000000000000000000e+00
1.000000000000000000e+00
-7.265735416223850773e-01
-1.000000000000000000e+00
3.668690992554007879e-01
1.042730343285319661e-02
-1.000000000000000000e+00
9.360773828133258645e-01
-1.000000000000000000e+00
8.695890337425292715e-01
-3.788140162560160729e-02
-1.000000000000000000e+00
5.932555376892062471e-01
1.000000000000000000e+00
-1.000000000000000000e+00
1.000000000000000000e+00
