9.716543611982702000e-01
5.734226191573950082e-01
-6.458945710680598085e-01
6.019682197577101990e-01
5.165384734119189414e-01
1.437857074598007934e-01
4.742937606779054072e-01
-4.938125619475122186e-01
4.679316616597612999e-01
-6.260856141929984631e-01
-1.000000000000000000e+00
-8.804717355946722890e-01
-5.846418483296890178e-01
-6.907440753094311603e-01
-2.416965228685168388e-01
-5.076005293805213592e-01
-1.141623121095917126e-01
2.597166647767314984e-01
1.000000000000000000e+00
3.910347948752590508e-02
1.000000000000000000e+00
-4.597667190722216635e-01
-9.504577020463644832e-01
-5.841374223759987494e-02
5.081972601608197859e-02
-1.000000000000000000e+00
7.394223365159993677e-02
-7.500044036467055086e-01
-1.777469866700021051e-02
-1.000000000000000000e+00
8.058368277021150661e-01
-1.000000000000000000e+00
1.000000000000000000e+00
1.000000000000000000e+00
1.000000000000000000e+00
1.000000000000000000e+00
-2.452993889380130632e-01
1.000000000000000000e+00
6.422269354746600323e-01
-6.638525958165162333e-01
1.000000000000000000e+00
-6.159169424020891626e-01
-5.970863244521438240e-01
-2.448466910772346683e-01
-4.654139818104506277e-01
2.654192702918320990e-01
5.286810572985591872e-01
1.000000000000000000e+00
2.447466453112183138e-01
-1.000000000000000000e+00
5.812919028873952954e-01
6.818895680191930930e-01
-9.589970822613396173e-01
1.000000000000000000e+00
-1.000000000000000000e+00
3.391612867966360412e-01
3.846370226266144776e-01
-2.331776018572815357e-01
-7.238940392119993517e-01
-5.833721185791272967e-01
4.777972908459111601e-01
-3.427769338110164266e-01
1.000000000000000000e+00
1.151747550373610207e-01
2.009475797945550202e-01
-6.929162702849438471e-01
-2.118496423766382808e-01
-2.037517840924387702e-01
1.000000000000000000e+00
9.031520368921153175e-01
1.000000000000000000e+00
-9.208944143774353552e-01
3.795727453518059624e-01
4.630879339391003047e-01
2.699243052773816487e-01
6.756692744029317854e-01
-9.041288972003109770e-01
2.678153177503965754e-01
1.801605516420485831e-01
2.129458505821562042e-01
-5.836359999829188183e-02
-4.022055442290242144e-01
-6.561390448905628503e-01
-3.920343168959325997e-01
1.143924861176230934e-01
7.110880379936657114e-02
9.349576132471075773e-01
-1.000000000000000000e+00
1.551503665780362695e-02
1.369843035866477043e-01
4.703133341593830341e-01
-3.783866587757722666e-01
7.983427123270975256e-01
5.599803251766324319e-01
1.000000000000000000e+00
8.306281262930521603e-01
8.321013331989233208e-01
-2.993905935661009821e-01
8.984497789828744807e-01
3.066539453337484566e-01
-1.000000000000000000e+00
7.537916991583490933e-01
-3.770230937458345366e-01
4.651435993057481677e-01
1.000000000000000000e+00
5.770562089520012705e-01
-1.000000000000000000e+00
1.000000000000000000e+00
-2.845689656044269600e-01
-5.220856177171571133e-01
-1.000000000000000000e+00
8.718315666029288202e-01
1.000000000000000000e+00
-1.000000000000000000e+00
-3.004371277417650643e-01
1.000000000000000000e+00
2.411579247000439352e-02
1.000000000000000000e+00
-1.529702849618590488e-01
-2.823026963823361823e-01
-5.779270065162442904e-01
-4.048628129253586394e-01
-2.960387816066714084e-01
-1.000000000000000000e+00
-3.436981441593629505e-01
-4.048308868149252948e-01
8.014883241436701056e-01
8.521830560062813031e-01
-7.738268558457819246e-01
-9.181870914456828903e-01
7.580898152412777202e-01
-9.788677541384323000e-01
4.468868731151744988e-01
-4.544817251165609306e-01
1.088103221080548300e-01
-4.368865522013098968e-04
4.100374433136747543e-01
3.522949868923956895e-01
-1.000000000000000000e+00
6.975435401265321911e-01
2.831197303559569445e-01
1.872374933801100316e-01
6.298407176152863718e-01
-4.036600898897413359e-01
6.282597485243490709e-02
3.378174738707728775e-01
9.410656635148864080e-01
-9.110922457679884179e-01
-7.732601917871442243e-01
6.818196085405853202e-01
-4.341718414699722306e-01
1.554061455967887806e-01
1.000000000000000000e+00
-1.000000000000000000e+00
1.000000000000000000e+00
-3.846759326918441912e-03
-9.049537610278801658e-02
-6.624641128596069350e-01
6.721006519380484656e-01
-1.000000000000000000e+00
5.677855806681610940e-01
5.376063494622778105e-01
-1.758449461054367724e-02
5.278548155281241883e-01
1.000000000000000000e+00
-7.347492685680245827e-01
1.000000000000000000e+00
1.432264329953196746e-01
-1.000000000000000000e+00
1.000000000000000000e+00
-1.000000000000000000e+00
-1.000000000000000000e+00
-2.174507716336643304e-01
4.506825473580500230e-02
-1.000000000000000000e+00
2.767233517736578108e-01
-9.417455426273639851e-01
-6.594858914956674978e-02
-1.000000000000000000e+00
3.466074568846647663e-01
-8.000054689145330578e-01
-8.952244769932491408e-01
2.528718830258378514e-01
-2.529641341827020273e-01
1.000000000000000000e+00
-6.633185067313895900e-02
-1.000000000000000000e+00
8.892059181991913697e-01
9.740830279868553099e-01
-1.000000000000000000e+00
3.149332822912109808e-01
-1.000000000000000000e+00
5.599537776125140809e-01
-1.000000000000000000e+00
1.000000000000000000e+00
8.093354418575233744e-01
-4.296814046210508664e-01
-5.378603745577319462e-01
1.000000000000000000e+00
-1.087159419788228387e-01
-3.187995462393331536e-01
-9.439332949527534655e-02
-3.711394954238511623e-01
7.518474354373878565e-01
1.918618370782001481e-01
-4.769879824573133309e-01
1.000000000000000000e+00
-1.878423377968099217e-01
-1.071396789202091471e-01
4.520265043080202716e-01
-9.357999895944689728e-01
-3.897896807593917989e-01
-3.638321011099093782e-02
9.889312569811130604e-01
1.000000000000000000e+00
-4.620669464719433517e-01
5.346807469676941871e-01
6.892086933380455749e-01
9.062796324271926718e-01
-3.529675713439949236e-01
-1.354258064340707612e-01
-6.159957795295525340e-01
-3.079494379743872301e-01
-9.333071468959195371e-01
8.377401833761948247e-01
1.506870627756078385e-01
8.680406656222874329e-01
-7.154777537856817915e-01
8.790496705310517633e-01
8.865998705158668614e-01
8.143658062346055271e-01
-7.135044248312341075e-01
-6.581148590301575396e-01
-9.284586289278273785e-01
-1.000000000000000000e+00
6.865894713119160553e-01
-1.000000000000000000e+00
9.335361210163872769e-03
1.000000000000000000e+00
-1.000000000000000000e+00
-7.609733435474692609e-01
7.872024001485193878e-01
-1.711493432842776663e-01
-1.133579922153978015e-01
5.511819457342943540e-01
-1.462897203921733613e-01
-9.284042897806998873e-02
-1.000000000000000000e+00
5.231268055589326504e-01
4.223567058868317181e-01
4.976582856502658192e-01
-7.122631117161286607e-01
-3.286309734569307084e-01
8.221851712285601632e-01
2.514710731199201188e-01
2.321202352825755266e-01
5.718217617747149983e-01
-6.745571461190675855e-01
1.000000000000000000e+00
1.979637462806718151e-01
-6.633539765455216397e-01
-1.187581529525737478e-01
-5.381106083894389158e-01
2.817822670731584545e-01
-1.511565538148291754e-01
