2.703931344958594996e-01
1.000000000000000000e+00
9.661253898305430798e-01
2.815546998790752209e-01
-2.862593005531118839e-01
1.000000000000000000e+00
5.740756390595699310e-01
1.000000000000000000e+00
1.000000000000000000e+00
6.689209982673008925e-01
1.000000000000000000e+00
-1.000000000000000000e+00
-1.000000000000000000e+00
1.000000000000000000e+00
-8.183015768342597474e-01
-1.000000000000000000e+00
-6.273795248406235370e-01
-1.000000000000000000e+00
-1.804133134253522730e-01
-8.216219102281363540e-01
-1.000000000000000000e+00
1.000000000000000000e+00
4.469405794367171669e-01
1.000000000000000000e+00
6.266284556297313513e-01
1.000000000000000000e+00
7.935745994993095298e-01
-5.176206717154377968e-01
-1.000000000000000000e+00
1.000000000000000000e+00
1.000000000000000000e+00
1.000000000000000000e+00
-4.360508725548650766e-01
7.948826115765914579e-01
-1.000000000000000000e+00
6.080146023900598884e-01
-1.000000000000000000e+00
-4.185969965262184012e-01
8.679647348165281384e-01
-1.000000000000000000e+00
-1.000000000000000000e+00
1.000000000000000000e+00
-1.000000000000000000e+00
-1.000000000000000000e+00
1.000000000000000000e+00
1.000000000000000000e+00
-9.132981749451947184e-01
1.000000000000000000e+00
7.920930025340525704e-01
-1.000000000000000000e+00
1.000000000000000000e+00
-1.000000000000000000e+00
1.000000000000000000e+00
1.265049978646543005e-01
-8.203652380672792066e-02
7.351552798268085054e-02
9.075934168349248932e-01
9.850909447124037710e-01
-1.000000000000000000e+00
1.000000000000000000e+00
-1.000000000000000000e+00
1.000000000000000000e+00
-1.000000000000000000e+00
-1.000000000000000000e+00
-1.000000000000000000e+00
-5.222992634794986211e-01
-1.000000000000000000e+00
1.000000000000000000e+00
1.000000000000000000e+00
5.205854447178789313e-01
-6.927773838822920416e-01
1.000000000000000000e+00
9.489870061945059332e-01
-6.965115612411942880e-01
1.000000000000000000e+00
-1.000000000000000000e+00
5.919608424298703486e-01
-9.740324093387786597e-02
2.335919850938462661e-01
-1.000000000000000000e+00
1.000000000000000000e+00
1.000000000000000000e+00
-6.747073440119284449e-01
2.303994593169741700e-01
3.294942546453993870e-02
-3.054323613546161553e-01
1.000000000000000000e+00
-1.000000000000000000e+00
1.000000000000000000e+00
1.654802373637531687e-02
-1.000000000000000000e+00
9.882840936458360259e-01
8.394571077916170854e-01
-1.000000000000000000e+00
2.827612274925533908e-01
1.000000000000000000e+00
1.000000000000000000e+00
-9.707715105549798995e-01
1.000000000000000000e+00
1.000000000000000000e+00
-1.000000000000000000e+00
5.853150763249164168e-01
1.000000000000000000e+00
-3.360671210339867265e-01
1.000000000000000000e+00
1.000000000000000000e+00
-1.000000000000000000e+00
-1.967624839750568011e-01
-1.000000000000000000e+00
1.000000000000000000e+00
3.219324753872077061e-01
1.000000000000000000e+00
1.000000000000000000e+00
-1.000000000000000000e+00
1.000000000000000000e+00
1.000000000000000000e+00
-6.287244291448977895e-01
-4.646734068567134890e-01
-2.224658220161120081e-01
1.000000000000000000e+00
7.006374233908466698e-01
6.672752298896524881e-01
-7.991672581294331223e-01
9.097490780423054257e-01
1.000000000000000000e+00
1.000000000000000000e+00
-1.000000000000000000e+00
-2.270807271976370556e-01
-1.000000000000000000e+00
-6.261658180139149099e-01
1.000000000000000000e+00
-1.000000000000000000e+00
3.449263690421116024e-01
-8.823355256627818388e-02
1.993416161701622724e-01
-1.000000000000000000e+00
7.259526296092202458e-01
1.000000000000000000e+00
-1.000000000000000000e+00
-9.698149121762456026e-02
1.000000000000000000e+00
-6.793302522891297990e-02
1.000000000000000000e+00
-8.984625935810894859e-01
4.546459555063995239e-01
4.818365570479234972e-01
-3.704602142573611423e-01
1.000000000000000000e+00
-1.000000000000000000e+00
-3.860586373929806303e-01
-1.000000000000000000e+00
1.000000000000000000e+00
-2.565594900945536994e-01
-1.000000000000000000e+00
1.000000000000000000e+00
1.000000000000000000e+00
-1.040281258777480122e-01
1.000000000000000000e+00
1.000000000000000000e+00
-5.482408075812381654e-01
5.044725991084320071e-02
2.728530058906063482e-01
-1.000000000000000000e+00
1.000000000000000000e+00
-1.000000000000000000e+00
-1.000000000000000000e+00
1.000000000000000000e+00
-1.848431864104181921e-01
5.969736362344137959e-01
1.000000000000000000e+00
1.392864918069506297e-01
-3.594856668286872114e-02
-1.000000000000000000e+00
-1.000000000000000000e+00
-1.000000000000000000e+00
-3.000839285261064360e-01
-1.000000000000000000e+00
-1.000000000000000000e+00
-1.000000000000000000e+00
-4.979214443897371778e-01
-1.000000000000000000e+00
-1.000000000000000000e+00
1.000000000000000000e+00
-9.564306646806797207e-02
1.000000000000000000e+00
-1.000000000000000000e+00
1.000000000000000000e+00
1.000000000000000000e+00
-1.000000000000000000e+00
-8.299290932874534565e-01
1.000000000000000000e+00
-7.566594487588174101e-01
5.368558309192110745e-01
7.042393037833554192e-01
1.000000000000000000e+00
1.000000000000000000e+00
-1.000000000000000000e+00
1.000000000000000000e+00
-6.890786628573484229e-01
3.808313086638852596e-01
8.669281096678027598e-02
-1.000000000000000000e+00
1.000000000000000000e+00
1.000000000000000000e+00
-1.000000000000000000e+00
1.840161286054679546e-01
4.319025325889378486e-01
1.000000000000000000e+00
1.000000000000000000e+00
1.000000000000000000e+00
-1.000000000000000000e+00
-8.734966973857172245e-01
-2.816721426695603103e-01
1.527622017347605721e-01
7.889584308070898278e-01
1.000000000000000000e+00
-1.000000000000000000e+00
-4.662668893387904578e-01
1.000000000000000000e+00
3.619980936820599293e-02
9.658915549133016976e-01
-2.962337569700894679e-01
-1.000000000000000000e+00
-1.000000000000000000e+00
1.000000000000000000e+00
-1.000000000000000000e+00
-2.485231552369598917e-01
-1.000000000000000000e+00
-1.000000000000000000e+00
1.000000000000000000e+00
-6.688599974882357690e-01
-2.907783961383548776e-01
-1.000000000000000000e+00
6.199783807722757389e-01
1.000000000000000000e+00
-5.797740664887653939e-01
1.000000000000000000e+00
-2.940693197018936500e-01
8.878777108020873277e-01
-8.389896125958217210e-01
-1.000000000000000000e+00
-1.962775596513048892e-01
1.000000000000000000e+00
3.779895544334669344e-01
8.234181847838801804e-01
1.000000000000000000e+00
1.078830932956376110e-01
-1.000000000000000000e+00
1.000000000000000000e+00
1.000000000000000000e+00
-1.000000000000000000e+00
-2.009745181212224119e-01
1.000000000000000000e+00
8.067350242024760032e-01
-1.000000000000000000e+00
-6.337163495417705850e-01
-1.000000000000000000e+00
9.300972625786321224e-01
-3.172356304926463588e-01
2.541481429524126145e-01
5.886150617947597530e-01
2.650079086007208762e-01
1.000000000000000000e+00
1.000000000000000000e+00
1.000000000000000000e+00
