1.000000000000000000e+00
1.000000000000000000e+00
9.727199999127937868e-01
1.000000000000000000e+00
1.692152984699539786e-01
6.334795237299428727e-01
5.247342851328059554e-01
-5.316449302099590657e-01
-1.086355037035973137e-01
-1.000000000000000000e+00
4.655027219046508069e-01
-1.000000000000000000e+00
4.591533425569083171e-01
-1.000000000000000000e+00
-1.000000000000000000e+00
-9.848848323368046831e-01
9.312345742272971627e-01
-5.242973003409145960e-02
-3.204340195441596206e-02
-1.000000000000000000e+00
-2.960702651440028088e-01
-1.000000000000000000e+00
-4.230025140859281496e-01
3.927556920337766933e-01
1.000000000000000000e+00
9.125354016666397117e-01
-1.000000000000000000e+00
4.101335226297804226e-01
-2.626270235043624002e-01
4.564604845743400752e-01
-6.658011878744960477e-01
-4.928392786342177256e-01
1.000000000000000000e+00
1.286492541319790017e-01
-1.640906084972862111e-01
1.000000000000000000e+00
9.269257898617953018e-01
6.637826539207420939e-01
-2.007029836265969980e-01
-1.000000000000000000e+00
1.000000000000000000e+00
-8.932501708939746266e-01
-8.161345937255946037e-01
-7.243858589334155607e-01
1.650590234512743226e-01
4.313125457157052089e-01
-3.197089722103534370e-01
-4.207859758282512797e-01
1.000000000000000000e+00
6.529645107277586291e-01
7.183807438501446097e-01
-8.143746342971192043e-02
1.000000000000000000e+00
5.811435642983813210e-01
1.000000000000000000e+00
-5.420513974057450390e-01
4.009203619810973729e-01
7.858567349149827574e-01
-1.000000000000000000e+00
-7.344904898535353777e-02
-1.000000000000000000e+00
7.073447603284450658e-01
-6.220613884774088831e-01
1.000000000000000000e+00
1.482503095547036964e-01
1.000000000000000000e+00
1.000000000000000000e+00
-1.000000000000000000e+00
-1.000000000000000000e+00
4.534088592493379366e-03
-3.556355328600414589e-01
-8.894149863544229540e-01
9.313911545508872791e-01
-4.260573312241499044e-01
-1.848733440027220676e-01
3.907647589621753847e-01
2.347033952997066297e-01
-1.000000000000000000e+00
1.942819186950805466e-01
-7.461680353977595548e-02
3.514293265819725676e-01
-5.381044754571162603e-01
-5.437761700589544001e-01
-5.257531235660987123e-01
4.139802168458643905e-01
-1.000000000000000000e+00
1.000000000000000000e+00
-1.000000000000000000e+00
-2.363822163791093889e-01
3.867177937772663388e-01
-2.564024279703192022e-01
1.000000000000000000e+00
1.641289382732919466e-01
-1.000000000000000000e+00
-1.000000000000000000e+00
-4.890924716448268317e-01
1.000000000000000000e+00
2.994745643633762722e-01
2.735117369482062966e-01
1.000000000000000000e+00
1.380467439258534768e-01
1.000000000000000000e+00
4.328823632236913355e-01
-1.980627348205912241e-01
8.538760762470747334e-01
-1.000000000000000000e+00
7.893350127930600646e-01
3.636498849083646956e-02
4.787510876971513563e-01
2.436785186121259716e-01
-6.085456056836866523e-01
-1.000000000000000000e+00
6.794932330361567185e-01
-4.092376007616962408e-01
-2.593667861589528112e-01
7.975835488549249952e-01
-1.656569974571200921e-02
-2.292280056575080049e-01
-1.000000000000000000e+00
-1.000000000000000000e+00
1.220529077770354798e-01
4.859819391586834847e-01
5.527129273123116970e-01
1.000000000000000000e+00
8.926301082133976106e-01
-9.498578320334417624e-01
1.000000000000000000e+00
1.000000000000000000e+00
-9.161702132686067035e-01
9.400163072716787305e-01
-1.000000000000000000e+00
5.918125156145803700e-01
4.403553042232628556e-01
-1.000000000000000000e+00
-5.679284063737627397e-01
2.187886062563156875e-01
-1.000000000000000000e+00
3.299976358901689222e-02
5.135813108025750751e-01
1.000000000000000000e+00
-1.000000000000000000e+00
-3.240084704698328877e-01
1.000000000000000000e+00
4.792758703079850191e-01
-8.808495491450354375e-01
-1.059479361521189211e-01
-1.000000000000000000e+00
-8.871423220599683468e-02
-1.000000000000000000e+00
4.547042820840698774e-01
1.000000000000000000e+00
-1.000000000000000000e+00
-4.306363897016087794e-01
6.645902953512079492e-01
-4.339934010924955121e-01
8.162099762671515268e-01
1.000000000000000000e+00
-8.841019122918064577e-01
8.197795417610654889e-01
2.979752477908469421e-01
-1.000000000000000000e+00
3.650036309531253798e-01
-1.000000000000000000e+00
2.609993250212232496e-01
-1.000000000000000000e+00
1.000000000000000000e+00
-1.000000000000000000e+00
-9.125821911174487600e-01
-9.888868637676415663e-01
1.000000000000000000e+00
5.020061986380779384e-01
1.000000000000000000e+00
-7.788896833391716346e-01
9.364640022567150002e-01
-1.000000000000000000e+00
6.869907416118021803e-01
-5.260481408916128920e-01
-6.487604514186355864e-01
1.000000000000000000e+00
-5.072470520612800682e-01
-7.090885530565562700e-01
1.000000000000000000e+00
3.581332459220618603e-01
-5.244516204376556967e-01
1.000000000000000000e+00
4.844372522896575606e-01
-2.736678633015895423e-01
6.206922874651004118e-01
9.269050788911197269e-01
1.000000000000000000e+00
-1.000000000000000000e+00
-3.381674205400801991e-01
1.000000000000000000e+00
1.000000000000000000e+00
-9.303837818456828224e-01
-9.209067739236209693e-02
-1.000000000000000000e+00
-9.053959857738171912e-01
1.000000000000000000e+00
-7.427582702882598031e-01
-3.497458724132538332e-01
5.130271127535346309e-01
3.313262930857789890e-01
-6.503956628018947583e-02
-2.178747954955821964e-01
-4.101614332299262644e-01
-1.223457248208084103e-01
-8.662093214868473723e-01
1.000000000000000000e+00
1.000000000000000000e+00
-9.094375156991614251e-01
-9.967274264741434742e-01
1.000000000000000000e+00
3.768412280528297131e-01
4.710062336442912834e-01
-2.753845166487562945e-01
-3.661705569950268746e-02
7.582722971065691819e-01
3.501634346622460869e-01
-1.000000000000000000e+00
-1.000000000000000000e+00
-2.416444304671938603e-01
6.509269954395902058e-01
-7.970487035614299831e-01
-3.950241651393500142e-01
-4.624849890072015302e-01
-1.000000000000000000e+00
-7.625649982192808096e-01
4.827445720297776077e-01
-1.000000000000000000e+00
1.000000000000000000e+00
-1.655847986890437440e-01
-1.000000000000000000e+00
1.000000000000000000e+00
-1.000000000000000000e+00
-7.239651463551278754e-01
6.179175163731354115e-02
-1.000000000000000000e+00
1.761321776578191056e-02
-1.000000000000000000e+00
-1.000000000000000000e+00
3.826950822319082901e-01
5.234325751479941280e-01
-1.000000000000000000e+00
-6.816865657789205057e-01
-4.051800641512601775e-01
6.666927965691382685e-02
1.000000000000000000e+00
6.120660107481841194e-01
-3.309615332466170345e-01
-7.687329165921579222e-01
-2.698400587155997954e-01
-2.713641362794081413e-01
4.453206659612045648e-01
6.947537820259876984e-01
-4.632968104366019801e-02
-1.000000000000000000e+00
-1.000000000000000000e+00
1.329434715733883721e-01
6.304835259896094390e-01
7.631390047071546778e-01
6.995570519847834623e-01
-4.691070490942605975e-01
2.159724618389748663e-01
-5.198012198125496752e-01
