-6.446047792677903621e-01
-1.000000000000000000e+00
1.000000000000000000e+00
1.000000000000000000e+00
1.000000000000000000e+00
-3.181588683003726548e-01
1.675052928838658417e-01
1.000000000000000000e+00
8.314372944383574549e-02
4.130861090700932436e-01
9.327275872043775395e-01
-3.750112803621497015e-01
-1.000000000000000000e+00
-1.000000000000000000e+00
-8.330400483787984145e-01
-1.000000000000000000e+00
3.305136696623616199e-01
1.000000000000000000e+00
-8.481242864790528024e-02
1.000000000000000000e+00
1.000000000000000000e+00
2.418004161236226857e-01
1.000000000000000000e+00
1.000000000000000000e+00
9.181627522292569177e-01
-2.598092337966484422e-02
1.000000000000000000e+00
-3.997643850855374659e-01
-1.000000000000000000e+00
-5.438854658508196493e-01
1.000000000000000000e+00
-5.072969009787842154e-01
-8.949000012967743833e-01
-1.000000000000000000e+00
-1.000000000000000000e+00
-1.000000000000000000e+00
1.000000000000000000e+00
1.000000000000000000e+00
-1.000000000000000000e+00
-9.296231268078838372e-01
-7.796616822350377340e-02
-5.432650027593296516e-01
-1.000000000000000000e+00
1.000000000000000000e+00
1.000000000000000000e+00
1.000000000000000000e+00
-7.788733840470962733e-01
-1.000000000000000000e+00
-1.000000000000000000e+00
-6.546894085930357043e-01
-9.146828084991465158e-01
-2.842148533327906179e-01
1.181738115341636752e-01
1.000000000000000000e+00
-1.015619664450171378e-01
3.751715762197636028e-01
1.000000000000000000e+00
1.000000000000000000e+00
-1.000000000000000000e+00
-1.000000000000000000e+00
-1.000000000000000000e+00
1.000000000000000000e+00
1.000000000000000000e+00
1.000000000000000000e+00
-1.683544086864022793e-01
-1.000000000000000000e+00
-1.000000000000000000e+00
1.000000000000000000e+00
-1.000000000000000000e+00
4.831223688225739776e-01
-1.000000000000000000e+00
-1.000000000000000000e+00
7.539532451936608037e-01
-2.660557529395741749e-01
1.000000000000000000e+00
1.000000000000000000e+00
-1.000000000000000000e+00
2.315390159703237249e-01
8.713320958440553543e-01
-1.000000000000000000e+00
-3.579591191937037120e-01
1.895233610394769785e-01
-8.892132097952225589e-01
1.000000000000000000e+00
-4.189988245912545928e-01
-1.024476649875728507e-01
-7.464842628896601884e-01
-5.535762886492592294e-01
-2.982132277948472687e-01
1.000000000000000000e+00
-1.714931221891839996e-01
3.073955463376821795e-01
9.430104922079349805e-01
1.215953849895583527e-01
-1.000000000000000000e+00
1.000000000000000000e+00
1.000000000000000000e+00
1.000000000000000000e+00
-1.000000000000000000e+00
1.000000000000000000e+00
1.000000000000000000e+00
1.000000000000000000e+00
1.000000000000000000e+00
1.000000000000000000e+00
3.776480497994011420e-01
1.000000000000000000e+00
-1.000000000000000000e+00
-1.000000000000000000e+00
-2.201746387462347188e-01
-1.000000000000000000e+00
1.000000000000000000e+00
-1.000000000000000000e+00
-1.000000000000000000e+00
-1.000000000000000000e+00
1.000000000000000000e+00
-2.087895128702443870e-01
-8.350632036848329998e-01
3.242408676921914035e-01
1.000000000000000000e+00
1.000000000000000000e+00
-1.000000000000000000e+00
1.000000000000000000e+00
1.000000000000000000e+00
1.000000000000000000e+00
-1.000000000000000000e+00
5.085747370391334732e-01
-1.000000000000000000e+00
-8.590730052721542442e-01
-1.000000000000000000e+00
1.429517873391672744e-01
-1.306590256838875974e-01
1.000000000000000000e+00
9.460317366025383645e-01
-2.308834890852342614e-01
-1.000000000000000000e+00
1.000000000000000000e+00
1.000000000000000000e+00
8.749624521191237125e-01
3.039757855345413540e-01
5.902654283195760687e-01
9.255305841261776134e-01
1.000000000000000000e+00
-1.000000000000000000e+00
-2.947648264690230779e-02
-1.000000000000000000e+00
1.000000000000000000e+00
3.122082007496997380e-01
-1.000000000000000000e+00
-1.000000000000000000e+00
-7.444219798634876817e-02
-7.823185800157195224e-02
1.000000000000000000e+00
3.317569561685215773e-02
-9.041132219051144503e-01
-1.000000000000000000e+00
1.000000000000000000e+00
1.000000000000000000e+00
1.000000000000000000e+00
-1.000000000000000000e+00
3.071613630766573677e-01
1.000000000000000000e+00
1.000000000000000000e+00
-8.104170660311822427e-01
-1.000000000000000000e+00
-1.000000000000000000e+00
1.000000000000000000e+00
-8.028875746211838749e-01
1.000000000000000000e+00
-1.000000000000000000e+00
-1.000000000000000000e+00
-1.000000000000000000e+00
1.000000000000000000e+00
-6.158792144565095050e-01
1.000000000000000000e+00
-8.959123451020674089e-01
-9.600984287150269303e-01
3.270354620155067060e-01
-3.963652471954173251e-01
1.225077574988704399e-01
-7.695200486278158669e-02
-1.000000000000000000e+00
1.000000000000000000e+00
-9.083253243451244741e-01
1.000000000000000000e+00
-1.000000000000000000e+00
5.324004994948967617e-01
1.000000000000000000e+00
-1.000000000000000000e+00
1.000000000000000000e+00
9.474570658693232117e-02
5.456325745532235594e-01
-1.000000000000000000e+00
1.000000000000000000e+00
-1.000000000000000000e+00
6.904038909342571362e-01
-1.000000000000000000e+00
-1.000000000000000000e+00
3.644598787411119090e-01
-9.521358210560871838e-01
1.000000000000000000e+00
5.983646860932685385e-01
-1.000000000000000000e+00
-7.315197807799493912e-01
9.854726015174256615e-01
-6.425136641895764500e-01
-3.625920174741281699e-01
8.901763406286808955e-01
-1.000000000000000000e+00
-4.193339898776291541e-01
1.000000000000000000e+00
1.000000000000000000e+00
-5.906184787685224702e-01
-1.000000000000000000e+00
1.000000000000000000e+00
-1.000000000000000000e+00
1.000000000000000000e+00
4.635172517965191474e-02
-1.000000000000000000e+00
2.413286702868232825e-01
1.000000000000000000e+00
-1.000000000000000000e+00
-6.800021739714657842e-01
-1.000000000000000000e+00
1.000000000000000000e+00
4.253511690197243622e-01
-1.000000000000000000e+00
-1.000000000000000000e+00
1.000000000000000000e+00
1.000000000000000000e+00
-1.000000000000000000e+00
6.945244278178418496e-01
1.000000000000000000e+00
-1.000000000000000000e+00
1.000000000000000000e+00
-7.102028630321681746e-01
1.000000000000000000e+00
-1.000000000000000000e+00
1.000000000000000000e+00
1.000000000000000000e+00
-9.117132301877501899e-01
-4.827493963791706921e-01
-9.775445617592899428e-01
1.000000000000000000e+00
1.000000000000000000e+00
1.318735505609879288e-01
-1.000000000000000000e+00
3.719122139350661271e-02
1.000000000000000000e+00
-1.000000000000000000e+00
-1.000000000000000000e+00
-1.000000000000000000e+00
-1.000000000000000000e+00
1.000000000000000000e+00
3.002226105630778630e-02
1.481035217180120545e-01
2.297784843864640880e-01
1.000000000000000000e+00
5.732950082712935380e-01
-1.000000000000000000e+00
1.000000000000000000e+00
-1.000000000000000000e+00
-4.456634730868641592e-01
4.479588791624375954e-01
-1.000000000000000000e+00
1.000000000000000000e+00
