1.000000000000000000e+00
1.000000000000000000e+00
5.095517335238807233e-01
1.000000000000000000e+00
-7.032077483868739431e-01
7.804878457502443245e-01
1.000000000000000000e+00
-1.000000000000000000e+00
-1.868340471650279111e-01
2.305148877434636812e-01
-1.000000000000000000e+00
-1.000000000000000000e+00
-2.490188618512045871e-01
-1.000000000000000000e+00
-2.956663774250523069e-02
9.386467164663924168e-01
1.843030156474220749e-02
-1.000000000000000000e+00
-1.000000000000000000e+00
7.719078684905036347e-01
-4.243480862797310849e-01
1.000000000000000000e+00
-7.471277269611700245e-01
1.000000000000000000e+00
5.755557521865002357e-01
-1.000000000000000000e+00
-1.000000000000000000e+00
1.000000000000000000e+00
-1.000000000000000000e+00
1.000000000000000000e+00
7.144170195742804985e-01
1.000000000000000000e+00
4.427066899257869892e-02
1.591732491527764193e-02
-7.140292718698582064e-01
-1.000000000000000000e+00
6.698403119136129291e-01
-1.000000000000000000e+00
-6.827193959149108204e-01
3.323589896790934972e-01
-1.000000000000000000e+00
-6.762361765490965126e-01
1.000000000000000000e+00
1.000000000000000000e+00
5.295214550780059648e-01
-1.000000000000000000e+00
-1.000000000000000000e+00
-9.474011796144009567e-01
1.000000000000000000e+00
1.000000000000000000e+00
8.436633429483983981e-01
-3.988996226266388057e-01
-3.689623362519868222e-01
-7.038725362280261466e-01
9.213868759658494501e-01
1.000000000000000000e+00
3.670327450493605648e-01
2.093637845832291844e-01
-1.000000000000000000e+00
8.269537210048549802e-01
-8.779329128836484974e-01
1.000000000000000000e+00
-3.685976233738472718e-01
1.000000000000000000e+00
-1.000000000000000000e+00
8.977150601047700906e-02
-1.000000000000000000e+00
-1.000000000000000000e+00
1.000000000000000000e+00
-1.000000000000000000e+00
1.000000000000000000e+00
-6.642968748033645232e-01
-3.999261525644858262e-01
5.164024867892658133e-02
-1.000000000000000000e+00
1.000000000000000000e+00
1.000000000000000000e+00
-2.138711735200552466e-01
-1.000000000000000000e+00
5.289418624732794560e-01
-1.000000000000000000e+00
-8.293668818506798601e-01
1.000000000000000000e+00
-3.622237091866056247e-01
1.000000000000000000e+00
-1.000000000000000000e+00
5.029094307349324389e-01
1.000000000000000000e+00
-1.000000000000000000e+00
-1.000000000000000000e+00
2.080227069351679448e-01
5.747956359950460170e-01
-1.000000000000000000e+00
1.438993252132936274e-01
-1.000000000000000000e+00
-1.000000000000000000e+00
-1.000000000000000000e+00
-1.000000000000000000e+00
-1.000000000000000000e+00
1.000000000000000000e+00
-1.000000000000000000e+00
1.000000000000000000e+00
-1.000000000000000000e+00
-1.000000000000000000e+00
-2.226512277256298411e-01
1.000000000000000000e+00
9.976421514773988752e-01
4.146357818865553657e-01
1.000000000000000000e+00
1.000000000000000000e+00
1.000000000000000000e+00
1.000000000000000000e+00
8.769523488387345744e-02
4.890699271200055209e-01
-1.000000000000000000e+00
-1.000000000000000000e+00
-3.947436595211042398e-01
1.493023163775584194e-01
-8.232433093554097914e-02
1.083930645113904134e-01
3.046215129390223986e-01
-1.000000000000000000e+00
1.000000000000000000e+00
-1.000000000000000000e+00
1.000000000000000000e+00
1.000000000000000000e+00
9.385547619190994784e-01
-1.000000000000000000e+00
-1.000000000000000000e+00
1.000000000000000000e+00
-1.000000000000000000e+00
-1.000000000000000000e+00
-2.767056790554467405e-01
-3.295647255441168655e-01
1.738680828067478146e-01
1.000000000000000000e+00
-1.000000000000000000e+00
-1.000000000000000000e+00
-3.002764791797202237e-01
-1.000000000000000000e+00
1.000000000000000000e+00
-9.685383390719085606e-01
8.706543434123048542e-02
-8.709578620594023990e-01
-1.000000000000000000e+00
2.803702901064719644e-01
-3.859740958988138737e-01
-9.345608634734224873e-01
5.014159702695059062e-01
-1.638822891561450001e-01
3.749677349471732812e-01
1.152282105914974597e-01
-1.000000000000000000e+00
-9.327765378427850251e-01
1.000000000000000000e+00
-7.314547563940612118e-01
-6.365646281483186009e-01
-5.842445208352302632e-01
1.000000000000000000e+00
-1.000000000000000000e+00
1.000000000000000000e+00
-1.000000000000000000e+00
1.000000000000000000e+00
-1.000000000000000000e+00
-1.000000000000000000e+00
6.139092975274658137e-01
1.000000000000000000e+00
-1.000000000000000000e+00
1.000000000000000000e+00
-3.114874706561308049e-01
3.036213518227459662e-01
7.765422241803565662e-02
-1.000000000000000000e+00
9.355483733443625827e-01
3.118277850685592378e-01
1.000000000000000000e+00
-4.186373344445384337e-01
1.000000000000000000e+00
5.659916806534204259e-02
1.865704331526288340e-01
-1.000000000000000000e+00
-3.181274368756690230e-01
1.000000000000000000e+00
6.607000338787690774e-01
1.000000000000000000e+00
-1.000000000000000000e+00
6.089440704008963756e-02
-1.000000000000000000e+00
6.599243154894227636e-01
-1.000000000000000000e+00
-1.000000000000000000e+00
-1.208443308151396778e-02
1.000000000000000000e+00
1.000000000000000000e+00
-1.000000000000000000e+00
-1.000000000000000000e+00
-9.905928260527449014e-01
1.000000000000000000e+00
-1.000000000000000000e+00
9.612509493992810183e-01
-3.863069594307751986e-01
-1.000000000000000000e+00
-8.551792802003734817e-01
1.000000000000000000e+00
-1.000000000000000000e+00
4.523974566986771473e-01
9.179503809899953737e-01
1.000000000000000000e+00
1.000000000000000000e+00
3.637997971593511792e-01
-1.000000000000000000e+00
1.000000000000000000e+00
-3.689198287174352275e-01
1.000000000000000000e+00
9.718793743368803195e-01
1.000000000000000000e+00
1.000000000000000000e+00
1.000000000000000000e+00
1.000000000000000000e+00
4.430563326407702673e-01
1.000000000000000000e+00
-1.000000000000000000e+00
-1.287375904803800264e-02
-1.470931284617033041e-02
1.000000000000000000e+00
1.000000000000000000e+00
1.000000000000000000e+00
1.000000000000000000e+00
-1.000000000000000000e+00
1.000000000000000000e+00
-1.315260794838262193e-01
-1.000000000000000000e+00
5.031298088452763606e-01
-1.000000000000000000e+00
-1.000000000000000000e+00
-1.000000000000000000e+00
1.000000000000000000e+00
1.000000000000000000e+00
1.000000000000000000e+00
-7.980916056298619221e-01
-5.275128642076455376e-01
-6.459285692027183501e-01
4.096540367424523765e-01
3.034096656219091304e-01
-4.340004827543186838e-01
-1.000000000000000000e+00
1.000000000000000000e+00
-1.000000000000000000e+00
1.000000000000000000e+00
-1.000000000000000000e+00
4.947387333658123665e-01
1.000000000000000000e+00
-7.458589680638669783e-01
-1.000000000000000000e+00
1.000000000000000000e+00
-6.884329547511096603e-01
-1.000000000000000000e+00
6.709350442394717007e-01
1.000000000000000000e+00
-2.034169246235552064e-01
6.966110224269501661e-01
-9.175726184436607813e-01
1.000000000000000000e+00
6.561457935509373840e-02
-3.416754625000232304e-01
