-1.000000000000000000e+00
-6.074422112638915294e-01
7.569504150214400040e-01
-8.146026037101099515e-01
5.391944128579857498e-01
9.916921822126855135e-01
1.778800709785665624e-01
-1.000000000000000000e+00
8.098346439170955868e-03
-1.000000000000000000e+00
-9.308360178108978644e-01
-1.807056811843272548e-01
-1.000000000000000000e+00
6.782090015681878359e-02
4.573304131077411405e-01
-1.000000000000000000e+00
-4.153162383202224639e-02
1.000000000000000000e+00
-6.134287607564354872e-01
7.335701514797207112e-01
1.000000000000000000e+00
2.558984760342677411e-01
1.000000000000000000e+00
-1.000000000000000000e+00
-1.000000000000000000e+00
-1.000000000000000000e+00
-1.000000000000000000e+00
9.170592471739396068e-01
-6.899899975215182391e-01
1.000000000000000000e+00
9.458817545519254688e-02
9.280403984986627108e-01
1.000000000000000000e+00
-1.000000000000000000e+00
-2.355461947044354964e-01
1.000000000000000000e+00
-7.656657703410472138e-01
-4.186233787816233676e-01
1.000000000000000000e+00
1.000000000000000000e+00
1.000000000000000000e+00
1.000000000000000000e+00
9.891756657581540768e-02
1.000000000000000000e+00
5.587417637839251494e-01
5.631829063020430404e-01
-2.496963848282797716e-01
1.000000000000000000e+00
8.492796500015442618e-03
4.529365001389968892e-01
1.000000000000000000e+00
1.000000000000000000e+00
-1.000000000000000000e+00
1.000000000000000000e+00
1.702322104433182659e-01
-7.213243238386979339e-01
-9.242753718284409947e-01
1.000000000000000000e+00
8.617280818084434024e-01
-2.089916951088944819e-01
2.385151511000450919e-01
6.423812894073933633e-01
1.005829208339514280e-01
1.000000000000000000e+00
-3.649582116645722629e-01
-8.314137989986291055e-01
1.000000000000000000e+00
-4.370413204185492617e-01
7.666913507810677597e-01
-4.473033907690517896e-01
1.000000000000000000e+00
1.000000000000000000e+00
1.000000000000000000e+00
-7.143863607003168026e-01
1.000000000000000000e+00
-5.486904557667028337e-01
2.099567718323495369e-01
1.000000000000000000e+00
7.529953004277156747e-01
-9.336853765582393549e-01
1.000000000000000000e+00
-1.306578672467560986e-01
1.000000000000000000e+00
-1.000000000000000000e+00
-8.292375798882301030e-01
1.000000000000000000e+00
-2.134673120209912289e-01
1.000000000000000000e+00
-2.012207644391419414e-01
2.055562221483547836e-01
-1.000000000000000000e+00
-1.000000000000000000e+00
-1.000000000000000000e+00
1.000000000000000000e+00
-3.370295090341453026e-01
-1.000000000000000000e+00
1.000000000000000000e+00
1.000000000000000000e+00
1.000000000000000000e+00
-1.000000000000000000e+00
1.848987893823871298e-01
-1.000000000000000000e+00
-8.793633992246852049e-01
8.741210340576308635e-01
1.184530399319637661e-01
-1.000000000000000000e+00
-4.410923811360964453e-01
-8.514712408394953247e-02
-2.265035714081956586e-01
-2.775860318560885442e-01
-6.089135958457825293e-01
1.000000000000000000e+00
-4.855236556221870226e-01
5.547125051074215385e-01
-1.856356227658124691e-01
-1.692607381010786671e-01
-5.155707431291376430e-01
-1.000000000000000000e+00
1.000000000000000000e+00
1.000000000000000000e+00
8.822616498018684972e-01
-1.000000000000000000e+00
-5.233356447841424064e-01
3.961010471902099983e-01
1.411438089778008775e-01
5.739909473645432580e-01
5.094684347858413620e-01
2.839495284874578029e-01
-1.000000000000000000e+00
6.915288016291164519e-01
1.000000000000000000e+00
-1.747509097483361251e-01
1.987951081233507722e-02
6.550099000008453576e-01
-1.000000000000000000e+00
1.000000000000000000e+00
-8.767405772145503429e-01
9.407168096265161594e-02
-1.000000000000000000e+00
7.313351073399365632e-01
-1.000000000000000000e+00
-9.334201044610054288e-01
3.901108359249545465e-01
6.050302189169141087e-01
4.055851025151432365e-01
2.751042775683756325e-01
2.907514609020395158e-01
-9.095523585657555588e-02
-2.205230389165238059e-01
2.743364907724044066e-02
9.149969478078676666e-01
-1.000000000000000000e+00
-1.000000000000000000e+00
2.490029552838537441e-01
-7.614500517118311107e-02
1.000000000000000000e+00
1.000000000000000000e+00
-1.962527219688613433e-01
1.000000000000000000e+00
1.381720643336125098e-01
-1.000000000000000000e+00
8.276617365684245664e-01
-2.556982241486484009e-01
1.000000000000000000e+00
1.000000000000000000e+00
1.000000000000000000e+00
-3.478911949786217539e-01
-1.000000000000000000e+00
-2.333728489373828041e-01
1.933071915885010983e-01
-8.685165618172833168e-01
1.669905092428772830e-01
1.000000000000000000e+00
3.555866740666691062e-01
-1.000000000000000000e+00
-1.000000000000000000e+00
5.490879352654032264e-02
8.026140269912990233e-01
1.000000000000000000e+00
-1.000000000000000000e+00
3.956431729371580608e-01
-1.235501147166400138e-01
1.000000000000000000e+00
9.255963155662892961e-01
-1.000000000000000000e+00
-3.409268585117292139e-01
1.000000000000000000e+00
-1.000000000000000000e+00
-9.018145147569600617e-01
-3.952589750897038678e-01
-7.703396996190792212e-01
-1.000000000000000000e+00
9.208308808964895675e-01
-5.435259184910272712e-01
6.712819392050548561e-01
1.000000000000000000e+00
1.969324466012922770e-02
1.000000000000000000e+00
7.079237801961713039e-01
-1.000000000000000000e+00
1.000000000000000000e+00
1.000000000000000000e+00
9.729684570585295234e-01
1.000000000000000000e+00
-1.000000000000000000e+00
-1.000000000000000000e+00
4.266034976606092322e-02
2.566352179616671059e-01
-2.248199539924736756e-01
-2.920969535893563895e-01
-1.000000000000000000e+00
-1.000000000000000000e+00
1.000000000000000000e+00
4.260455635696602794e-01
1.000000000000000000e+00
-1.000000000000000000e+00
-4.600930700634061621e-01
5.518879465875137225e-02
-6.568454810597911253e-01
1.000000000000000000e+00
1.000000000000000000e+00
4.398843106818524085e-01
1.000000000000000000e+00
1.000000000000000000e+00
-1.000000000000000000e+00
-9.779410667626007303e-01
-3.040978404383203326e-01
6.446042036228808447e-01
1.000000000000000000e+00
-2.618329873980171363e-01
-2.507134687042430476e-01
4.285673562263236924e-01
6.232434348891024989e-02
4.932895997793318443e-02
1.570648509571438423e-01
-1.000000000000000000e+00
8.909184720639728994e-03
-1.000000000000000000e+00
-1.967096720636591911e-01
5.918054411748925325e-01
1.000000000000000000e+00
-7.262196374732152737e-01
6.533754160978685888e-02
1.000000000000000000e+00
3.462815397950200214e-02
1.000000000000000000e+00
-6.515776374230919377e-02
-2.551511682681331106e-01
1.000000000000000000e+00
1.000000000000000000e+00
-7.529650841598848343e-01
-1.000000000000000000e+00
-4.039633831636659789e-01
3.169800870036028062e-01
-1.000000000000000000e+00
4.155692557912288310e-01
1.000000000000000000e+00
1.000000000000000000e+00
-9.699417016341095321e-01
-1.000000000000000000e+00
1.030880749755669346e-01
2.568462666539675920e-01
-2.595083556742581177e-01
-8.699215294422036893e-01
-2.725926891804362207e-01
