-1.000000000000000000e+00
-1.000000000000000000e+00
-2.938346073430042615e-02
-9.732308408728009841e-01
-2.067147140661248494e-01
1.000000000000000000e+00
3.620216352308632812e-01
-1.000000000000000000e+00
1.000000000000000000e+00
2.754274642851808341e-01
-6.857937296799430094e-01
-1.327647993814927707e-01
-1.000000000000000000e+00
1.000000000000000000e+00
1.000000000000000000e+00
-1.000000000000000000e+00
-8.820962646181829125e-01
-6.376148944877521041e-01
-1.000000000000000000e+00
1.000000000000000000e+00
3.919704798651005850e-01
1.000000000000000000e+00
1.000000000000000000e+00
5.173402758934820822e-01
1.000000000000000000e+00
-1.000000000000000000e+00
-4.218789209587660016e-01
-1.000000000000000000e+00
-1.000000000000000000e+00
-1.000000000000000000e+00
-2.089212837258586086e-02
1.000000000000000000e+00
1.000000000000000000e+00
8.436897989144304111e-01
1.000000000000000000e+00
-4.032117796561851542e-02
1.000000000000000000e+00
3.886220285420042830e-01
-1.000000000000000000e+00
-8.566444578639873519e-01
1.000000000000000000e+00
-7.500037854383828639e-01
6.778851934233647292e-01
-1.000000000000000000e+00
-1.000000000000000000e+00
-1.000000000000000000e+00
1.000000000000000000e+00
1.000000000000000000e+00
-1.000000000000000000e+00
4.701154563876550618e-01
1.000000000000000000e+00
3.384585753089783822e-01
-1.000000000000000000e+00
-2.225484664836248072e-01
1.000000000000000000e+00
1.000000000000000000e+00
-1.007720391076966093e-01
1.000000000000000000e+00
-3.998655725037115194e-01
-1.348120761079710794e-01
1.000000000000000000e+00
1.000000000000000000e+00
-1.000000000000000000e+00
-1.000000000000000000e+00
5.476253718107312318e-01
1.000000000000000000e+00
1.000000000000000000e+00
6.304752175793720825e-01
8.077462407513864573e-01
-1.000000000000000000e+00
-1.000000000000000000e+00
-1.000000000000000000e+00
-1.000000000000000000e+00
-5.508293399730801454e-02
1.000000000000000000e+00
1.000000000000000000e+00
-9.669394658020176170e-01
-1.000000000000000000e+00
-1.000000000000000000e+00
1.000000000000000000e+00
5.360586529889184160e-01
-1.000000000000000000e+00
-9.500213229572882501e-01
-1.180614586454739046e-01
1.000000000000000000e+00
-1.000000000000000000e+00
1.000000000000000000e+00
-5.366948371072122193e-01
-5.909336503977502542e-01
-1.000000000000000000e+00
9.661126539110099776e-01
1.000000000000000000e+00
-1.003463535886987557e-01
1.000000000000000000e+00
-6.660177511103144710e-01
1.000000000000000000e+00
-2.421354786664530190e-01
1.000000000000000000e+00
-1.000000000000000000e+00
9.363073527718444033e-01
1.000000000000000000e+00
-1.000000000000000000e+00
-3.669134387925253593e-01
1.000000000000000000e+00
1.951532027918234102e-01
-1.000000000000000000e+00
-1.000000000000000000e+00
-1.000000000000000000e+00
-1.000000000000000000e+00
8.170964715258443034e-01
-1.000000000000000000e+00
-1.000000000000000000e+00
1.000000000000000000e+00
-8.924660883497750330e-01
1.000000000000000000e+00
1.000000000000000000e+00
4.634594777689506895e-01
3.227107873655858938e-01
-1.000000000000000000e+00
-1.000000000000000000e+00
1.000000000000000000e+00
3.922186422246662363e-01
1.000000000000000000e+00
1.000000000000000000e+00
1.000000000000000000e+00
-1.000000000000000000e+00
-1.000000000000000000e+00
7.282227683049959932e-01
-1.000000000000000000e+00
7.748260797757036134e-01
1.000000000000000000e+00
-1.000000000000000000e+00
1.000000000000000000e+00
1.000000000000000000e+00
1.000000000000000000e+00
1.000000000000000000e+00
8.185301170770444834e-01
-1.000000000000000000e+00
1.000000000000000000e+00
1.000000000000000000e+00
1.000000000000000000e+00
1.000000000000000000e+00
1.384347831486079095e-01
1.000000000000000000e+00
-1.000000000000000000e+00
1.000000000000000000e+00
1.000000000000000000e+00
7.863413621823458488e-01
5.343303051393848424e-01
1.000000000000000000e+00
-1.000000000000000000e+00
1.000000000000000000e+00
1.000000000000000000e+00
1.000000000000000000e+00
1.000000000000000000e+00
1.000000000000000000e+00
-1.000000000000000000e+00
6.185521782351280917e-01
-1.000000000000000000e+00
-4.083657436434132149e-01
6.743455290651799716e-01
-6.750628382924536153e-01
-1.000000000000000000e+00
1.000000000000000000e+00
-1.000000000000000000e+00
-1.000000000000000000e+00
1.000000000000000000e+00
1.000000000000000000e+00
5.031158756497997597e-01
-8.608064769099622593e-01
-1.000000000000000000e+00
-1.000000000000000000e+00
-1.000000000000000000e+00
1.000000000000000000e+00
2.423625031478435776e-01
1.000000000000000000e+00
-1.000000000000000000e+00
-1.000000000000000000e+00
1.000000000000000000e+00
1.000000000000000000e+00
1.000000000000000000e+00
1.000000000000000000e+00
1.000000000000000000e+00
-1.000000000000000000e+00
-6.159858603330892191e-01
-1.000000000000000000e+00
-3.700588729983406711e-01
2.328149913108144842e-01
-1.000000000000000000e+00
-8.981174140098596714e-01
-1.000000000000000000e+00
-1.000000000000000000e+00
-1.000000000000000000e+00
1.000000000000000000e+00
-8.265505722346796480e-01
-7.151510027344371023e-01
-1.000000000000000000e+00
-7.667287145142511751e-01
1.000000000000000000e+00
4.153861122016987983e-01
-1.000000000000000000e+00
-1.000000000000000000e+00
1.000000000000000000e+00
1.000000000000000000e+00
1.000000000000000000e+00
-1.416490467138202813e-01
1.197468315552248086e-01
-5.760153059836372602e-01
-1.000000000000000000e+00
1.000000000000000000e+00
-1.000000000000000000e+00
-1.000000000000000000e+00
1.000000000000000000e+00
1.000000000000000000e+00
1.000000000000000000e+00
-1.000000000000000000e+00
-1.000000000000000000e+00
-1.000000000000000000e+00
1.000000000000000000e+00
1.000000000000000000e+00
1.000000000000000000e+00
-1.000000000000000000e+00
1.000000000000000000e+00
5.767297628963374834e-01
-2.124825624499386834e-01
1.000000000000000000e+00
-1.000000000000000000e+00
1.000000000000000000e+00
2.090086260250410000e-01
1.000000000000000000e+00
-1.000000000000000000e+00
-1.000000000000000000e+00
1.000000000000000000e+00
1.000000000000000000e+00
-1.000000000000000000e+00
1.000000000000000000e+00
-1.000000000000000000e+00
-1.000000000000000000e+00
-1.000000000000000000e+00
-1.000000000000000000e+00
-1.000000000000000000e+00
-1.000000000000000000e+00
3.064186724313667787e-01
-6.694156333357763611e-01
-1.000000000000000000e+00
-1.000000000000000000e+00
-7.018225203465215944e-01
-1.000000000000000000e+00
1.000000000000000000e+00
1.000000000000000000e+00
1.000000000000000000e+00
2.227353141576478013e-01
1.000000000000000000e+00
-9.465288162626714907e-01
-1.000000000000000000e+00
1.000000000000000000e+00
2.807751348563669591e-02
1.238901553543898526e-01
9.543458144101749641e-01
-1.000000000000000000e+00
1.000000000000000000e+00
-1.000000000000000000e+00
2.323375078020152584e-01
8.598084897688618167e-01
-1.000000000000000000e+00
