-7.866002169914330100e-01
-7.425245607682022797e-01
-2.482602813193139912e-01
-1.970785640042522768e-01
1.000000000000000000e+00
-6.570557572618247466e-01
-3.323194941536271041e-01
-4.836983337894313340e-01
-8.404695707330893661e-01
1.000000000000000000e+00
6.458953472110584570e-01
-8.367424631214565034e-01
-5.908332069979242984e-01
-1.000000000000000000e+00
-2.015881133766123656e-01
3.254802843521293898e-01
1.000000000000000000e+00
3.811392204577668252e-01
-1.000000000000000000e+00
-1.340660588584641766e-01
-1.000000000000000000e+00
-4.938664766282883090e-01
-1.000000000000000000e+00
4.747943111353260526e-01
-3.166874478598288301e-01
1.000000000000000000e+00
-1.000000000000000000e+00
1.000000000000000000e+00
1.000000000000000000e+00
-5.179889222171334406e-01
1.000000000000000000e+00
-1.698192459790363040e-01
-4.858616767703350936e-01
-1.000000000000000000e+00
-1.002470452227428588e-01
-8.859072424675515922e-01
-7.211879285312090548e-01
1.000000000000000000e+00
1.000000000000000000e+00
-5.437541946356948541e-01
2.269917504165672728e-01
-1.000000000000000000e+00
-8.571809789254228873e-01
-1.000000000000000000e+00
-3.038242719491528465e-01
-1.000000000000000000e+00
-1.000000000000000000e+00
-1.000000000000000000e+00
8.784348560913690651e-01
7.108148031292809144e-01
-1.000000000000000000e+00
2.480311986114129841e-01
-7.031194838944563319e-01
-1.000000000000000000e+00
-1.902282241714585709e-01
-2.571762012388170149e-01
1.000000000000000000e+00
1.000000000000000000e+00
1.000000000000000000e+00
-5.720487147435212583e-01
7.408988850112814273e-01
4.232777721419033190e-01
6.723071339722868078e-01
1.000000000000000000e+00
7.088175444423006066e-01
2.060060796672382732e-01
-7.999158456971018349e-01
-1.000000000000000000e+00
1.000000000000000000e+00
-5.989106027464243809e-01
-7.210212047665731649e-01
4.035859812531561452e-02
-1.000000000000000000e+00
-1.000000000000000000e+00
-1.000000000000000000e+00
-6.256184061689273879e-01
-1.000000000000000000e+00
2.726139378740302099e-01
2.289058344572481030e-01
1.000000000000000000e+00
4.094936620365872137e-01
-8.393680964057292915e-01
-4.750428152342600630e-01
1.000000000000000000e+00
1.000000000000000000e+00
4.902877525286305493e-01
2.974059038678640299e-01
-7.155517247461633534e-01
1.000000000000000000e+00
1.000000000000000000e+00
-1.000000000000000000e+00
-5.795675999970777426e-01
2.876526131798429753e-01
9.863988526963576309e-01
-1.926328880744529459e-01
1.000000000000000000e+00
-1.675242236198232204e-01
-6.688848412845140867e-01
4.051975348696643664e-01
8.498427959938632537e-01
1.000000000000000000e+00
-6.738401370856401673e-01
1.365844476273904151e-01
8.566296175575554006e-01
-1.436271805308056981e-01
-5.978248640384274948e-01
-7.519112108747082468e-01
1.000000000000000000e+00
3.346558990197679995e-01
-1.000000000000000000e+00
1.000000000000000000e+00
-6.386028059102628607e-01
1.000000000000000000e+00
-6.224293025141935942e-02
-5.351483151847553632e-01
-4.542655278572649280e-02
2.904844905424558421e-02
1.000000000000000000e+00
9.026708592983045953e-03
-1.062213427158442691e-01
-8.413819276383149859e-02
1.000000000000000000e+00
-1.000000000000000000e+00
-5.909359027546139398e-01
1.000000000000000000e+00
1.000000000000000000e+00
9.215185107725287761e-01
8.829885478514148955e-01
-9.423722334471648088e-01
1.042893612980267393e-01
1.000000000000000000e+00
-6.840355193829693592e-01
-1.000000000000000000e+00
1.000000000000000000e+00
1.000000000000000000e+00
6.527264273639152847e-01
7.649400818331111296e-01
1.594979698216432151e-01
-1.000000000000000000e+00
1.000000000000000000e+00
5.622924711476656734e-01
-7.148324108359378481e-01
-3.800995004370428809e-01
-7.595725042168534058e-01
9.188950209514197276e-01
6.453710891012764961e-03
4.136768338892436447e-01
4.769384571228663106e-01
7.001433199978441824e-01
3.464602248707094878e-01
5.241453036744762040e-01
-4.513557143766222524e-02
-8.141787208501887196e-01
1.000000000000000000e+00
-6.280471296800780312e-01
4.116745856986847585e-01
1.000000000000000000e+00
-9.007041819585480669e-01
7.753691004253058239e-01
1.000000000000000000e+00
8.782520682736250084e-01
9.366043669318673270e-01
5.877644824675338775e-01
1.000000000000000000e+00
1.000000000000000000e+00
-5.196531016677976567e-01
3.264625000856599124e-01
-1.000000000000000000e+00
3.603263438651913564e-01
1.000000000000000000e+00
-5.605042110618940754e-01
-1.000000000000000000e+00
-1.000000000000000000e+00
1.000000000000000000e+00
1.325433127113690990e-01
-2.374216782421586514e-01
-7.446961239874453353e-01
-2.696257152347888431e-01
1.000000000000000000e+00
-7.821368565282469376e-01
-4.529551952613302124e-01
-6.387860945183745365e-01
3.542044693556407609e-01
-1.000000000000000000e+00
3.212913504163483758e-01
6.594643122855277095e-01
-3.339907846151768389e-01
1.000000000000000000e+00
1.000000000000000000e+00
-1.000000000000000000e+00
-2.918507528396563910e-01
-3.855285521704154839e-02
-8.995654663397798512e-01
5.166562563167087507e-01
8.928270429628578642e-01
-7.579572299492335352e-01
-1.500827822912474963e-01
-1.000000000000000000e+00
8.436475935579180740e-01
1.000000000000000000e+00
-2.114111766160329253e-01
1.069166876483200745e-01
1.123855911941212954e-01
-1.000000000000000000e+00
9.123439535651767240e-02
1.000000000000000000e+00
1.000000000000000000e+00
-1.000000000000000000e+00
9.615740340897658278e-01
1.000000000000000000e+00
-3.031205336414537488e-01
1.000000000000000000e+00
7.206420011290651795e-01
1.000000000000000000e+00
1.000000000000000000e+00
3.735038436120734495e-01
3.957395372416894208e-01
-4.102468911321220935e-01
-1.000000000000000000e+00
-2.555721061853393206e-01
-7.292974505442937350e-01
-9.829253825173038805e-01
-1.006444140828399725e-01
-1.000000000000000000e+00
2.572147045485961847e-01
-1.372850858802376894e-01
-1.000000000000000000e+00
-1.000000000000000000e+00
3.289463196180730797e-02
1.000000000000000000e+00
2.806195869529575226e-01
1.000000000000000000e+00
1.000000000000000000e+00
1.000000000000000000e+00
3.287675117192023766e-01
-8.881138010983297137e-01
-1.000000000000000000e+00
-1.000000000000000000e+00
1.000000000000000000e+00
6.578454313668851139e-01
-1.000000000000000000e+00
9.355554392054874491e-01
-9.838567555419353017e-01
2.062591275650620393e-01
1.000000000000000000e+00
1.000000000000000000e+00
-6.528446633516923336e-01
-8.191411259113792198e-01
1.000000000000000000e+00
3.169584241884422227e-01
1.000000000000000000e+00
-6.161532297004597147e-01
1.000000000000000000e+00
-3.985616671453168225e-01
3.240525173038077966e-01
8.732681045090625593e-01
-4.515338327590414647e-01
1.000000000000000000e+00
1.000000000000000000e+00
3.865221180356606667e-01
-1.000000000000000000e+00
-1.785933180541064980e-01
1.000000000000000000e+00
1.000000000000000000e+00
9.607593826081579635e-01
