-1.000000000000000000e+00
-3.791185016807592789e-01
-3.784428288253582906e-01
8.503750348025114203e-01
7.531432874612002948e-01
1.000000000000000000e+00
-1.000000000000000000e+00
-4.089512932556043090e-01
-8.287055779346121920e-01
9.761334585671090913e-01
-3.580708212182752703e-01
4.046750342516796106e-01
3.203890459677325442e-01
1.000000000000000000e+00
1.000000000000000000e+00
-5.317865589979235974e-01
1.280122469730777812e-01
-5.433879483429737700e-01
-6.708018648986824317e-02
8.622342492621011267e-01
-1.000000000000000000e+00
-9.946630343018019182e-01
4.858859795246277535e-01
-3.438464115165118518e-01
1.000000000000000000e+00
8.476821470958271210e-01
-2.064281790983493181e-01
4.183546775538339313e-01
-1.000000000000000000e+00
-7.727466942289025198e-01
-4.085140071931544492e-01
-1.047809822369625277e-01
-1.118896088020679969e-01
-1.000000000000000000e+00
-4.790407271741582429e-01
-2.314708315575978448e-01
-8.870405083018053638e-01
-1.222956232257663700e-01
1.000000000000000000e+00
4.412764654262946173e-01
-3.787740170816526475e-01
2.890663374678652531e-01
1.839984464539624609e-01
2.727754915516703016e-01
-1.000000000000000000e+00
-1.138698461442266829e-02
-1.298077127921642981e-01
-3.559892130746802330e-01
-1.088069623560539712e-01
-5.548708066491077062e-01
-8.813898389672261136e-01
6.133232679916129637e-01
-1.125181380496391714e-01
7.979125325763705145e-01
1.149544123816993862e-01
2.991109075344472457e-01
5.758892007587568251e-01
-1.000000000000000000e+00
4.406288495529355198e-01
-7.903347118737080734e-03
1.000000000000000000e+00
1.000000000000000000e+00
-1.000000000000000000e+00
-7.531544432030023994e-01
1.000000000000000000e+00
-1.000000000000000000e+00
-9.020184125817268805e-01
-9.233406962907848570e-01
6.237597636303338078e-01
3.730137909103170002e-01
-8.323065441199375414e-01
7.119229025273925426e-01
1.513015892612896707e-01
3.147570010564125220e-01
-4.534153805102677515e-01
7.461973359175262388e-01
-2.730947599971791373e-01
1.000000000000000000e+00
-1.000000000000000000e+00
1.000000000000000000e+00
-8.065327627838982938e-01
-1.199182467074342284e-01
1.000000000000000000e+00
4.118421138135865966e-01
-1.000000000000000000e+00
-5.945440150522940392e-02
-1.000000000000000000e+00
4.182927106347180679e-01
-3.668511311635243022e-01
-1.000000000000000000e+00
-7.078017557595490672e-01
-3.339922072971481803e-01
4.362638731487656907e-01
9.285562730425751532e-01
-8.406305591932312637e-01
-1.000000000000000000e+00
2.370709384799732922e-01
7.617624544044840906e-01
-6.908898363671986953e-01
1.000000000000000000e+00
-6.923766603785018736e-01
-6.315848364730676234e-01
1.204152812505479009e-01
-1.581818815207416407e-01
-1.000000000000000000e+00
-1.000000000000000000e+00
1.250988821122512862e-01
9.586940078348407113e-01
7.216479773071937664e-02
9.510571300492924873e-01
-4.029153798364581984e-01
-1.487152411794262774e-01
8.855260660816188789e-01
-1.000000000000000000e+00
-1.000000000000000000e+00
-3.661328068157700955e-01
8.057780119477762071e-01
5.781249121131679658e-01
3.035056423340987131e-02
7.963055080473573355e-01
1.539247943130805929e-02
-1.000000000000000000e+00
9.060565655222534431e-01
1.508417561194095313e-01
1.000000000000000000e+00
-9.238405105365032899e-01
-1.000000000000000000e+00
-1.925617567842368150e-01
1.142595757569961901e-01
-7.922940986954958298e-01
-3.544743770619904755e-01
8.846450445860569722e-01
5.821988761905421139e-01
-7.787343392058554414e-01
-1.891753367661269669e-01
4.278451375657790767e-01
-9.858792558747810908e-01
-1.000000000000000000e+00
-2.228010184091822055e-02
-8.407216254466685079e-01
4.805654665241879675e-01
4.145852974170445848e-01
9.734678715376788860e-01
-1.000000000000000000e+00
-8.099237047526901545e-01
7.650652213241526667e-01
7.215644591993819468e-01
9.388158083529565268e-01
-4.955033137876729832e-01
-5.981513111539922267e-01
-8.390376790231932613e-01
3.378934619635163839e-01
8.820570461831851450e-01
-1.000000000000000000e+00
1.000000000000000000e+00
-5.231507759423785764e-01
2.958434637250577648e-01
6.488677305202892320e-01
1.000000000000000000e+00
2.711065883149910705e-01
-1.000000000000000000e+00
3.198901956096491528e-01
5.231157131838406471e-01
-1.139288866157557312e-01
5.954097090311760709e-02
-1.955505795497607946e-01
-9.212751031770931576e-01
4.696544929312618244e-02
-1.000000000000000000e+00
2.807879386219607198e-01
6.897323132883483865e-01
4.892905918966410361e-01
1.000000000000000000e+00
4.637702716082339194e-01
-8.966367790883729150e-01
7.655993134451283266e-01
-4.626921571743269901e-01
4.955200925013760749e-01
1.000000000000000000e+00
-1.000000000000000000e+00
-6.185876742069484902e-01
2.609732844616661218e-01
2.300646911401157402e-01
-6.622269272817251640e-01
1.000000000000000000e+00
1.000000000000000000e+00
-5.771821966555705785e-01
-8.437634057303494695e-01
7.202624603843874596e-01
7.013872840125958685e-01
9.390367305855231717e-01
-7.097330898126652521e-01
-1.110454152588189469e-01
-9.534535877973753237e-01
-8.077335095901696516e-01
1.212213423354402408e-01
-1.000000000000000000e+00
-8.185121267695319447e-02
-3.390345556040128550e-01
-1.932643759161376540e-01
-1.440685778913990411e-01
7.050922872964735522e-01
-1.417856654896081370e-01
3.415332076677057294e-01
-7.660432444204936520e-01
-9.291889912391188000e-01
2.773530191751206742e-01
1.000000000000000000e+00
6.572031587257134433e-01
-7.151903465673664639e-01
-1.000000000000000000e+00
-9.753905486766540900e-01
-9.624437869142901114e-01
5.725401179408160512e-01
9.962113243268821972e-01
-2.802728517953030352e-01
-3.212421740694815231e-02
1.738126966045254740e-01
-2.890250938043974482e-01
5.854405664264201725e-01
-1.000000000000000000e+00
9.582388672497736959e-01
6.516871380604838393e-01
1.000000000000000000e+00
1.000000000000000000e+00
1.000000000000000000e+00
-1.584949626489116081e-01
-2.817614878080351715e-01
-8.490478860851224940e-02
6.250131250525146065e-01
-8.808250735093503536e-01
7.312782992538120475e-01
2.675673752579843523e-02
1.956521036467633312e-01
-3.336781631365992595e-02
-8.915035914077009682e-01
-4.211613628932235898e-01
3.952144678880142870e-01
9.353704621181389012e-01
8.509643550006662505e-03
-7.769693616245310075e-01
-1.557408047625343794e-01
-5.041005437219940877e-01
1.140498374473957188e-01
-1.128709825289160307e-01
-1.811648120194757627e-01
-1.194487212211537974e-01
5.697171494544965853e-01
8.034216246928156391e-01
2.712984544279974930e-01
-1.000000000000000000e+00
3.603661865358592231e-01
8.675654615489616361e-01
-1.239527251232854788e-01
7.849479484934001050e-01
6.047940724955229719e-01
1.000000000000000000e+00
5.751819559663510217e-01
-6.465893023469893031e-02
-7.201437656623206340e-01
1.000000000000000000e+00
-6.254951029362130210e-01
3.531741227337872324e-01
4.015130690035493277e-01
3.154366764318294880e-02
