-4.936507141836594670e-01
-4.380355604602672592e-01
-3.809244219092446926e-01
7.808945516962317868e-03
-3.450737221234267960e-01
9.395291853903213752e-01
-5.731448452157161810e-02
1.199499584918417572e-01
-7.850201637607991945e-01
-8.089125427918353317e-01
-8.885381793756292890e-01
7.338499449446851397e-01
4.476485411962485284e-01
2.390178464315255713e-01
-2.825721940138958832e-01
-9.940213843788832104e-01
2.618377153037709792e-01
-3.980665769240891994e-01
2.574794970893654611e-01
-9.207903253946498889e-01
-3.348855630608058576e-01
-3.309547468360483080e-01
4.998030221649265581e-01
4.288670675516352837e-01
-7.855154648296753805e-01
-3.653323379789139569e-01
7.949447380609542257e-02
2.673000546931416643e-01
-5.448411789848726094e-01
-4.835761186331668515e-01
4.353125765334977526e-01
-7.405433662121878591e-01
-9.359302098419308713e-02
6.946659800813095309e-01
9.601963418810934847e-01
-5.579391258249033481e-01
-4.253799458138651790e-01
-4.208830961952472194e-01
7.459990611212543588e-01
7.260378914223255542e-01
1.850761603810435751e-01
6.079893172855628247e-01
-9.241191412945561900e-01
-1.641929533479942194e-01
1.377790860520931027e-01
-5.314892663518033800e-02
-5.794527148324302157e-01
-9.353656332521902428e-01
-9.690493076560224850e-02
-1.621686101694779225e-01
-4.857176807243899219e-01
9.044620656062287711e-01
-5.736473846081668881e-03
1.825755076606114802e-01
-4.964543693573011396e-01
-4.722745028085508778e-01
7.165690109248421535e-01
3.765709621814103958e-01
-6.770894578419195398e-01
-8.077065517174994991e-01
-5.550802155166598695e-01
7.625454394585000628e-01
-6.047522587724349918e-01
3.405570458860005534e-01
5.449144618342438573e-01
-2.949707805930510407e-01
5.788339733712799529e-01
-6.014574068971139109e-01
-4.866626765677006805e-01
1.495646380610924364e-01
7.027102540772709460e-01
-4.933570156531730255e-01
6.936579151187174386e-01
-5.459106685302235196e-01
4.652714709687868488e-01
-7.761935371563091213e-01
-5.531535550992410233e-01
9.943519200024801830e-01
-9.007003130197452911e-01
-1.958850429769876111e-01
-8.143005772398317355e-01
7.091543683899625972e-01
3.547624202407548832e-01
-3.711294422910751400e-01
8.547602431982637139e-01
3.806072077713862356e-02
2.262679452011713277e-01
-4.683159100108857942e-03
1.119063331746954493e-01
2.033976711442051499e-01
6.425482836784532914e-01
-1.760324925732097423e-01
-4.389800368657614804e-01
-6.436340042097865588e-01
4.813998959050609372e-01
3.070551552609823709e-02
3.803578981908004586e-01
-3.163445227993715303e-01
4.849778837578688773e-02
9.678484305991639225e-01
9.638719188144131422e-01
-2.603842179927893241e-01
1.135965944269687888e-01
9.275625426742910573e-01
-6.915086764320523827e-01
8.169988049883001313e-01
3.999083922481050379e-01
8.301858057242921252e-01
4.704642592271288670e-01
-2.299354320260023066e-01
3.631395763760234541e-01
-3.697328884321802178e-01
5.582235966729875987e-01
-6.478565085692393755e-01
-9.541008017097967198e-01
5.740337856228039382e-01
7.516812051955108487e-01
1.913057435141074514e-02
-8.205165416480997287e-02
-7.218585028712607432e-01
5.829315697152690490e-01
-2.518159390381802254e-02
9.127617249013502132e-01
-1.056726633792195447e-01
-7.241185692330576185e-01
1.353021625034236397e-01
2.401824099184952654e-01
6.281675406616036295e-01
4.535739879436788691e-01
7.857318454736099689e-01
2.904901591676687378e-01
-2.700659278878843050e-01
-1.682519096833949845e-01
-3.383843756451532236e-02
8.886892055294826065e-01
7.129557142120535040e-02
6.481943712669406832e-01
-4.671576681573943457e-01
5.089443926557730702e-01
-3.048603111232426333e-01
-9.924467673331429651e-01
-9.557988984293790402e-01
-2.716676161939803880e-01
-4.641378178044952563e-01
1.461011163559362558e-01
9.137875262565544610e-01
-6.264813416294008341e-01
-6.507112057457520304e-01
2.260581737782865197e-01
5.290916323295888901e-01
7.730721231347310596e-01
8.582677988446301143e-01
9.723295038520007871e-01
5.132528319540983208e-01
7.443598876505914674e-01
3.066910395807647127e-01
-2.763151697046217770e-01
-6.834138449193405407e-01
3.202830954289741516e-01
5.610920264673933122e-01
4.920589588082104893e-01
-2.417887640297509133e-01
8.712963529664776718e-01
5.619943523397692431e-01
9.356341756115087449e-01
7.657597821595607535e-01
-7.333389339733882295e-01
6.126475608388437522e-02
-5.441656537421457607e-02
-7.520125014572329736e-01
6.110385876007746742e-01
-5.511741957233058375e-01
4.167741185480646759e-01
9.933306677146978014e-01
-6.775430434579650107e-01
1.667748488486973102e-01
6.174163991447152444e-01
-8.048742034770479670e-01
-1.948697321003534100e-02
3.881251861452803542e-01
6.096989911554804298e-01
6.953671219868193809e-01
2.399648661648818848e-01
7.000359208977151582e-01
-7.186916036403450114e-01
6.256780127704892891e-01
-2.426304274391570814e-01
-4.271806672644060665e-01
-2.494133753167275813e-01
7.164333073782045425e-01
-4.224259561355778736e-01
-2.038413087098149834e-01
7.059485097731110770e-01
2.405612952341611432e-01
7.065830009676659085e-01
9.405500219249682825e-01
3.854149379586413460e-02
-4.919548840694534242e-01
-5.366984629995277256e-01
-1.084161464468880176e-01
-5.366725649520347474e-01
2.129478053791389325e-01
-4.589902526553666373e-01
3.435595727219407092e-01
-2.514110874733557210e-01
-3.273899492679528400e-01
6.966694502881476403e-02
-8.895207110089746738e-01
9.844266099316185681e-01
-8.897530297028144464e-01
-3.085804250566843709e-01
-3.958368386214268231e-01
-7.533025916714874981e-01
-2.390536116936980982e-02
-2.561902003671594485e-01
-5.712480721480652779e-01
6.275127484021409963e-01
8.621337098613317540e-01
8.413025538841418793e-01
-9.994440554404038224e-01
-7.416355360111070993e-01
7.071381291287104354e-02
9.405454905880494820e-02
-6.863658075252425661e-01
4.134239809721256265e-01
-4.350366696272203182e-01
-7.879176614437561899e-01
2.579665011375509298e-01
8.960972409143621586e-01
-5.990678012665844321e-01
2.040704074038854898e-01
3.818082813332848158e-01
-5.397208499759471589e-01
-7.053355514695021089e-01
3.195255801129501805e-01
3.317812223214795520e-01
-7.433990614456349455e-01
9.365793939147732949e-01
9.066521879747093671e-01
5.331222265986292896e-01
-5.800087992959495065e-01
-1.700440340633386782e-01
7.203966188362651568e-01
-8.494720528540222748e-01
2.703236386974960936e-01
8.849489014523477248e-01
9.461000794643743550e-01
7.127657849956130498e-01
-6.661082382275940184e-01
5.283653129539045423e-03
5.905584060640172162e-01
-1.085445493711256759e-01
2.737657287879884382e-01
2.506482729036980661e-01
9.026116717263161782e-01
-2.241955039560932228e-01
-9.459100990382955931e-01
-3.112296374643734875e-01
-2.087603629082523948e-01
7.382304644800481430e-01
1.390620947962299958e-01
7.794688739112303200e-01
2.278214390935120459e-01
5.833172592661508560e-01
5.946185849718566008e-01
