-6.853869093941147295e-01
-3.425174504681696153e-01
1.400349612591376136e-01
6.833379211148451482e-01
-3.248482790150641897e-01
2.217929255862611804e-01
-5.122678154072284329e-01
-2.105069026805308496e-01
-4.875128254333214173e-01
7.979871900361645842e-02
4.713553788228279640e-01
-8.511572574911250300e-01
6.217856182199414938e-01
-3.556047971759233040e-01
-7.664957409008985589e-01
-8.700804486166069385e-01
-7.167995754009235387e-01
-2.681431448604951751e-01
-6.437037920407657765e-01
-1.091384105038546437e-01
-7.280230500428914731e-01
8.114229049841967800e-01
4.803846863649725574e-01
-6.316729256290456451e-01
-6.970980990590200932e-01
-2.872722166782382125e-02
4.034941587291127618e-01
5.212105987520445627e-01
-4.214728121556707841e-01
2.587045966526206886e-01
-7.589668668010085550e-01
6.552110357735887458e-01
2.861862678104110103e-01
6.043329518245517118e-01
-7.171478336965604328e-01
-5.085289784842319527e-01
1.898044289107829741e-01
-9.630574957701902861e-01
-2.542366096975376966e-01
-8.200764923334593615e-01
-8.898709586949886674e-01
-4.586730641199618930e-01
-9.624663979617491538e-01
6.516156671378601217e-01
-1.791070903761804445e-02
3.029662415196847647e-01
-5.882140051504860523e-01
-9.424196703082363680e-01
3.539925570048225723e-01
-2.376925228032047421e-01
-3.342179729252381382e-01
5.317916600542371697e-04
6.231808684660744557e-01
4.057825172373630274e-02
-4.148555024313556050e-01
-2.053639103030253654e-01
-6.385303565872264553e-01
9.446832011675905250e-01
2.445681690208323378e-01
-6.775033789584821164e-01
-1.978682101757702760e-01
-9.337491509384283628e-01
-9.952825856791358561e-03
1.463787527482074413e-01
9.331862766412779564e-02
-1.101562170119598782e-01
-1.883351364251406590e-01
2.038521754468352043e-01
5.512121757358965368e-01
-8.428402053736832045e-01
3.739840184282559044e-01
8.919909673529791139e-01
-1.871953908893384533e-01
-6.743253085891092180e-01
-5.316588247734195249e-01
2.541119195851824220e-01
-9.321168863328077592e-02
3.888835460788413467e-01
9.654814255012256208e-01
3.339168849523237448e-01
-7.093829743694135548e-01
1.726324954819302704e-02
9.728328658504863391e-01
-5.265568317602868920e-01
-5.572871985291218966e-01
6.592259717281747644e-01
6.430155085308120189e-01
8.229376399796732855e-01
-5.020510742255794856e-01
8.346320779954254920e-01
1.670343375614047332e-01
9.697903877635141168e-01
-9.313073441411305886e-01
4.211174615512802699e-01
5.651312506964356608e-01
-1.977105427291803164e-01
-3.798454559196120517e-01
-2.297320686221162589e-01
8.215129640321607862e-01
2.873450321285653253e-02
7.877538494435809557e-01
5.767251697007713673e-02
1.111920756443856018e-01
-1.491659140207506340e-01
6.100281644184244456e-01
3.407742155619746249e-01
4.176162998760410971e-01
8.846320850879172415e-01
-7.092080358042736066e-01
2.105275676535187657e-01
7.688948503219399377e-01
-7.904292305889029091e-01
6.706613442771098832e-01
-1.209765360718195737e-01
2.350523545787921442e-01
-4.275674986687927337e-01
9.887355248164086952e-01
2.554572865654831659e-01
-4.272750746881994743e-01
6.377014774659643948e-01
-1.238898944824526893e-01
-2.762630596270594374e-01
9.327791191166274753e-01
-9.135327974618718816e-01
4.073258779087245429e-01
-4.625363831778361856e-03
-4.604952547636045335e-01
-3.811393898127333202e-01
1.338460182873342230e-01
9.688120614837067990e-01
-4.114656481112288766e-01
-8.208245724361038498e-01
8.179597808072389675e-01
1.234260501407915545e-01
-5.179751142596304980e-01
2.213527637248389190e-01
1.035927996407361995e-01
1.246375820610006180e-01
-6.317796827841444252e-01
-5.358098522250356321e-01
-1.718998136111613562e-01
2.285621693610544458e-01
5.305088210502406643e-01
-9.262481230510579699e-01
1.168126752667895119e-01
6.793266702148572644e-01
-4.632605376097935768e-01
5.799168156211476077e-01
9.267548415570578957e-01
-5.440708935575309102e-01
2.871018711596595718e-01
7.463925546146892298e-01
2.948514612643899913e-01
8.466538947694290940e-02
-9.353396669116751383e-01
-9.220522737700744820e-01
7.508049736618849224e-01
1.061394534921518140e-01
-4.279950361248476831e-01
-5.829537879893089691e-01
-3.417751314981969379e-01
-4.727996453662666188e-01
5.624181684872331388e-01
1.540576295287561237e-01
5.133667345360670708e-01
-8.086986079158502427e-01
9.506738727828225599e-01
7.720823893956183515e-01
-6.915136991949475398e-01
2.177789855695015930e-01
5.795334273766619138e-01
-2.047016374878809497e-01
2.570534298379671956e-01
-9.023147642938145196e-01
-3.702556273453083691e-02
-6.593172757337706358e-01
-7.590753597763324478e-01
-6.787014744906449959e-01
-2.320387097595260073e-01
4.217939464741284894e-01
7.071971767793605590e-01
6.467352383877567057e-01
-2.516544348558003019e-01
-4.743866862954093655e-01
-2.227590948218034494e-01
-5.225858067019824027e-01
-4.240671532650102105e-01
-9.208294143042805580e-02
1.309413959713647824e-01
6.068867892918197171e-01
3.133410356060206681e-02
3.860250764620156705e-01
-5.716844325069041499e-01
2.572628738684157312e-01
7.532916921863836990e-01
-9.741715823168295429e-02
4.203556360346916154e-01
-4.519012191523625876e-01
9.593971129078482374e-01
-1.570739775585110465e-01
7.187818282232922851e-01
4.299492784872331885e-01
-3.779811148055904901e-01
-3.341942409484441878e-01
-5.657580598121176862e-01
-2.240102683263376360e-01
-7.964683562288541463e-01
-9.629067446273054109e-02
-4.730134296215113832e-01
-1.009936569231077996e-01
-9.218903207701665270e-01
-6.369260026734826496e-01
-1.006208058351281132e-01
8.493802607586180553e-01
7.619806627118108633e-01
8.623237327562982557e-04
1.876928889658904254e-01
-9.523504630747907651e-01
-3.660296938865905680e-01
7.539318162895460862e-01
-3.723278157003109268e-01
-4.708533898512907712e-01
8.251227824287024060e-01
-5.347781559509008353e-01
-8.777634135868368492e-01
4.701113866600936664e-01
-5.620145407126064807e-01
8.216470956752697230e-01
6.550101684784455092e-01
1.301731266032120082e-01
6.645391524876562706e-01
-8.722498028030882811e-01
5.177907201030342854e-01
1.406228390124473204e-01
7.859176903923299484e-01
-1.380184884473052431e-01
-8.469680996575108534e-01
6.086763826160539459e-01
-1.984834325093693952e-01
8.729887217767868801e-01
-2.058397439881125557e-01
5.279584784256119434e-01
7.180565723670100375e-01
5.954132522707442643e-01
-3.390822419951569078e-01
-2.985534997712204763e-01
2.464759399865570355e-01
6.615196708960557892e-02
-7.433971437189637044e-01
3.091665854285594595e-01
-5.426963960370627671e-01
7.745860482126538660e-01
-7.536587789109685520e-01
2.698764057215028433e-01
-2.865061031846285466e-01
-1.228416575654285303e-01
6.699418149434455128e-01
3.138257693835124762e-01
5.654268241947131290e-01
1.131368122009419608e-01
5.171056941869667245e-01
6.386690064999607230e-01
-2.713625469513500921e-01
2.493482822180574932e-01
8.660929411966411529e-01
