4.753375236896194567e-01
4.451666116995766087e-01
-1.000000000000000000e+00
7.267662355228865501e-01
1.000000000000000000e+00
-1.000000000000000000e+00
1.827241467985001311e-01
-1.000000000000000000e+00
1.000000000000000000e+00
7.181084470113382467e-01
2.965267858134945644e-03
-1.000000000000000000e+00
-1.000000000000000000e+00
-1.000000000000000000e+00
-1.000000000000000000e+00
-4.672364053991331367e-01
-3.608162879608800555e-01
1.000000000000000000e+00
1.000000000000000000e+00
1.000000000000000000e+00
-1.000000000000000000e+00
1.000000000000000000e+00
-1.000000000000000000e+00
-1.000000000000000000e+00
-1.000000000000000000e+00
1.000000000000000000e+00
-2.216851649993722972e-01
1.000000000000000000e+00
1.000000000000000000e+00
-4.218050311379135664e-01
1.000000000000000000e+00
-9.027469760598729742e-01
1.000000000000000000e+00
-7.560705592833495414e-01
-1.000000000000000000e+00
-1.000000000000000000e+00
-2.506417889733787430e-01
5.987032612289857614e-01
-6.517320274578244366e-01
2.363794061476106600e-01
-1.000000000000000000e+00
1.000000000000000000e+00
1.000000000000000000e+00
2.051947714854150950e-01
-1.000000000000000000e+00
8.520668065911566336e-01
-5.966819686920705745e-01
-2.923754514183787845e-01
-2.076757199144281807e-01
5.120264480010268127e-01
1.000000000000000000e+00
-1.353081778553393288e-01
4.114869966080029751e-01
3.329838243863834646e-01
2.310473383782698231e-01
-1.000000000000000000e+00
1.000000000000000000e+00
9.964282727782154403e-01
-1.000000000000000000e+00
3.917693393043887307e-01
1.000000000000000000e+00
1.000000000000000000e+00
1.000000000000000000e+00
-5.195912751636988514e-01
-1.000000000000000000e+00
4.260576668655955412e-01
-1.000000000000000000e+00
-9.830618846535523758e-01
-1.000000000000000000e+00
-1.000000000000000000e+00
-1.000000000000000000e+00
-9.914476639364719901e-01
-6.168854660521729816e-01
-8.835361257518115075e-01
8.375532694724685534e-01
-1.000000000000000000e+00
5.885976648619426488e-01
-7.597360216289585910e-01
-8.221919227053913204e-01
1.000000000000000000e+00
-1.000000000000000000e+00
1.000000000000000000e+00
-1.000000000000000000e+00
1.000000000000000000e+00
-1.000000000000000000e+00
1.000000000000000000e+00
1.000000000000000000e+00
-8.611911678264342340e-01
-9.430136724535790327e-01
1.000000000000000000e+00
4.156598492501205611e-01
6.797856689015874254e-01
-6.917031361512049337e-01
5.562825454943152170e-01
-1.000000000000000000e+00
1.000000000000000000e+00
-1.000000000000000000e+00
-1.000000000000000000e+00
3.128721243173228639e-01
7.336692996494265095e-01
-1.000000000000000000e+00
1.000000000000000000e+00
-7.175475304849794345e-01
-8.344170285917548169e-01
2.289354005699408834e-01
7.861441748844240074e-01
-3.536658006075106275e-01
-1.000000000000000000e+00
-2.314054041894907932e-01
1.000000000000000000e+00
2.390522028102992635e-02
-7.161314163666478994e-01
1.000000000000000000e+00
2.120928751296706216e-01
6.155052614966818325e-01
-1.000000000000000000e+00
1.000000000000000000e+00
-1.000000000000000000e+00
1.000000000000000000e+00
5.905451379397876899e-01
7.569582970315581472e-01
4.025837665200727722e-01
9.115574747711210346e-01
6.084579926047828380e-02
1.650146746058805958e-01
-1.000000000000000000e+00
-2.305943341035761596e-01
-1.000000000000000000e+00
5.688888488429706403e-01
1.000000000000000000e+00
5.231126915880867090e-01
1.000000000000000000e+00
-1.000000000000000000e+00
3.026293816166941708e-01
2.916543383198067496e-01
1.000000000000000000e+00
-9.024515729945923326e-01
-8.738333987906841127e-01
1.000000000000000000e+00
-4.060535641622067260e-01
7.078809519120849991e-01
5.975285579652218626e-01
1.264378497468864881e-01
1.000000000000000000e+00
5.465984571551101290e-01
1.000000000000000000e+00
2.239271782002992817e-01
1.000000000000000000e+00
-3.824802632412560577e-01
-1.000000000000000000e+00
6.464316291803642311e-01
-3.453892186172186074e-01
-7.825884525432731387e-01
-8.438582397801064339e-02
1.675267680768475209e-01
7.965579041381112280e-01
1.000000000000000000e+00
1.000000000000000000e+00
-8.344488626228221406e-01
-1.952565029391684082e-01
1.000000000000000000e+00
1.000000000000000000e+00
-1.000000000000000000e+00
9.428621607774010371e-01
1.000000000000000000e+00
1.000000000000000000e+00
1.000000000000000000e+00
-1.000000000000000000e+00
1.000000000000000000e+00
1.000000000000000000e+00
-7.147220165606507081e-01
1.246332202074386108e-01
8.861919836469490663e-01
-1.000000000000000000e+00
1.000000000000000000e+00
-8.761566053387271902e-01
-5.978224020080977752e-01
7.327994453440003220e-01
-1.000000000000000000e+00
3.713874173180512495e-01
-1.000000000000000000e+00
-1.000000000000000000e+00
2.143721732613803888e-01
1.000000000000000000e+00
-3.185211734918054205e-01
9.894461241800283080e-01
-1.470886574088059451e-01
1.000000000000000000e+00
-1.000000000000000000e+00
1.687190952273227573e-01
-3.729140721835662031e-01
-1.000000000000000000e+00
-4.923412926771393860e-01
-1.000000000000000000e+00
1.000000000000000000e+00
1.000000000000000000e+00
8.278937906929796364e-01
1.000000000000000000e+00
-2.837269450864892129e-01
1.000000000000000000e+00
-1.000000000000000000e+00
3.779977365225140051e-02
1.000000000000000000e+00
3.856959090480027719e-02
-7.229450857864492264e-01
1.000000000000000000e+00
-1.000000000000000000e+00
-1.000000000000000000e+00
1.000000000000000000e+00
7.728392152106071666e-01
1.000000000000000000e+00
4.835282093089077193e-02
3.256320971513204654e-01
-3.590791659892860754e-01
8.132862333843127178e-01
-1.000000000000000000e+00
-1.000000000000000000e+00
-1.335385993813532068e-01
1.000000000000000000e+00
8.778078307899146449e-01
-6.672068529319168384e-01
-1.000000000000000000e+00
-1.000000000000000000e+00
-1.000000000000000000e+00
-3.471765822893245201e-01
-1.000000000000000000e+00
-1.000000000000000000e+00
-1.503540103991689580e-01
8.782230211567815248e-01
-1.113104398049595267e-01
1.000000000000000000e+00
1.000000000000000000e+00
-1.605414129670059697e-01
-5.409184198976140223e-01
-1.000000000000000000e+00
2.412408470855296749e-01
7.311288411919276697e-01
-1.000000000000000000e+00
9.373350056400699959e-01
-6.761257842330736789e-02
-6.016466459331292205e-01
-4.599737531041788730e-01
7.251000828193739922e-01
-5.482987400107175446e-02
1.000000000000000000e+00
1.000000000000000000e+00
-5.640093117589557448e-01
4.910088373277349816e-01
1.000000000000000000e+00
4.659003435556983153e-01
1.000000000000000000e+00
6.327600532412389622e-01
6.798655712845799171e-01
1.000000000000000000e+00
-1.000000000000000000e+00
2.647464463964810388e-01
1.000000000000000000e+00
-1.000000000000000000e+00
1.000000000000000000e+00
-5.485032257396490474e-01
-1.000000000000000000e+00
-1.000000000000000000e+00
1.000000000000000000e+00
1.000000000000000000e+00
-1.000000000000000000e+00
