5.484210616334255217e-01
8.121587755275743170e-01
-1.422443526136352165e-01
9.460933830561486513e-01
-3.281348009594173831e-01
-3.363161735334483371e-01
7.180839981715252396e-01
-8.394516288247584335e-01
-1.530298808915149245e-01
6.579191003837474572e-01
6.051844857697761260e-01
4.484041531139748571e-02
2.536217918713563613e-01
7.741228705475569072e-01
-2.578435979280599977e-01
7.639352197097801778e-01
-8.705382692771757025e-01
-3.853280427237826267e-02
9.973069038779056594e-01
-1.262501533617097493e-01
1.043594976121091644e-01
-8.738520363549504566e-01
6.612052373050485432e-01
-2.644153169713467921e-01
-6.809735045879494741e-02
1.462575662388629905e-01
-4.868124783509184539e-01
-4.478741221119060256e-01
-6.989031843060644622e-01
-6.163843733107599032e-01
7.368329194004010763e-01
-5.709758079656617191e-01
1.628883745807663264e-01
6.031453101462762589e-01
1.037228579907683024e-01
-5.099907472774489747e-02
7.737147291677495264e-01
-3.373153889369344682e-01
-2.635043491080917288e-01
5.255471757591649862e-01
-5.360233777629046514e-01
-4.105290830754444453e-01
-8.157752341719048950e-02
-3.752612698435018324e-01
6.676475403958403998e-01
-1.098595236288251176e-01
5.090062589778912017e-01
-8.587927472348428903e-01
7.525715244867976494e-01
6.512433565980291217e-01
-2.204654871770717062e-01
-1.000690668278176876e-01
2.039470023176221947e-01
6.107292860933957179e-01
-7.997385958648424165e-01
8.011833884916323978e-01
1.728207380905133483e-02
-7.196882550255923050e-02
-8.789672862909452267e-01
5.164309817176309103e-01
8.197813150385442338e-01
-2.136698470274493999e-01
-4.278096839284124542e-01
7.888491928348635440e-01
-9.863716479801638570e-01
-7.167490317574791714e-01
-4.872870846286057045e-01
1.399495850592180624e-02
2.628110896949906738e-01
-9.627486323282445912e-01
2.985572039813710887e-01
6.485914462717421447e-01
8.976306058294183376e-01
-8.960936886281420932e-01
3.652886955949412595e-01
-7.597832012702856463e-01
-4.205016390752016608e-01
7.999044198023843588e-01
7.596488940325818451e-01
3.276590905876481941e-01
-7.823686453762959125e-01
-3.698874686683881752e-01
2.851343455588832843e-01
-9.849995200963479469e-01
3.333706583687086056e-01
3.565598696286609304e-02
-2.306184978056191603e-01
7.117319296183399757e-02
-2.793584927402923412e-01
3.713309151235018035e-01
7.278913707154055501e-01
-9.664392878842504864e-01
2.858917556870355092e-01
9.404961416867152479e-01
1.767444776090372205e-01
-7.389205068445470204e-01
2.355500580346860939e-01
-2.355856114112964139e-01
-3.704596756353173426e-02
-2.460694606672493290e-01
4.071430199406789185e-02
2.234237880633467288e-01
6.370160212941335942e-01
-3.518955574670783459e-01
-6.331544082691888953e-01
7.580224635632633046e-01
-9.545592647626095495e-01
1.204463588359578896e-01
-2.281624509368926912e-01
3.051644465411966767e-01
4.247004716025459814e-03
7.898754660350646439e-01
-5.799623375393101465e-01
-8.413574861718089437e-01
5.091628461448571841e-02
-1.582164727552259897e-01
6.777938495165212185e-01
6.453038519853777633e-01
-5.151256206416088279e-01
6.322985657019499772e-01
1.191687909631886644e-01
-3.083605236980784259e-01
6.575343607593202577e-01
-4.564581710163695405e-02
-5.456188959860244214e-01
-4.868095445370492769e-01
-4.039925800629839969e-03
-5.864073064114783129e-02
1.189230222032238160e-01
-9.936818422257180927e-01
-8.276528414593500305e-01
-6.367785329663102623e-01
7.594787288045279361e-01
4.127058790846760417e-01
-9.731620791798614167e-01
2.550846712763494839e-01
7.466343207195897946e-01
7.560973668180610563e-01
9.952273385405814299e-01
-3.145761565539617610e-01
3.285715754904410257e-01
-1.896559025937822884e-01
6.058787194405499399e-01
9.284229393385401430e-01
5.432068725671419518e-01
-6.987468164209351684e-01
8.918198287974961058e-01
1.144550235874017829e-01
5.544699611745438350e-01
-3.399491882920038233e-01
-4.070204122261111834e-01
-9.375794357282389857e-01
-3.538001008645250689e-01
7.470418516429324640e-01
8.042344302531738709e-01
9.626532304921531225e-01
1.679778906808786498e-01
1.545289317537095197e-01
-7.679508623995501271e-01
9.637283195889665421e-01
1.914919567571971015e-01
1.099026841191921289e-01
2.120932264082227015e-01
-7.306010642549813916e-01
5.642681621698462102e-01
-4.481845390803707030e-01
2.842202535007001263e-01
-1.981065730798312607e-01
-2.264753472404279488e-01
5.504157286546682570e-01
9.469761263950609020e-01
6.548674985606006693e-01
-9.148139140361946087e-01
-7.456580749205679037e-01
-2.448796970597961753e-01
-3.493282917039062241e-01
-9.356354252641396751e-01
-6.124626438264759720e-01
3.817406724618161995e-01
2.896182501799744458e-01
4.614220772596617781e-01
6.063329557122383306e-01
2.706734615093295826e-01
1.298223485158480628e-01
8.840180399518369203e-01
9.401439046682813494e-01
2.658079478178752009e-01
8.040641718317307340e-01
1.393446887548774882e-01
-1.605031872751465638e-01
-5.297445699301690514e-01
3.050095227230875672e-01
7.351116941724198384e-01
-8.244387557805326061e-01
-1.532497860797872313e-01
-2.234796848636182443e-01
-4.561731421491150851e-01
-9.576953334102300541e-01
-6.767976148926524438e-01
4.056657063585882295e-01
6.493979991928144901e-01
-7.035468197560523773e-01
9.546920572364991919e-02
-8.588656362876077033e-01
8.982915756511815619e-01
1.945133657519027004e-02
-7.673606999500872661e-01
-3.466129893561660236e-01
-5.270249998418761184e-01
8.889479942730986739e-01
4.370004987125011287e-01
-6.221395447245687826e-01
-6.181832309396426695e-01
8.588753966832329834e-01
6.404686477718450899e-01
1.336142990958448795e-01
6.885457411353952395e-01
5.084147389552009511e-01
-6.005418444657364407e-01
9.472935200538867839e-02
5.498349063435550299e-01
-4.266344647931714640e-01
-8.326250746797403401e-01
-6.689826361797539533e-01
-4.564436295954952261e-01
-8.487514805494835723e-01
1.820228338072069629e-01
9.914862956110095382e-01
-1.116912520086654759e-02
2.470192137228648388e-01
3.581154801727439718e-01
1.764971229505287731e-01
-5.267173370226572171e-01
9.157245422853022010e-01
8.427718392392697933e-01
-3.692100817326737783e-02
7.638593380850589032e-01
9.555891339971758214e-01
-4.889157820428216006e-01
-3.456824472653512448e-01
2.311876714862668436e-01
9.617496429165310889e-01
8.575945388878041253e-01
-6.930381309337430018e-02
4.210494169988105995e-01
-4.442012533482286862e-01
6.493421587459351496e-01
-3.317985380891366187e-01
-2.138592696373753377e-01
2.985725890079495848e-01
5.952326434868548954e-01
-3.827582671241835932e-01
6.366374431220358510e-01
4.399721918446217739e-01
1.773128231140219668e-01
6.773973896921594573e-01
-7.770204772464579523e-01
5.714228129972533932e-01
1.819459471750084489e-01
4.053239466549352077e-01
-7.840047510980805434e-01
6.234453099792540698e-01
2.296547790011862489e-01
3.034411625556894254e-01
-5.053313461299646647e-02
