-1.000000000000000000e+00
-1.000000000000000000e+00
2.108076138536173483e-01
-3.354611178041078112e-01
1.000000000000000000e+00
5.349695423810154615e-01
-7.566137041927727402e-01
1.249376145004930660e-01
-8.053044596096381458e-02
-5.899222812520554804e-01
-1.000000000000000000e+00
-3.057394339156589425e-01
3.656045967273329200e-01
-1.000000000000000000e+00
2.471583320233596837e-01
7.469281484406999905e-01
-1.000000000000000000e+00
-4.892822637423746568e-02
5.081755330346604538e-02
8.779980534943656600e-01
-4.106371260262214884e-01
5.387702335285281530e-01
-3.837947066761044912e-01
2.568951567293282778e-01
8.554481832339200231e-01
9.425611738913775017e-01
2.035787248489271395e-01
-7.029708426594855064e-01
-9.021215427041050505e-01
8.774263458405149319e-01
8.877598499343035687e-01
1.000000000000000000e+00
1.000000000000000000e+00
-1.000000000000000000e+00
-8.258046506882055215e-01
1.000000000000000000e+00
1.000000000000000000e+00
-2.277138305762782533e-01
5.232945422625274734e-01
1.000000000000000000e+00
-7.653959185826381129e-01
1.234811235254074102e-01
-7.279948949293872928e-01
3.272958991031857945e-01
-3.645965171965110940e-01
1.000000000000000000e+00
1.698171450190593679e-01
-1.000000000000000000e+00
1.714311817995405329e-01
-7.025886273179561270e-01
1.000000000000000000e+00
7.946385274678640087e-01
-2.669081371350620069e-01
1.000000000000000000e+00
-3.212029224331827137e-01
-1.000000000000000000e+00
7.691580798056947277e-01
4.898413178818086244e-01
4.688318589117973501e-01
2.695698258562726490e-01
5.602591340561079436e-01
1.000000000000000000e+00
8.415667347117308239e-01
1.000000000000000000e+00
1.625036803053263590e-01
-6.978730697732733468e-01
-3.985061582678335323e-01
-7.905474954695708156e-01
7.452746307789126501e-01
-4.278343280169087937e-01
-7.551262533937912469e-01
1.000000000000000000e+00
1.000000000000000000e+00
-9.546032343106374274e-01
-1.000000000000000000e+00
1.000000000000000000e+00
-1.000000000000000000e+00
-9.264374017700813813e-01
-8.008056614192429201e-01
-5.174582791488773204e-01
3.408617625749610358e-01
-1.000000000000000000e+00
5.948768333115495022e-01
-2.016937720605290751e-01
1.000000000000000000e+00
1.000000000000000000e+00
-3.342564966025829420e-01
-7.769303188345033639e-02
1.651628017279547223e-01
1.836175855164121629e-01
-5.761390436438762475e-01
-6.700054796613943431e-01
1.870913301481890167e-01
-3.414533550580560739e-01
-1.000000000000000000e+00
-1.000000000000000000e+00
-1.475895134680531573e-01
-1.000000000000000000e+00
1.180266131348695069e-01
1.000000000000000000e+00
-1.000000000000000000e+00
-7.194639433180444188e-02
-4.216063431245241633e-01
5.693749050691319091e-01
1.000000000000000000e+00
9.790111160990560002e-01
5.088935723583265514e-01
-5.236099924773987002e-01
-9.496778706030830630e-01
6.944505171919903574e-01
-7.866050344115502191e-02
-6.321955255213005387e-01
-2.939474362881062675e-01
-4.078851170887924926e-01
2.611501164402867392e-01
-1.734698775466830822e-01
-4.710582051337866005e-01
-1.000000000000000000e+00
1.000000000000000000e+00
-4.176097784580595773e-01
8.513890910085974983e-01
5.471559107253316512e-01
1.000000000000000000e+00
1.554230466048325265e-01
2.346433816916047022e-01
-1.000000000000000000e+00
7.591534754423208131e-01
-1.000000000000000000e+00
8.944640718130776325e-01
-7.650349311770453520e-01
4.462730653815121240e-01
7.983794036595246446e-01
-9.011318423254022214e-02
-1.000000000000000000e+00
1.189201286172725247e-01
1.027909337659158595e-01
1.000000000000000000e+00
9.684717128399886743e-01
6.665638128578734722e-01
-3.623826796737461553e-01
4.184487320716741010e-01
-1.614654090839007239e-02
1.769520845587879698e-02
-1.000000000000000000e+00
-5.687835665665840201e-01
-5.072334637021933545e-01
-2.134962031641833291e-01
4.089895686533424612e-01
2.569288845323536297e-01
-5.205788833039139973e-01
-5.569951639655723596e-02
-1.000000000000000000e+00
-9.227333764112573000e-01
-3.809771359683526981e-01
2.154138666392011459e-01
-6.808274655747594828e-01
1.473067145991094895e-01
-9.993928963064202531e-01
-1.000000000000000000e+00
-9.513981409663405664e-01
-1.695012804770248405e-01
-1.000000000000000000e+00
5.454248311133169658e-02
3.229755230562112445e-01
-1.000000000000000000e+00
-2.066326840559892797e-01
-9.177216987037700724e-02
5.042489729068704296e-01
5.909702251249338012e-01
-5.083416988744329235e-01
3.066217625660363488e-01
1.813013986517091336e-01
8.955602945881409038e-01
-7.430026319273952407e-01
7.748296526563720477e-01
-9.181408539561530802e-01
-4.346159870142887183e-01
6.966991630016432513e-01
4.048142529253782040e-01
5.823864638803003535e-01
1.000000000000000000e+00
-6.635910349644478234e-01
1.000000000000000000e+00
2.598281082480286552e-01
-8.805311551295327277e-01
8.505858943982305131e-01
1.000000000000000000e+00
-7.807508015862795192e-01
1.000000000000000000e+00
3.405810504542348127e-01
-2.938474331445077858e-01
-2.291986369952478952e-01
1.000000000000000000e+00
5.564869488970589639e-01
-8.582563436988530636e-01
-3.128897646003971911e-01
1.641459710476858014e-01
-8.508979182551867915e-02
-1.000000000000000000e+00
-3.837450072013093294e-01
-5.257698373548591597e-02
8.433889867239126037e-01
-5.633187254986720127e-01
-5.855990806189194098e-01
1.000000000000000000e+00
9.782344063362311548e-01
9.763972349488494462e-01
2.417949595622348458e-01
6.033924208011698376e-01
-1.000000000000000000e+00
4.932821866246259734e-01
-3.752944118274588181e-01
4.829634684904008379e-01
-2.803221006323699527e-01
1.000000000000000000e+00
-6.720474416934463235e-01
3.061132812025563199e-01
-1.000000000000000000e+00
1.000000000000000000e+00
-8.062438677148351385e-01
-8.202789299037065440e-01
-1.457880447258033119e-01
3.615416386930087045e-01
4.950235549535011437e-01
4.773341955309491347e-01
-9.496982315477007219e-01
-4.416633714248690001e-01
9.278708818866814312e-01
-5.875410480149354520e-01
9.329134657864581737e-01
-7.773775741987223320e-01
4.599532280448409560e-01
-1.000000000000000000e+00
-1.000000000000000000e+00
3.681654171369228568e-01
1.000000000000000000e+00
1.000000000000000000e+00
-6.284811557357627976e-02
9.798670862882836730e-01
4.302969612183399351e-01
-1.029876567165878276e-01
9.184439430357441703e-01
8.765316256361943559e-02
1.000000000000000000e+00
1.221063279693863635e-01
3.715359275914686954e-01
3.920296997962418040e-01
1.775248219584828480e-01
-1.581263141657427984e-01
-1.000000000000000000e+00
1.000000000000000000e+00
-1.929568760898894286e-01
1.211872907361819518e-01
2.644241758172689583e-01
-1.248767640453087857e-01
-7.974502387728144015e-01
-1.000000000000000000e+00
6.676278149062104816e-01
2.363603014203339292e-01
-3.621651126624988448e-01
1.000000000000000000e+00
6.918252166031898520e-01
4.232336894071128675e-01
-1.000000000000000000e+00
-4.387870503323718641e-01
