3.090639338104690381e-01
1.000000000000000000e+00
-2.359389242250936602e-01
-1.000000000000000000e+00
-1.000000000000000000e+00
-8.435448519361596897e-01
9.146341350412092730e-01
5.953321619618212601e-01
5.430732782163192329e-01
2.425035697487846198e-01
-1.000000000000000000e+00
7.911914405459155031e-01
1.000000000000000000e+00
4.894165271216157631e-01
-1.476803828907385929e-01
2.813085560877410796e-01
-7.681005465466550497e-01
-1.629311128529622454e-01
1.292475066110089776e-01
-1.000000000000000000e+00
-9.228673534331679473e-01
2.348568096434743291e-01
1.000000000000000000e+00
1.000000000000000000e+00
1.000000000000000000e+00
-8.277062901147473895e-01
1.000000000000000000e+00
1.000000000000000000e+00
1.000000000000000000e+00
-3.054090610984218079e-01
1.606311188608176566e-01
1.000000000000000000e+00
-1.000000000000000000e+00
-4.791938168537264175e-01
4.681716973594366449e-01
-7.215667666340050967e-01
1.000000000000000000e+00
1.000000000000000000e+00
-3.170443601913889298e-01
7.741791969920558403e-02
-5.772491858762792694e-01
8.197719171433923702e-01
1.000000000000000000e+00
1.000000000000000000e+00
1.000000000000000000e+00
5.985193029298379042e-01
-4.126088715502269633e-01
5.291420222806686446e-01
1.207955440147319148e-01
2.943820732271268947e-01
1.000000000000000000e+00
-9.699770293226434026e-01
-8.194458590891570138e-01
1.000000000000000000e+00
5.718249235243482165e-01
-1.575354734176623583e-01
6.125064088013973951e-01
-3.086182582690351062e-01
8.856560964029335237e-01
-1.000000000000000000e+00
-1.965407802996562148e-01
7.850474123244786107e-01
1.000000000000000000e+00
-1.000000000000000000e+00
7.140545339564448035e-01
1.000000000000000000e+00
-1.396747952065023890e-01
-7.187617996303345969e-01
-1.000000000000000000e+00
1.000000000000000000e+00
-9.913513009777376039e-01
1.000000000000000000e+00
-4.208553815798654618e-02
1.000000000000000000e+00
-1.000000000000000000e+00
-8.654221837012887608e-01
1.000000000000000000e+00
-6.562590031826541770e-01
-1.000000000000000000e+00
-1.000000000000000000e+00
1.000000000000000000e+00
-1.000000000000000000e+00
1.911040087766090467e-01
-7.534231013244823139e-01
-3.029228478056655849e-02
6.868482290959396774e-01
9.165411561424190445e-01
1.000000000000000000e+00
-1.000000000000000000e+00
-1.000000000000000000e+00
1.000000000000000000e+00
1.000000000000000000e+00
-1.000000000000000000e+00
-5.407029036154187285e-01
1.000000000000000000e+00
5.947646423670414073e-01
-4.492462712510985057e-01
-1.000000000000000000e+00
9.602486678634936101e-01
6.941472284685756833e-02
1.000000000000000000e+00
-1.000000000000000000e+00
-1.000000000000000000e+00
-6.959679720506763978e-01
-8.394824707860368829e-01
4.614043362244919511e-01
1.000000000000000000e+00
-3.927315021636889059e-01
-1.000000000000000000e+00
9.183510963553142004e-01
3.634579130463457819e-01
1.000000000000000000e+00
1.000000000000000000e+00
-1.000000000000000000e+00
3.375123535681444631e-01
5.142838400103799668e-01
2.727672549576314331e-01
-9.891166894534573206e-01
1.000000000000000000e+00
-5.410086292641880235e-02
1.000000000000000000e+00
-7.718802540054756633e-01
-1.000000000000000000e+00
1.000000000000000000e+00
1.000000000000000000e+00
-1.000000000000000000e+00
8.535231423364718628e-01
-6.744465673631859781e-01
-1.000000000000000000e+00
-1.000000000000000000e+00
-1.000000000000000000e+00
-6.275534046630304452e-01
5.474485143168799084e-01
1.000000000000000000e+00
-9.375678905649248440e-01
1.000000000000000000e+00
3.247336000027312153e-01
6.583824130886595238e-01
-6.861270843340733228e-03
7.669042153331755429e-01
1.393401206158622063e-01
-1.000000000000000000e+00
-1.000000000000000000e+00
1.000000000000000000e+00
-1.770476781903997932e-01
7.831811072313881184e-01
-1.000000000000000000e+00
-3.680230394265391336e-01
-6.349996993529360978e-02
-1.000000000000000000e+00
9.117510791104082024e-01
4.141687974349335111e-01
-1.000000000000000000e+00
2.813383633023933683e-01
1.000000000000000000e+00
2.429223489218568233e-02
1.000000000000000000e+00
-7.275736657447415268e-02
-1.402823850749201906e-02
-9.980253219089630923e-01
-1.000000000000000000e+00
-1.267527612536009651e-01
5.892555860307451265e-01
5.009176346654677925e-01
1.000000000000000000e+00
1.000000000000000000e+00
-1.000000000000000000e+00
-1.000000000000000000e+00
9.749423445536933297e-01
2.534164714343429825e-01
-1.000000000000000000e+00
1.532745309173978443e-01
-1.000000000000000000e+00
-8.627839768279695898e-01
-3.726169341422821413e-01
-2.866246257348540882e-01
1.153763068928437274e-01
1.000000000000000000e+00
-1.000000000000000000e+00
-1.000000000000000000e+00
1.004043691524834081e-01
1.000000000000000000e+00
-1.000000000000000000e+00
-1.000000000000000000e+00
-3.037467765945136011e-01
1.000000000000000000e+00
-9.381407089924090892e-01
-1.000000000000000000e+00
-5.546473140979487626e-01
1.000000000000000000e+00
-1.000000000000000000e+00
-8.780058781741018059e-02
-1.000000000000000000e+00
-3.884552580097756502e-01
-3.558361872593374109e-01
-5.051836548644572655e-02
1.000000000000000000e+00
-4.757896694972749696e-01
5.407062237044247821e-01
3.411467813669750715e-01
-1.000000000000000000e+00
-2.827970730033190772e-01
-1.000000000000000000e+00
2.204611446374719064e-01
-5.233839246851735849e-01
-4.972819587831845967e-01
1.000000000000000000e+00
3.312280628231364377e-01
-1.369415770814375044e-02
-4.026398180162420459e-01
9.708182301902801292e-02
1.000000000000000000e+00
2.972752671007339309e-01
8.912553679431731712e-01
-9.134542440680677444e-01
-5.259327457312046317e-01
-7.870515838666888309e-01
-1.000000000000000000e+00
-2.017254187607782079e-01
8.324909518616392390e-01
1.581901134488467031e-01
-4.893890273460195228e-01
5.652814760267134142e-01
-1.000000000000000000e+00
-5.574904214104741129e-01
-6.672670486794715083e-01
-3.043210931622288284e-01
1.000000000000000000e+00
-4.950152668746578000e-01
3.532347838178866439e-01
-1.000000000000000000e+00
-3.178893738212599795e-01
1.000000000000000000e+00
7.326871977838563810e-01
1.000000000000000000e+00
-5.686982569730079096e-01
-1.000000000000000000e+00
-1.000000000000000000e+00
1.460936201383992716e-01
1.000000000000000000e+00
2.342228385546626379e-01
-7.436417039675446983e-02
7.326745610366152128e-01
1.000000000000000000e+00
1.654394587155901819e-01
-7.234381101260203284e-01
1.000015329180584667e-01
-5.546573679498099096e-01
2.389122692707394968e-01
-8.742646305972605614e-01
-7.511202943177882618e-01
-8.431087960221486099e-01
1.000000000000000000e+00
1.387184493151977227e-02
-1.000000000000000000e+00
1.000000000000000000e+00
1.000000000000000000e+00
-2.635690992300934732e-01
9.335359313535266379e-01
1.850609534439548454e-01
1.000000000000000000e+00
-6.671941220817563245e-01
-2.861289284257943488e-01
-1.000000000000000000e+00
-5.767406870585629619e-01
