5.361846428355065974e-01
4.903684446515204076e-01
1.000000000000000000e+00
-1.000000000000000000e+00
1.078182700915772951e-01
3.235257711758590116e-01
1.000000000000000000e+00
8.015903491420857119e-01
4.370521820548520786e-01
6.584511739382351569e-01
-2.699983185947922859e-01
1.399675288473951618e-01
9.281581719752181048e-01
-1.344198478376841255e-01
9.419027804222723788e-02
1.000000000000000000e+00
-6.048173952534641185e-01
-1.000000000000000000e+00
-7.230271049932418537e-01
-1.479947629808859855e-01
-6.728785469754472448e-02
9.508001848780542886e-01
8.731086041850162349e-01
1.000000000000000000e+00
-9.714982373312406327e-01
-3.855625697718141343e-01
1.080811734326785900e-01
-5.597632023203795715e-01
-6.629099273532557124e-03
-6.567381554012960976e-01
-7.542973086124640236e-01
4.305395169634724795e-01
5.667534849551220111e-01
9.310920305767325100e-01
-1.236334308381697444e-01
-2.684579847532349017e-01
-1.030348213506115940e-02
-1.000000000000000000e+00
6.183462116361337912e-01
-8.025546572190914718e-01
-2.748146155790063272e-01
6.078910034401366902e-01
-9.087539585381222418e-01
1.470099404909579466e-01
1.993648232560174538e-01
7.626883084111778510e-01
4.460190980491294255e-01
-7.036048008473778648e-01
-9.469902505558995820e-01
8.312251748387675665e-01
1.000000000000000000e+00
-6.723255150802983637e-01
-1.811870432467894698e-01
-3.572339803780451017e-01
1.000000000000000000e+00
5.027282030802227020e-01
-3.715642137387814015e-01
-3.015017662313587143e-01
8.265613603758594774e-01
2.371526537423052083e-02
9.098253843638657301e-01
2.435461211238310053e-01
-5.355865129109369516e-01
6.274509833225786481e-01
3.405140778947916003e-01
-1.037574701048381565e-01
1.629626922971499914e-01
1.000000000000000000e+00
1.033026291376140104e-01
-1.000000000000000000e+00
1.000000000000000000e+00
2.634453557680340730e-01
-5.245812371413685060e-01
-3.253732463437408740e-03
3.988771958767021175e-01
-5.868199720722808710e-01
-4.692783281600720890e-03
-2.855063214535624727e-01
1.000000000000000000e+00
3.624122694394971700e-01
1.000000000000000000e+00
-1.000000000000000000e+00
1.000000000000000000e+00
7.067002949687523072e-01
-7.170593673921070721e-01
-3.540871900122137539e-02
-3.596886868261743864e-01
-1.000000000000000000e+00
1.000000000000000000e+00
-1.621099724866225111e-01
6.346077113375584444e-01
-9.320441357431776819e-01
1.000172347702671383e-01
-2.044410093037218878e-01
1.000000000000000000e+00
1.000000000000000000e+00
-1.524218461836031047e-01
-1.497582054020770159e-01
-1.000000000000000000e+00
-6.432724517373987760e-01
1.000000000000000000e+00
-5.848242707464523793e-01
-3.197214042524083588e-01
5.427541171191041514e-01
-5.380253504321452773e-02
-2.866910279330078248e-01
2.834803084338910484e-01
1.000000000000000000e+00
9.604359651071663340e-01
1.000000000000000000e+00
-7.782863318884014614e-02
8.795997482828999958e-01
-7.101089048599584785e-01
-6.328622338634224409e-01
9.029316864919465502e-01
-4.609602590657244647e-01
-5.914816869156931389e-01
8.167368758253781280e-01
-4.006633378067332441e-01
2.873070595249208603e-01
-5.811835120784409892e-01
-2.637317624417545581e-01
-6.346385334064033046e-01
1.986358174128752818e-01
1.000000000000000000e+00
5.150067402979163766e-01
1.000000000000000000e+00
7.107571217440218359e-01
-1.000000000000000000e+00
5.696187768989767752e-01
6.402199998261490776e-01
8.355462131455093644e-01
-1.622168252667777200e-01
-3.737272700927054547e-01
1.012871504663793720e-01
-1.000000000000000000e+00
2.422004295426130049e-01
1.000000000000000000e+00
1.000000000000000000e+00
-6.177744319014928376e-01
-3.085410651197730836e-01
-4.354066024004736857e-01
2.274856553898567668e-01
6.644858765046621762e-01
-6.808122631164752470e-01
-8.562974599044630430e-01
9.930183617130046159e-01
9.383169191900178063e-01
1.000000000000000000e+00
-7.253589973674893221e-01
-3.731154469910673566e-01
5.269350387060693919e-01
5.823044032842097373e-01
8.703494431387546193e-01
7.585188867903858156e-02
-1.000000000000000000e+00
-1.711913766836322681e-01
-2.282624676314475298e-01
-5.646677459288428347e-01
-8.853332390885446657e-01
-1.000000000000000000e+00
8.589214774972240285e-01
1.000000000000000000e+00
-5.939266991599005951e-01
-2.024787744619558350e-01
-8.843806790180399613e-01
-2.368532655320167990e-01
-4.513406411669458329e-01
8.666115635129503225e-01
1.000000000000000000e+00
7.381715837971554173e-01
-9.591643850667630478e-02
-6.876716127844824111e-01
1.000000000000000000e+00
-3.005076134012750755e-01
9.760738774815713725e-01
-1.000000000000000000e+00
9.145077293613341762e-01
-8.564640691365854597e-01
-1.000000000000000000e+00
-9.412434798747706388e-01
-1.000000000000000000e+00
1.000000000000000000e+00
7.987604983267204695e-01
-1.748835121574221496e-02
1.056847767639961244e-01
2.471453118610409394e-01
-7.471469794861218539e-01
2.902947175699002180e-01
1.000000000000000000e+00
1.000000000000000000e+00
-2.829588144533050631e-01
-1.699395571851454179e-01
-1.000000000000000000e+00
5.237478208667034618e-01
-5.396200217672069144e-01
-8.993559721581483313e-01
2.874151737832914555e-01
8.443458111298216551e-01
-7.199105873542845924e-01
1.165177165719764041e-01
1.000000000000000000e+00
-6.731827191353121354e-01
-5.543169633670483876e-01
8.827597949592196347e-01
-1.000000000000000000e+00
-4.456083336013206830e-01
1.000000000000000000e+00
-4.225600938189044697e-01
3.514294485699747117e-01
1.000000000000000000e+00
-9.823699402070513731e-01
8.283187679737853415e-01
8.759095202169502326e-01
-9.463100905037145072e-01
-8.840938602970798144e-01
1.000000000000000000e+00
3.010385959085284391e-01
-1.000000000000000000e+00
-5.949233211268099009e-01
1.741266554100573405e-01
-8.686713907438916582e-01
9.831583252891991087e-01
1.943951414491633112e-01
1.228368648755306936e-03
-7.766946446233558010e-01
-1.000000000000000000e+00
2.840136386328867002e-01
1.110969948621589598e-01
9.141638828737149725e-01
8.483770784676596399e-01
7.126290189709150180e-01
4.198867338251350834e-01
3.547057118603497150e-02
1.000000000000000000e+00
-6.337127418419681302e-01
9.444119362967623443e-01
2.136913350036531711e-01
1.000000000000000000e+00
-4.424710973369689881e-01
7.473202944013905835e-01
9.081934629237273793e-01
1.000000000000000000e+00
5.263096594525700223e-01
2.860326130984005566e-01
1.000000000000000000e+00
-1.000000000000000000e+00
-9.121741178131297367e-01
-4.379225132442856605e-01
-1.000000000000000000e+00
-3.340934753714447369e-02
-7.786998004718803656e-02
1.000000000000000000e+00
9.450735894862596354e-01
5.783587341330771459e-01
-9.879620137158453552e-01
1.000000000000000000e+00
-9.006359188340606892e-02
1.000000000000000000e+00
1.000000000000000000e+00
-3.610189501654663680e-01
-1.000000000000000000e+00
5.962946421504147221e-01
1.000000000000000000e+00
1.000000000000000000e+00
