-1.000000000000000000e+00
1.000000000000000000e+00
1.000000000000000000e+00
-1.000000000000000000e+00
1.000000000000000000e+00
1.000000000000000000e+00
-1.000000000000000000e+00
-1.353566619043272690e-01
1.000000000000000000e+00
-1.000000000000000000e+00
-5.370631073103298014e-01
-1.492444393616143561e-02
-1.000000000000000000e+00
7.234417169141935666e-01
-8.455677030446449027e-01
1.000000000000000000e+00
1.000000000000000000e+00
-6.725141105796544894e-01
1.000000000000000000e+00
-1.570991633499214946e-01
1.000000000000000000e+00
-5.984379374175978761e-01
-1.000000000000000000e+00
-6.301287188834314712e-02
-2.759536813320547788e-01
2.088935640446771824e-01
-8.726957051469901305e-01
1.000000000000000000e+00
-1.000000000000000000e+00
-1.000000000000000000e+00
-6.388981893204117579e-01
-1.000000000000000000e+00
-3.529292087560819136e-01
1.000000000000000000e+00
-4.768100302161122350e-01
-1.000000000000000000e+00
-6.692454419870413895e-01
1.000000000000000000e+00
9.542139675600760373e-01
-1.000000000000000000e+00
-1.000000000000000000e+00
1.000000000000000000e+00
-7.090093548742211205e-01
1.000000000000000000e+00
-1.000000000000000000e+00
1.000000000000000000e+00
1.000000000000000000e+00
-1.000000000000000000e+00
-1.000000000000000000e+00
3.188461794754947620e-01
-1.000000000000000000e+00
9.805187761948380709e-02
-6.240091265664298170e-01
-1.000000000000000000e+00
-1.000000000000000000e+00
-4.601037729466700421e-01
1.000000000000000000e+00
1.000000000000000000e+00
9.136505441291984386e-01
6.699326501332746320e-01
1.000000000000000000e+00
5.395291899917844525e-01
1.000000000000000000e+00
7.092761420675481876e-01
5.906544477445031527e-01
4.833000209678477432e-01
-1.000000000000000000e+00
-1.000000000000000000e+00
-1.000000000000000000e+00
1.000000000000000000e+00
1.000000000000000000e+00
-6.935619471047078655e-01
-1.000000000000000000e+00
8.591801942781774892e-01
1.000000000000000000e+00
4.506665338568725532e-01
4.405822310354874372e-01
-1.000000000000000000e+00
1.000000000000000000e+00
1.000000000000000000e+00
1.000000000000000000e+00
-3.890922830456122750e-01
-1.000000000000000000e+00
1.000000000000000000e+00
-6.712230488575189336e-01
-1.000000000000000000e+00
6.017261164410425689e-01
-1.000000000000000000e+00
1.000000000000000000e+00
-1.000000000000000000e+00
-1.000000000000000000e+00
-1.000000000000000000e+00
1.000000000000000000e+00
3.933257723563721164e-02
-2.942811192921151453e-01
3.565792682675888448e-01
1.000000000000000000e+00
-1.000000000000000000e+00
-1.000000000000000000e+00
-8.942565042524052155e-01
1.000000000000000000e+00
1.000000000000000000e+00
1.000000000000000000e+00
1.000000000000000000e+00
1.486789004929450209e-01
1.000000000000000000e+00
-1.000000000000000000e+00
-1.000000000000000000e+00
-1.000000000000000000e+00
-6.770126630459916139e-01
-1.000000000000000000e+00
1.087451267152598211e-01
1.000000000000000000e+00
-1.000000000000000000e+00
1.000000000000000000e+00
-1.000000000000000000e+00
-1.000000000000000000e+00
1.000000000000000000e+00
-7.553187923567673545e-01
-3.080461082125217631e-01
3.458767219108733748e-01
4.994347586485599066e-01
1.000000000000000000e+00
1.000000000000000000e+00
3.270880200715202690e-01
2.299247715838744210e-01
1.000000000000000000e+00
-8.735581223804282924e-01
1.000000000000000000e+00
1.000000000000000000e+00
1.000000000000000000e+00
1.810175738447565574e-02
1.939145497964185061e-01
-6.514791668696426896e-01
8.249455310569757671e-01
1.000000000000000000e+00
1.000000000000000000e+00
1.000000000000000000e+00
-1.000000000000000000e+00
5.952245567373948276e-01
-1.000000000000000000e+00
1.000000000000000000e+00
-2.693379181602599814e-01
-1.000000000000000000e+00
1.000000000000000000e+00
1.000000000000000000e+00
-1.000000000000000000e+00
-4.260561321327136497e-01
1.000000000000000000e+00
1.000000000000000000e+00
1.000000000000000000e+00
1.000000000000000000e+00
3.572815033320905220e-01
-1.000000000000000000e+00
-1.328504690181026016e-02
-1.000000000000000000e+00
1.000000000000000000e+00
-5.308432552002650961e-01
-1.000000000000000000e+00
-1.000000000000000000e+00
1.000000000000000000e+00
5.340567556695172691e-01
-2.784779061354011875e-02
-2.825483595153654992e-02
1.234572683866320686e-01
1.000000000000000000e+00
5.707114246874059882e-01
1.000000000000000000e+00
-1.000000000000000000e+00
1.000000000000000000e+00
-1.000000000000000000e+00
1.000000000000000000e+00
1.000000000000000000e+00
1.000000000000000000e+00
6.218262570209158735e-01
-2.748525281911918805e-01
5.768187489398817203e-01
-2.372182660951919486e-01
9.443739254915572978e-02
-3.625521088976508821e-01
-1.000000000000000000e+00
7.085427943472117907e-01
-3.254046866263394788e-01
1.000000000000000000e+00
-1.000000000000000000e+00
1.000000000000000000e+00
9.112552097214765556e-01
1.252959321055693298e-01
6.839786911326902752e-01
-1.000000000000000000e+00
-1.000000000000000000e+00
-1.123035953694515587e-01
1.000000000000000000e+00
1.000000000000000000e+00
-1.000000000000000000e+00
-1.000000000000000000e+00
-1.000000000000000000e+00
-1.000000000000000000e+00
1.000000000000000000e+00
1.000000000000000000e+00
9.108297618873443247e-01
-1.000000000000000000e+00
-1.000000000000000000e+00
-8.309680178440408405e-01
1.000000000000000000e+00
1.000000000000000000e+00
1.000000000000000000e+00
1.000000000000000000e+00
-2.601595196138880017e-01
7.536177842406078797e-01
1.000000000000000000e+00
-9.207645547708884770e-01
7.144112820612071868e-01
1.000000000000000000e+00
9.592260525692392070e-01
-1.000000000000000000e+00
6.399765058443883659e-01
7.499105143586847211e-01
1.000000000000000000e+00
1.000000000000000000e+00
-1.000000000000000000e+00
-1.000000000000000000e+00
-1.201616957868547608e-01
1.000000000000000000e+00
1.000000000000000000e+00
-1.000000000000000000e+00
1.000000000000000000e+00
-8.461697936997578662e-01
2.991219695414504276e-01
3.918210759465523552e-01
1.000000000000000000e+00
1.000000000000000000e+00
1.000000000000000000e+00
1.276527588343085440e-01
1.000000000000000000e+00
-1.000000000000000000e+00
8.815042402002453148e-01
3.238478388303295818e-01
2.657648470290002174e-01
-5.174696030694778681e-01
-1.000000000000000000e+00
-1.000000000000000000e+00
1.000000000000000000e+00
-7.443044204781528173e-01
-1.000000000000000000e+00
1.000000000000000000e+00
-7.526754610526673606e-01
-1.000000000000000000e+00
-1.000000000000000000e+00
-9.717501993033489383e-01
1.000000000000000000e+00
1.000000000000000000e+00
2.537855899438841156e-01
5.414885903597601580e-01
-1.070118088156617464e-01
1.000000000000000000e+00
7.866713706892227709e-01
-1.000000000000000000e+00
-1.000000000000000000e+00
-1.000000000000000000e+00
-1.000000000000000000e+00
1.581053474394689129e-01
1.000000000000000000e+00
1.000000000000000000e+00
5.392297348365716614e-01
