-3.498434061337269974e-01
-2.021919646175374119e-01
7.488534226799292703e-01
1.260770182981989507e-01
5.571144067772237918e-02
1.207003189601623117e-01
-9.966742590416994840e-01
2.758297177334334549e-03
5.916231284404400714e-01
-1.049441804198059103e-02
-3.632369687031353767e-01
-3.921666461138992865e-01
2.375190301114058489e-01
8.998289138544923738e-02
-5.113025877380557027e-01
9.347211868695852743e-01
7.174720066311701672e-02
7.654929351630113121e-01
-3.047552650218896542e-01
-4.318785048796256465e-01
9.639431263334945488e-01
-3.295618050007957933e-01
-8.171789843217927007e-01
-6.026935141743825497e-01
1.361277632404345184e-03
6.717800812573935243e-01
-7.292818736190911366e-01
4.637005569638288360e-01
-4.903771786677340039e-01
6.167234558233034569e-01
9.269588548171165954e-01
-4.140339581190288776e-02
-9.027463031513294212e-02
5.138187441237394015e-01
4.756110761977703216e-01
9.369285218790932568e-01
-3.259044480941142297e-01
4.439612920699012033e-01
-3.022105509680028668e-02
-4.458967065451484579e-01
-2.327263203079401599e-01
7.100313370978539318e-02
6.040487987908438328e-02
-2.960475237643587221e-01
6.964536474188309789e-02
-2.586377023271322351e-01
-4.391674574880501947e-01
3.769740078122725269e-01
9.192382793559021881e-01
-3.713945801240361444e-01
4.597772240525777043e-02
-6.994810400289390717e-01
1.298002098202699628e-01
9.337763125652529528e-01
-5.415495839270700884e-02
6.666492719038570325e-01
-5.160248646778082815e-01
-5.635821219610825938e-01
-5.275955595901697937e-01
2.790002671447684435e-01
-1.161426948604145082e-01
9.380104357581904306e-01
9.988960383688267886e-01
-5.475015252403094834e-01
-7.116664473994869233e-01
9.207926515792816957e-01
-4.003889334604200378e-01
-7.235115631589832397e-01
-4.183235221396117698e-01
4.890943629248638569e-01
-5.868293980731655868e-01
-8.342816127734968834e-01
5.001915476141209904e-01
7.947862536461431926e-01
5.447638267001919665e-01
-4.955893440113525727e-01
3.088191883877071664e-01
-3.777765449934278319e-01
-7.787326309101341160e-01
-4.270020805983671952e-01
2.960706210195127586e-01
-4.755726599827680978e-02
6.003876784203006078e-01
1.751503032517149894e-01
1.548796266328225091e-01
-5.889420879110311979e-01
1.306884435910204978e-01
-6.067513649201605741e-01
1.238585163466097150e-01
5.087179172348759160e-01
9.582606902221395551e-01
7.133018685759162647e-01
3.695320807745074987e-01
2.266847186738583098e-01
-9.657144862738400448e-01
-2.433992287097741514e-01
8.150268807370020241e-01
6.546589587114739484e-01
7.913484156371708433e-01
-9.133442174134098757e-01
5.722902723204366104e-01
2.407733543012660071e-01
-3.409081272235130466e-01
6.418024813509299875e-01
-5.827765593088276574e-01
-5.685429500030978467e-01
-9.417498145071008242e-01
-5.610075004619978767e-01
-9.052389903616373523e-01
-3.058342691149482651e-01
-8.671168823166675033e-01
1.604393245749151653e-01
2.494803806057912521e-01
5.542203422053699757e-01
-5.018530670788978743e-01
7.322760444280611569e-01
-7.546697823975303532e-01
-4.518815756578129506e-01
-7.831471664043805347e-01
4.039387238937444113e-01
-6.495723247089681962e-01
-5.765656919922386159e-01
1.955491819489905136e-01
3.288238479220464416e-01
-3.990073840693788565e-01
1.852936343865854152e-01
7.888049623797710463e-01
-3.149871204036991390e-01
4.838943009845724230e-01
-4.998493351112121008e-01
-4.878997482944320563e-01
-9.044356403167448377e-01
-9.967382002814884068e-02
8.453221755026867346e-01
-6.279836081690388649e-01
-8.082932386622454501e-01
-6.280569662189732227e-01
5.442266503899411134e-01
-1.002936645471128596e-01
9.416331472628867161e-01
4.806849420676519991e-01
-8.799712679596312093e-01
-7.974835069810655153e-01
-2.301960111168848133e-01
-5.143761884679605156e-01
-1.534443067921151815e-01
2.226879393849614530e-01
-1.645007412216612508e-01
-3.264931015256662405e-01
7.390002464445459829e-01
-9.666677913449150950e-01
6.199455473011918905e-01
-7.641386041571514021e-01
1.426396861603200783e-01
5.608187987913275663e-01
-5.956769326939022058e-01
-1.743809568103049656e-02
9.385647979994893308e-01
-5.334548024534364608e-01
2.631477953385514823e-01
3.412142238392994464e-01
-7.190153561728709342e-01
-7.709213852612655238e-01
7.769192776808750978e-01
-4.175426491283025232e-01
9.081494651361987636e-03
6.106703904442618569e-01
-8.046728060945085304e-03
5.813528155486311633e-01
-4.426874144716819170e-01
7.634193498783803378e-02
-8.442099770302107231e-01
-5.303719741384418374e-01
1.122882210394142710e-01
5.953696326389739113e-01
1.449227623523956510e-01
9.475082779573451575e-02
-8.514798019261085038e-01
-2.807077467079535094e-01
-7.759262116886660454e-01
4.658823991563099121e-01
-8.072233284988596935e-01
-6.945869868392082758e-01
3.080121671719735499e-01
5.044159727232211399e-01
1.556715454411743416e-01
-2.848601661120178097e-01
5.377223736854166436e-01
-8.577289177746809656e-01
3.697720822386925121e-01
9.423304368444984647e-01
4.175233262248565502e-01
1.953587167253545420e-01
7.582292022814822730e-01
3.742416976937237294e-01
7.566994733862213440e-01
1.826934820693217887e-01
-9.978141915219325142e-01
-7.550572441238079247e-01
-6.020073903934171078e-01
-5.325962683036349343e-01
-6.476901562848771388e-01
-9.696823748106324636e-01
-3.590749055966837577e-01
3.279998590970301109e-01
-9.591995871647185368e-02
3.224615735351388235e-01
-3.191226286532855561e-01
-9.682316843117071414e-01
4.959005671899705536e-01
-2.618572881910921080e-01
1.131095939971515918e-02
8.756108077012900726e-01
2.801912856177526390e-01
5.442224157309896171e-01
-3.489816108505829906e-01
5.174225008006350102e-02
1.463200705085891951e-01
5.561769251193782182e-01
9.464576487059319643e-01
6.452911785899921870e-01
-8.837836059793942045e-01
1.902121265185425791e-01
7.118497584290113256e-01
-8.698542885266342672e-01
9.068631000320823699e-01
-9.710505805280700287e-01
-7.933257081136388944e-01
6.454970655717555683e-01
-5.483011817172995794e-01
-1.351257381276065317e-01
-3.091646404998127373e-02
-3.158344391914016391e-01
9.459338705966970906e-01
-5.349380297567365439e-01
-6.448050337863000525e-01
6.901561947971870392e-01
1.118934864880813951e-01
-2.361768602624148006e-01
-4.051849229356907500e-02
-8.494594600204026236e-01
9.403705047835386743e-02
7.452249609818262233e-01
-2.226605336741336316e-01
-4.638181294353325157e-01
-4.445383896898094100e-01
5.518811901847893164e-01
-2.641642863170363675e-01
6.238931793255764191e-01
4.931142235279422081e-01
9.651368040505425849e-01
-7.699968751665675626e-03
-4.794844456392308718e-01
-2.137401311977191742e-01
2.897909177734252495e-01
6.634311887846371381e-01
-7.365980784446428675e-01
-5.695638362624328987e-01
-6.322876605239238224e-01
1.530633485272894223e-01
-1.294166229020006220e-01
7.774881706879144261e-01
4.492578764587020768e-01
3.008085429917601861e-01
4.834277149058554546e-01
