-9.186392000211144326e-01
-1.000000000000000000e+00
-4.595480774633116106e-01
-1.000000000000000000e+00
-1.000000000000000000e+00
1.000000000000000000e+00
-1.288893597235053479e-01
9.323500211454780473e-01
-9.667647738203166696e-03
2.695313053147386784e-01
6.433633625037225023e-01
-1.000000000000000000e+00
1.000000000000000000e+00
-7.478314572942900140e-01
1.000000000000000000e+00
-7.045203913261025574e-01
8.221792493356065989e-01
3.383020540683343569e-01
-7.593170424481132663e-01
1.387812181109356890e-01
1.000000000000000000e+00
-6.144168980542665803e-01
-1.000000000000000000e+00
1.000000000000000000e+00
1.000000000000000000e+00
1.000000000000000000e+00
2.174499568917576120e-02
1.000000000000000000e+00
5.923921454585112656e-02
-8.281391029056472952e-02
1.601465126511293358e-01
7.338966224662510918e-01
-1.000000000000000000e+00
2.089098384644086925e-01
-9.521464814509582597e-01
-7.240465119065686572e-01
1.000000000000000000e+00
-6.401217686091409398e-01
-1.000000000000000000e+00
-1.000000000000000000e+00
-2.548342982551161651e-01
1.000000000000000000e+00
1.000000000000000000e+00
3.094643372403919068e-01
-1.000000000000000000e+00
-1.000000000000000000e+00
9.563915149942222582e-01
1.000000000000000000e+00
-1.000000000000000000e+00
-5.469724712611689910e-02
-1.000000000000000000e+00
-2.359151113985468728e-01
-6.063709848122940116e-01
-1.000000000000000000e+00
-1.000000000000000000e+00
-1.000000000000000000e+00
-9.409285239863438566e-01
-1.000000000000000000e+00
7.482101704227084316e-02
-8.774974878980010828e-01
1.000000000000000000e+00
8.364779234025433441e-01
-2.488499645110747727e-01
4.128989252366105367e-01
-1.694395930112452264e-01
-1.000000000000000000e+00
-4.496057411612985333e-01
-6.034586811620052949e-01
-1.000000000000000000e+00
-1.000000000000000000e+00
2.041349305318934659e-01
-1.000000000000000000e+00
-1.000000000000000000e+00
-1.000000000000000000e+00
1.000000000000000000e+00
-1.000000000000000000e+00
8.492938948039513436e-01
-1.000000000000000000e+00
-1.000000000000000000e+00
1.035901887801233823e-01
2.360031188874690544e-01
-2.969499949299241326e-01
7.661847137480863879e-01
-8.101828704453801766e-01
-8.009018476830722655e-01
-4.719659553154760268e-01
-6.729437018052291108e-01
-8.878774450241814220e-01
-1.000000000000000000e+00
1.000000000000000000e+00
-1.000000000000000000e+00
1.000000000000000000e+00
-1.000000000000000000e+00
1.000000000000000000e+00
-1.000000000000000000e+00
-7.699008016773440932e-01
1.000000000000000000e+00
-4.208218821193674408e-01
1.179591714338976138e-02
1.000000000000000000e+00
1.000000000000000000e+00
1.705751214663710214e-01
-1.000000000000000000e+00
1.000000000000000000e+00
9.161242343651521125e-01
1.000000000000000000e+00
1.000000000000000000e+00
4.218677051395702815e-01
-4.910392004323404502e-01
5.660337462713851409e-01
-4.450296111262315168e-01
1.000000000000000000e+00
-7.928785060747260971e-01
-7.899523707371725045e-02
-1.000000000000000000e+00
1.000000000000000000e+00
-1.000000000000000000e+00
1.000000000000000000e+00
-1.000000000000000000e+00
-1.000000000000000000e+00
1.000000000000000000e+00
-1.000000000000000000e+00
-1.000000000000000000e+00
1.000000000000000000e+00
-1.000000000000000000e+00
-6.303936902584318380e-01
-1.000000000000000000e+00
1.000000000000000000e+00
-1.000000000000000000e+00
-9.056107705083499271e-01
-1.000000000000000000e+00
-1.000000000000000000e+00
-1.000000000000000000e+00
-1.000000000000000000e+00
1.000000000000000000e+00
5.533255457348125184e-01
-3.695269797288079361e-01
-5.690407060102586900e-01
-1.000000000000000000e+00
-2.837230787961685374e-01
-2.490070944408023790e-01
-1.000000000000000000e+00
-2.613527980164308540e-01
1.000000000000000000e+00
-5.953160660081844302e-01
8.927660318782426607e-02
-1.397685690650222745e-01
1.000000000000000000e+00
4.475647631108158331e-01
2.492195145527789646e-01
-2.155405022636269763e-02
-1.313113116925652690e-01
-1.000000000000000000e+00
-1.000000000000000000e+00
-1.000000000000000000e+00
6.875381968412030975e-02
-1.000000000000000000e+00
-2.460278290847588978e-01
-1.000000000000000000e+00
-1.000000000000000000e+00
1.000000000000000000e+00
2.004731817017333106e-01
-6.964453134369374965e-02
5.476371362205023630e-03
9.625024858155565299e-01
-4.349707275113603444e-01
3.878865061694632410e-01
-4.099191305285557752e-01
-1.000000000000000000e+00
-8.662795140960102280e-01
8.917528427505041488e-01
-2.819571977026194554e-01
1.000000000000000000e+00
-1.000000000000000000e+00
-2.704793310357873626e-01
-8.662700086211699846e-02
-6.050839985485554351e-01
4.135042191600356021e-01
1.000000000000000000e+00
1.000000000000000000e+00
-2.440078310848388388e-01
2.121866864788949925e-01
-1.000000000000000000e+00
-1.000000000000000000e+00
-3.567398558098380246e-01
-1.423877008819162127e-01
-9.828103380375304843e-01
-1.000000000000000000e+00
3.075788595837314898e-01
1.000000000000000000e+00
-1.000000000000000000e+00
4.475946776197414767e-01
-6.174917535433774307e-02
-2.467932531544851371e-01
1.000000000000000000e+00
7.316949917030687311e-01
-3.989418525305660213e-01
-1.000000000000000000e+00
6.537275815482384012e-01
3.708525940346011351e-01
8.648109533087079415e-01
-7.227855796693509749e-01
-2.781992298001211283e-01
7.097863147724456923e-01
-1.000000000000000000e+00
-1.000000000000000000e+00
-8.543094126053570880e-01
3.989100282187145741e-01
7.532340573460949429e-01
9.502256112596230153e-02
-1.000000000000000000e+00
1.000000000000000000e+00
1.000000000000000000e+00
8.061585167804198315e-01
1.000000000000000000e+00
-1.000000000000000000e+00
-1.000000000000000000e+00
-8.024981871023516566e-01
-1.000000000000000000e+00
-1.000000000000000000e+00
1.954990352343298765e-01
-1.000803026868167800e-01
-3.278010211600379531e-01
-5.849776027465792838e-01
-2.922303912843526863e-02
-1.000000000000000000e+00
-1.000000000000000000e+00
6.162762739553770963e-01
-1.000000000000000000e+00
-1.000000000000000000e+00
1.000000000000000000e+00
-1.000000000000000000e+00
1.000000000000000000e+00
1.000000000000000000e+00
-1.000000000000000000e+00
-1.000000000000000000e+00
-1.000000000000000000e+00
1.000000000000000000e+00
5.458185294272539512e-01
-1.000000000000000000e+00
2.334854070196370479e-01
-1.543136945059504495e-01
1.000000000000000000e+00
-8.539772073253193430e-01
-6.357590818254128529e-01
8.019872391703921632e-01
1.000000000000000000e+00
1.000000000000000000e+00
-1.000000000000000000e+00
9.605166941004903425e-01
-3.332269684047677316e-01
-1.000000000000000000e+00
-1.000000000000000000e+00
-3.812388152666345009e-01
2.256808372936481843e-01
-1.000000000000000000e+00
-1.000000000000000000e+00
-3.306048625677820429e-01
-1.549607841574558442e-01
-9.376237588601984418e-01
-1.000000000000000000e+00
1.000000000000000000e+00
2.946881709346653722e-01
1.000000000000000000e+00
9.214400869855783327e-01
