-1.000000000000000000e+00
-1.000000000000000000e+00
-1.000000000000000000e+00
-4.958234419120985947e-01
-1.000000000000000000e+00
-8.502816555888562666e-01
-8.396537036470032023e-01
9.382653871083123098e-01
5.221519605712787726e-01
1.000000000000000000e+00
-1.467608659723640407e-02
-1.000000000000000000e+00
-1.000000000000000000e+00
9.912536725096476875e-01
1.000000000000000000e+00
1.000000000000000000e+00
-1.000000000000000000e+00
1.000000000000000000e+00
-1.000000000000000000e+00
1.000000000000000000e+00
-1.000000000000000000e+00
-6.302546566475412115e-01
-1.000000000000000000e+00
9.015684014869438379e-01
-4.093288296630404055e-01
6.043700545852455086e-01
-1.000000000000000000e+00
1.000000000000000000e+00
-2.128788199901879841e-01
1.000000000000000000e+00
-1.000000000000000000e+00
-1.000000000000000000e+00
-6.646947764361952338e-01
1.000000000000000000e+00
-1.000000000000000000e+00
1.000000000000000000e+00
1.000000000000000000e+00
-6.688247576205161860e-01
2.603610521345678386e-01
1.006205191167158924e-01
1.000000000000000000e+00
-1.000000000000000000e+00
-1.265596948649987397e-01
7.017042587894040118e-01
-1.000000000000000000e+00
-1.000000000000000000e+00
1.000000000000000000e+00
1.000000000000000000e+00
6.631950418006963277e-01
-4.242830086647562671e-01
-1.000000000000000000e+00
-1.000000000000000000e+00
9.221439029318019287e-01
-1.000000000000000000e+00
-9.605291483284081888e-01
9.010260334853514852e-02
-1.000000000000000000e+00
1.000000000000000000e+00
1.000000000000000000e+00
-9.659536005159068406e-01
-1.000000000000000000e+00
9.029141366155473136e-01
-6.501230408064890831e-01
1.000000000000000000e+00
8.122752760923889204e-01
1.000000000000000000e+00
2.804980150306473630e-01
-1.000000000000000000e+00
-1.000000000000000000e+00
1.000000000000000000e+00
-1.000000000000000000e+00
1.778638132106202807e-01
-1.881868050069088749e-01
1.000000000000000000e+00
-1.000000000000000000e+00
-1.000000000000000000e+00
-6.361453381431380061e-01
-1.000000000000000000e+00
-4.898611794024691490e-01
-1.000000000000000000e+00
1.000000000000000000e+00
-8.357469617469924783e-01
7.938116286645873210e-01
-1.000000000000000000e+00
-1.000000000000000000e+00
1.000000000000000000e+00
1.000000000000000000e+00
1.000000000000000000e+00
-1.000000000000000000e+00
1.000000000000000000e+00
1.144185351188299338e-01
7.903747840137597125e-01
1.000000000000000000e+00
1.000000000000000000e+00
-1.000000000000000000e+00
-1.000000000000000000e+00
2.222500446689370524e-01
-1.000000000000000000e+00
1.000000000000000000e+00
-1.000000000000000000e+00
-8.919064775727971739e-01
1.000000000000000000e+00
1.000000000000000000e+00
1.000000000000000000e+00
-1.298733454707190482e-01
2.088726527839381841e-01
1.000000000000000000e+00
-2.836897431404439285e-01
4.982628809778074652e-01
1.000000000000000000e+00
-1.000000000000000000e+00
1.000000000000000000e+00
-2.439914304263693934e-01
-6.819355562016810035e-01
-9.729552014485973732e-01
1.905970589276911875e-01
-1.000000000000000000e+00
1.000000000000000000e+00
9.819764235171091205e-01
-1.000000000000000000e+00
-1.000000000000000000e+00
-1.000000000000000000e+00
1.000000000000000000e+00
-1.000000000000000000e+00
-1.000000000000000000e+00
1.000000000000000000e+00
-6.723339605735609847e-01
-1.000000000000000000e+00
-1.000000000000000000e+00
-1.000000000000000000e+00
-1.000000000000000000e+00
3.302168057114716060e-01
-4.253992382564165675e-01
-1.000000000000000000e+00
1.906506695168851129e-01
-7.821251179471430115e-01
-1.000000000000000000e+00
-1.000000000000000000e+00
-1.000000000000000000e+00
-1.000000000000000000e+00
2.203551756795134597e-01
4.629990559519260307e-01
3.451580764973674054e-01
9.803598918596534428e-01
-5.426887245903921908e-01
-1.169374815085602037e-01
-5.191463650032706045e-01
-1.000000000000000000e+00
-1.000000000000000000e+00
-1.000000000000000000e+00
1.000000000000000000e+00
7.932488025462604009e-01
-7.587757769688328047e-01
1.000000000000000000e+00
1.419044502852866430e-01
-1.000000000000000000e+00
1.000000000000000000e+00
-1.000000000000000000e+00
-9.577101883540717342e-02
-8.249769232186012768e-01
-1.000000000000000000e+00
-1.000000000000000000e+00
8.778423803141791604e-01
7.781684010321681111e-01
-8.131701250928017322e-01
-1.000000000000000000e+00
1.000000000000000000e+00
-1.941370675539443869e-01
-1.000000000000000000e+00
-6.726086418956349622e-01
1.000000000000000000e+00
4.443968720159667818e-01
2.241991165565512256e-01
1.000000000000000000e+00
-7.035437418808734300e-01
-3.303068617197665313e-01
7.023978847919487567e-02
1.000000000000000000e+00
-1.000000000000000000e+00
-4.880515421292247469e-01
7.221728676826422166e-01
4.863376678452000501e-01
1.000000000000000000e+00
-1.000000000000000000e+00
-5.999503636517214966e-01
-5.859052854788686648e-01
-9.558612882717503201e-01
-1.000000000000000000e+00
-5.150527972605081217e-01
-4.258404276245454367e-01
1.000000000000000000e+00
1.000000000000000000e+00
-1.000000000000000000e+00
6.419373069698541823e-01
-9.644443616055098367e-01
-6.857853059540186536e-01
-1.000000000000000000e+00
-1.000000000000000000e+00
-7.477460293326203544e-01
1.000000000000000000e+00
-4.337727737722084642e-01
1.000000000000000000e+00
-1.000000000000000000e+00
-1.000000000000000000e+00
-6.262106328084151574e-01
1.000000000000000000e+00
2.227444709778301224e-01
-1.000000000000000000e+00
1.000000000000000000e+00
1.000000000000000000e+00
-1.000000000000000000e+00
-1.000000000000000000e+00
-1.380664724301348956e-01
4.508518686765503602e-01
-1.000000000000000000e+00
-1.000000000000000000e+00
1.000000000000000000e+00
1.000000000000000000e+00
-1.000000000000000000e+00
4.291245512325357891e-01
8.927842286544274142e-01
1.000000000000000000e+00
1.000000000000000000e+00
-1.000000000000000000e+00
1.000000000000000000e+00
1.000000000000000000e+00
-1.000000000000000000e+00
9.111392705160183958e-01
-1.000000000000000000e+00
9.159138160996647127e-01
-1.000000000000000000e+00
-4.582619033422954402e-01
8.435275991721357114e-01
1.000000000000000000e+00
-1.000000000000000000e+00
1.000000000000000000e+00
9.554975933799669807e-02
-6.993102618902220513e-01
7.341528718780915286e-01
5.039821541955815665e-01
-4.321213843413006517e-01
1.000000000000000000e+00
8.191036906708414334e-01
1.000000000000000000e+00
-1.000000000000000000e+00
1.000000000000000000e+00
-1.000000000000000000e+00
4.714577215303957791e-01
3.580388371449139129e-02
1.000000000000000000e+00
-1.134133941229080733e-01
3.084052951371936691e-01
-1.000000000000000000e+00
6.775846374822538376e-01
1.000000000000000000e+00
1.000000000000000000e+00
1.000000000000000000e+00
1.000000000000000000e+00
1.000000000000000000e+00
-1.000000000000000000e+00
1.000000000000000000e+00
1.000000000000000000e+00
-1.000000000000000000e+00
-1.000000000000000000e+00
-1.000000000000000000e+00
