-6.217024456586095482e-02
4.977136411570317609e-01
7.826605564180637575e-01
-6.537525958984597985e-01
6.258338583401996669e-01
7.709505288902778197e-01
-9.794313520214699142e-01
5.962835566806738985e-01
-4.910061660211089141e-01
7.950962035055606503e-01
2.651537220555477692e-01
5.124429182237200120e-01
-7.524085657614638656e-01
9.221056631906370260e-01
-2.369043477220227345e-01
3.853783966889308132e-01
9.145254306658054944e-01
3.197892267814275158e-01
7.605838885971625274e-01
8.955278530190291519e-01
-2.216081213753882118e-01
6.337653549132198361e-01
-9.558814930564090151e-01
-9.807557616461612948e-01
-9.579302667198863475e-02
5.962773808168926326e-01
1.746423632821798577e-01
6.190850363188882266e-01
2.878073007368759928e-01
1.657533419374981332e-01
-5.853171011732052342e-01
9.579332270431397678e-01
-6.326667200197921836e-02
-2.947628609675256861e-01
-5.062863349538080371e-01
-7.648263486465001204e-01
-9.668309418635234742e-02
-6.833031550189379022e-01
-7.226577175571722300e-01
4.645891456368571593e-01
1.186091567783309486e-02
-4.735935055263453819e-01
2.259169176241395682e-01
-5.794188208020687458e-01
-7.965881299713812869e-01
-3.764629417204279349e-02
4.119517133180432555e-01
-8.098996942558784884e-01
-9.047940775886340603e-01
5.112315666558597815e-01
-2.280075736219371318e-01
-2.873222931403185409e-01
-2.376601937749514004e-01
-7.740296774503740984e-01
-6.368397541454644539e-01
5.967449646859588341e-01
2.284395672291095192e-01
8.431914026934888007e-01
-9.250233720137850391e-01
-9.218582500850658334e-02
5.441955510247098449e-01
2.742759737352384874e-03
8.958823034519767248e-01
2.567929714094687732e-01
9.541134615526081220e-01
6.972807542272523307e-01
8.684224537082818607e-01
-1.229156937240718506e-01
7.863240311333106192e-01
2.090376686439301412e-01
6.621050333031295310e-01
7.244907949272116898e-01
9.082199754701327787e-01
9.630313151828382434e-01
2.552207575068765610e-01
9.123568341905397006e-01
4.332591027443106757e-01
-2.635611058945876994e-01
9.839719487410454324e-01
-4.714132446330776549e-01
2.688815494843777021e-01
-4.823514667600052874e-01
3.925569975752751795e-02
3.665990652351205359e-01
-4.886007216554608679e-01
-4.621772527519405482e-01
9.178831558006688152e-01
3.868280215995545390e-01
-3.551893277638613622e-01
3.854489189464460619e-01
3.695560093726621975e-01
8.500943634429851681e-01
-1.694187776378237587e-01
2.135296464324938359e-01
-1.549055324711385850e-01
4.599423878906649943e-01
-4.677358395774637856e-01
-9.367747690883483358e-01
-5.581967722580052360e-01
-3.634771261360403294e-02
1.382542781140727595e-01
-2.091034867596059943e-01
-5.364269119497195870e-01
3.971236994836808698e-01
-1.146023097674857549e-01
-6.981940467724840893e-01
-3.049365896218767524e-01
6.667572841530702288e-01
-9.401753282823310798e-01
-5.291619076746711947e-02
-3.348665501545255996e-01
-2.769103075287673299e-01
2.247663700991475721e-01
-2.039884408611132294e-01
-3.760774596220890498e-01
5.508302770095019341e-01
-1.088796295762723965e-01
7.483413326813748156e-02
-6.340430451709475612e-01
-6.717973927499198972e-02
-4.004890894607664453e-01
8.371159980287827818e-01
2.340943686223981857e-01
-1.742412623611100386e-02
5.823508854882142316e-01
-6.092383507606953241e-01
7.005169757219187332e-02
2.525617898921941329e-01
4.297928897881837518e-01
-7.016499641871354331e-01
-3.869438122369877053e-01
-3.420102900415529223e-01
9.535180592020275903e-01
-5.813399463531292444e-01
7.097659854649589484e-01
7.076026596346538522e-01
-5.705038412789065205e-01
-1.742119584520007702e-01
-9.176234195686636674e-01
-3.899969923041690656e-01
9.928223587037710018e-03
-1.885800247498539139e-01
3.793860991612481026e-01
5.320742933758613180e-01
9.716560501414908124e-01
5.501121366993975137e-01
-1.885937207396841675e-01
5.523288082354875783e-01
-9.542187952980687449e-01
4.562994125294230763e-01
5.230954740973421391e-01
-5.373413795169823537e-01
-8.221279935293770436e-01
2.091107155409979157e-01
-2.155521497912045170e-01
-7.189305197306699036e-01
-8.501091657457904294e-01
-6.507115624342163507e-01
-1.333886975320492940e-01
-7.299855175991618594e-01
-3.704190741847541712e-01
3.060887750660343798e-01
-1.351702010202109339e-01
7.608015561757985878e-02
-8.863618379601290176e-01
-7.834471702652066050e-01
-8.999133160913406204e-01
7.196125050685955316e-01
3.551452859073498391e-01
6.830675300014670270e-01
-7.199435723747051874e-01
-5.953893902129911986e-01
-5.492169366410104558e-02
3.096731648769244227e-01
-4.007662027337484112e-01
-1.776014060597597144e-02
-3.077031371347243027e-01
6.438273783344667933e-01
3.976104327625975543e-01
1.873625761556807490e-03
-3.336642281425830081e-01
6.190241976882797648e-01
-9.969561805554700840e-01
5.282992391184797576e-01
1.568629202360425356e-01
2.023967614995381137e-01
1.081838753491364269e-01
-9.684921611121712903e-01
-2.960227512523301296e-01
-6.304955231202420407e-01
-8.623373793691544442e-01
7.542374213194782406e-01
-6.767180655511999543e-01
-1.300246796756590051e-01
2.182194876047103271e-01
-3.656850420347812491e-01
4.896721112533874987e-02
-1.820305128254042781e-01
2.505078782904959223e-01
-7.436389055459939890e-01
-1.724938904896666791e-01
9.208050385296528972e-01
6.924065686993619018e-01
-8.287692841330636107e-01
-8.283666116639103461e-01
-1.888355343613425941e-01
6.522474887481406469e-01
8.648565391027522864e-01
7.708634860334795391e-01
-3.440656146456118059e-01
7.696085673710892916e-01
1.512341086626549647e-01
-9.552759405714659202e-01
4.776943817074763565e-01
-7.541236326958484781e-01
-9.173866805908281741e-02
-5.585104310261170824e-01
-5.690266326291719690e-01
9.393801677288458052e-01
7.071394166718218965e-01
-8.859631480595056008e-01
3.574930973978021065e-01
5.471608830604415274e-01
-3.780937211745007964e-01
-8.280049474568722534e-01
-4.579444870015851876e-01
2.784546131819827242e-01
-8.496800081809259275e-01
7.952439297727349476e-01
-6.390658805031876888e-01
-5.809641943553047749e-01
-1.916667409841252834e-01
4.732955024288405532e-01
-7.193720873396689530e-01
-2.242217984800110031e-01
-6.865426126275075980e-02
-8.885161645635961669e-01
-6.499899356090002023e-01
-2.017040713630007254e-01
1.853121111648379227e-01
9.147281865641399001e-02
-5.687890513891398214e-01
-3.658735254201583853e-01
2.148224052167393427e-01
-4.941782887508372468e-01
-1.031484924491476995e-01
8.001487637580886325e-01
9.342591181615198526e-01
1.235985823792682403e-01
-4.201171002934651622e-01
-2.876279328549977699e-01
5.732540984035041642e-01
-3.329326786823325612e-01
-4.533832038451570678e-01
8.116413870602319225e-01
7.853840924807109491e-01
5.920677890559209455e-01
-7.135743008547215105e-01
-7.479335232545161194e-01
4.258342202881932881e-01
-5.324299318583405327e-01
-7.176380838357936387e-01
-2.460959502671624666e-01
-4.577212958302623314e-02
3.785104717206211333e-01
