-2.681908300429147740e-01
-4.949474351138163919e-01
1.000000000000000000e+00
-3.756224852135783276e-01
4.884637033203005352e-01
1.000000000000000000e+00
2.585383234902045024e-01
2.784532176914936707e-01
-6.645143936885115066e-01
1.391043379688172432e-01
-1.000000000000000000e+00
5.304507676872878275e-01
7.328682066587677291e-02
9.428242479173389867e-01
-7.713767009781524742e-02
7.736808707084046333e-01
3.706416162289127847e-01
2.580758666129279177e-03
-1.954980468070564026e-01
4.877106856099895360e-01
1.000000000000000000e+00
-5.953544649171759184e-01
2.452666842062889430e-01
9.686376375993122068e-03
5.877423717290179983e-01
9.033634375009875761e-01
4.301296070118993953e-01
1.000000000000000000e+00
8.736503011096712346e-01
-5.387821552837701589e-01
-4.244537020703273988e-01
-3.441810234719534511e-01
3.048218904659427686e-01
8.665546741444434264e-01
6.848281427481914818e-01
1.000000000000000000e+00
-6.670344182995914251e-01
-1.000000000000000000e+00
-9.514328135421608046e-01
-7.230409459829167940e-01
4.175468343973498531e-01
-1.000000000000000000e+00
2.238229728518690287e-01
-1.000000000000000000e+00
6.511510548458401271e-01
-5.423730142353377914e-02
4.814627969341329639e-01
2.371108360749381028e-01
-5.601991049865177041e-01
2.096974570245144776e-01
-9.622521358859692509e-01
-5.719922891808464360e-01
-5.583928253547509879e-01
-2.656898185898887710e-01
-1.000000000000000000e+00
3.965534853569643303e-01
2.161048049423122119e-01
2.242282398857393666e-01
-1.000000000000000000e+00
3.365340857798219676e-01
-1.000000000000000000e+00
2.160841072968585075e-01
-1.000000000000000000e+00
1.000000000000000000e+00
6.247687778571339168e-01
-2.129094683708081526e-01
-3.827270946249965444e-01
-3.073158947577794287e-01
-9.745944703895168537e-01
1.000000000000000000e+00
-4.888000528058478178e-01
-4.103361814438220012e-01
-7.195202706061676334e-01
7.869673035155597685e-01
5.495604005872263276e-01
-1.461485796139789795e-01
-3.600989591425626801e-01
-6.124747988571161983e-01
-4.722006250953165729e-01
8.121302043701250639e-01
-7.698152792359393981e-01
-1.807028305916911215e-01
8.870130514840104397e-01
3.076010645943993982e-01
-7.091790678428937511e-01
-7.569259503887875162e-01
3.798066509860795747e-01
-1.339087226121937757e-01
-5.729306464585279812e-01
1.000000000000000000e+00
-1.000000000000000000e+00
1.000000000000000000e+00
1.270698152423925809e-01
-3.552125959368463981e-01
9.851222590889834319e-01
-5.997424760842097191e-01
1.931042771966783866e-01
9.603697202926810839e-01
9.656745549972911569e-02
-3.908583863242938161e-01
-4.577772989249859759e-01
7.182065184062869090e-02
-6.249802776692972017e-01
8.398060617002447437e-01
-3.177356688510890592e-01
-1.636191166552191378e-01
-1.000000000000000000e+00
-9.968884260540493703e-01
2.345559546767586045e-01
-6.150506534267914382e-01
3.192781323861904053e-01
1.000000000000000000e+00
7.458371674791728356e-01
1.000000000000000000e+00
-9.290637721202112953e-01
-5.840783896081542803e-01
-1.000000000000000000e+00
-6.697588984427340630e-01
-7.566792142433147461e-01
9.637910289729584301e-01
3.980344440430956254e-01
1.000000000000000000e+00
9.470970228383366329e-01
5.368797505845528395e-01
-2.893643570957704636e-02
2.849979560513413723e-01
-1.000000000000000000e+00
-2.351835106385913310e-01
-2.696906926825489714e-01
-1.000000000000000000e+00
-5.537254487755756127e-01
2.463628122422489852e-01
7.851068631685165222e-02
8.213421159016054407e-01
-1.000000000000000000e+00
8.075368339280557528e-01
1.000000000000000000e+00
-2.305329957930337681e-01
-1.526686899969170175e-01
-8.017823382891207107e-01
1.000000000000000000e+00
-2.076285837790222688e-01
-1.000000000000000000e+00
3.384278686674461745e-01
1.649569157625907501e-02
-7.765476662611470182e-01
-7.031517701053414671e-01
5.638624594700859527e-01
-6.818332959815719407e-01
-1.000000000000000000e+00
1.353570975832794065e-01
-7.533724903936778183e-01
1.000000000000000000e+00
-1.692193258703746928e-01
-1.115914184294801714e-01
-8.448812415704598511e-01
-4.910402890124221376e-01
1.000000000000000000e+00
3.161281758216154536e-01
-1.000000000000000000e+00
1.000000000000000000e+00
1.000000000000000000e+00
-8.057917209930818281e-01
-3.045605623048834865e-01
2.764426784001265958e-01
1.333280278710207156e-01
-1.000000000000000000e+00
-4.546030279896969839e-01
8.934051186631455366e-01
5.713661489670289750e-01
-1.412494588879420476e-02
-1.926607576268348221e-01
-8.366868399049949279e-01
9.603262739043272322e-01
-4.084986756207671377e-01
-5.555960931486756404e-01
7.459785319772704870e-01
9.102632502242540280e-01
4.866107858794714858e-01
2.941490496148158051e-02
2.081989917460235207e-01
7.907166693138398816e-01
-9.498750198663656885e-01
6.001441770862669944e-02
1.000000000000000000e+00
-7.423328794948247378e-02
-2.907778432479294350e-01
7.966280949353987673e-02
-9.758405289704200625e-01
-1.790390863666646570e-01
-8.197832599098231476e-01
-1.000000000000000000e+00
4.631953742125372031e-02
-7.055314499193285904e-01
1.000000000000000000e+00
-8.886674953992680370e-01
-1.813041046424292424e-01
-2.973283526785543973e-01
9.555361145453797889e-01
-5.901920671508888994e-01
-1.914461372416922935e-01
1.000000000000000000e+00
-5.636648809026150175e-01
1.811413110006609983e-01
-7.856526090339348567e-01
1.000000000000000000e+00
-1.000000000000000000e+00
-3.874999603428297412e-02
-1.000000000000000000e+00
-1.400022291803465491e-01
-6.589364251696664398e-01
1.000000000000000000e+00
5.125471445651224034e-01
7.230526771753702509e-01
-1.000000000000000000e+00
-1.000000000000000000e+00
-4.600691350069663343e-01
9.445809865253367299e-01
6.397354484323708457e-01
1.000000000000000000e+00
9.049112817986491031e-01
-1.793667984076472433e-01
7.246848574098700979e-01
-2.000482488107320211e-01
5.132770172352214555e-01
4.080801481771707540e-01
1.921201153368172765e-01
8.483739523028630547e-01
-6.311161666075191246e-01
6.996750635496740145e-01
-2.524476407721516491e-01
5.835508417950479032e-01
-1.000000000000000000e+00
2.679018861310753508e-01
1.000000000000000000e+00
-7.881693309774360223e-01
-3.612571976070386714e-01
9.133110787803293551e-01
-1.000000000000000000e+00
1.000000000000000000e+00
5.240363440458080113e-01
-3.571357863201707339e-02
-7.179732248572234798e-01
-1.138957859486035007e-01
1.000000000000000000e+00
3.264111503683586601e-01
1.000000000000000000e+00
1.000000000000000000e+00
1.000000000000000000e+00
4.642193069604965139e-01
-3.841165719227100928e-01
1.568044546347297508e-01
5.079657870811374876e-01
7.098229043778827574e-01
9.410087470568828660e-01
-1.354307796613622994e-01
3.129935055212418327e-02
-8.387838538548262335e-01
-1.129773743279471887e-02
7.356214138915977419e-01
1.000000000000000000e+00
-9.498713420844503985e-02
7.805931617975245818e-01
-6.544750292578069839e-01
9.613541911876475332e-01
