-1.463424760673102121e-01
-5.510696050246296496e-01
-3.713583117526528810e-01
2.720093598269295310e-01
2.021479275120756924e-01
3.811042813698413134e-01
4.539281139119988318e-02
8.142984519307749913e-01
2.220121092168080290e-01
-3.141227152036577541e-01
-7.523955283184680098e-02
1.000000000000000000e+00
5.352923511785059318e-01
1.000000000000000000e+00
-1.000000000000000000e+00
-1.189914033508122637e-01
-4.990926423252080024e-01
1.908685276957292620e-01
-5.021928947836762358e-01
8.474780336434772909e-02
2.392748450285639983e-01
8.245187429878231278e-01
-9.077864788498566373e-01
1.000000000000000000e+00
5.473802453217524455e-01
6.975617956504993611e-01
8.181323452300125476e-01
-1.000000000000000000e+00
5.461633328428305845e-01
-9.996950780686371107e-01
7.378437400014319358e-01
4.963337955960932524e-01
5.702326766552310300e-01
1.000000000000000000e+00
4.052820426658310105e-02
-2.780271848533772960e-01
8.252957276217669502e-01
6.245108724596959426e-02
1.000000000000000000e+00
-4.367666623983172958e-01
-1.000000000000000000e+00
-5.550683956792961116e-01
4.396000487427964565e-02
-8.325014959192422737e-02
4.327780588305472631e-01
-5.314530366950503959e-01
6.666472511980274795e-01
4.175244043755027556e-01
-5.185328397803690148e-01
-9.021812075567294809e-01
1.000000000000000000e+00
-5.586809580656848517e-02
-1.000000000000000000e+00
3.021361115847522871e-01
-9.693140074607849987e-01
-1.000000000000000000e+00
1.000000000000000000e+00
-8.649901717219796726e-01
-6.713282378788347771e-01
1.000000000000000000e+00
-1.000000000000000000e+00
5.969572841921166884e-01
1.000000000000000000e+00
-1.252251197573826524e-01
1.000000000000000000e+00
-5.563827247728725389e-02
4.523012238065576840e-02
6.941340144959734504e-02
3.815105657236566028e-01
1.000000000000000000e+00
-1.000000000000000000e+00
-4.864052338757969274e-01
-1.000000000000000000e+00
-1.000000000000000000e+00
-9.462153875580221474e-01
-1.000000000000000000e+00
2.956255270267117985e-01
4.193124117703931342e-01
1.000000000000000000e+00
-8.041906008560362196e-01
-9.496467820112519664e-02
6.190066043383085637e-01
1.000000000000000000e+00
4.991727117094665322e-01
-5.721445482086771062e-01
-7.111632992386309748e-01
1.942286147443644806e-01
1.100437146565353963e-01
-6.569616620245033456e-02
-1.242934332291423249e-01
8.286216966145230067e-01
5.698311122922614658e-01
8.144004606395145451e-01
-1.000000000000000000e+00
-1.000000000000000000e+00
-1.000000000000000000e+00
-1.791569467061246979e-01
9.005752186949828042e-02
5.035291198157556547e-01
1.823184800945181205e-01
-9.359336053464539784e-01
-6.808254461152429826e-02
-1.000000000000000000e+00
9.899192349904462063e-01
9.318686981097912270e-01
1.000000000000000000e+00
-4.957889186164863293e-01
-1.000000000000000000e+00
1.000000000000000000e+00
-7.668075871835133839e-01
2.290424244411705113e-01
8.506959363137234220e-01
-1.457235975958435237e-01
-3.246449941077123036e-01
-9.242927294587566234e-01
-6.376572519468894917e-01
-1.000000000000000000e+00
5.751569913911167564e-01
-7.692530181034580306e-01
-8.193103782001813773e-01
2.173595047001696257e-01
-7.484655226497185510e-01
-1.000000000000000000e+00
-2.049841339541422780e-01
-8.040570292133178976e-01
-7.918940035196249116e-01
1.000000000000000000e+00
-1.000000000000000000e+00
3.432646900461764905e-01
-4.339066102446844653e-01
-1.000000000000000000e+00
8.658541171266187497e-01
3.127293730971425489e-03
-1.000000000000000000e+00
8.145092492904134618e-01
-4.181019154689480377e-02
3.099368442397456569e-01
-3.494089882118728285e-01
-3.808741794019177007e-02
9.355160186956383850e-01
7.935353116311792965e-01
1.000000000000000000e+00
1.099430024710414261e-01
1.000000000000000000e+00
1.480502475156950659e-01
-1.912973795191245108e-01
-7.707479748019316901e-01
-6.692319406194777720e-01
-8.551582079171580197e-01
2.042911186497387011e-01
-9.877820441502127569e-02
-7.703505887405288632e-01
1.052030448240773297e-01
8.347911880645939586e-01
-7.184545027221933555e-02
1.000000000000000000e+00
3.666126952150707830e-01
-7.755055903600318601e-01
1.018231026534910100e-01
-6.762494318783873748e-01
-6.760205546869951787e-01
-1.000000000000000000e+00
-1.000000000000000000e+00
2.938738371919447090e-01
-1.834806307142504700e-01
-7.186537731383739747e-01
1.000000000000000000e+00
-4.123262719972674017e-01
2.376100039470261382e-01
7.582224580048353424e-01
1.000000000000000000e+00
3.885942651184126628e-01
5.710770152428815694e-01
-3.530175394004202993e-01
-1.000000000000000000e+00
-6.004845693970990439e-01
-3.201113438762392960e-01
1.000000000000000000e+00
-6.427658511177545275e-01
-8.846440272831814777e-01
9.556569127704168665e-01
-2.083128017495343709e-01
3.391533553925241140e-01
1.000000000000000000e+00
6.723187270803874238e-01
-4.541227246047310206e-01
-1.000000000000000000e+00
5.529145609069001654e-01
-5.935683991726159459e-01
-7.370991708347576221e-01
3.917542803010751751e-01
-1.000000000000000000e+00
7.656804124396581201e-01
5.971717332237662657e-01
1.000000000000000000e+00
-3.283457695755547245e-01
-7.786152745616778947e-01
1.766439403408235354e-01
4.339057469510798626e-02
-9.151450840808387222e-01
-1.795610282989148487e-01
-1.491159850344723203e-01
6.116296061490575919e-01
-1.405882103024693741e-01
7.152612506789317592e-01
4.755197194861995325e-01
-1.160873781368902957e-01
-4.480663580301402771e-01
-5.989753697490931561e-01
1.657846427593701044e-01
-7.851813413001224040e-01
8.100370117038657725e-02
4.980179104048088057e-01
1.000000000000000000e+00
-1.000000000000000000e+00
1.000000000000000000e+00
1.000000000000000000e+00
-1.000000000000000000e+00
3.369630067496425241e-01
-4.518278543999569852e-01
-9.033010781085133445e-01
-9.157061258399841197e-01
7.117318125047660260e-01
-1.000000000000000000e+00
-7.151751271596511472e-01
-4.202760754732846049e-01
-3.731240028340236936e-01
8.018165738150774269e-01
1.000000000000000000e+00
-1.880005258246999489e-01
-8.884829617828526871e-01
-8.986312544368832977e-01
2.807083647750151512e-01
5.916603975571610441e-02
9.650538703866667900e-01
7.851752630532304877e-01
9.166252530628038464e-01
1.000000000000000000e+00
4.114454228836050831e-01
-1.000000000000000000e+00
3.338316126260552630e-01
1.000000000000000000e+00
7.299094094357181373e-01
-6.641533982755201126e-01
7.076510474513564297e-01
-3.330437585786372168e-02
6.029974966527462676e-01
7.215509028590891827e-01
4.524864615620084463e-01
1.000000000000000000e+00
-2.565277608595246117e-01
-7.886886057775270853e-01
-3.012729860897810363e-01
-5.210938202178831968e-01
-1.000000000000000000e+00
-1.000000000000000000e+00
-1.000000000000000000e+00
2.813337237001123370e-01
-1.000000000000000000e+00
-4.557042407621537672e-01
-7.625742866344049631e-01
-8.545951770454918162e-02
8.899683397437092580e-01
5.323285649097015959e-01
3.862969835161766952e-02
