9.441321879004165307e-01
5.006791491853054277e-01
9.554970841376169144e-01
1.000000000000000000e+00
4.150770872578242177e-01
1.000000000000000000e+00
-1.000000000000000000e+00
-1.000000000000000000e+00
1.000000000000000000e+00
-1.000000000000000000e+00
-5.409636774634929424e-01
-6.157941097921895146e-01
9.722135625394041636e-01
1.000000000000000000e+00
1.000000000000000000e+00
1.000000000000000000e+00
-1.000000000000000000e+00
-1.000000000000000000e+00
-1.000000000000000000e+00
-1.000000000000000000e+00
1.000000000000000000e+00
2.807958732910758037e-01
-4.026639607160845125e-02
1.000000000000000000e+00
1.000000000000000000e+00
-8.239693343294773875e-02
-1.000000000000000000e+00
1.000000000000000000e+00
-1.000000000000000000e+00
1.000000000000000000e+00
8.972283367559842349e-01
-1.000000000000000000e+00
1.000000000000000000e+00
6.704012042408513672e-02
-8.002555763326519855e-01
-1.000000000000000000e+00
-1.000000000000000000e+00
4.722624667890129579e-02
1.000000000000000000e+00
-5.055464196596524129e-01
1.000000000000000000e+00
-2.474419971038210875e-02
9.293770077865644019e-01
6.342816227000432905e-01
1.000000000000000000e+00
1.000000000000000000e+00
1.000000000000000000e+00
-1.000000000000000000e+00
-2.250251893804540715e-01
1.000000000000000000e+00
1.000000000000000000e+00
1.000000000000000000e+00
-4.865738663622722893e-01
1.000000000000000000e+00
1.000000000000000000e+00
1.000000000000000000e+00
3.518799712931762746e-01
-1.000000000000000000e+00
4.574737456717502537e-01
-1.000000000000000000e+00
-5.507844331328521914e-01
2.615301167814505501e-01
1.000000000000000000e+00
-2.940336900011562560e-01
1.000000000000000000e+00
-1.000000000000000000e+00
1.000000000000000000e+00
9.753227637776913372e-01
1.000000000000000000e+00
2.665449273821236531e-01
-3.061345259092840276e-02
-1.000000000000000000e+00
1.000000000000000000e+00
9.293850139622388262e-01
-1.000000000000000000e+00
1.000000000000000000e+00
-1.000000000000000000e+00
-8.756563752990152993e-01
1.000000000000000000e+00
-1.000000000000000000e+00
-1.000000000000000000e+00
-1.000000000000000000e+00
1.000000000000000000e+00
-1.000000000000000000e+00
-1.000000000000000000e+00
-9.761283659901807130e-01
1.000000000000000000e+00
1.000000000000000000e+00
6.468082422153448308e-01
1.071991449620790515e-01
1.000000000000000000e+00
-1.000000000000000000e+00
-8.307156209060679863e-01
-1.000000000000000000e+00
-2.720980272155685276e-01
1.000000000000000000e+00
9.016280955914961481e-01
1.000000000000000000e+00
-2.620131317022630912e-02
-1.000000000000000000e+00
3.278750964739307605e-02
-7.552315684051741362e-01
9.093547052905630590e-01
4.501444911525021020e-02
-1.000000000000000000e+00
2.673702069724769315e-01
-1.000000000000000000e+00
1.000000000000000000e+00
-1.000000000000000000e+00
6.839654794225484835e-01
-2.235150078092800197e-01
7.774862727436882004e-02
-4.550782671410292801e-01
-9.653130367602614781e-01
1.000000000000000000e+00
-1.000000000000000000e+00
-1.000000000000000000e+00
-1.000000000000000000e+00
1.000000000000000000e+00
7.480915503468462679e-01
-6.656271980209076400e-01
-1.000000000000000000e+00
8.008823807573062226e-01
9.660347689459213294e-01
-1.000000000000000000e+00
1.000000000000000000e+00
1.000000000000000000e+00
7.673341436832703533e-01
-1.000000000000000000e+00
9.844807603834512255e-01
-5.305060895196359594e-01
-3.481276710249670003e-03
-1.000000000000000000e+00
1.000000000000000000e+00
-4.622597202081113466e-02
1.000000000000000000e+00
-9.482255342694645428e-02
-1.000000000000000000e+00
-3.133809963135147925e-01
-1.000000000000000000e+00
1.000000000000000000e+00
8.599768072834982346e-01
3.701007535905305179e-01
-1.000000000000000000e+00
2.955534073500888370e-01
-8.275557757398431802e-01
1.000000000000000000e+00
-1.000000000000000000e+00
-9.219729417468381927e-01
-5.284960403543080831e-01
-1.000000000000000000e+00
-1.000000000000000000e+00
-7.479364618706760837e-01
1.000000000000000000e+00
1.000000000000000000e+00
-1.000000000000000000e+00
1.000000000000000000e+00
8.305706403055325149e-01
3.286725672831554701e-01
-1.000000000000000000e+00
5.060141651098017945e-01
1.953622769243982260e-01
9.765822116672797648e-01
-1.000000000000000000e+00
-1.000000000000000000e+00
5.567092824701942444e-01
-1.000000000000000000e+00
1.000000000000000000e+00
-5.431447919171441541e-01
-4.519898440829672737e-02
1.000000000000000000e+00
1.000000000000000000e+00
-1.000000000000000000e+00
-3.306054433822189775e-01
1.000000000000000000e+00
6.433623240297916546e-01
9.269163555317894154e-01
-7.559965236108856512e-01
1.000000000000000000e+00
-1.000000000000000000e+00
1.000000000000000000e+00
1.000000000000000000e+00
1.000000000000000000e+00
6.767256848311475892e-01
-1.000000000000000000e+00
-4.596408148674510086e-01
6.996512363435817283e-01
-3.028071537519777534e-01
6.300491625737678625e-01
4.575964576252423699e-01
1.000000000000000000e+00
-1.000000000000000000e+00
1.000000000000000000e+00
1.000000000000000000e+00
1.000000000000000000e+00
9.412637440443121228e-01
-6.576093327875716099e-01
8.350507133972446816e-01
-1.000000000000000000e+00
-1.000000000000000000e+00
9.234921819597586845e-01
4.944641506488045568e-03
1.000000000000000000e+00
4.884950874407111843e-01
2.348359510194060196e-01
1.000000000000000000e+00
-1.000000000000000000e+00
-9.857899061471360191e-01
-1.574818948566051868e-01
-6.463703937984837111e-01
-1.000000000000000000e+00
1.000000000000000000e+00
-6.403079285094998019e-01
5.591162262452959997e-01
-5.612431185431995262e-01
-9.567849972056802210e-01
1.000000000000000000e+00
1.470184001804264451e-02
-1.000000000000000000e+00
-8.627578765489769541e-01
1.000000000000000000e+00
7.236008313243018630e-01
1.000000000000000000e+00
1.000000000000000000e+00
8.566781947085366777e-01
-1.000000000000000000e+00
-1.000000000000000000e+00
-1.000000000000000000e+00
1.000000000000000000e+00
-1.000000000000000000e+00
-1.000000000000000000e+00
-1.000000000000000000e+00
1.000000000000000000e+00
1.000000000000000000e+00
-1.000000000000000000e+00
-5.386147819936361048e-01
-9.960450349987007845e-01
1.000000000000000000e+00
1.000000000000000000e+00
3.916373198658136268e-01
-1.000000000000000000e+00
-1.000000000000000000e+00
-1.000000000000000000e+00
9.943631324095225654e-01
-3.387321844871653553e-01
1.722023744989620297e-01
1.000000000000000000e+00
1.000000000000000000e+00
-3.583965615210749633e-01
-1.000000000000000000e+00
-1.000000000000000000e+00
-1.000000000000000000e+00
1.000000000000000000e+00
-1.000000000000000000e+00
1.000000000000000000e+00
6.341241095984255782e-01
7.356956134038110662e-01
4.559766557682625732e-01
8.867317383623740668e-02
-1.000000000000000000e+00
1.000000000000000000e+00
1.775662648031679502e-01
-1.000000000000000000e+00
1.000000000000000000e+00
7.944069212837708838e-01
