4.595382878451790276e-01
2.139983506579543615e-01
-4.986391353296872886e-01
-9.725820266529914271e-01
-1.614624452507575914e-01
3.652008810083369195e-01
3.938667453437076915e-01
-4.154061899286225490e-01
3.113940316277623577e-01
1.411614855964460347e-02
-8.328944507512188178e-01
-7.259540004635325339e-01
-1.874866007106235077e-01
-6.117145455692620803e-01
-7.091103776430178751e-01
-9.025444373104785090e-01
5.736220742319300125e-01
-1.518321863720895060e-01
-1.193324061789740043e-01
9.577976477826435353e-01
-1.657246632625735128e-01
-3.069700780288067143e-01
5.186713993433105241e-01
9.672799100400042427e-01
-5.536939772531423998e-02
2.795534067497142949e-01
2.868477474281541095e-01
8.262431268977321608e-01
-3.702043250651216866e-01
5.065417503226883333e-01
7.815027661013729254e-01
1.721044582390831579e-01
5.764671501527356412e-01
-3.140918751133852105e-01
-2.646103908630492718e-01
-7.300339523556096388e-01
-5.649895953048220676e-01
5.662305881086622250e-01
-7.330298542520512495e-01
4.819493875186831033e-01
1.190619375704526917e-02
4.937443517998350018e-01
-2.178908477651895215e-01
-5.555143346836763918e-01
1.498107277638291990e-01
-2.035968359653050896e-02
9.479357623726267779e-01
7.786856304749512070e-02
-3.729043425277598356e-01
-2.658800406950494466e-01
4.470736797774705895e-01
5.217633220515887071e-01
4.827195498210103963e-01
3.329667771544353450e-02
5.424694710176538592e-01
-6.345760225387504505e-01
-1.996337277658930542e-01
-4.237502445849565813e-01
4.442588447760815740e-01
7.461742874061556563e-01
-1.669584363858152010e-01
-5.237561141539295306e-01
5.957270074312264185e-01
-4.200753152446470295e-01
-2.198095740694865352e-01
-2.719102083332973763e-01
9.665368991700353796e-01
8.391104041001016256e-01
7.734706976185821148e-01
-3.168298994241403044e-02
-2.253295494035592039e-01
-4.054606020770794572e-01
-8.055790734648999862e-01
4.749723971812305212e-01
-4.737638299249704588e-01
-3.597782059134568833e-01
-8.415616793260463080e-01
4.712171457625100590e-01
3.995850595166803298e-01
6.201642990829587809e-01
-2.328141836939898734e-01
-1.485423772827443312e-01
6.019762735450071567e-01
-1.323908472600949793e-01
-5.131387426095856963e-01
-1.617588608708715459e-01
3.426430875495438677e-01
6.730092772384663746e-01
-3.293574756518580227e-01
-4.461489110926062374e-01
6.329533542831098369e-01
-8.896044788887138566e-01
-2.958375147132425997e-01
2.109806675351209027e-01
1.629733594450399892e-03
9.849902491099919999e-01
-1.070406211337235902e-01
7.356769897286257187e-01
-4.690685121715938433e-01
1.866896754518874157e-01
9.145526699797168479e-01
5.222440680755535691e-01
5.504927150427363358e-02
-5.142934006346246978e-01
8.431312250012830134e-01
4.665218278012803754e-01
4.173683776827896708e-02
1.955587228408071088e-01
-3.776423661273091703e-01
-8.523876906452698687e-01
8.104009436100509944e-01
-3.277107931171012734e-01
1.484898924624997729e-01
-6.441734540416350629e-01
-4.075315503719176835e-01
-7.726319293741075178e-01
8.009075623963912705e-01
7.317305524389314808e-01
4.970055564414357363e-01
-7.414119547228459339e-02
1.042260440566245006e-01
3.651281846772387318e-01
-7.024326658018313907e-01
-1.452133243782531835e-01
4.228146779740404870e-01
1.912948372493539217e-02
8.698630331814272143e-01
-2.370935331865486884e-01
-3.627791391113739383e-01
-2.005099026725989386e-01
3.533427395194397302e-01
-9.865132418849231755e-02
1.453449901926919807e-01
5.710384157735723942e-01
-3.900294368502996711e-01
-6.853823410568300467e-01
-4.772812016325289619e-03
1.712239588495900744e-01
-4.351054081527343520e-01
-7.249915602960335104e-01
6.059659202704281711e-01
7.289103667121676899e-01
8.381760189551630269e-01
-3.942804400424786415e-01
8.294696925090483397e-02
8.039926396229517547e-01
8.326376735195926138e-01
2.178131483468086493e-01
-4.092161813348180743e-01
7.147498500287425838e-01
-8.462751775577781466e-01
2.878399449684281297e-01
-6.990254604843777475e-01
3.450226615463738433e-01
-2.808457569025479827e-03
-8.832519133984306769e-02
5.718297239226366457e-02
1.009139037055593047e-01
-2.041695692346174873e-01
-6.364427760899191711e-01
-7.608710838024337342e-01
1.751046498697603759e-01
9.523813141128942839e-01
5.262900549592068877e-01
-9.353624753609144360e-01
7.022583338025565336e-01
6.884035742383289858e-01
-8.331104691775585991e-01
1.299898853959622347e-01
6.728414681027437005e-01
3.149760950937152693e-01
1.426724478827590126e-01
6.774484743066668813e-01
5.866883768848372149e-01
9.443196720995885585e-01
-9.842745305836448910e-01
9.280121718515377260e-01
-3.220741420264137123e-01
2.405225528900989396e-01
9.089094425277020051e-01
8.172346710272082593e-01
1.000211380331996747e-01
-4.743390388049828488e-02
7.581289782334965643e-01
5.496069225433308780e-01
8.808694392917688631e-01
-3.562675172014260205e-01
4.357603567287877677e-01
1.252035966425797398e-01
7.734275286456313570e-01
-3.422550154586228022e-01
-6.697738042457219709e-01
-5.059418876630219497e-01
5.837617027398473990e-01
-2.911051781721352150e-01
2.794865686179630604e-01
-8.042833789449261861e-01
7.249095655097894664e-01
-8.230905944627466830e-01
4.478828075435183909e-01
2.118597526221299709e-02
1.578965069929962883e-01
-7.545410631474380736e-02
2.357031930989681445e-01
-6.064739921988993032e-02
7.377740017828045005e-01
-4.783079103436584933e-01
8.879530208911465827e-01
-8.438921153810754472e-01
-1.990214430923853417e-01
4.861252872034687034e-01
9.874615116930636205e-01
-9.828255883901704237e-02
5.552427808580162605e-02
1.393357554738094972e-01
-5.745017119547202178e-02
-9.635760265380350909e-01
8.877689061483309274e-01
5.145898218519802114e-01
-9.060930702647740365e-01
-4.405988127304247826e-01
-8.724149514432031349e-01
-7.497901396461645884e-01
-2.235083550033964972e-01
-6.516361925888598527e-01
-1.151459728693904339e-02
8.576551874593156821e-01
-7.158318153571392450e-01
9.398769546246117379e-01
2.759055795446740955e-01
-4.078771822164415362e-01
8.704598725983274665e-01
-3.037341662047006174e-01
8.466475071930541496e-01
5.704788992807825476e-01
-9.874345955180003909e-01
-4.990444593213916313e-02
-7.673062353683317571e-01
7.088586516027737261e-01
-3.474770394577912924e-01
-9.893375418499943397e-01
-3.630306802533787014e-01
-5.994011230582809713e-01
-4.281144967326884210e-01
-8.169620058404736263e-02
7.826543237183596347e-01
-5.512251142589497110e-01
-8.640533432343389109e-03
2.909709116175764887e-01
5.658232047686484467e-01
-2.775493773059789504e-02
9.957787310662173930e-01
4.484284654794012948e-01
-3.610580990245566557e-01
-2.688266894596331724e-01
-2.906315300267034996e-01
-8.970531325951824897e-02
-2.038008563811088969e-02
6.235317404696825161e-01
4.315546791540294524e-01
-5.819716138295960572e-01
-5.557108814941948971e-01
-7.790789748174826723e-01
8.352026800254235273e-01
6.435598080140392252e-01
