6.549980040823076832e-01
-6.823127522772496345e-01
-5.762413618507438162e-01
-1.000000000000000000e+00
6.548469884846861433e-01
1.749921435340564269e-01
-1.000000000000000000e+00
1.000000000000000000e+00
1.810141426872803883e-01
-1.000000000000000000e+00
-1.000000000000000000e+00
3.187834309428552171e-01
1.000000000000000000e+00
-4.531604664976188745e-01
-4.132362541271628054e-02
2.150446727104956546e-01
-3.583494394118459381e-01
-1.091079518830058159e-01
-4.343993531073632175e-01
1.000000000000000000e+00
-1.000000000000000000e+00
1.000000000000000000e+00
-1.000000000000000000e+00
-5.993896586094449308e-01
1.000000000000000000e+00
1.000000000000000000e+00
-1.000000000000000000e+00
4.470959446310478480e-01
2.874934387572434802e-01
-1.000000000000000000e+00
1.000000000000000000e+00
-1.000000000000000000e+00
-1.000000000000000000e+00
-1.000000000000000000e+00
4.525838398437757037e-01
-1.000000000000000000e+00
1.000000000000000000e+00
3.910004672987847929e-01
-2.244151038574487833e-01
1.000000000000000000e+00
-1.000000000000000000e+00
-2.960044817000437867e-01
1.000000000000000000e+00
-3.113073117601303785e-01
1.000000000000000000e+00
1.000000000000000000e+00
-3.339794157512807615e-01
1.000000000000000000e+00
-1.000000000000000000e+00
1.000000000000000000e+00
-1.000000000000000000e+00
8.952846126450616504e-01
-1.000000000000000000e+00
-1.000000000000000000e+00
1.000000000000000000e+00
-1.000000000000000000e+00
1.000000000000000000e+00
-7.720186153704265974e-01
1.000000000000000000e+00
-1.000000000000000000e+00
2.867207299606221449e-01
1.000000000000000000e+00
4.176098332672684710e-01
3.583967821969791245e-03
1.000000000000000000e+00
1.000000000000000000e+00
-1.000000000000000000e+00
2.935562553511316120e-01
1.000000000000000000e+00
-1.000000000000000000e+00
-1.000000000000000000e+00
1.704054573734676836e-01
5.741049947974324885e-01
9.776629630164532792e-01
-1.000000000000000000e+00
-1.000000000000000000e+00
-1.000000000000000000e+00
-1.000000000000000000e+00
-1.000000000000000000e+00
5.423537646934262213e-02
1.000000000000000000e+00
1.000000000000000000e+00
-1.000000000000000000e+00
2.381611963258676301e-01
6.663009940824398125e-01
5.700476073708919955e-01
1.000000000000000000e+00
-1.000000000000000000e+00
-2.854977913598499839e-02
1.000000000000000000e+00
1.000000000000000000e+00
-4.126412502957993444e-01
-1.000000000000000000e+00
-1.000000000000000000e+00
1.000000000000000000e+00
-3.703709301251094099e-01
6.265123728594558239e-01
-1.000000000000000000e+00
3.945593302279170045e-01
-1.000000000000000000e+00
-1.000000000000000000e+00
1.000000000000000000e+00
-1.940018420851390424e-01
-6.023514364608117955e-02
3.006828454165930697e-01
-4.710942565760233847e-01
9.374925642575012708e-01
-1.000000000000000000e+00
1.000000000000000000e+00
-1.000000000000000000e+00
-6.789789309243722260e-01
-1.000000000000000000e+00
1.000000000000000000e+00
-1.000000000000000000e+00
-1.000000000000000000e+00
1.000000000000000000e+00
-7.894299835505991236e-01
1.000000000000000000e+00
-1.000000000000000000e+00
-1.000000000000000000e+00
-4.296291263287513873e-01
1.000000000000000000e+00
1.000000000000000000e+00
1.000000000000000000e+00
1.000000000000000000e+00
1.000000000000000000e+00
-1.000000000000000000e+00
-1.000000000000000000e+00
1.000000000000000000e+00
-5.807729945237301017e-01
3.298051491628530840e-01
-1.000000000000000000e+00
1.000000000000000000e+00
-1.000000000000000000e+00
6.142085117487662282e-01
-1.000000000000000000e+00
-1.000000000000000000e+00
5.685478855959722466e-01
1.000000000000000000e+00
1.000000000000000000e+00
-8.857631292434257064e-01
-2.891691198671852980e-01
-1.000000000000000000e+00
7.152736289879422227e-01
1.000000000000000000e+00
1.000000000000000000e+00
-7.221025797191382711e-01
-1.000000000000000000e+00
-1.000000000000000000e+00
-1.000000000000000000e+00
1.000000000000000000e+00
-9.396799835730583750e-01
8.193831055046052469e-01
-3.495422416813382949e-01
1.210265874813316600e-01
1.000000000000000000e+00
7.946184427946721973e-01
-1.000000000000000000e+00
-1.000000000000000000e+00
8.560253657356136081e-01
-2.764611717113616418e-01
-1.000000000000000000e+00
5.294134878586281845e-01
-1.000000000000000000e+00
-7.210921795082284591e-01
1.000000000000000000e+00
1.000000000000000000e+00
1.000000000000000000e+00
-4.558273828405069450e-01
-1.000000000000000000e+00
1.000000000000000000e+00
3.631528375469392778e-01
-1.117992802700033123e-01
1.000000000000000000e+00
1.000000000000000000e+00
-1.000000000000000000e+00
-6.861346099082253902e-01
5.493753670659748956e-01
9.137141815163792868e-01
2.216333467691867787e-01
1.000000000000000000e+00
-1.000000000000000000e+00
4.236365361288130238e-01
-6.059989048117038202e-01
-4.982717338583728672e-01
4.144873895190905322e-01
-1.208027592215394908e-01
2.862139174225718508e-01
-1.000000000000000000e+00
-9.751895591807310248e-01
1.767261121191295303e-01
9.257559065112318519e-01
5.395902486170982559e-01
-3.486469822156901266e-02
1.000000000000000000e+00
1.000000000000000000e+00
1.000000000000000000e+00
-1.194047931318320543e-01
1.000000000000000000e+00
1.000000000000000000e+00
-2.965101061712367425e-01
4.305497922045257164e-01
-1.000000000000000000e+00
-1.000000000000000000e+00
1.000000000000000000e+00
-1.000000000000000000e+00
-2.411665062225033518e-01
7.532040173905318881e-02
1.000000000000000000e+00
-1.000000000000000000e+00
-1.000000000000000000e+00
-1.000000000000000000e+00
-1.464817136054006319e-01
5.663789876575435756e-01
-2.092588982384353535e-01
-1.000000000000000000e+00
1.000000000000000000e+00
1.000000000000000000e+00
5.833889740305355787e-01
4.936613292503329031e-01
-1.000000000000000000e+00
4.855692857155063935e-01
-1.000000000000000000e+00
-1.000000000000000000e+00
-7.536008906748056235e-01
-1.140478151300013954e-01
-1.000000000000000000e+00
1.000000000000000000e+00
9.694130084900789424e-01
1.000000000000000000e+00
1.000000000000000000e+00
-4.832939649259772041e-01
-1.000000000000000000e+00
-4.451209900774198702e-02
-1.000000000000000000e+00
1.000000000000000000e+00
7.145805846004540940e-02
7.093472583775760620e-01
1.000000000000000000e+00
-1.000000000000000000e+00
6.963209437708546279e-01
1.000000000000000000e+00
2.321615467953055956e-01
3.396765642693106990e-01
-4.124145094381903576e-01
2.016899431008359889e-01
-7.873550180301469581e-01
1.000000000000000000e+00
6.288894365626953586e-01
1.000000000000000000e+00
-1.000000000000000000e+00
-1.000000000000000000e+00
1.000000000000000000e+00
3.909243054849729226e-01
1.000000000000000000e+00
-1.000000000000000000e+00
-8.917376284701549194e-01
9.359527103300295803e-01
-1.000000000000000000e+00
6.659640886072017985e-01
1.000000000000000000e+00
1.000000000000000000e+00
-4.445995535283143729e-01
1.000000000000000000e+00
1.395139621031490362e-01
