6.740683677765757498e-01
-1.000000000000000000e+00
-4.878237134782795748e-01
1.000000000000000000e+00
1.000000000000000000e+00
9.476719036938490159e-01
-6.993770797795233474e-01
-1.000000000000000000e+00
1.000000000000000000e+00
-1.000000000000000000e+00
-6.075139924553313309e-01
-1.000000000000000000e+00
1.000000000000000000e+00
3.980209158243330769e-01
1.000000000000000000e+00
9.779819379069712992e-01
-1.000000000000000000e+00
8.808809280251941320e-01
-1.000000000000000000e+00
-5.225323176443236184e-01
-1.000000000000000000e+00
1.000000000000000000e+00
-7.828371419791331220e-01
7.528199453374053718e-01
-6.447872503001726985e-01
-2.152624037803059220e-01
1.000000000000000000e+00
-6.520093967902306220e-01
-3.199800271648924888e-01
-1.000000000000000000e+00
-1.000000000000000000e+00
1.000000000000000000e+00
6.225610596498083460e-01
-2.634270115690366953e-01
-1.623874532761204748e-02
-1.000000000000000000e+00
1.091907691531147639e-01
5.938685875189285701e-01
1.000000000000000000e+00
-8.255969515165001438e-01
9.158377241024857618e-01
1.000000000000000000e+00
-1.000000000000000000e+00
-1.000000000000000000e+00
-1.000000000000000000e+00
8.496922184786093180e-01
-1.000000000000000000e+00
-1.000000000000000000e+00
1.000000000000000000e+00
-1.000000000000000000e+00
1.000000000000000000e+00
6.372581954715539343e-01
-4.116094951202726726e-01
-3.262553422883840981e-01
-1.000000000000000000e+00
1.000000000000000000e+00
-9.638458351177485728e-01
-9.718769643717826145e-01
-1.000000000000000000e+00
1.311396315411385016e-01
8.615716639021351320e-01
-4.736348738137459158e-01
1.000000000000000000e+00
-7.333848968201976959e-01
-3.952734417241182685e-01
-1.000000000000000000e+00
3.138716589504572108e-01
-7.297052405336873493e-01
-1.511423758911652482e-01
-1.000000000000000000e+00
-1.654213677877253708e-01
-1.000000000000000000e+00
1.000000000000000000e+00
-2.175004283476125178e-01
-1.000000000000000000e+00
1.000000000000000000e+00
-8.609224310278654757e-01
1.000000000000000000e+00
1.000000000000000000e+00
1.000000000000000000e+00
-1.000000000000000000e+00
2.467388588098988755e-01
9.151641707164219763e-01
-5.501739409042878393e-01
4.769043686360652234e-01
1.000000000000000000e+00
1.423935287692495444e-01
-1.000000000000000000e+00
-1.000000000000000000e+00
-4.250608195930782873e-01
-2.252723181721147105e-01
-1.000000000000000000e+00
-4.559982868516513355e-01
-1.000000000000000000e+00
8.765212246306203214e-01
-1.000000000000000000e+00
3.412734040420299930e-01
1.000000000000000000e+00
-1.000000000000000000e+00
-1.000000000000000000e+00
8.929964671419255984e-01
5.802925398873393092e-01
3.944215893867586420e-01
-1.000000000000000000e+00
-1.815996279084495235e-01
3.664102707151267735e-01
-1.000000000000000000e+00
3.681907893269020793e-01
1.000000000000000000e+00
4.678076811965961035e-01
2.046951977725949279e-01
1.000000000000000000e+00
1.000000000000000000e+00
-7.435359911462788851e-01
-1.000000000000000000e+00
-1.000000000000000000e+00
-1.000000000000000000e+00
1.000000000000000000e+00
1.000000000000000000e+00
-1.000000000000000000e+00
1.000000000000000000e+00
-1.000000000000000000e+00
-1.000000000000000000e+00
-5.454896123809482855e-02
-6.007204526908702658e-01
-1.000000000000000000e+00
-1.481810435078380617e-01
-5.371805647696884511e-01
-1.000000000000000000e+00
1.000000000000000000e+00
-8.057420343654820849e-01
-3.919022998425151227e-01
-7.218061926152219421e-01
-2.056509401660965297e-01
-1.533896833194806353e-01
7.585618836273728682e-01
7.721228512800082378e-01
1.000000000000000000e+00
-3.073391542872133120e-01
-6.906094401881435196e-01
1.000000000000000000e+00
-1.000000000000000000e+00
1.000000000000000000e+00
-1.000000000000000000e+00
4.733581805687443467e-01
1.000000000000000000e+00
1.000000000000000000e+00
-1.000000000000000000e+00
1.000000000000000000e+00
-2.332996071839729124e-01
-1.000000000000000000e+00
-1.829014661073526948e-01
9.225527746680227681e-01
-1.000000000000000000e+00
-8.849055344048024629e-01
-2.262439471766481969e-01
7.105913920370743320e-01
-1.000000000000000000e+00
1.000000000000000000e+00
3.455056820658544137e-01
-1.000000000000000000e+00
-1.000000000000000000e+00
1.000000000000000000e+00
-1.000000000000000000e+00
-7.242041484900840764e-02
-1.000000000000000000e+00
-1.000000000000000000e+00
-1.241694270606494843e-01
8.307478482318753077e-02
-1.000000000000000000e+00
1.000000000000000000e+00
5.885967879269998759e-01
-5.906991204315752420e-01
8.517227729027703198e-01
1.000000000000000000e+00
5.121204522030673445e-01
1.000000000000000000e+00
7.967511390944326255e-01
-2.547676086031047116e-01
-1.000000000000000000e+00
1.000000000000000000e+00
1.821122701981441327e-01
1.138278864437172189e-01
1.000000000000000000e+00
-1.000000000000000000e+00
1.000000000000000000e+00
1.000000000000000000e+00
1.000000000000000000e+00
-2.221086639271443453e-01
3.710645248408348529e-01
1.000000000000000000e+00
4.975206104418339326e-02
6.426394320815163042e-01
5.282789527132125684e-01
-5.114743276834834429e-01
5.936265217412819428e-01
-1.000000000000000000e+00
-3.052392986877247028e-01
-1.000000000000000000e+00
-6.645542644217463657e-01
1.000000000000000000e+00
1.000000000000000000e+00
1.000000000000000000e+00
-1.000000000000000000e+00
3.019784215300302943e-02
9.365150706134792724e-01
1.000000000000000000e+00
3.014738029460406477e-02
-1.000000000000000000e+00
-4.837416047664095942e-01
-6.796693254887230529e-01
-1.000000000000000000e+00
1.000000000000000000e+00
4.582701743312199705e-01
-9.830955364199910340e-01
-4.266724357347823071e-02
-1.000000000000000000e+00
8.890979998349556324e-01
4.840012671479082540e-01
1.000000000000000000e+00
-7.610087977985016128e-01
9.066852176924586892e-01
1.000000000000000000e+00
-1.478970215081361061e-01
-1.000000000000000000e+00
-1.000000000000000000e+00
1.000000000000000000e+00
-4.975974717153397453e-01
1.000000000000000000e+00
1.990651259362182790e-01
-4.732507870445434306e-01
-4.877005618644799645e-01
7.326773604471645829e-01
-7.439055899700679486e-01
-1.000000000000000000e+00
2.657756568949732889e-01
1.000000000000000000e+00
-8.917894099847218925e-01
-3.568486933151238105e-02
1.000000000000000000e+00
-5.080402090827291772e-01
-1.000000000000000000e+00
1.000000000000000000e+00
3.334220578937483470e-01
-1.000000000000000000e+00
1.000000000000000000e+00
-1.000000000000000000e+00
-8.378936546562035792e-01
5.834921483909680240e-02
1.000000000000000000e+00
1.000000000000000000e+00
-1.000000000000000000e+00
7.085767597852178357e-01
-4.651948065023271961e-01
7.060577965078800311e-01
-4.912453175811239969e-01
-8.608090432733892516e-01
-1.000000000000000000e+00
-3.103708702533304331e-01
1.000000000000000000e+00
3.373691817487974864e-01
4.636882243891000677e-01
-1.266290581155801176e-01
-1.000000000000000000e+00
1.000000000000000000e+00
