-1.000000000000000000e+00
1.266784795824506815e-01
1.000000000000000000e+00
7.340446409012835183e-02
-3.007828800842797801e-01
1.000000000000000000e+00
-4.711185158160393627e-01
-1.000000000000000000e+00
4.378748199417715758e-01
8.315224043157326550e-01
8.209032452936607660e-01
9.716182673134521330e-01
-5.884937887033503401e-01
8.259155017964081580e-01
1.310945252453832310e-01
6.451097026796779321e-01
1.000000000000000000e+00
-3.153611660705972763e-01
9.965940386023449671e-01
-4.945658904532647115e-01
-1.000000000000000000e+00
7.738018563870405764e-01
-9.710353613707682907e-01
9.699347068425085983e-01
-1.000000000000000000e+00
-8.960041368019175945e-01
-2.731281391268425285e-02
-7.738702753136419421e-01
3.205382197597614891e-01
-5.635909400089185173e-01
1.000000000000000000e+00
1.000000000000000000e+00
6.024536372547690810e-01
4.387831305837564533e-01
1.000000000000000000e+00
8.427317537912888401e-01
4.252232807770355283e-01
5.880193078292611508e-02
-1.000000000000000000e+00
3.910299013473258478e-01
1.000000000000000000e+00
1.000000000000000000e+00
1.496745637762851300e-01
1.297587926637587263e-01
-1.614590354985669940e-01
-8.675604321805351349e-01
-1.000000000000000000e+00
7.744970048900998716e-01
1.602669641915626664e-01
-4.355913869365864999e-01
5.516382290347782158e-02
-4.012436651104093199e-01
-1.000000000000000000e+00
-1.000000000000000000e+00
1.000000000000000000e+00
-1.000000000000000000e+00
-9.906213356825537275e-01
6.773843894884030714e-01
-3.606139111518660290e-01
9.818165196444963438e-01
2.913986592507266660e-01
1.616478828824721714e-01
-4.058771333887278843e-02
-8.312129442090914200e-01
-6.842738490714570521e-01
-1.142273466441905416e-01
-2.805043351963487086e-01
-5.648117338265910004e-01
-1.415875046723231723e-01
1.000000000000000000e+00
-7.288390269708013014e-02
1.000000000000000000e+00
-6.047567885025204593e-01
8.936409138591788759e-02
1.000000000000000000e+00
1.000000000000000000e+00
-1.000000000000000000e+00
-1.000000000000000000e+00
-6.647195257856666206e-01
1.000000000000000000e+00
1.000000000000000000e+00
8.455770981482604309e-01
-5.612511162978288670e-01
-4.892725356967719819e-02
-1.000000000000000000e+00
9.124519703782606461e-01
8.812706203791709214e-01
1.825427643838359870e-01
8.659373045934670721e-03
-1.000000000000000000e+00
-1.267202138144446488e-01
-1.000000000000000000e+00
-5.853000541868077500e-01
2.458870823014955853e-01
7.884019284582264309e-01
1.000000000000000000e+00
1.000000000000000000e+00
-9.557733595452042596e-01
-4.468373948223873793e-01
-6.895941710944963887e-01
1.000000000000000000e+00
2.310031561568025582e-01
-4.355220680214322293e-02
1.000000000000000000e+00
1.000000000000000000e+00
2.678961058848779442e-01
-1.000000000000000000e+00
-9.168751486373991622e-01
2.267199815592397805e-01
8.731585007890430017e-01
1.981702601591310842e-01
1.000000000000000000e+00
1.184080630680400814e-02
1.000000000000000000e+00
-2.982985797280390816e-01
7.667992326236041656e-01
-1.000000000000000000e+00
4.711776332613806240e-01
-1.000000000000000000e+00
1.000000000000000000e+00
-8.588460472521401989e-01
1.000000000000000000e+00
3.313764630178142045e-01
1.000000000000000000e+00
-1.000000000000000000e+00
-4.985762934047932582e-02
4.788891364993574928e-01
-1.000000000000000000e+00
1.000000000000000000e+00
-5.221851350763013766e-01
1.000000000000000000e+00
-1.000000000000000000e+00
6.654274973561666862e-01
-8.178469016006629788e-01
-6.792590886663837368e-01
-1.000000000000000000e+00
6.018686449692969287e-01
7.303605828758521490e-01
-1.000000000000000000e+00
-1.000000000000000000e+00
-1.000000000000000000e+00
-5.084505776256298404e-03
-2.797807417313482592e-01
-6.754471710552412134e-01
-7.988119303495662127e-01
-1.000000000000000000e+00
-2.689255706908695309e-01
1.566126922456306803e-01
4.407924305855321911e-01
1.419414316489819305e-01
7.624865989519797882e-01
-1.000000000000000000e+00
-1.000000000000000000e+00
5.051364333859695854e-01
-9.967053539799721751e-01
-2.632570314440282888e-01
-1.000000000000000000e+00
-3.750764596633361370e-01
1.000000000000000000e+00
-1.000000000000000000e+00
8.082443084324079097e-01
8.185301157484536905e-01
7.600946442072131770e-01
-2.155487183969573284e-01
5.134128107746162017e-01
7.701358870644801069e-01
-1.575778441776481964e-01
-1.553741728053146809e-01
-8.430942716912035451e-01
1.000000000000000000e+00
-3.491032343235409563e-01
1.000000000000000000e+00
-3.708940470672288381e-01
-1.000000000000000000e+00
-9.667091324326415602e-02
-2.805795509515978114e-01
-2.757539257606244076e-01
-1.000000000000000000e+00
-2.052031279900432548e-01
2.993974484611305886e-01
-6.575723879287693752e-01
-8.683074030996495996e-01
-1.000000000000000000e+00
1.000000000000000000e+00
-1.000000000000000000e+00
6.013930413991703805e-01
3.599520479813298479e-01
-6.259543673114730256e-01
1.000000000000000000e+00
-2.110172756245698444e-01
-5.366033702343334655e-01
-1.000000000000000000e+00
-3.027338987155491212e-01
1.000000000000000000e+00
-1.426602057859276407e-01
-7.757778521749352230e-01
-1.000000000000000000e+00
1.000000000000000000e+00
-1.000000000000000000e+00
-1.000000000000000000e+00
-1.000000000000000000e+00
6.830673919906427027e-01
8.487989258917592039e-01
9.296659892355996213e-01
-1.000000000000000000e+00
1.000000000000000000e+00
-6.675561249120052221e-01
7.644390349265799411e-01
4.932572847757997758e-01
-6.792110347706665774e-01
-9.014656005784483783e-01
8.325144885365254321e-02
-9.832967588477994902e-02
4.586166405545952229e-01
1.000000000000000000e+00
-1.000000000000000000e+00
1.000000000000000000e+00
3.445036524239584175e-01
7.206195894259485035e-01
8.743561766084475551e-01
1.000000000000000000e+00
1.000000000000000000e+00
-8.545256753556207396e-01
9.563734302220328054e-01
-1.000000000000000000e+00
-1.000000000000000000e+00
8.090876711379264563e-01
1.000000000000000000e+00
-1.000000000000000000e+00
-5.334513376667793239e-02
-1.000000000000000000e+00
-1.000000000000000000e+00
-8.791353419641274591e-01
1.000000000000000000e+00
-2.826180392227040095e-01
9.677391409308888637e-01
-1.434659612093390768e-01
7.308932777013722459e-01
1.000000000000000000e+00
-8.831956644541656409e-01
1.000000000000000000e+00
-9.783778599633767836e-01
1.000000000000000000e+00
-1.000000000000000000e+00
5.147060170282593550e-01
-1.319760907048506127e-02
-4.658710071251874751e-01
4.708314822971088054e-01
-6.138060905017979074e-01
-4.477472592037812227e-02
1.000000000000000000e+00
-1.000000000000000000e+00
1.000000000000000000e+00
2.853335206566736115e-01
1.000000000000000000e+00
1.666315997493050816e-02
1.153157191996886377e-01
-2.934934836997438179e-01
-1.000000000000000000e+00
3.506321515297260438e-01
7.064863963017264936e-01
1.000000000000000000e+00
-1.000000000000000000e+00
9.081433669456774327e-01
-1.995272876064773659e-01
