-9.846677210335728070e-01
7.974032342396815132e-01
-5.156310926703657760e-01
4.749796450635082046e-01
8.066856871031367060e-01
8.552681865475264544e-01
3.554205931509994976e-01
-9.021461569448576689e-01
-4.618894970262783506e-01
7.633039178506040301e-02
1.358662049530898752e-01
-4.646363642542110650e-01
4.323729896935413208e-03
-1.211925432083318377e-01
8.405269123233554129e-01
4.526043086613633637e-01
-8.873806246714188717e-04
2.920860291022326916e-01
6.759406958672613541e-01
6.280275093106746365e-01
-5.304792910705353748e-01
4.417985491918852148e-02
-6.716449494418452737e-01
3.587356933145100513e-01
9.775611206773227035e-01
8.144560325398935152e-01
2.970258926786859544e-01
8.596862269269345269e-01
-8.439248946682322838e-01
-1.161282840293500485e-01
-4.232556171269941103e-02
-3.008046716299663803e-01
-7.302182161504864322e-01
4.347648123583598423e-01
7.432100651610142883e-01
9.446828363806767381e-01
7.371975777312851363e-01
1.409123292516729631e-01
-7.260024946849172878e-01
-1.344756495548951047e-01
8.807532877513364333e-01
1.016866969958389877e-01
4.465407393537292879e-01
5.689465924292398391e-01
2.972969222177734849e-01
7.352481666288344098e-01
4.642465284589400998e-01
-8.845045806436282465e-01
-9.029007323217612679e-01
1.465093111125461700e-01
-5.274256992920620668e-01
-5.291890188899726066e-01
-2.531030745122926362e-01
-9.727462772840924643e-01
-7.871758439284335385e-01
-6.490539287372294464e-01
-4.191548794490635998e-01
-3.539636765327716095e-01
8.575521936681702595e-01
9.695905366700190431e-01
-6.723709087402633955e-01
-3.141209248899667905e-02
1.414095818473546373e-01
-1.097054322467727605e-01
-1.655963403830928993e-01
-2.349714792303485567e-01
3.516901828297851473e-01
4.913275779505152929e-01
-5.729898296461928275e-01
2.415503994428067625e-01
2.735782986466743782e-01
8.571753479138946030e-01
-7.040227813817436786e-01
8.377414461048342531e-01
4.242791808397685660e-01
-3.346167184861970068e-01
-4.372178563083368719e-01
-5.996456312818727596e-01
6.461005724189132771e-01
-1.098835331991887543e-02
-3.741103273179064992e-01
9.637543982243734764e-01
-1.791470462338895508e-02
7.067440844970054314e-01
5.599385195533399529e-01
1.874060796887446756e-01
-4.273677772657062945e-01
-4.714132356909399579e-01
6.494819303796808274e-01
-7.195807374563414349e-01
6.722159734464674408e-01
2.277739547306845136e-01
-5.527799588965347510e-01
3.423408540612817852e-01
2.883504157428733450e-01
-2.845160913549265036e-01
-7.357184725437442285e-01
5.869511807418859028e-02
3.491419198417595737e-01
-8.138956423854637467e-01
3.204823492092754300e-01
5.671845250604401478e-01
6.014278279326239485e-01
-8.779625348927420081e-01
-2.529939415185662455e-01
-1.108546466846687117e-01
-9.706542994144580216e-01
9.490952601608435568e-01
-9.533743358393462763e-01
-8.081305778639624737e-01
5.569522903441090911e-01
8.098718058140030873e-01
-4.023749428415972496e-01
1.071946308792037783e-01
7.595609466194344073e-01
6.501533511481416561e-02
9.998646969832103437e-01
-9.030906134482430403e-01
-5.625796410915646639e-01
-6.672281220004607771e-01
-3.749494850667522972e-01
-5.379305299937280349e-01
-2.233393089437947232e-01
-5.008831535266187185e-01
-3.932763035179658306e-01
-2.571053919777703811e-01
4.036496694168258959e-01
1.709384582212998271e-01
-8.087144802007855127e-01
4.160736190111498090e-01
-7.724898531403363577e-01
-6.002828171808687330e-01
-1.932971619681458364e-01
-9.182102950022008603e-01
-2.312747677715574213e-01
6.258555967715837554e-01
-6.743213465707396104e-01
2.755164792004061169e-01
-1.100146976976446034e-01
5.644121434013589234e-01
-2.000897922989064437e-01
-5.810793958236029066e-01
-2.060026832102879180e-01
4.814873753883697205e-02
3.035439003059721141e-01
4.585591428886681697e-02
-8.313442846784626639e-01
-3.881747328959239685e-01
5.429815201513774614e-01
3.024103321656270715e-01
4.421780266754904432e-02
-3.843016361312558971e-01
1.520755179652830691e-01
-6.857463400350376492e-01
-2.087124395661124066e-01
-1.812180025359413360e-01
-4.667224620361314358e-01
6.189931783510347341e-01
8.438956222543800845e-01
-7.575002032946531738e-01
-6.733195993304121885e-01
3.053445718468192904e-01
-4.372971345828620127e-01
-6.841442024185151460e-01
1.425233174654458868e-01
9.448967346111782906e-01
-1.283089459843633762e-02
9.176052250568000890e-01
8.392606241869595696e-01
5.133164079704630733e-01
8.737781131490618414e-02
-7.237796943127137173e-01
1.006125979022518546e-01
7.144833346151939768e-01
-6.127864196273395958e-01
-9.531114641454894176e-01
6.331313622887053683e-01
-9.866007460674830476e-01
-5.736174586119597851e-01
-1.392747605052084836e-01
-8.786083632087895445e-01
-7.740948582117472831e-01
-7.073673294716296134e-01
-1.670272443815787877e-01
9.023326148052035478e-02
3.127956859673495238e-01
8.012367645105247238e-01
9.561104529495605409e-01
-7.481282189958333717e-01
3.214428791566097399e-01
1.121114218540688601e-01
8.845729896528289338e-01
-5.529382234558395393e-01
6.232958194751303527e-01
-3.039213929588542307e-01
8.913398539237167295e-01
7.481804762981076884e-01
-7.274660021461709647e-03
-6.527789652545306076e-01
5.856974432639696637e-01
2.727161335132017861e-01
9.076788544111380475e-01
-1.100119478007788310e-02
-9.107465789110671395e-01
8.076094785154821487e-01
2.569995291077393773e-01
4.990639902328930511e-02
-5.358696419247175324e-01
2.165291655191592390e-01
-8.082180019159730389e-01
-9.235840280987732687e-01
-3.407963959791917574e-01
-4.207399666414257666e-02
3.913413885210272891e-01
2.402614261364071080e-01
9.822386752682343847e-01
2.204081149787255889e-01
-9.201260539716931142e-01
5.335993888020531539e-01
6.070798557760026526e-02
-1.908680756595555472e-01
2.675862600236407207e-01
-6.002048481691011350e-01
2.462244109615969734e-01
5.817492209263568359e-01
-8.131004865604947174e-01
5.732219612636333395e-01
-6.805767821610768653e-01
-5.451282516869249140e-01
3.511140033670592242e-01
-2.513639536100791272e-01
-4.545539067360127028e-01
3.516404276129998507e-01
6.831438649702816779e-01
-5.317119861104218081e-01
5.414501255261880974e-01
-7.551733823508721688e-01
7.253544163212022333e-01
-9.663717335944732589e-02
-5.160642050873511799e-01
1.039476327247685905e-01
4.562548903721777016e-01
-6.592993396898811920e-01
3.552961801751028936e-01
-5.631187659204988094e-01
1.505922985248542290e-03
8.274362310676404153e-01
2.290643264642109322e-01
6.286281262402899639e-01
9.618689303105540933e-01
-8.432255240862647216e-01
8.185541794899631185e-01
7.231603733708307225e-01
4.362064823464646413e-01
-2.817385341014564393e-01
3.304071387206635180e-01
-8.537677776115963901e-01
-5.686237985753228585e-02
-2.814033967446680773e-01
6.783389020583323603e-01
8.627746039183601390e-01
8.464357951629826182e-01
-1.555283443757939921e-01
1.442921833720660629e-01
3.261791804941771566e-01
