-1.778060294518462037e-01
7.599515926763338314e-01
-1.000000000000000000e+00
1.000000000000000000e+00
1.000000000000000000e+00
8.663438943039747375e-02
3.802051439073219630e-01
1.000000000000000000e+00
-5.308604717789077165e-01
-1.000000000000000000e+00
-1.000000000000000000e+00
-8.793942746269662880e-01
-3.835238519985468275e-01
-2.839241091212535983e-01
-2.203546305975788155e-01
4.710489246160696197e-01
-1.000000000000000000e+00
3.823354533405056710e-01
-4.682855793797300326e-01
2.861856622643543790e-01
1.000000000000000000e+00
-1.000000000000000000e+00
1.000000000000000000e+00
-4.244927927495252273e-01
-5.226019627258871036e-01
-1.000000000000000000e+00
1.000000000000000000e+00
-6.441395010668317100e-01
-1.710488593111840760e-01
8.335261385625514219e-01
-1.000000000000000000e+00
-1.000000000000000000e+00
-1.000000000000000000e+00
-1.000000000000000000e+00
1.000000000000000000e+00
1.000000000000000000e+00
1.000000000000000000e+00
-1.000000000000000000e+00
1.000000000000000000e+00
1.000000000000000000e+00
-1.350885574602953554e-01
-1.000000000000000000e+00
-1.000000000000000000e+00
-2.510536889702329466e-01
-2.238872603725717836e-01
-8.930875954884109902e-01
1.405540651359052373e-01
1.000000000000000000e+00
5.213256160740521450e-01
6.932521587982733990e-01
4.320747396918561689e-01
-1.000000000000000000e+00
4.152248626563901368e-01
-1.000000000000000000e+00
1.000000000000000000e+00
-1.000000000000000000e+00
-1.000000000000000000e+00
-4.940678840865977417e-01
-1.336110027203528672e-01
9.770553722555475051e-01
-1.000000000000000000e+00
-1.000000000000000000e+00
2.511005090349320845e-01
-6.739978232662158231e-01
-1.521477977606111587e-02
2.748604981903258748e-01
-1.000000000000000000e+00
-9.486108009429063959e-01
3.932902046510871608e-01
-1.000000000000000000e+00
-1.000000000000000000e+00
-1.000000000000000000e+00
2.723121597443328157e-01
-1.000000000000000000e+00
9.988649577452783923e-01
9.957196479658780852e-02
-1.000000000000000000e+00
7.109634949377146018e-01
6.635534161366964945e-01
-7.818361481097713117e-02
1.000000000000000000e+00
-1.000000000000000000e+00
3.872876987801925353e-01
8.501136748189291881e-01
-9.942362617313751372e-01
-1.000000000000000000e+00
3.811118201190943910e-01
1.000000000000000000e+00
1.000000000000000000e+00
-1.000000000000000000e+00
1.000000000000000000e+00
-1.000000000000000000e+00
7.190974421448801390e-01
1.000000000000000000e+00
3.937129778257625334e-01
-3.370346792385591206e-01
-1.949402583609376460e-01
-1.000000000000000000e+00
1.000000000000000000e+00
9.549508489546875145e-01
-1.000000000000000000e+00
-4.775593486022345902e-01
5.651055560961086854e-01
1.000000000000000000e+00
3.212314884543450155e-01
-7.109926893080482646e-01
1.000000000000000000e+00
-7.542816013026290012e-01
6.942757982139193818e-01
-5.239185702844666448e-01
1.381937519813385418e-01
-7.865305837281251211e-01
-4.786918418075591930e-02
-1.000000000000000000e+00
1.988094632685324381e-01
-1.230039190590175302e-01
-3.559415760677221430e-01
-8.564247347850322267e-01
1.000000000000000000e+00
5.412073377087629478e-01
1.378940505102310699e-01
1.000000000000000000e+00
6.249756958368348769e-01
4.234261611835676842e-02
1.119417909069064798e-02
-1.000000000000000000e+00
5.551862819650900116e-01
-1.000000000000000000e+00
1.000000000000000000e+00
1.000000000000000000e+00
-9.117433795501175275e-01
1.000000000000000000e+00
-8.837394023321381020e-01
9.170367486632141629e-02
6.329589967706694686e-01
-1.000000000000000000e+00
-1.000000000000000000e+00
5.140714479253849500e-01
-9.724675542993332922e-02
-5.340234511102963655e-01
7.245751553697041825e-01
1.000000000000000000e+00
1.000000000000000000e+00
7.653009395365724110e-01
-3.263179230200434766e-01
1.000000000000000000e+00
1.569750588683420656e-01
-3.011618692911430806e-01
3.595332925356963250e-01
-1.000000000000000000e+00
1.000000000000000000e+00
-6.481513833851437756e-02
7.070156777356021438e-01
1.000000000000000000e+00
-1.000000000000000000e+00
-1.000000000000000000e+00
-3.439974527600165310e-01
-1.000000000000000000e+00
6.398185254512607223e-01
-8.309619849219678223e-01
4.847505637150636426e-01
1.000000000000000000e+00
1.000000000000000000e+00
9.896040135709229801e-01
5.795158085319942476e-01
-7.642665792287565152e-01
-1.000000000000000000e+00
-9.309509509980506969e-02
-7.699548869350725244e-01
-8.511764905505336820e-01
-1.000000000000000000e+00
1.000000000000000000e+00
1.000000000000000000e+00
-1.000000000000000000e+00
-1.000000000000000000e+00
-5.524564739897466215e-01
-8.478636773913719171e-01
2.092019805185953985e-01
8.499554855869626557e-01
6.498876724066973143e-01
3.084981770516246335e-01
-1.325129970757470410e-01
-7.176138217979045608e-01
-9.707195666098934472e-01
-1.152565003442302116e-01
-4.723233825905553407e-01
-1.000000000000000000e+00
6.563542224813851966e-01
2.567091973474322497e-01
-4.152404627581167684e-01
-2.450277900482076276e-01
-1.000000000000000000e+00
6.333157890777536547e-01
-6.986138995027253440e-01
-1.283237629800744184e-01
-5.243641880420654156e-01
-1.000000000000000000e+00
1.000000000000000000e+00
-5.776455212293811758e-01
-1.000000000000000000e+00
-1.739905569525402595e-01
2.320200803919219013e-01
3.882681768280630830e-01
-1.000000000000000000e+00
1.000000000000000000e+00
1.791619818033976241e-01
-9.664054732726268249e-01
1.293113583736376082e-01
-6.848459676106241067e-01
-1.000000000000000000e+00
4.118923885356056136e-01
-1.000000000000000000e+00
-8.317778412492843332e-01
8.228857722788726070e-01
-1.000000000000000000e+00
-5.331800673947992841e-01
-6.298715328965145410e-01
4.989922300373161868e-02
-1.000000000000000000e+00
-1.000000000000000000e+00
-1.000000000000000000e+00
1.000000000000000000e+00
4.480451402272614403e-01
8.079781366131759679e-01
1.351988417184410984e-01
-1.000000000000000000e+00
2.677121055046557396e-01
-4.952879771497262773e-01
6.822155092967576717e-01
-2.168380181173108490e-01
1.055604101820261098e-01
5.286389659234662641e-01
4.408396640760308127e-01
-1.000000000000000000e+00
5.732055134151657905e-01
-6.225075042537486780e-01
-1.000000000000000000e+00
2.869860614584850422e-01
6.687090357588312273e-01
-1.000000000000000000e+00
1.000000000000000000e+00
1.000000000000000000e+00
1.000000000000000000e+00
-1.000000000000000000e+00
-6.604084970503603103e-01
-9.777543265172314868e-01
-2.747441528174608960e-01
-1.293566080294028531e-02
1.000000000000000000e+00
1.000000000000000000e+00
-5.524630926073984538e-01
1.000000000000000000e+00
-2.217956770374733821e-01
1.000000000000000000e+00
-2.137256675791209815e-01
-1.033457752871858037e-01
-1.000000000000000000e+00
1.000000000000000000e+00
-1.000000000000000000e+00
6.862685341707153164e-01
-1.000000000000000000e+00
-1.000000000000000000e+00
-5.432153660129581674e-01
1.000000000000000000e+00
-1.000000000000000000e+00
