-1.504443305732688918e-01
3.031612216309553798e-01
-8.984028835182671369e-01
-3.144249016458042778e-01
1.000000000000000000e+00
1.197022133898444363e-01
-1.000000000000000000e+00
-2.988019544715195819e-01
-8.473368636942996135e-01
-1.000000000000000000e+00
-1.000000000000000000e+00
-1.000000000000000000e+00
-1.000000000000000000e+00
4.726429389493191913e-02
5.505715214510799038e-01
-8.118531522331223771e-01
2.472969279950429367e-01
1.000000000000000000e+00
-2.386488445942230863e-02
3.402831579371498050e-01
-1.000000000000000000e+00
-1.000000000000000000e+00
1.000000000000000000e+00
1.000000000000000000e+00
-2.440307403388404239e-01
-2.835288276518522776e-01
1.000000000000000000e+00
-5.122969914032173833e-01
-3.642788757106409925e-01
-1.000000000000000000e+00
1.000000000000000000e+00
-1.000000000000000000e+00
1.000000000000000000e+00
1.000000000000000000e+00
7.398741415108620600e-01
1.000000000000000000e+00
-1.000000000000000000e+00
-1.000000000000000000e+00
8.425512804332606631e-01
-1.000000000000000000e+00
6.722067898581592926e-01
-1.000000000000000000e+00
1.000000000000000000e+00
-7.913817605185030635e-01
6.973846603873902206e-01
-2.519330325722719532e-01
-1.000000000000000000e+00
1.844501907042199740e-01
-1.000000000000000000e+00
-6.740657242699812368e-01
9.836082794320082368e-01
2.966002329253791814e-01
1.000000000000000000e+00
6.213483512510600271e-01
-1.000000000000000000e+00
1.000000000000000000e+00
-9.264388451840623873e-01
1.000000000000000000e+00
-7.290519603981837626e-01
-1.000000000000000000e+00
1.000000000000000000e+00
-9.254753343815091959e-02
-3.784991551170196478e-01
-1.000000000000000000e+00
-1.000000000000000000e+00
-1.000000000000000000e+00
4.274628445653352316e-01
-7.186456045263482917e-01
8.265305226446669762e-01
-1.000000000000000000e+00
-1.000000000000000000e+00
1.000000000000000000e+00
1.000000000000000000e+00
1.000000000000000000e+00
-1.000000000000000000e+00
4.306843119149972310e-02
3.869790468006089057e-01
1.371288981057660061e-01
1.000000000000000000e+00
-1.000000000000000000e+00
1.000000000000000000e+00
-1.000000000000000000e+00
-1.000000000000000000e+00
-2.278058586414766218e-02
5.849843136194472493e-01
-1.000000000000000000e+00
4.193647848776087539e-01
-1.000000000000000000e+00
2.334453814828993945e-01
1.000000000000000000e+00
1.057542780709747055e-01
-9.018056093440904863e-01
-4.635387216402375721e-02
-4.625979352256742727e-01
-1.000000000000000000e+00
-1.000000000000000000e+00
1.000000000000000000e+00
-1.000000000000000000e+00
1.000000000000000000e+00
-1.000000000000000000e+00
-3.663874861699670804e-01
1.000000000000000000e+00
1.000000000000000000e+00
1.000000000000000000e+00
3.151331563059158736e-01
1.000000000000000000e+00
-1.000000000000000000e+00
1.000000000000000000e+00
1.000000000000000000e+00
-1.000000000000000000e+00
-1.000000000000000000e+00
1.000000000000000000e+00
1.000000000000000000e+00
-1.000000000000000000e+00
1.000000000000000000e+00
-1.000000000000000000e+00
-1.000000000000000000e+00
-1.000000000000000000e+00
1.000000000000000000e+00
-1.000000000000000000e+00
-1.000000000000000000e+00
3.801942840366707710e-01
-3.045873641706652868e-01
-1.000000000000000000e+00
-5.293242798291111217e-01
1.000000000000000000e+00
-9.116220645218759966e-01
-1.331722597393538710e-01
-5.696676844453119060e-01
-1.000000000000000000e+00
1.000000000000000000e+00
1.000000000000000000e+00
-6.496064742022868987e-01
1.000000000000000000e+00
1.000000000000000000e+00
1.000000000000000000e+00
-9.852187357842117077e-01
-1.000000000000000000e+00
1.000000000000000000e+00
-1.000000000000000000e+00
-1.000000000000000000e+00
3.041658484354433090e-01
-6.231216352990815999e-01
7.458830519167368722e-01
-1.000000000000000000e+00
-5.380119403969431113e-01
1.000000000000000000e+00
1.000000000000000000e+00
-5.672945467068679637e-01
1.000000000000000000e+00
-4.469803040401787442e-02
-1.000000000000000000e+00
-3.951059410562210994e-01
-1.440385712588947431e-01
-1.000000000000000000e+00
-1.000000000000000000e+00
-8.651943736312800448e-01
-5.296270756118914846e-02
-9.887496793889284374e-01
5.692732161712159566e-01
-1.000000000000000000e+00
-1.088305686485715462e-01
-1.000000000000000000e+00
-2.768628388426970233e-01
3.683182962969500096e-02
1.000000000000000000e+00
-1.000000000000000000e+00
-6.107537054027636358e-01
-9.292730457003615108e-01
-5.121719546359395636e-01
-1.000000000000000000e+00
-8.790605370432307275e-01
1.000000000000000000e+00
5.016903451004193215e-01
-6.626388002000564992e-01
2.160074000331419497e-01
-1.000000000000000000e+00
6.752315664834740438e-02
-9.782496175244954628e-01
1.000000000000000000e+00
-1.000000000000000000e+00
-1.000000000000000000e+00
1.000000000000000000e+00
1.000000000000000000e+00
1.000000000000000000e+00
1.000000000000000000e+00
-1.000000000000000000e+00
-1.821482478208849010e-01
-1.000000000000000000e+00
-1.000000000000000000e+00
-9.628995441979131265e-01
-1.000000000000000000e+00
2.625848158331243187e-01
1.000000000000000000e+00
1.000000000000000000e+00
1.000000000000000000e+00
1.000000000000000000e+00
5.616563170194646126e-01
-6.941880063202264806e-01
-3.318285208240909778e-01
-6.856140843535332152e-01
-9.311396060433579924e-01
-5.354364248240031099e-01
1.000000000000000000e+00
1.000000000000000000e+00
-1.000000000000000000e+00
5.204215982054792855e-01
-1.000000000000000000e+00
1.000000000000000000e+00
-7.206587922473616237e-01
1.411972910654876179e-01
1.000000000000000000e+00
-1.000000000000000000e+00
-8.218595985584817853e-01
1.000000000000000000e+00
1.000000000000000000e+00
1.000000000000000000e+00
7.591564058839055384e-01
-9.560681268268400590e-02
1.000000000000000000e+00
1.000000000000000000e+00
-7.907053726480697264e-01
-2.826269337570935791e-01
1.000000000000000000e+00
1.000000000000000000e+00
7.054290961718735486e-01
-4.459900774995024242e-01
3.073352621488436021e-01
6.941806963404253406e-01
1.000000000000000000e+00
-1.000000000000000000e+00
1.000000000000000000e+00
-2.785269194752925115e-01
-1.000000000000000000e+00
-1.000000000000000000e+00
-1.000000000000000000e+00
-1.812993653654205728e-01
-5.313938834482884177e-01
1.000000000000000000e+00
1.000000000000000000e+00
-1.000000000000000000e+00
1.000000000000000000e+00
-5.622247557584439948e-01
9.921107468296541665e-01
-4.913553902417449049e-01
2.313994247609856281e-01
-1.000000000000000000e+00
-9.777435556512731329e-01
-1.764242708690752504e-01
1.376265113412151742e-01
-1.000000000000000000e+00
1.000000000000000000e+00
1.000000000000000000e+00
3.539186987984105359e-01
1.000000000000000000e+00
1.000000000000000000e+00
1.000000000000000000e+00
-1.000000000000000000e+00
1.000000000000000000e+00
-1.000000000000000000e+00
-7.158081614695190886e-01
-1.000000000000000000e+00
-3.457749071623875681e-01
6.923986601602378776e-01
-1.000000000000000000e+00
