-1.000000000000000000e+00
-1.000000000000000000e+00
-1.000000000000000000e+00
-1.000000000000000000e+00
1.000000000000000000e+00
-5.337534886757466790e-01
6.138137361067850239e-01
3.885011990628925993e-01
9.250140090753105060e-01
6.647860141570389736e-01
-5.778502017347525443e-01
5.552103769445317916e-01
3.854390984617683813e-02
1.000000000000000000e+00
1.000000000000000000e+00
-6.173712087973703966e-02
-3.469590626666421151e-01
8.282475761637312361e-01
1.000000000000000000e+00
-1.000000000000000000e+00
-3.696188515483660453e-01
1.000000000000000000e+00
8.427912519383409240e-01
1.000000000000000000e+00
-9.689334023549316388e-01
1.000000000000000000e+00
1.000000000000000000e+00
-9.042927509245806128e-01
-3.445994630224802346e-01
1.000000000000000000e+00
-6.916408754752324528e-01
-4.051581827994217289e-01
-2.380691782538009171e-01
1.366620352445283570e-01
-2.196577119104852205e-01
1.000000000000000000e+00
8.603755828497980929e-01
-1.000000000000000000e+00
-6.854713269302552536e-01
-1.517008847264043059e-01
1.000000000000000000e+00
-2.406393076913638240e-01
1.000000000000000000e+00
1.000000000000000000e+00
-4.819889469692140160e-01
7.416791295442637377e-02
1.000000000000000000e+00
-2.705489723333067698e-01
1.000000000000000000e+00
8.571054763748101601e-01
8.651917006710920788e-01
-1.343885709986881172e-01
1.000000000000000000e+00
-1.000000000000000000e+00
1.000000000000000000e+00
-1.000000000000000000e+00
4.895107586557037038e-01
-9.437092248167022746e-02
-1.000000000000000000e+00
-6.529809343930097487e-01
1.000000000000000000e+00
-1.000000000000000000e+00
-1.885348956097502859e-01
1.000000000000000000e+00
6.657958697700572248e-01
-6.480469110655983078e-01
-1.000000000000000000e+00
1.000000000000000000e+00
4.335309642715348133e-01
-7.674355525750775620e-02
4.267919966520095088e-03
6.337167687011500128e-01
1.000000000000000000e+00
1.000000000000000000e+00
9.390416099870400046e-01
-1.000000000000000000e+00
-1.000000000000000000e+00
8.566900380013597882e-02
-1.000000000000000000e+00
-7.266310311739301864e-02
1.000000000000000000e+00
4.261554060148924350e-01
1.261081565555215445e-01
8.765902206839393251e-02
-2.512262231589525996e-01
1.000000000000000000e+00
9.747437719752826135e-01
6.790076056550969907e-01
1.000000000000000000e+00
9.277306407064491722e-01
-1.000000000000000000e+00
1.000000000000000000e+00
-4.098682528862777619e-01
3.958752383662676455e-01
-1.000000000000000000e+00
9.993915770812527022e-01
7.999514841742867421e-01
-9.543799730336846032e-01
1.508442561320406661e-01
4.101337452225692903e-01
1.000000000000000000e+00
2.093578489397033282e-01
-9.108302654852308278e-01
1.000000000000000000e+00
-9.076872880098265650e-01
-1.000000000000000000e+00
-2.673751986681114357e-01
6.479873943626740518e-01
-9.975494456811866417e-01
-4.970898774340615778e-01
7.577912240534618871e-01
1.000000000000000000e+00
-6.692768533489488192e-01
-3.053303208933434432e-01
-1.133110264809744638e-01
-1.000000000000000000e+00
1.000000000000000000e+00
-1.000000000000000000e+00
-5.676826584092665717e-01
-1.324027091273096701e-01
1.000000000000000000e+00
4.424123185900035171e-01
-5.562381248431421676e-01
-1.687120566305085612e-01
1.000000000000000000e+00
-5.297589931312752798e-01
6.331383447527182406e-01
-1.000000000000000000e+00
-1.000000000000000000e+00
-1.664805897085053221e-02
-1.000000000000000000e+00
-4.313281507705313267e-02
1.000000000000000000e+00
-1.182378587626584654e-01
-1.727031672475785040e-01
-7.370388446540934169e-01
1.000000000000000000e+00
3.610226943904044639e-01
1.000000000000000000e+00
-8.330100907284119227e-01
1.824226135578342900e-01
9.736194259596240297e-01
-2.303024017432355741e-01
-1.000000000000000000e+00
-7.424030016426799161e-01
1.000000000000000000e+00
5.064360037941086912e-01
1.000000000000000000e+00
-1.890799472619105748e-01
5.738195733850883773e-01
-4.003572451312517599e-01
-1.000000000000000000e+00
1.000000000000000000e+00
-4.262950325733139145e-02
5.036476171041127659e-01
1.000000000000000000e+00
-1.000000000000000000e+00
-2.177317347406546588e-01
-1.000000000000000000e+00
1.000000000000000000e+00
1.000000000000000000e+00
-1.764203255418124172e-01
-2.768923153126664483e-01
1.000000000000000000e+00
1.000000000000000000e+00
-1.000000000000000000e+00
-1.000000000000000000e+00
-7.097677682117562448e-01
8.401260961610053091e-01
3.290222270786189451e-01
-8.743957013226701935e-01
1.000000000000000000e+00
-1.000000000000000000e+00
1.000000000000000000e+00
1.000000000000000000e+00
3.861673626517416746e-01
-1.000000000000000000e+00
4.599157447507139507e-01
1.000000000000000000e+00
1.000000000000000000e+00
7.781108814173487431e-02
-6.858824924032460579e-01
8.914708752967621663e-01
-7.453508391667289512e-01
8.712490270237511769e-01
1.000000000000000000e+00
4.663087832059973348e-01
3.870854750448903259e-01
-1.000000000000000000e+00
-5.303683854297633893e-01
7.328669952308756175e-01
-1.000000000000000000e+00
-8.435549854343040721e-01
8.019081074385630004e-01
-6.124402686763574799e-01
1.450205092227152548e-01
-7.007946120700649928e-01
1.299715522368016796e-01
1.000000000000000000e+00
-1.000000000000000000e+00
-1.000000000000000000e+00
-1.000000000000000000e+00
2.739477053704726384e-01
-5.321695783657864887e-02
-1.000000000000000000e+00
-1.000000000000000000e+00
-7.607164476433170286e-02
2.742621707065089343e-01
1.000000000000000000e+00
-1.000000000000000000e+00
1.000000000000000000e+00
1.000000000000000000e+00
8.671372232010419179e-01
-5.336147632619827608e-01
1.000000000000000000e+00
3.834522851327338833e-01
-4.487686662049439335e-01
1.000000000000000000e+00
3.703015550132142675e-01
-1.866668081357547582e-02
4.138522797166935829e-01
-5.435767631240995268e-01
1.000000000000000000e+00
1.977980122486011627e-01
1.000000000000000000e+00
1.000000000000000000e+00
1.000000000000000000e+00
1.000000000000000000e+00
-8.477486154918776329e-01
1.000000000000000000e+00
-9.228978705289470064e-01
-1.000000000000000000e+00
-5.711150767377755066e-01
1.000000000000000000e+00
1.000000000000000000e+00
7.432649066836397589e-01
1.000000000000000000e+00
2.253818444824917666e-01
1.000000000000000000e+00
-7.004703731562693658e-01
-2.520512819389792991e-01
4.347605240984873110e-01
5.434331511683776483e-02
6.814729443224243344e-02
5.851184662005477488e-01
-1.000000000000000000e+00
1.662452658004418549e-01
-8.038489871909296758e-01
6.006691568393225378e-01
3.877952615739410636e-02
-6.453695542995110390e-01
1.000000000000000000e+00
-1.000000000000000000e+00
-1.000000000000000000e+00
5.658884472604965854e-01
-1.000000000000000000e+00
3.356367026434918799e-01
1.000000000000000000e+00
1.000000000000000000e+00
1.000000000000000000e+00
-5.256002362288216823e-01
-1.000000000000000000e+00
3.551937576027485166e-01
-3.275085030151547727e-01
1.000000000000000000e+00
