7.969437190616734945e-01
1.000000000000000000e+00
-1.868071034174173528e-02
-7.514026544152083709e-01
-5.895948149130906257e-01
-1.000000000000000000e+00
-4.931582817450786971e-01
-3.370902594100195770e-01
-1.000000000000000000e+00
3.110996852542935454e-01
2.671353865669878758e-01
8.953464851885672982e-01
-3.652650848806177075e-01
-6.017031357180936402e-01
1.000000000000000000e+00
-2.460800353985285183e-01
-8.993635373303394687e-01
1.000000000000000000e+00
-3.233619252066051719e-01
3.396481187769794241e-01
-7.678079075047452573e-01
9.640664789245074751e-01
7.896794968211802157e-01
-7.645304449196177465e-02
1.000000000000000000e+00
1.000000000000000000e+00
-5.449040817717595298e-01
-5.371715464299309239e-02
5.313108062879998705e-01
1.000000000000000000e+00
-1.000000000000000000e+00
1.000000000000000000e+00
-1.000000000000000000e+00
-1.000000000000000000e+00
7.202079876195366381e-03
5.221313322214420349e-01
5.103855831060278847e-01
1.392634040830018627e-01
-1.000000000000000000e+00
-1.000000000000000000e+00
4.700443088340086062e-01
1.830610082275751505e-01
-2.872729688108413004e-01
-1.000000000000000000e+00
-1.000000000000000000e+00
-1.000000000000000000e+00
-1.000000000000000000e+00
1.000000000000000000e+00
-4.120683086534201456e-01
-1.000000000000000000e+00
2.467234658940045400e-01
-3.275854065865856368e-01
-1.000000000000000000e+00
-3.880018866582615189e-01
1.000000000000000000e+00
8.757568799839947626e-01
1.000000000000000000e+00
-3.694860764240532891e-01
7.178396517981262825e-02
-1.000000000000000000e+00
-1.000000000000000000e+00
1.000000000000000000e+00
8.743659345330283550e-01
9.596068597360559727e-01
1.000000000000000000e+00
1.000000000000000000e+00
1.000000000000000000e+00
-1.000000000000000000e+00
-6.045758033559653910e-01
2.549487225953056546e-01
3.906267215877238796e-01
4.127017588904712264e-01
1.000000000000000000e+00
9.490181007679814318e-01
1.000000000000000000e+00
7.263826732073455084e-01
-5.899323750347906792e-01
-1.000000000000000000e+00
4.793043236828764542e-01
1.000000000000000000e+00
5.354676793373911448e-01
3.734840801867371218e-01
-8.873621658079509089e-01
-1.000000000000000000e+00
-1.000000000000000000e+00
1.000000000000000000e+00
8.346533684216796978e-01
1.000000000000000000e+00
1.000000000000000000e+00
-2.181761432710118687e-01
-9.383455824443831528e-02
-3.498336268144972561e-01
-8.706757644791519590e-01
1.000000000000000000e+00
1.000000000000000000e+00
-7.213719106669193026e-01
-1.000000000000000000e+00
-5.178825347285717084e-01
-6.307878755108482505e-01
-1.000000000000000000e+00
8.579611682006803575e-01
4.920377740505868513e-01
9.240994018773331931e-01
1.000000000000000000e+00
8.993546073750997571e-01
-8.792997116010959902e-01
-2.316073202597503933e-01
-6.923225606900321738e-01
-1.000000000000000000e+00
1.000000000000000000e+00
1.000000000000000000e+00
-5.016364885811803731e-01
8.864875631385654708e-01
1.000000000000000000e+00
-5.136433148577976837e-01
1.000000000000000000e+00
-1.000000000000000000e+00
-4.738822708664572336e-01
-8.103228782639094741e-01
1.000000000000000000e+00
7.701934425114700389e-01
-1.000000000000000000e+00
-2.935203061651400214e-01
-6.588406574638527857e-02
1.000000000000000000e+00
-1.000000000000000000e+00
5.700573555418331217e-01
-5.679740997468285535e-02
-6.994282270629578191e-01
-6.107807426145754892e-01
-1.000000000000000000e+00
3.865968828589374517e-01
1.000000000000000000e+00
2.232036247963438136e-01
-1.000000000000000000e+00
-8.175482383697391109e-01
-1.000000000000000000e+00
1.000000000000000000e+00
1.000000000000000000e+00
-2.373146378227086739e-01
-3.558089167404416830e-01
2.988990723065997335e-01
-1.000000000000000000e+00
1.321269492437074367e-01
-1.000000000000000000e+00
-1.000000000000000000e+00
1.000000000000000000e+00
-4.485734326561734431e-01
1.000000000000000000e+00
-2.138456331066836413e-01
1.000000000000000000e+00
-1.787924136577113687e-01
-4.428861905204252714e-01
1.000000000000000000e+00
-6.810158281087521637e-01
-2.769204603007491272e-01
-2.292930697446199373e-01
-1.000000000000000000e+00
2.369796264661994112e-03
1.000000000000000000e+00
1.000000000000000000e+00
-8.886861965409567077e-01
-9.912269793417903818e-01
-1.000000000000000000e+00
1.000000000000000000e+00
8.463075102305392949e-01
8.470211236575877489e-01
1.000000000000000000e+00
6.734579430750755602e-01
8.774891607062450527e-01
1.000000000000000000e+00
-3.326680237880333402e-01
-2.104201324264386441e-01
2.056630562200036927e-01
-1.439992860776484473e-01
1.000000000000000000e+00
-1.000000000000000000e+00
-1.000000000000000000e+00
-1.000000000000000000e+00
3.798308007089032934e-01
1.000000000000000000e+00
4.746268043346260068e-01
-5.100092040957067141e-01
-6.963922878906170233e-01
6.936773407947774972e-01
3.455868617519528563e-01
2.708356746748510346e-01
1.000000000000000000e+00
-1.000000000000000000e+00
6.995500019592058027e-01
8.778418015803461927e-01
-8.483044407383727448e-01
-1.000000000000000000e+00
1.000000000000000000e+00
-5.738996855677674924e-02
1.000000000000000000e+00
-6.234592062395607481e-01
-1.000000000000000000e+00
1.000000000000000000e+00
1.000000000000000000e+00
-1.000000000000000000e+00
1.000000000000000000e+00
5.893132356167585240e-02
8.704581469879841826e-01
-9.748059205930702520e-01
-1.000000000000000000e+00
-3.441423440759889818e-01
-2.448334598356680658e-01
4.081285269873639598e-01
1.000000000000000000e+00
-1.000000000000000000e+00
-7.115582431158207211e-02
1.000000000000000000e+00
1.000000000000000000e+00
2.199616570454248354e-01
1.000000000000000000e+00
-1.000000000000000000e+00
5.511850688528512343e-01
9.840033701202436367e-01
2.249402357940176733e-01
-3.527016596294130224e-02
-1.000000000000000000e+00
1.000000000000000000e+00
-5.086647919380744565e-01
8.787746890475107708e-01
-6.144476511096059745e-01
2.789031810508086351e-01
6.666698787631843981e-01
1.000000000000000000e+00
2.835375320065434690e-01
-1.000000000000000000e+00
4.071823624179975454e-01
9.229226363907250263e-01
5.675661179761057884e-01
-1.000000000000000000e+00
1.261478690652646506e-01
-4.325550755162825833e-01
-8.798840814366484242e-01
1.000000000000000000e+00
-1.000000000000000000e+00
4.306168982359110942e-01
-1.000000000000000000e+00
1.343361070423951809e-01
-6.191065870697387563e-01
-8.086303803399333967e-01
-1.000000000000000000e+00
1.000000000000000000e+00
-4.805604593233725463e-02
-1.000000000000000000e+00
-6.403808093376756050e-01
-7.101737686891711476e-01
7.541237238939557663e-02
1.000000000000000000e+00
7.937631775594155004e-01
-1.000000000000000000e+00
8.011230408712817219e-01
-2.432355256913440733e-01
1.042885286933373790e-01
-1.000000000000000000e+00
1.000000000000000000e+00
-1.000000000000000000e+00
-8.042563327688732056e-01
-9.321839020507778351e-01
-1.000000000000000000e+00
6.985382098867459755e-01
