-7.878031740026298912e-01
7.940842035024218148e-01
-1.000000000000000000e+00
1.000000000000000000e+00
-1.000000000000000000e+00
1.000000000000000000e+00
-1.000000000000000000e+00
1.000000000000000000e+00
3.547290315555916562e-01
-5.554497665035724729e-01
1.000000000000000000e+00
-1.846024012852655050e-01
8.846203942867622572e-02
1.000000000000000000e+00
1.000000000000000000e+00
1.000000000000000000e+00
1.000000000000000000e+00
-6.219622741205133032e-02
1.000000000000000000e+00
-1.000000000000000000e+00
3.317416470102576564e-01
1.000000000000000000e+00
-1.100463697359180815e-01
1.000000000000000000e+00
-1.000000000000000000e+00
-1.000000000000000000e+00
-1.000000000000000000e+00
-9.479356826712050932e-01
1.267936505925134627e-01
1.000000000000000000e+00
7.076699185005940196e-01
-1.000000000000000000e+00
-1.000000000000000000e+00
3.365061697746358771e-01
-5.268499349590129999e-01
9.038203062433692869e-01
1.000000000000000000e+00
-1.000000000000000000e+00
1.000000000000000000e+00
4.999519037277012634e-01
2.086645353401648251e-01
-7.576206450683683480e-01
1.000000000000000000e+00
-4.834952252541895867e-01
8.417082310761303532e-02
-1.000000000000000000e+00
1.000000000000000000e+00
-1.000000000000000000e+00
-6.588807186300537078e-01
1.000000000000000000e+00
1.000000000000000000e+00
-1.399671182236479350e-01
1.000000000000000000e+00
-7.828472236879348012e-01
9.078302386798667856e-01
1.000000000000000000e+00
8.017941904563431477e-01
1.000000000000000000e+00
1.000000000000000000e+00
2.076181249931966788e-01
1.000000000000000000e+00
-8.857576136904552477e-01
-4.921584739397770747e-01
1.000000000000000000e+00
1.000000000000000000e+00
1.000000000000000000e+00
-1.000000000000000000e+00
-2.015010202324104549e-01
6.895443559131502198e-01
1.000000000000000000e+00
1.000000000000000000e+00
3.330807739100988818e-01
-4.802910731439637981e-01
-1.000000000000000000e+00
6.436696905965452187e-01
-3.002903484300717962e-01
6.101472751765661950e-01
1.000000000000000000e+00
-3.299660098965873090e-01
-1.000000000000000000e+00
-1.000000000000000000e+00
1.000000000000000000e+00
1.000000000000000000e+00
3.554320927694125665e-01
1.000000000000000000e+00
1.000000000000000000e+00
1.000000000000000000e+00
-1.000000000000000000e+00
-3.842396417422151433e-01
1.000000000000000000e+00
-1.000000000000000000e+00
-1.000000000000000000e+00
-7.975674119337814449e-01
-9.223090680190286772e-01
4.757996673203555016e-01
1.000000000000000000e+00
-1.381412067682004086e-01
-1.000000000000000000e+00
1.000000000000000000e+00
4.928127322902686736e-01
1.000000000000000000e+00
1.000000000000000000e+00
1.000000000000000000e+00
-1.000000000000000000e+00
9.829899059970825803e-02
1.000000000000000000e+00
-1.000000000000000000e+00
6.274150063352997853e-01
-1.000000000000000000e+00
-1.000000000000000000e+00
1.000000000000000000e+00
-1.929810496770807404e-01
-2.835134103642207304e-01
-1.000000000000000000e+00
1.000000000000000000e+00
1.000000000000000000e+00
1.000000000000000000e+00
-1.546963554146488784e-01
3.750157106440438204e-01
1.887134368843003118e-01
-5.240939658722725270e-01
7.215406612581999335e-01
9.802517623318025564e-01
6.482936195504962473e-01
-1.000000000000000000e+00
1.000000000000000000e+00
-1.000000000000000000e+00
-1.835260018497011092e-01
1.000000000000000000e+00
-7.787908189821987071e-01
4.291412975522955753e-01
1.000000000000000000e+00
-1.000000000000000000e+00
-8.507360284415877993e-01
6.342326854204638487e-02
1.000000000000000000e+00
4.524446995674757943e-02
-1.000000000000000000e+00
4.478915259874561294e-01
-1.000000000000000000e+00
5.408483994055199862e-01
-1.000000000000000000e+00
-1.000000000000000000e+00
1.000000000000000000e+00
8.112801862540079956e-01
-1.000000000000000000e+00
5.675971313899248472e-01
-1.000000000000000000e+00
1.000000000000000000e+00
2.408151190356970783e-01
8.724623613269901767e-01
2.906418097684548285e-01
-7.715097968382760296e-01
1.000000000000000000e+00
-1.000000000000000000e+00
-1.000000000000000000e+00
8.617953318322737477e-01
1.000000000000000000e+00
-1.000000000000000000e+00
-1.000000000000000000e+00
-1.000000000000000000e+00
1.000000000000000000e+00
-1.000000000000000000e+00
-1.000000000000000000e+00
1.941672532258989503e-01
-6.356039057531235326e-01
1.000000000000000000e+00
-1.000000000000000000e+00
2.049102644425337960e-02
-1.000000000000000000e+00
1.000000000000000000e+00
-4.128101682447520293e-01
1.000000000000000000e+00
-1.000000000000000000e+00
-1.000000000000000000e+00
-1.000000000000000000e+00
-5.088131827965858278e-01
6.424120061223732581e-01
1.489307082309878627e-01
-2.549350162571808465e-01
-9.661586136063349262e-02
-4.688851664774347228e-01
-1.000000000000000000e+00
-4.824921527155075496e-01
-1.000000000000000000e+00
1.386421485221541738e-01
-1.000000000000000000e+00
-1.000000000000000000e+00
-1.000000000000000000e+00
-1.000000000000000000e+00
1.000000000000000000e+00
-1.000000000000000000e+00
-1.000000000000000000e+00
-1.000000000000000000e+00
5.491816775828153308e-01
1.000000000000000000e+00
1.980273936029430804e-01
-1.000000000000000000e+00
-1.000000000000000000e+00
8.326560004199142773e-01
-1.000000000000000000e+00
1.000000000000000000e+00
-1.000000000000000000e+00
1.000000000000000000e+00
1.000000000000000000e+00
1.000000000000000000e+00
-1.000000000000000000e+00
-1.000000000000000000e+00
1.000000000000000000e+00
1.104167198878514555e-01
-5.247911006141392498e-01
-1.000000000000000000e+00
3.772350757449786096e-01
-1.000000000000000000e+00
-1.362409725927404835e-01
-1.000000000000000000e+00
-1.000000000000000000e+00
-7.554466920198034396e-02
1.565078231510694806e-01
-1.000000000000000000e+00
2.254041561851169995e-01
1.000000000000000000e+00
1.000000000000000000e+00
7.997099499191095973e-02
-6.404688415848625027e-02
-1.000000000000000000e+00
-2.812807904865795017e-01
1.000000000000000000e+00
-8.241067496802892967e-01
-1.000000000000000000e+00
-1.000000000000000000e+00
-1.000000000000000000e+00
1.768781278127493639e-01
-1.797267161424214166e-01
-1.688948450654992328e-01
-1.000000000000000000e+00
9.961974075572098686e-01
-1.000000000000000000e+00
1.000000000000000000e+00
1.000000000000000000e+00
-8.193730463225433747e-01
-8.871513269445836514e-01
-1.000000000000000000e+00
1.000000000000000000e+00
-9.285791565194424502e-01
-8.244684535994304397e-01
7.684311025954496666e-01
-3.745851237110923160e-01
1.000000000000000000e+00
1.000000000000000000e+00
6.401457277908465526e-01
2.614746823966684897e-02
-1.000000000000000000e+00
-3.820954762265660332e-01
7.524493320437525279e-01
7.037905854650139403e-01
6.405958487862799533e-01
1.000000000000000000e+00
3.164797204001335018e-01
1.000000000000000000e+00
-1.000000000000000000e+00
-1.000000000000000000e+00
2.249030689748507950e-01
1.494875485595424935e-01
1.000000000000000000e+00
