1.000000000000000000e+00
-1.000000000000000000e+00
1.000000000000000000e+00
1.000000000000000000e+00
1.945584930978970228e-01
1.000000000000000000e+00
-1.000000000000000000e+00
1.000000000000000000e+00
-1.000000000000000000e+00
1.000000000000000000e+00
1.000000000000000000e+00
1.000000000000000000e+00
-1.000000000000000000e+00
9.604458103557129700e-01
-7.331014660797693372e-01
-7.164987809949971975e-01
-1.000000000000000000e+00
-1.000000000000000000e+00
1.000000000000000000e+00
-1.000000000000000000e+00
-1.000000000000000000e+00
1.000000000000000000e+00
1.000000000000000000e+00
-1.000000000000000000e+00
-1.000000000000000000e+00
1.000000000000000000e+00
1.000000000000000000e+00
-1.000000000000000000e+00
-1.000000000000000000e+00
-1.000000000000000000e+00
-1.000000000000000000e+00
1.000000000000000000e+00
-1.000000000000000000e+00
1.000000000000000000e+00
-8.113713506058358726e-01
-1.000000000000000000e+00
-1.000000000000000000e+00
-1.000000000000000000e+00
1.000000000000000000e+00
2.043685508573908072e-01
-1.000000000000000000e+00
-1.000000000000000000e+00
1.000000000000000000e+00
-4.302826651938325142e-01
-1.000000000000000000e+00
1.000000000000000000e+00
-4.968781046749616293e-01
6.728353383184703107e-01
1.000000000000000000e+00
3.955694990174375703e-02
-1.000000000000000000e+00
-1.000000000000000000e+00
1.000000000000000000e+00
-1.000000000000000000e+00
7.110550530617374410e-01
1.000000000000000000e+00
1.000000000000000000e+00
1.000000000000000000e+00
1.000000000000000000e+00
-1.000000000000000000e+00
-1.000000000000000000e+00
1.000000000000000000e+00
-3.756719680535975936e-01
-6.789147149870494724e-01
-1.000000000000000000e+00
-1.000000000000000000e+00
6.803196705844352099e-01
1.000000000000000000e+00
9.126144950062348160e-01
1.000000000000000000e+00
-1.000000000000000000e+00
-7.395312548040118283e-01
-3.626530731578269107e-01
-1.000000000000000000e+00
1.000000000000000000e+00
-1.000000000000000000e+00
1.000000000000000000e+00
1.000000000000000000e+00
1.854371598510455299e-01
9.742537722706849923e-01
1.000000000000000000e+00
1.000000000000000000e+00
1.000000000000000000e+00
1.000000000000000000e+00
1.000000000000000000e+00
-1.000000000000000000e+00
1.000000000000000000e+00
-1.000000000000000000e+00
-1.000000000000000000e+00
-3.602133062712054024e-01
-1.000000000000000000e+00
-1.000000000000000000e+00
-1.000000000000000000e+00
7.977514645471416310e-01
2.676760051390932871e-01
1.000000000000000000e+00
-6.537292809866511734e-01
-1.000000000000000000e+00
1.670773185814162787e-01
1.000000000000000000e+00
3.244983079902752365e-02
6.457755958080935166e-01
-1.000000000000000000e+00
-1.000000000000000000e+00
-1.000000000000000000e+00
-3.043813533132480598e-02
1.000000000000000000e+00
1.000000000000000000e+00
1.000000000000000000e+00
-4.360259051083658077e-01
1.000000000000000000e+00
-2.770033835227208030e-01
-1.000000000000000000e+00
-1.000000000000000000e+00
-1.000000000000000000e+00
3.240234480050175891e-01
-1.000000000000000000e+00
1.000000000000000000e+00
-1.000000000000000000e+00
1.000000000000000000e+00
-1.000000000000000000e+00
1.000000000000000000e+00
-1.000000000000000000e+00
-1.000000000000000000e+00
1.000000000000000000e+00
8.872313071122484018e-02
1.000000000000000000e+00
-1.000000000000000000e+00
-1.000000000000000000e+00
-1.000000000000000000e+00
-1.000000000000000000e+00
1.000000000000000000e+00
1.000000000000000000e+00
-1.128064503548713571e-01
-3.463410218480052483e-01
-6.697443421946379649e-01
1.000000000000000000e+00
1.000000000000000000e+00
4.526729847896058256e-01
-1.000000000000000000e+00
8.254794549201225351e-01
-1.000000000000000000e+00
-9.030081325649700341e-01
-1.000000000000000000e+00
-1.000000000000000000e+00
-1.000000000000000000e+00
-1.000000000000000000e+00
-7.075405108738413995e-01
1.000000000000000000e+00
-1.000000000000000000e+00
-1.000000000000000000e+00
-3.657949635324772575e-01
3.462402536828026456e-01
1.000000000000000000e+00
1.000000000000000000e+00
-1.000000000000000000e+00
1.000000000000000000e+00
-1.000000000000000000e+00
-1.000000000000000000e+00
-1.000000000000000000e+00
-1.000000000000000000e+00
9.837444506012804624e-02
1.000000000000000000e+00
1.000000000000000000e+00
1.000000000000000000e+00
-1.000000000000000000e+00
1.000000000000000000e+00
1.000000000000000000e+00
1.000000000000000000e+00
-5.393666000624613988e-01
-5.296232611871107832e-01
-6.165358381325809489e-01
6.366615580819681153e-01
4.337649464470129668e-01
-1.000000000000000000e+00
1.522357485717789061e-01
1.000000000000000000e+00
-1.000000000000000000e+00
-1.000000000000000000e+00
-1.000000000000000000e+00
1.000000000000000000e+00
1.000000000000000000e+00
1.000000000000000000e+00
-2.380555909947068560e-02
-1.000000000000000000e+00
1.000000000000000000e+00
1.847678737028206064e-01
-1.021116106568493165e-01
-1.000000000000000000e+00
1.000000000000000000e+00
-1.000000000000000000e+00
2.838703759976918262e-01
1.000000000000000000e+00
5.933242485091759777e-01
1.000000000000000000e+00
1.000000000000000000e+00
-1.000000000000000000e+00
-1.000000000000000000e+00
-1.000000000000000000e+00
1.000000000000000000e+00
1.000000000000000000e+00
-1.000000000000000000e+00
-1.000000000000000000e+00
1.000000000000000000e+00
1.000000000000000000e+00
-1.000000000000000000e+00
-2.871356727302390999e-01
1.000000000000000000e+00
1.000000000000000000e+00
-1.000000000000000000e+00
-1.000000000000000000e+00
1.000000000000000000e+00
9.034050929895247606e-01
1.000000000000000000e+00
2.169075458236592868e-01
-1.000000000000000000e+00
1.000000000000000000e+00
-1.000000000000000000e+00
1.000000000000000000e+00
1.000000000000000000e+00
1.000000000000000000e+00
1.000000000000000000e+00
-2.046958650828591408e-01
1.000000000000000000e+00
-1.000000000000000000e+00
-1.000000000000000000e+00
-1.000000000000000000e+00
1.000000000000000000e+00
-1.000000000000000000e+00
1.462989529848697234e-01
1.000000000000000000e+00
-9.783238229095185812e-01
-1.000000000000000000e+00
7.999271943246721861e-01
1.000000000000000000e+00
1.779334139189272523e-01
3.897967058693476150e-01
-1.000000000000000000e+00
1.000000000000000000e+00
1.000000000000000000e+00
-1.000000000000000000e+00
1.000000000000000000e+00
1.000000000000000000e+00
-1.000000000000000000e+00
-1.000000000000000000e+00
-1.000000000000000000e+00
-1.000000000000000000e+00
4.222098039680193260e-01
-1.000000000000000000e+00
1.000000000000000000e+00
1.000000000000000000e+00
-5.388076135796031618e-01
-1.000000000000000000e+00
9.191757970049441173e-01
1.000000000000000000e+00
-7.218409413648249062e-01
1.229057262462154299e-01
-1.000000000000000000e+00
1.000000000000000000e+00
-1.259166052856086626e-01
1.000000000000000000e+00
6.557621306896961322e-01
-1.000000000000000000e+00
-2.653114684194829986e-01
1.354651087203390114e-01
