-3.432012709003195994e-02
6.577756961790355295e-01
-1.498989542664699304e-01
3.657560385323965768e-01
9.569610819981819727e-01
7.163940133325841231e-01
4.716281581870052086e-02
-5.975670525520824228e-01
4.428958827278717258e-02
-3.371903500089399319e-01
8.896143196255097418e-01
1.424245877111405267e-01
-3.345221656474484107e-01
-2.158575007898431153e-01
6.492908454500878612e-01
-8.546291345178258503e-02
6.279253431956244302e-01
5.195795911093241681e-01
-1.668586157366021006e-01
9.197575599482361586e-01
-9.102662864538288989e-01
-5.392320324728117065e-02
4.978838364517004234e-01
1.526451489247240279e-01
4.960608489406261867e-01
-8.144671238023166726e-01
7.534641204637251288e-01
2.448391695456175743e-01
3.804077981272833142e-01
7.345094463582881872e-01
-8.495489658550692269e-01
-6.986324326620598768e-01
7.764078163573369107e-01
4.018673763651861019e-01
3.158248341149585414e-01
-6.847495992654417662e-01
-1.605783893132803897e-01
-1.631083533257731144e-01
4.683287259563417848e-01
1.120677676712189541e-01
6.812663508119964906e-01
-8.701020218912389748e-01
-8.704879173028845507e-02
-7.054426302998686449e-01
9.858294727998140328e-01
2.782500502891460670e-02
2.575470503366847908e-01
-9.944439627775976120e-01
9.924636439025884549e-01
6.822147201088895052e-01
6.619642266462122393e-01
4.502508136604010947e-01
-4.099269502127533826e-02
-3.481555463482990387e-01
6.952662202440429429e-01
-3.339928127468676511e-01
-5.367514181618653346e-01
3.847437626640097807e-01
-6.534993023656587852e-01
6.358327873044171685e-01
-7.394241049933381049e-02
-5.153916173435730830e-01
5.035843944496343205e-01
3.565276922107980528e-01
2.419257033508745991e-01
-2.718029917082374070e-01
2.509621048382839614e-01
2.693441854396851909e-01
4.444528333228119354e-01
5.829167332758899978e-01
-5.365831288616838002e-01
-2.307660951818337747e-01
8.323204170787033007e-01
-8.806910429347754032e-01
-7.177069780230747043e-01
9.755083516018658862e-02
9.696237684015434066e-01
-1.938115745391644218e-01
-4.773467336067955813e-01
1.846744141727612032e-01
5.553853215822663891e-01
4.481560003298608041e-01
5.694676013758541711e-01
-4.715674281702899595e-01
-2.623021562876151069e-01
3.808480123639381709e-01
-4.365107204428200216e-01
-6.040645021291772832e-01
-6.262959265714251877e-02
-9.983320901737917641e-01
8.340023564792902189e-01
-5.729440170438133695e-01
3.855515636639936794e-01
4.153092742885782229e-01
-3.793293489110343142e-01
2.201079358850186463e-01
3.472259681484723970e-01
-4.693016945632211279e-01
5.604399808570792452e-02
-6.437649501828996979e-01
-5.876814344044269944e-01
2.793394320271724851e-01
-7.114240824051856205e-01
-4.602334723944097039e-01
-8.282885988982033876e-01
-8.130645160703648955e-01
2.947872176989707604e-01
1.964273278701424985e-01
-5.524782696092285228e-01
-1.260039180399741277e-02
-7.397458610129208356e-01
3.574051789496668352e-01
-1.600473804768951513e-01
6.877680239620624913e-01
-5.896849758215259030e-01
7.079319925656260004e-01
-7.731990636381633752e-01
-3.035048332392746850e-01
2.320798829405488206e-01
-1.422576111833784296e-02
-7.107011213433438446e-01
-9.560524332754418708e-01
-5.088428000242437577e-01
-9.875477679931019548e-01
2.294841042905355621e-01
4.089209649929184121e-01
7.401364304491431234e-02
-1.252357644351491661e-01
-7.681960178225004654e-01
7.499990338734607853e-01
7.845181699021566146e-01
8.746282420949356151e-01
-4.036724718390918287e-01
-7.855530495995299844e-02
-5.019418463713942735e-01
-5.702236223296150985e-01
6.197558225107426821e-01
-5.721511968131132164e-02
-1.599698530776416661e-01
-5.949457207687534055e-01
4.923808973595564797e-01
8.253317969260818288e-01
4.943828868262289955e-01
-9.758912641973371827e-02
-5.399901224945087286e-01
-6.992497732964624291e-01
3.666680901198264841e-01
1.253012045552093223e-01
3.684928903347870488e-01
-7.739634086074307362e-01
4.218621746910575787e-01
-7.484018079332785955e-01
3.465028795818843044e-01
7.382325313259627819e-01
-4.098121772816250008e-01
-6.346504044050649274e-01
7.961211121053566320e-01
1.444896175480538947e-01
-6.142729834066302796e-01
-6.723384837044086293e-01
-6.915269712257010593e-01
5.322907933338723030e-01
-9.937305947648373827e-01
2.971459743324118552e-01
8.384617071569948621e-01
5.374482755333405137e-01
2.388775273093712848e-01
-2.411868399171246402e-02
6.555295175288857745e-01
2.843018556228538163e-01
4.561057786420006366e-01
-8.758884885619320215e-01
9.889434776079117917e-01
-4.985062403823743438e-01
-4.266390902445524880e-01
-5.087256460328482000e-02
-6.174462865261438616e-01
5.596365177667279589e-01
1.483056201313979194e-01
5.413275224765243809e-01
-2.095856937403548503e-01
2.085765696287911197e-02
-9.701125086997157698e-01
-3.708548122669490521e-01
-4.724638915014534035e-01
7.230527765702987608e-02
-1.165208405694877491e-01
-6.302319153821387410e-01
8.156913575706428166e-01
7.617718445502232871e-01
-3.844978538002363777e-02
2.278007056410980002e-01
-9.137492529176538536e-01
7.351009967845667514e-01
-4.511910958647435965e-01
5.241216114272135851e-01
-7.024050825607024429e-01
-6.597131560754061486e-01
-3.807549167866961515e-01
5.444001493018078008e-01
1.037599065797076836e-01
6.877506247484448387e-01
6.844695130963087681e-01
2.568202901293854534e-01
1.458072370615666191e-01
-7.444941155086310935e-01
-3.167662976644867179e-01
9.497132592383288330e-01
-1.175854738087891427e-01
-1.316600114348625006e-01
-2.438000919669733868e-01
5.853923554643960525e-01
6.001837924076691699e-02
-7.474138657811990605e-02
-4.114425669563088750e-01
-7.055329910897985002e-01
6.609847627858125296e-01
-9.193478411077007362e-01
9.460509114470105896e-01
9.174930084400969577e-01
8.368001163935658848e-01
-7.614432068212129145e-01
6.131943281001073220e-01
-7.231348169296201167e-01
-9.725519417902648289e-01
-4.771025919134170845e-01
-7.188015655201014376e-01
-3.693449566987447863e-01
-1.745492719505514767e-01
-7.064873906993685004e-01
-7.709604287296729641e-01
-6.305218921476420935e-01
-9.863523591236056376e-02
-2.073569147133487167e-01
-9.733676748950252922e-01
-8.297640548561284746e-01
-2.733823002242452560e-02
-5.259532260936856662e-01
8.772830077770570334e-01
-1.708233824265938949e-01
2.434646240505244918e-02
-3.369893284342850848e-01
8.195899944954199157e-02
2.919339556517361878e-01
4.105203115889601850e-01
-4.116654879267431788e-01
-8.428175264294124336e-01
1.499078711523780250e-01
3.310308460482009885e-01
-4.080173715309820537e-01
-9.707620682692850167e-01
-4.119208537277532223e-01
-5.651984234982188049e-01
5.856857921680207468e-01
-9.463959802831809487e-01
1.431226133067899919e-01
-8.476698390115486870e-01
9.425427825664953740e-01
5.217436198872604791e-03
-5.311346002317833825e-01
-2.439025922134629987e-01
-6.577304841127291635e-01
5.404900011062685472e-02
1.097666346133605586e-01
7.348536236183844661e-01
