9.376083211504002701e-01
-7.874138908935701675e-01
1.763849920201470134e-01
3.240708225077071347e-02
-4.271581537937443329e-01
7.780055323881933660e-01
9.337436117086088672e-01
5.160403764081942235e-01
6.253794775987198129e-02
3.007537843820895507e-01
6.790141745300917187e-01
-7.677774070694411979e-01
2.205678508189152787e-01
-1.039932422138249990e-01
-4.521217929602965313e-01
5.600846726272901144e-01
-5.658515272521509321e-01
1.600709221836946750e-01
7.340652551117781144e-01
7.545037038030408816e-01
-4.246352573915128659e-01
-5.596754641658565621e-01
-3.438303570625964589e-01
-6.967205632091504341e-01
-2.719119416631876618e-02
2.560745288950450060e-02
-5.266378534904718745e-01
-3.314416240568553995e-01
-3.727749836593676758e-01
6.715507742982829154e-01
4.175930291836122965e-01
-3.185663222937893391e-01
9.337546661695754757e-01
-6.070697254486228100e-01
-9.603590832892261453e-02
-1.686248316228105004e-01
2.106376484354262058e-01
3.874683897779378494e-01
-8.502068373418492087e-03
-4.415322857120067557e-01
-6.120354404082650746e-01
-5.160034501811858743e-01
-5.337865587915580079e-01
5.451175699601895630e-01
8.973206914995466299e-01
-3.883338995150498185e-02
-4.212409395397993528e-01
-3.807658492931227379e-01
-3.008770323399172497e-01
1.042774911056247866e-01
-6.610137860657954167e-01
1.364308422810325272e-01
-8.551316845972167791e-01
5.055123450093541582e-01
4.387403551338935337e-01
-1.019201337586881362e-01
1.293221426516786288e-01
5.095141828556637442e-02
-6.277986803328436949e-01
-4.192958141325520138e-02
6.770715047489310745e-01
-2.439062142635786135e-01
-7.301786722820187148e-01
4.316494191168911421e-01
-2.469819939598012493e-01
-5.691089567552594097e-01
4.911634042210950568e-01
-3.404163193280096422e-01
8.372632976059084520e-01
4.921491889068594361e-01
3.768163563884061595e-01
-9.908357347462948272e-01
-1.233524858385126599e-02
-9.005825027160845320e-01
5.735805358413519350e-01
9.549391065456063199e-01
5.330408987464974047e-02
-2.059138929302211096e-01
-2.148409434152778186e-01
4.982788012366461405e-01
7.292004270541938560e-01
3.948860573510537542e-01
-6.711415163924829841e-01
-4.645211059104048523e-01
8.114201686432513938e-01
5.417792514357642197e-01
-4.469374948801485559e-01
-9.919115019737412275e-02
-3.819544797040250739e-01
1.708999204972805330e-02
-6.425820029815290102e-01
7.162822475345909101e-01
7.394072116581340559e-01
-9.914086628095264420e-01
3.643022072975379277e-01
-8.499172774319070367e-01
6.868717825655612508e-02
-2.836734430547418473e-01
7.360073520962926441e-01
4.900108939353553517e-01
8.609140385698617060e-01
-6.122472408758188323e-01
2.859080782339125104e-01
-5.114578504228846079e-01
2.030290962110454789e-01
1.534455568462567143e-02
-1.448798911587190208e-01
8.676880789644541014e-01
-9.215038043045709060e-01
-8.755808937227396171e-01
-8.191207960907502805e-01
2.550394827989936886e-01
-6.826504805647126695e-02
-2.435105683255600617e-01
-3.695865496449404208e-01
6.538198950394016329e-01
-8.004005122563504493e-01
-8.870686293975345027e-01
2.047175477452283232e-01
9.990914967994390938e-01
-3.280406291507489414e-01
2.047012756999626593e-01
3.454053629424747029e-03
2.182490021376026768e-02
7.203477271819149763e-01
1.206484447580746799e-01
4.630788894049990834e-01
-3.302770285904330638e-01
7.396730508057753894e-01
-6.033070601046037762e-01
-1.287980698587252171e-01
-7.934339895242144003e-01
7.213345257094454510e-01
8.453402288075608784e-01
-4.960109746260306096e-01
7.137928153691797117e-01
5.339537873925410683e-01
-1.761508101220436995e-01
6.466914835418842156e-01
8.939992735163038162e-02
2.856666260271414348e-01
-8.411319704018414001e-01
9.708483274103905103e-01
3.743547556507498264e-02
8.960917632832934299e-01
-4.816976271000252829e-01
2.256778326059116768e-01
1.932766468908917457e-01
5.322815432855818596e-01
-4.881503209961033374e-01
4.669057723084617528e-01
1.528270840548406895e-03
8.386013357983761463e-01
8.898875899478657647e-01
-7.496470345313064332e-01
9.816309314630504712e-01
9.536825432367768141e-01
-2.530653197377390473e-01
2.416014336087140002e-01
-9.192044953664766371e-01
9.060009409213727327e-01
2.878226964663790355e-01
-1.886013504280221742e-01
-3.183242959012508866e-01
4.289286534549208163e-01
5.738976520007068594e-01
-4.510004122759025957e-01
-1.741876264831396792e-01
-8.034207997821691816e-01
-5.931271199762739865e-01
6.678896582370015267e-01
6.945360055859384207e-01
7.640370265388558568e-01
9.826539119535460109e-02
3.073408213121398003e-01
-3.620697590753154671e-01
-5.698827584377863520e-01
4.122707661721380923e-01
8.020334457637190440e-02
6.706230265880395169e-01
-1.052566286248022287e-01
6.886768789659174494e-01
-8.489128179384646256e-01
-6.904708890004482846e-01
-5.374729663342108221e-01
9.722704713079706185e-01
-2.498615179352658977e-02
7.386804705352669753e-01
7.317423334033064108e-01
-6.122668032926033010e-01
3.272372258148248392e-01
2.788221626165974243e-01
-9.580721187177183573e-01
-4.190471659666163973e-01
-3.619977099361904038e-03
7.962892090281026292e-02
-7.875471454058631249e-01
-1.872320020204318869e-01
2.929827404582092676e-01
-1.021979691644738786e-01
7.238974715317487707e-01
4.464306487090270448e-01
5.893953599178805014e-01
1.252130747640429753e-01
-8.011494098870659553e-01
6.415444717082399162e-01
-3.543250182139034976e-02
-2.889927898805422224e-02
-7.476155945642046774e-01
-9.214470179440317210e-01
5.036392928117652268e-01
5.624987693344842832e-01
4.243796185474497662e-01
4.785666707763236438e-01
6.458878414752688979e-01
-7.663967104333964109e-01
4.427838543698885410e-01
1.758270434281030692e-01
9.401510463418363273e-01
9.072869156095586529e-01
1.372428873278939143e-01
6.968647064599873264e-01
3.944708680320343497e-01
8.502302084594683951e-01
7.602261917435813032e-01
-4.910356853945803124e-01
2.347248680333491322e-01
3.084526523568853484e-02
6.798824394416804751e-01
3.160135641057413292e-01
2.004544182728051904e-01
-9.304469284339556001e-01
1.055020267348349972e-01
-1.142709080678092626e-01
-2.581728149881692413e-01
-8.718156633887172990e-01
-7.247551757797103811e-01
3.412423620076479036e-01
-8.950874358635323436e-01
-9.470052433244759982e-01
-6.430543844425677946e-01
-2.694802215128762057e-01
1.813149074323725518e-01
-8.085701665559541507e-01
5.030682516279183503e-01
-9.470610484198660473e-01
-7.862485088532478184e-01
2.828941207911359612e-01
6.291569150667708499e-01
4.259939330079292041e-01
-8.427194156611979015e-01
-9.075681189427038387e-01
-9.788466791693428704e-01
6.671862470943261680e-01
6.017545277103482082e-01
3.773137614532529049e-02
2.537611178426197878e-01
3.497748654327921258e-01
9.462828546365154025e-02
9.981707613061825413e-01
1.816463677277340150e-01
3.784413409735787326e-01
6.561360166895673363e-01
2.757149434034060764e-01
5.086978670021993221e-01
