7.443111573760432531e-01
3.149047863901779376e-01
-1.505606526563134651e-01
-1.801661094038355948e-01
-6.444973163482590195e-01
4.594949596741790820e-01
1.471539530934173889e-02
-4.947155360533539437e-01
-6.665453135417358510e-01
-3.363962540872258433e-01
3.985090454513486868e-01
8.505153240667406855e-01
-8.762463466320020711e-01
-1.932264750559298250e-02
6.836862453482179802e-01
8.519951318740857094e-01
5.827430392702366291e-01
-9.696968109196972829e-01
-6.538456977890201305e-01
-4.267286809643242584e-01
8.011681154400460692e-01
-5.787512535066339225e-01
2.905781765042312337e-01
-1.002244660657796160e-01
-3.277422034465544698e-01
-9.435576447682163526e-01
-5.455511786889259973e-01
8.075586191989447826e-01
9.537917002129931987e-01
4.627909329866799482e-01
1.144860889471177590e-01
-3.585094605823757608e-01
-2.774584830466628738e-01
7.194623047878399014e-01
8.038304918318361914e-03
-5.384346240402650974e-01
-6.455550221778389997e-01
-3.869304654847338654e-01
2.072184282520899146e-01
1.151273531548451245e-01
-1.121542785009133070e-01
-4.484188000431572618e-01
8.756914470980348142e-01
-5.100265982657308239e-01
9.703301535282908841e-01
-5.808534389783355234e-01
3.627343404016512007e-01
-6.180764089697818875e-01
7.345975704151970209e-01
2.577209834035463221e-01
-7.797963116449764254e-01
-5.304890168447284893e-01
7.967163610889549386e-01
-5.797564443051816951e-01
6.632750633730206680e-01
2.499703954965371011e-01
-4.699711164311990430e-01
-5.719847801520296926e-01
-9.528880480520214302e-01
7.928562249250141747e-01
4.119739817212451083e-01
9.256932099005659165e-01
-4.635982856677924868e-01
-1.613210324227880577e-01
7.137681868091840798e-01
6.154346467411617727e-01
-8.244678463705794602e-01
3.182658667170101818e-01
-6.084425376483137970e-01
5.356987720954882182e-01
-2.347090725286005153e-01
9.205002026749691257e-01
-1.678545411064062964e-01
-1.870494803648488080e-01
-8.293430013016300784e-01
8.220873521842377851e-01
-2.361410251651760994e-01
-5.476859835722915903e-01
-7.843766079446041761e-01
4.505131764340408740e-01
3.908673451010113986e-01
-5.354213497527948729e-01
3.482979527696512534e-01
-1.968326067242998079e-01
5.588824875789399904e-01
6.588106038210215232e-01
2.226204296919866987e-01
-7.708660259319233266e-01
8.690518700771854288e-01
6.593795453594084588e-01
-4.790351986925522887e-01
-4.973636688888822821e-01
-5.940207886790234149e-01
3.434915209819457971e-01
1.858193894922295364e-01
5.690198623877114059e-01
3.727393394747235966e-01
-9.727352453239617169e-01
8.000958606741144230e-01
1.544977850349176229e-01
3.338975580818177580e-01
1.558863915154540258e-02
9.437545974688281714e-01
2.727213400641668173e-01
4.541712063343223971e-01
1.630354032904519634e-01
-7.277153754219629622e-01
-5.404810729278826109e-01
-1.199225190156494314e-01
-2.483551237186387706e-01
2.134661717821202398e-01
5.352652549430270135e-02
3.315422321664105443e-01
4.917669448247952158e-01
-7.495430072802777843e-01
5.694334973706502989e-01
8.116684844270438681e-01
5.228014908655798099e-01
2.343262488529507248e-01
-5.524899216623357923e-02
-1.773516102929995064e-01
4.577414573453375546e-02
8.579471664548570242e-01
3.649136503338015203e-01
-8.615220213418417483e-01
-8.970157789968364881e-01
8.385456569774198954e-01
-4.633254321674291631e-01
-3.674649958344189393e-02
-2.803876311680508771e-02
7.513648517488249468e-01
-2.350730636630700143e-01
-3.692794748098744417e-01
1.265918400954468837e-01
-5.366137613749353275e-01
-9.057296174295801361e-01
-3.938593860521444334e-02
6.269937649997197049e-01
4.420418165746082817e-01
-9.842016772795243451e-01
-3.357691269214111429e-01
5.851533043017000946e-01
6.343490547938921420e-01
-8.251165214737712361e-01
8.287700974497533846e-01
-5.740881817987049107e-01
-6.611856254050978432e-01
5.022334613119310287e-01
-3.776737376334549090e-02
-3.376749012678621487e-01
9.766184735569289899e-01
-6.025931433578879393e-02
1.069571843733685412e-02
-3.244544045058361803e-03
9.174989974235832069e-01
1.783771370219802144e-01
-9.192276899729965312e-01
-1.539231574586210627e-01
8.196507385885447583e-01
7.205219816445482817e-01
-5.636536792159734244e-01
3.445456566076441351e-01
-7.180267789129222145e-01
-2.600521020913502124e-01
-2.948548957731835785e-01
-2.908066880285351541e-01
-5.809041338909060048e-01
-2.624177666524400987e-01
9.048406479151402948e-01
-2.178866027190233812e-01
-6.872468005081318054e-01
1.796023569492539718e-01
3.014936263255281190e-01
-4.588737511156786297e-01
-7.533675339227714485e-01
-7.198826068337211836e-01
-5.717283488665101387e-01
4.830591541845361547e-01
8.019562705370513189e-01
-1.508221786323840075e-01
-4.850354514806691775e-01
1.150508605786602079e-01
7.800938758585169719e-01
7.777322913175874763e-01
-2.893188749196466958e-01
6.962061413462727888e-01
-2.330543872252024418e-01
-6.597820990812841568e-01
5.485588257890920971e-01
4.003479144940356171e-01
1.108233155764899447e-01
2.442756840359772141e-01
8.854063293645233479e-01
7.065549146776972655e-01
-7.144862810362742067e-01
7.759713249859150341e-01
-1.689119994620686960e-01
7.760541041586077604e-01
9.731524738997670010e-01
7.404461738317158481e-01
-9.754805226827800713e-01
-2.157060117855389425e-01
-4.157816224203303435e-03
4.576984231672149850e-01
-8.898919401642155780e-01
-2.993330494078847437e-01
-6.243640832704706600e-01
-9.745185783886938236e-01
3.350749669054795543e-01
2.239898237756259292e-01
1.776693106768734154e-01
2.358466454954935010e-01
-8.351924427838948173e-01
2.281013468521928544e-01
8.043940592936749123e-01
-6.507973848564674313e-01
1.876345292335956927e-02
2.800743432330419225e-01
1.761160797191756444e-01
7.492164914495622607e-01
5.576375522513836724e-01
6.226195440549280313e-01
8.799407865138735296e-01
3.377056515984393492e-01
-4.697435941495966549e-01
-6.348762141363388789e-01
5.006487040938005784e-01
7.929049822289229166e-01
-2.475842991753249844e-01
7.111248812130104291e-01
9.764658128201531007e-02
-4.985046581892329520e-01
-2.262320400973054646e-01
-3.210694216737239870e-01
4.676433041235439347e-01
-1.150343535697588848e-01
4.469955796367179879e-01
-1.776644688735427025e-01
3.840405995782720794e-01
4.080746431474386871e-01
6.259043918138047502e-01
4.810912797516757600e-01
5.158323567237212970e-01
-3.272253652515859645e-01
6.862888785893792587e-01
1.109535175550493413e-01
6.213347813383647278e-01
-4.378586039396730190e-01
9.568233611472456435e-01
-4.929978544408877283e-01
8.805465959221190353e-01
5.768853565865195154e-01
6.611225248228640439e-01
-5.618938795769328198e-01
-9.254428234646379092e-01
-6.258639816394055977e-01
-6.041445245486076754e-01
9.941061584795833905e-01
3.274939084358319263e-02
-8.525843174399643232e-01
-1.428813086629838747e-01
-7.305480012146261526e-01
-7.863558140461290868e-01
5.558476982388198540e-01
4.915432629400640074e-01
