1.000000000000000000e+00
6.784914372623409573e-01
-8.638565462837313191e-01
-2.227796398256141064e-01
4.636174083340997010e-01
-6.009615073603491453e-01
1.933539690787137166e-01
1.000000000000000000e+00
4.509864196912712897e-01
-7.117298353069667627e-01
-3.440848454446809868e-02
8.552463735756739016e-01
-1.000000000000000000e+00
4.852757671044833909e-01
-7.865097456604184245e-01
-7.236404616356679753e-01
-1.000000000000000000e+00
1.000000000000000000e+00
-9.611201809853795464e-01
1.000000000000000000e+00
-6.220355854420862585e-01
1.504278012839312950e-01
4.767994651831120034e-01
1.000000000000000000e+00
8.077737440127474855e-01
6.822126571630098280e-01
-6.137431806766884268e-01
-7.652929014286913301e-01
-6.158974874043379177e-01
1.000000000000000000e+00
1.000000000000000000e+00
-1.000000000000000000e+00
-1.000000000000000000e+00
-7.721075570151847423e-02
-1.000000000000000000e+00
1.000000000000000000e+00
4.707321765464513863e-01
1.000000000000000000e+00
4.496281979109333360e-01
-3.493579877287455449e-01
-5.066810872038247648e-01
-1.000000000000000000e+00
-1.501862355300032092e-02
3.544942473966617436e-01
-1.000000000000000000e+00
1.000000000000000000e+00
-4.604315215387095872e-01
1.000000000000000000e+00
-2.879830923540629278e-02
1.000000000000000000e+00
9.183281539104587443e-02
3.024377480205888702e-01
1.000000000000000000e+00
2.276058706062418224e-01
5.214307517167680039e-01
9.422366794987008243e-01
-5.464502928220599243e-02
3.471778665573279632e-01
-1.000000000000000000e+00
-1.000000000000000000e+00
1.000000000000000000e+00
-7.414114741308499568e-01
-1.788686861908805881e-02
1.000000000000000000e+00
1.000000000000000000e+00
1.302189633402373037e-01
-6.895076251674501222e-01
-6.113023777720374419e-01
1.000000000000000000e+00
-8.389927481892939243e-01
7.996699947642028627e-01
-1.000000000000000000e+00
-3.242277910383985495e-01
-6.992284031660789267e-01
-1.000000000000000000e+00
-4.589266796004144999e-01
1.000000000000000000e+00
-3.860341955990387319e-03
2.258139834988088790e-01
-8.999859417489026736e-01
1.744726558886182666e-01
6.573590750514604064e-01
-1.000000000000000000e+00
9.893536670065072869e-01
-1.000000000000000000e+00
5.996716675676009300e-01
-1.000000000000000000e+00
1.000000000000000000e+00
3.595881358815940509e-01
-1.852216598694008676e-01
4.263046304154145538e-01
-9.756237766132784817e-01
1.000000000000000000e+00
1.000000000000000000e+00
1.000000000000000000e+00
1.000000000000000000e+00
-2.028895027139072660e-01
-1.000000000000000000e+00
2.485209125009245623e-01
5.970710598708564021e-01
-1.000000000000000000e+00
-3.795317116142700731e-01
1.000000000000000000e+00
3.970587133786604994e-01
-2.044268155342687798e-02
-2.314912700035618442e-01
-5.438636162010015429e-01
1.000000000000000000e+00
3.370758317782838187e-01
-6.441117048820982349e-01
7.294285103794235781e-01
7.108140409557475170e-01
6.772991816496918283e-01
-5.712456002708953262e-01
-1.000000000000000000e+00
6.582173626534408850e-01
-7.753194118941346691e-01
1.000000000000000000e+00
-1.000000000000000000e+00
-1.000000000000000000e+00
-4.984112440494443130e-01
-9.896867672141582695e-01
-1.000000000000000000e+00
-8.645511393992133531e-01
-2.140469692197062845e-01
-1.000000000000000000e+00
5.248833493420115293e-01
1.000000000000000000e+00
-8.752658296859596732e-01
2.111189423197616932e-01
2.159599682964390421e-01
7.756136768830648176e-01
1.000000000000000000e+00
-7.142708221138305280e-01
-1.000000000000000000e+00
-8.323006455801928993e-02
1.229732596842408737e-01
-6.514219858344392211e-01
-6.049017187547882646e-01
-4.244195892043642893e-01
1.000000000000000000e+00
-4.538140786316170461e-01
9.902406210552879839e-01
-6.088276420163604152e-01
-7.907802281214488804e-01
1.000000000000000000e+00
-7.647334802881569082e-01
8.413109998129506550e-01
6.564794746296666039e-01
-9.664563562396484286e-01
5.708209928326126725e-01
-1.000000000000000000e+00
-2.044651792647829702e-01
-1.539001971620885811e-01
-1.000000000000000000e+00
-1.000000000000000000e+00
4.353014539895840029e-02
3.570971371598179456e-01
7.330721624032565664e-01
6.347444012084119125e-01
-6.076458234653597801e-01
-2.787949230931985323e-02
1.000000000000000000e+00
8.189534917634573308e-01
-6.650038650670819784e-01
8.466977581518699836e-01
1.000000000000000000e+00
-5.673738100245921956e-01
-1.538916195769912676e-01
-1.000000000000000000e+00
-3.358377632201638985e-01
-8.217276939379521972e-01
1.000000000000000000e+00
-2.813984194822557461e-01
-1.000000000000000000e+00
1.000000000000000000e+00
1.000000000000000000e+00
3.716068900754534443e-01
-1.000000000000000000e+00
5.525518663054436175e-01
-1.000000000000000000e+00
6.112549836950329496e-01
1.000000000000000000e+00
3.357679445417779407e-01
-7.938225180790635660e-01
-1.000000000000000000e+00
7.258695988708543378e-01
9.881512541604751121e-01
2.270476839433908101e-01
-1.238140811675980113e-01
7.878749024227674203e-02
-1.000000000000000000e+00
-3.914899943444327679e-02
2.309382732960920115e-01
7.145284791019337334e-01
3.667942228830453621e-01
7.091884698232167050e-01
1.515607469750831493e-01
4.321205760462270007e-01
-6.298108216242397361e-01
1.000000000000000000e+00
1.000000000000000000e+00
-4.762536129670147389e-02
1.000000000000000000e+00
-4.547839921560650200e-01
5.482239360584456600e-01
7.197529389443981795e-01
1.000000000000000000e+00
-7.229031377772466849e-01
1.000000000000000000e+00
-8.972301582892853178e-01
-6.969056964925854913e-01
1.000000000000000000e+00
1.790679822668919119e-01
5.651665618368968413e-01
-1.000000000000000000e+00
1.000000000000000000e+00
8.227268819955042556e-01
1.000000000000000000e+00
-3.896976421412757796e-01
-2.764668315557212708e-01
-1.000000000000000000e+00
-2.844879609281122934e-01
7.700265319120245255e-01
1.000000000000000000e+00
-1.000000000000000000e+00
-1.000000000000000000e+00
9.417625264637198290e-01
7.675694116012190538e-01
-3.607775969650233172e-01
-1.000000000000000000e+00
-9.624452259754474603e-01
-7.378059495510500554e-01
-1.000000000000000000e+00
4.742878999739410517e-01
5.465993847884949020e-01
-5.988778735898174777e-01
3.372355104965454320e-01
-9.574129483285480635e-01
5.894128631472250746e-01
9.442044717829554124e-01
1.000000000000000000e+00
1.000000000000000000e+00
-1.465243961084334856e-01
1.000000000000000000e+00
-1.000000000000000000e+00
2.227771137501894927e-01
-1.000000000000000000e+00
1.191524610448897459e-01
5.807169763839481469e-02
1.094365063012832651e-01
2.323362465235562224e-01
1.962587009664318316e-02
9.231940057210508144e-01
1.000000000000000000e+00
-1.000000000000000000e+00
1.000000000000000000e+00
1.000000000000000000e+00
1.000000000000000000e+00
-3.757070741790278223e-01
-4.511633548609956801e-01
1.176017543434288992e-01
5.872970276138000933e-02
4.448135397735142327e-01
9.285865969893427607e-01
