-1.385269455084430223e-01
-2.199749183596713120e-01
-4.045232379731740213e-01
8.479390344971529103e-01
9.173751439194475221e-01
1.306404164694243697e-01
4.084520932621322764e-01
-8.725386447043641525e-01
-6.156779941861800776e-01
-8.831993607953598779e-01
7.987711696032051556e-02
-3.114519512022602132e-01
8.749298809637888752e-01
-2.116846743234421790e-01
-7.420153771208226612e-01
7.896579856296690458e-01
-9.335891136174390148e-01
-2.240239527887997184e-01
-1.963001100195924664e-01
-3.110380933129195391e-01
2.340115516437613064e-01
-3.218505430866636097e-02
-1.931461889365833073e-01
-4.095392294650366249e-01
8.884853720740899519e-01
6.158015402019154649e-01
6.653460043442018801e-01
-7.094079163008788491e-01
5.633805594627254720e-01
9.659928156421169199e-01
5.396918401602184279e-01
4.836367020718426168e-01
-2.431455596078195835e-01
-8.786864665558664633e-01
-1.322220148604118517e-01
-1.957193365136047358e-01
-1.727827169603357582e-02
7.924058281060641917e-01
4.992491434235903913e-01
2.098594864889919975e-01
7.161409101266429378e-01
-7.685097276961339041e-01
-2.904165968344916138e-01
3.048724124726414075e-01
3.460245939672663695e-01
5.509482420603071251e-01
1.318004880141119273e-01
1.436507611557849007e-01
-4.503016711342382461e-01
4.783646903375446957e-01
4.976639873365025224e-01
4.066506181528828368e-01
-9.641632488364137998e-03
-7.234809618793787145e-01
7.855433756895093822e-01
-2.404102565270562764e-01
-1.351847676612867311e-01
-5.083577594108199538e-01
-1.029142003130025795e-01
1.889030768409161176e-02
-1.230182357375237956e-01
-6.245337372890289451e-01
3.195052296990854579e-01
-7.431648319294450467e-01
8.637262430300209903e-01
1.167015633112034045e-02
-3.709702074605294442e-01
-1.993715916734155602e-01
1.961314802814080327e-01
4.932656952941969486e-01
8.001699597583982193e-01
-8.847813952305259022e-01
-2.352319437804364366e-01
8.335171345408534105e-01
-6.503834044010177173e-01
6.120733104656876922e-01
8.875957456632299625e-02
-1.372976595288957213e-01
-6.772810534184963149e-01
4.196816453231699828e-01
-8.900196278312919596e-01
3.288099663773444981e-01
-9.565668225050567575e-01
8.792776136917312968e-01
-7.326420882028490400e-01
-2.657669778919091730e-01
2.825817693265548769e-01
-8.137154282393805893e-01
-4.968711550237392416e-02
6.843464372431098397e-01
9.130412671820435921e-01
-3.207497807546879631e-01
-6.428604863134599334e-01
7.849031961233543520e-01
4.770513350171865508e-01
-7.279867915370594744e-01
7.666254676573902582e-01
-9.985494993787942253e-01
-3.295560474135326157e-01
7.061169720909099556e-01
-3.947067755924567045e-01
1.966661009659960158e-01
5.710370645400524303e-01
-4.475670420379198600e-01
-4.332676745055548118e-01
-7.104594746699162133e-01
-3.068553674176577317e-03
-7.998211522631208936e-01
-5.963850139211501755e-02
-3.891232684025334176e-01
2.273992815663494760e-01
-8.554226290644688646e-01
-2.862134923507064777e-01
-8.450385137390252765e-01
2.285763200423347463e-01
-9.892043846439630972e-01
2.325914799650135034e-01
-5.621784240537097688e-01
-9.575175687819605930e-01
-1.991155577587615522e-01
-4.873435057845081353e-01
-4.568704102664675748e-01
7.056845042445289984e-01
-2.438122635432076191e-01
7.049093491141360523e-01
-4.443737964200660251e-01
1.367386440213373966e-01
7.223464706014397496e-01
-8.104232983854564587e-01
1.006322995745196902e-01
7.759109820505187827e-01
6.949494388481247675e-01
-6.151078964016525319e-01
5.674661561023739420e-01
-8.809121551332239619e-01
-9.276765664723476412e-01
7.408692450080733849e-01
3.673451625281642929e-01
-8.981211971262295091e-01
4.450008181391047479e-01
-5.456129220140966130e-01
-8.570626325554053793e-02
-1.185617400224265872e-01
-3.593348859548355367e-01
-6.430415369937840797e-01
9.248856567842140830e-01
-5.233646345044979942e-01
-9.885571947115028291e-01
4.299757843676057512e-01
7.028036277818823230e-01
3.812375956438789348e-01
7.303555788429041407e-01
-1.341970203628437552e-01
-1.873681348019995418e-02
3.233709819759587045e-01
5.125289630653608874e-01
3.659523868250800227e-01
-1.842704939316008872e-01
-9.650443313264898126e-01
2.241726310989651250e-01
6.303265582369910192e-01
-7.383673008902273960e-01
-7.510791876560252156e-02
-8.414766604560846019e-01
1.264920216467502190e-01
4.318727631151280111e-01
-9.138327657183278330e-01
9.400541360587910678e-01
8.630163228064657854e-01
-2.049408061601807329e-01
9.836668317633596725e-01
9.801341039968554103e-01
-4.222291813949548001e-01
-3.283874805858730817e-01
2.095271683761850134e-01
-6.438575323537887307e-02
9.054660753174070820e-03
-7.732138718963534885e-01
7.543193393328062601e-01
-3.708463604229628174e-02
-1.238943993066226046e-01
5.989663703850995891e-01
7.953214658953624561e-01
5.802011802315665268e-01
6.291310693617075955e-01
7.017819956421744720e-01
9.678318294308405623e-01
-1.370087873274061785e-02
6.170803469707055733e-01
3.990148092577809891e-01
-8.039363509685859555e-02
-5.626966204272392247e-01
-8.186455629371607312e-01
-9.250824270429827134e-01
-2.697809298336248940e-01
2.474081242559749150e-01
1.558252133823767593e-03
-5.891487650769542395e-01
-4.881408673943488097e-01
-1.900277958728144867e-01
8.541913193235122215e-01
-7.605598444090062582e-01
-7.078599910386975669e-01
-3.570504910894798378e-01
9.632713935313819142e-02
-7.430517351613665777e-01
1.852818647675364971e-01
6.280792554116805260e-01
3.594108229270822630e-01
-4.125441586272593497e-03
-2.229970696845393618e-01
2.309373522383570965e-01
4.090621521314816711e-01
-1.701799423842551562e-01
4.250070383493236292e-01
-1.132926756245757893e-01
-5.386340063896224439e-01
5.503725847385700920e-01
1.986781848976033604e-01
-7.086443805270747909e-02
-8.630070125795497038e-01
-7.081118562355674939e-01
4.723196673512419785e-02
5.768847921246655908e-02
2.582158549295408001e-01
9.390204251647371603e-01
5.012787648288734577e-01
-1.573365802834063576e-01
-7.082711559216430253e-01
2.867028320151923104e-01
-4.333507305535451160e-01
5.800778106330484185e-02
-8.095963433648014629e-01
7.048068626200483244e-01
-9.016001645266016329e-01
2.964744496228142179e-01
-9.758373288309727389e-01
-2.606889265857683657e-01
9.347382239798243120e-01
6.761462310173849133e-01
3.227311233950080904e-02
4.581326695742014010e-01
-9.031306421681040142e-02
1.312738007320144451e-01
-4.330444491646951999e-01
-5.032126455343630678e-01
2.058997883501567649e-02
3.612372664570542291e-01
6.833549292238616513e-01
1.161687137585274421e-01
-7.578368478540022934e-01
1.884732824554842257e-01
6.583018316394397829e-01
3.449652141467240973e-01
7.863271079374152261e-01
1.329521615340480967e-01
-2.158771061679880532e-01
-1.440120599524752354e-01
-4.776246708951314979e-01
-7.853289285963895860e-01
3.769390918366735121e-01
-7.153853932398455129e-01
-7.360582666251094253e-01
-9.005236128066362866e-02
-8.019228506998081762e-01
