-5.601252284415125793e-01
1.243220304305503454e-02
1.000000000000000000e+00
1.000000000000000000e+00
-5.347316679239005888e-01
1.000000000000000000e+00
-5.679008406701395728e-01
3.606504882565381154e-01
-4.276732207996111201e-01
7.484870651325289392e-01
7.323482746764999884e-01
-1.000000000000000000e+00
3.699563762203564865e-01
1.000000000000000000e+00
9.937896470482676659e-01
-1.000000000000000000e+00
-1.000000000000000000e+00
4.512469629111621194e-01
-2.317702756613315707e-02
-1.000000000000000000e+00
-1.000000000000000000e+00
-1.000000000000000000e+00
8.782906841194787484e-03
-1.000000000000000000e+00
-1.000000000000000000e+00
-7.703060739573684979e-01
1.000000000000000000e+00
1.000000000000000000e+00
1.000000000000000000e+00
9.898794111838264964e-01
-2.243150884199081041e-01
1.000000000000000000e+00
6.869827841423222781e-01
-7.227410672302946315e-01
-2.631550024952988842e-02
-1.790984360751767257e-01
9.303512873273086514e-01
-1.000000000000000000e+00
-6.090562643701136203e-01
1.546044453482665337e-01
3.425885097753667563e-01
1.000000000000000000e+00
-1.000000000000000000e+00
1.000000000000000000e+00
-1.000000000000000000e+00
1.000000000000000000e+00
1.000000000000000000e+00
-1.861426919448732065e-01
4.415329867860795510e-01
9.505316449440874838e-01
3.057079769076063158e-01
-7.155765307644165740e-02
-2.272456721452459638e-01
-4.155813165520982899e-02
1.000000000000000000e+00
-1.000000000000000000e+00
-6.653659300105153607e-01
1.000000000000000000e+00
6.412902342184141347e-01
-1.000000000000000000e+00
-1.000000000000000000e+00
5.843848471195962624e-01
-1.000000000000000000e+00
-1.000000000000000000e+00
-1.000000000000000000e+00
-1.000000000000000000e+00
1.000000000000000000e+00
1.000000000000000000e+00
-2.832713903267130018e-01
5.896886450993322759e-01
-1.000000000000000000e+00
-3.160145700870777841e-01
-1.000000000000000000e+00
-1.000000000000000000e+00
-1.000000000000000000e+00
-5.938524416812085427e-01
1.487142235633701626e-01
1.000000000000000000e+00
1.000000000000000000e+00
1.768063195495096496e-01
-1.000000000000000000e+00
1.914708806289553422e-01
-1.000000000000000000e+00
6.542180203877234757e-02
1.000000000000000000e+00
-1.000000000000000000e+00
1.218784818217149013e-01
2.942548096616102726e-01
9.988838920658819065e-01
1.000000000000000000e+00
1.000000000000000000e+00
1.000000000000000000e+00
-1.000000000000000000e+00
-1.000000000000000000e+00
-1.000000000000000000e+00
-1.923465212975324912e-01
7.861770485844155054e-01
1.000000000000000000e+00
-3.698904117486181975e-01
-1.000000000000000000e+00
1.000000000000000000e+00
1.000000000000000000e+00
1.000000000000000000e+00
-1.000000000000000000e+00
-4.278923831010178480e-01
3.687256783270281280e-01
2.565242787962786486e-01
1.000000000000000000e+00
-1.000000000000000000e+00
-1.000000000000000000e+00
1.000000000000000000e+00
-1.000000000000000000e+00
-1.000000000000000000e+00
-9.375004492367200459e-01
-1.000000000000000000e+00
1.000000000000000000e+00
-4.787102700811729505e-04
7.737344971811445093e-01
7.447437364045639274e-01
1.000000000000000000e+00
-7.577471301335199083e-01
7.718632739336876991e-01
-1.000000000000000000e+00
-3.230801760068010564e-01
-1.000000000000000000e+00
2.683590265914830297e-01
-1.000000000000000000e+00
1.000000000000000000e+00
-4.726043827325825952e-01
8.947818657911326135e-01
9.266950532753350789e-01
-1.000000000000000000e+00
1.000000000000000000e+00
-1.000000000000000000e+00
-5.668468173987005754e-01
3.750312326267690177e-01
1.000000000000000000e+00
-1.000000000000000000e+00
-1.000000000000000000e+00
-3.670614692055943484e-01
-1.000000000000000000e+00
-1.000000000000000000e+00
5.188100778625559517e-01
-8.917776403067900759e-04
1.000000000000000000e+00
8.338556386630212591e-01
-4.139909992571513264e-01
1.000000000000000000e+00
-1.000000000000000000e+00
-7.256828265922254939e-01
-1.000000000000000000e+00
-1.000000000000000000e+00
-8.903281979440548222e-01
-3.435834647805480202e-01
1.000000000000000000e+00
-1.000000000000000000e+00
1.000000000000000000e+00
-6.117171531725638101e-01
-5.948662464698553087e-01
5.390406526361172235e-01
1.000000000000000000e+00
-1.277249271524361074e-01
3.694812548464262436e-01
1.000000000000000000e+00
-1.680437590195302811e-01
6.423509247507637188e-01
7.275038509303387579e-01
1.863530946098123364e-01
1.000000000000000000e+00
-1.000000000000000000e+00
-1.000000000000000000e+00
1.000000000000000000e+00
-1.000000000000000000e+00
8.981949098186188252e-01
-1.000000000000000000e+00
1.000000000000000000e+00
-1.015410506744753860e-01
2.420834911083493690e-01
1.678372863587590524e-01
-1.000000000000000000e+00
-1.000000000000000000e+00
-2.710375324581224543e-01
1.000000000000000000e+00
6.344454530914662715e-01
-1.000000000000000000e+00
1.000000000000000000e+00
-2.312296036466255367e-01
5.015547211884199275e-01
-1.000000000000000000e+00
-2.043811594227834538e-01
-7.811703985283136031e-01
-9.115998862182767004e-02
-1.000000000000000000e+00
1.170180586327612821e-01
-3.661437248230573482e-01
-1.000000000000000000e+00
-9.571382381809167006e-01
-1.000000000000000000e+00
-3.843668690246067055e-01
-3.380305191279722177e-01
1.000000000000000000e+00
1.000000000000000000e+00
1.000000000000000000e+00
-1.000000000000000000e+00
1.000000000000000000e+00
5.826054878127411296e-01
1.000000000000000000e+00
5.007279667394161082e-01
9.907513540130299390e-01
1.000000000000000000e+00
-7.209676315029048821e-01
1.000000000000000000e+00
5.903453408056411611e-01
-1.000000000000000000e+00
-3.029463416480825955e-01
-5.846161453872835700e-01
-3.567696357398405516e-01
5.386820183112864813e-01
-1.000000000000000000e+00
5.679152305044622429e-01
1.134878625622480208e-01
-1.000000000000000000e+00
1.000000000000000000e+00
1.000000000000000000e+00
-1.000000000000000000e+00
1.000000000000000000e+00
1.000000000000000000e+00
6.047825008598746166e-01
1.000000000000000000e+00
-1.000000000000000000e+00
4.127327584349523848e-01
-1.675296981942868690e-01
1.000000000000000000e+00
-1.000000000000000000e+00
-2.420071631834678216e-01
-5.960331663873617014e-01
-1.000000000000000000e+00
6.425290601638165011e-01
-1.000000000000000000e+00
-1.000000000000000000e+00
6.944892970494550566e-01
-8.601346005668367711e-01
2.981565210288770196e-01
6.274977996119146528e-01
1.000000000000000000e+00
-1.000000000000000000e+00
1.000000000000000000e+00
1.000000000000000000e+00
1.000000000000000000e+00
-1.000000000000000000e+00
-1.109374984364599470e-01
1.000000000000000000e+00
-1.000000000000000000e+00
8.044435916142180787e-01
-7.159173338941523523e-01
1.000000000000000000e+00
-9.235403015659591208e-01
9.822251388507009517e-01
1.000000000000000000e+00
6.295961326186971796e-01
6.076594030125110901e-01
-4.171210154924955837e-01
-1.000000000000000000e+00
8.875381905648469516e-01
-2.852517259179853104e-01
