6.218275685084602156e-01
-7.398984665773222780e-02
4.449235236938674509e-01
-9.846215334894846682e-01
1.000000000000000000e+00
3.248386959378477545e-01
3.109461244680182812e-01
-1.274941666371274263e-01
-1.000000000000000000e+00
1.000000000000000000e+00
-9.829845976517629369e-01
-8.682024553105582854e-01
1.000000000000000000e+00
-6.056655031478463957e-01
1.000000000000000000e+00
-1.000000000000000000e+00
-2.824260144240658410e-01
-6.780774435267431510e-01
-7.571656197355323137e-01
5.167337891880279255e-01
9.618394550557560763e-01
7.140240904304562264e-02
1.000000000000000000e+00
1.103286770310185627e-01
8.576503588069039896e-01
-7.312402619688622707e-01
-1.996659063050416627e-01
8.174569256798212002e-01
7.957442018720628507e-01
-1.000000000000000000e+00
4.168633317513517067e-01
-4.667247779654699613e-01
1.000000000000000000e+00
-3.602893635943827944e-01
1.361767745482291847e-01
9.960763281373110622e-01
8.205058499598667510e-01
4.633371019664811463e-02
-7.962051910403298294e-01
-1.541833049602482353e-01
1.000000000000000000e+00
9.254963613023803326e-02
5.927476308779033864e-02
-1.000000000000000000e+00
7.636025347997000834e-01
-5.349839184880336163e-01
-9.291290737590369719e-01
-6.799954814119568702e-01
-6.388337358808759969e-01
-1.000000000000000000e+00
2.259203908209465039e-01
5.070524787288915869e-01
1.000000000000000000e+00
-6.477481872800505691e-01
-5.109067217213760781e-01
2.156803453409306126e-01
-1.000000000000000000e+00
3.144807315373942536e-01
1.000000000000000000e+00
5.910742040109528972e-02
-1.000000000000000000e+00
-2.449366998755233560e-01
3.499557774387536124e-01
1.000000000000000000e+00
-9.044294042918749055e-01
9.862127237112141565e-01
-3.457404389231388819e-01
-1.000000000000000000e+00
-1.000000000000000000e+00
-1.660262929482183847e-01
7.419571065553116629e-01
-6.632882756880200681e-01
1.000000000000000000e+00
4.432047026785412847e-01
-2.866961569462422865e-01
-1.000000000000000000e+00
-1.000000000000000000e+00
-4.040959122364143896e-01
-5.823433727537212778e-01
-1.000000000000000000e+00
-4.596521291414338295e-01
3.065794903514722503e-01
1.000000000000000000e+00
-1.952568805782055605e-01
-8.575830620376156954e-02
-8.028523629513173443e-02
1.000000000000000000e+00
1.000000000000000000e+00
3.412611627119990221e-01
-4.835450948652219028e-01
4.595344747333938162e-01
4.424535398274427322e-01
-2.116866334363914359e-01
1.000000000000000000e+00
-1.000000000000000000e+00
1.000000000000000000e+00
-6.184923633800645248e-01
-1.000000000000000000e+00
1.365844874083199656e-01
-4.416373373506772282e-01
-2.025880159840430794e-01
9.145214110684535269e-01
-9.897783126548951316e-01
3.779913517320097061e-01
-1.963895329141878976e-01
-1.000000000000000000e+00
3.783497074442661035e-01
-1.000000000000000000e+00
-2.493005215462432700e-01
-1.000000000000000000e+00
7.714228417857567077e-01
-8.611010038044215609e-01
-1.829541937120613415e-01
1.000000000000000000e+00
-1.000000000000000000e+00
-1.163984972424669806e-01
-2.729885907284123128e-02
-5.213720650147035673e-01
1.000000000000000000e+00
1.000000000000000000e+00
-8.312400933148675897e-01
1.000000000000000000e+00
-7.394277488335210258e-02
-1.000000000000000000e+00
-8.898985839426565292e-02
-1.623981810664932302e-01
-9.069470566855264426e-01
-3.593456894532957024e-01
1.000000000000000000e+00
-3.766428619108705966e-01
-1.870756617050404191e-01
7.400349096358733725e-01
1.872120550814315720e-01
-1.000000000000000000e+00
-1.000000000000000000e+00
7.927952512487049797e-01
8.725458238458683180e-01
6.601517885531569263e-01
6.548124503896906035e-01
8.121544113621435024e-01
1.000000000000000000e+00
1.000000000000000000e+00
1.000000000000000000e+00
1.000000000000000000e+00
-1.000000000000000000e+00
-6.803262325445644798e-01
-1.000000000000000000e+00
1.000000000000000000e+00
1.336197797249300268e-01
2.973058560727184219e-01
2.358575405879793641e-01
9.924595168601758610e-01
-1.000000000000000000e+00
-1.000000000000000000e+00
-1.614472961949904306e-01
-1.000000000000000000e+00
-4.967675593493730002e-01
-1.841551400443544040e-01
1.000000000000000000e+00
-1.000000000000000000e+00
-2.781745515124036672e-01
-6.152137342408203757e-01
2.525867348660619793e-01
4.105635509806555561e-01
1.000000000000000000e+00
3.636400587244854599e-01
4.565149126646242950e-01
-1.000000000000000000e+00
-5.708975520156656103e-01
3.955132391802199110e-01
1.000000000000000000e+00
-5.797676621844300993e-01
-4.400489079264163772e-02
1.000000000000000000e+00
3.100702388628364115e-01
-4.682376106145596517e-01
-6.372376391317950972e-01
1.000000000000000000e+00
-6.409577359376616990e-02
1.929848183438931386e-02
-1.162124332560006135e-01
4.483637637708666190e-01
-2.369742617032576382e-01
-1.000000000000000000e+00
-1.000000000000000000e+00
-2.078762013998001201e-01
4.765761392774530147e-01
-6.138017836355711410e-01
8.529559028603741488e-01
-9.469282998777170945e-01
-3.613880385038341636e-01
-5.578123308895872601e-01
7.257160491381956513e-01
-1.000000000000000000e+00
-9.839105593023815821e-01
-4.640414362053755237e-01
-6.424463215645604963e-01
-8.275451403867664091e-01
-1.000000000000000000e+00
1.000000000000000000e+00
3.774425012148490133e-01
9.119537892627005427e-01
-1.000000000000000000e+00
-5.968270244811387792e-01
-7.986009235957796104e-01
-2.127992564768945716e-01
7.858049487793226096e-01
1.000000000000000000e+00
8.189018089610085038e-01
8.131687847491253507e-01
3.449088475386566932e-01
6.393547588065595644e-01
-1.244984754554194772e-01
-1.130051203315870501e-01
8.413872474918953070e-01
-1.000000000000000000e+00
5.330852724549198784e-01
1.000000000000000000e+00
-9.366558007458221091e-01
-5.819092650833148639e-01
-1.000000000000000000e+00
6.803581045210413958e-01
6.679179854975643149e-01
1.000000000000000000e+00
1.000000000000000000e+00
-8.672993269018889340e-01
-1.000000000000000000e+00
-2.685751684294985786e-01
-3.083643827065323251e-01
-1.712361022339066174e-01
-5.530014395936999616e-01
5.268063044103568071e-01
-1.631112824056333011e-01
-6.450816485591115423e-01
9.732712432043643114e-01
2.812283318524913533e-01
-7.813771186061737595e-01
-1.000000000000000000e+00
-2.047013528621529632e-01
-1.000000000000000000e+00
-7.115974119863319736e-01
-1.000000000000000000e+00
-1.616911987745607293e-01
2.891090030883460837e-01
-7.530199956644128001e-01
-8.092492695054560592e-01
1.487318155525776397e-01
1.000000000000000000e+00
6.795170228414249003e-01
-1.105679597228261812e-01
-9.253253954699096617e-01
-1.000000000000000000e+00
-8.025296945502297108e-01
-1.000000000000000000e+00
-1.000000000000000000e+00
3.152583551405645501e-01
-9.379050177857786164e-01
-5.777450322373332003e-01
6.657393122568328048e-01
-1.000000000000000000e+00
8.164150169099302357e-01
4.394809593342283716e-01
4.475775852321949300e-01
5.890794878409792990e-01
1.000000000000000000e+00
