-5.246093662391271284e-01
-1.000000000000000000e+00
-9.636841935617512789e-01
1.000000000000000000e+00
5.087087381011965448e-01
-3.209130008059110084e-01
-6.344911879426251566e-01
3.271951831147206224e-01
-1.000000000000000000e+00
1.000000000000000000e+00
-9.192925441269206299e-01
-1.000000000000000000e+00
-6.749174583501855729e-01
-9.057191051467161635e-02
-1.000000000000000000e+00
-2.151112400383337064e-02
-7.619535704287754285e-01
-1.000000000000000000e+00
-1.000000000000000000e+00
-4.502482750762257790e-01
8.357022600656446309e-01
-1.000000000000000000e+00
-1.000000000000000000e+00
1.909336903258396223e-01
1.000000000000000000e+00
4.362355096203303084e-01
1.000000000000000000e+00
1.000000000000000000e+00
-1.000000000000000000e+00
-7.531997185702519193e-01
7.893770688590806550e-02
1.000000000000000000e+00
5.620480157409336597e-01
1.000000000000000000e+00
7.324541630143255322e-01
-1.000000000000000000e+00
-8.753073573878092928e-01
4.256017135450396172e-01
9.244526534763755077e-01
-2.356705190044818821e-01
-1.584293240598553254e-01
-8.934917905769390600e-02
-1.000000000000000000e+00
1.000000000000000000e+00
-9.417026026820558560e-01
1.457408609838629632e-01
1.000000000000000000e+00
1.000000000000000000e+00
1.000000000000000000e+00
1.000000000000000000e+00
7.533703916002822965e-01
1.000000000000000000e+00
1.000000000000000000e+00
-1.000000000000000000e+00
-1.484350703423808690e-02
-1.000000000000000000e+00
-7.276212498781577942e-01
1.000000000000000000e+00
1.000000000000000000e+00
2.616512743748607983e-01
1.000000000000000000e+00
-1.092497883399341785e-01
4.471376780224365355e-01
-1.000000000000000000e+00
1.000000000000000000e+00
1.000000000000000000e+00
-4.816215162047883247e-01
-2.929476018796812187e-01
1.000000000000000000e+00
-1.000000000000000000e+00
9.112711248984322054e-01
-1.000000000000000000e+00
-1.000000000000000000e+00
-1.000000000000000000e+00
-1.000000000000000000e+00
-1.000000000000000000e+00
-1.000000000000000000e+00
1.000000000000000000e+00
2.020862893919226355e-01
-1.000000000000000000e+00
1.000000000000000000e+00
1.000000000000000000e+00
-3.448624011342880102e-01
5.065737002480892315e-01
-6.626613725082695083e-01
-1.000000000000000000e+00
-1.000000000000000000e+00
-1.000000000000000000e+00
1.000000000000000000e+00
5.568400508779762781e-01
-1.000000000000000000e+00
-6.379265751130114293e-01
-1.000000000000000000e+00
9.037348909858182733e-01
-1.000000000000000000e+00
-1.000000000000000000e+00
-1.000000000000000000e+00
1.000000000000000000e+00
-1.346655184108118408e-01
4.358947230687193475e-01
1.000000000000000000e+00
-1.000000000000000000e+00
-1.000000000000000000e+00
-1.000000000000000000e+00
2.564494439856179753e-01
-3.908790089959021663e-01
-1.000000000000000000e+00
-5.380157237291718353e-01
-1.000000000000000000e+00
1.000000000000000000e+00
-1.000000000000000000e+00
8.462277186849638255e-01
-1.000000000000000000e+00
1.000000000000000000e+00
-1.000000000000000000e+00
-4.617881639727732246e-01
-1.000000000000000000e+00
1.966725163013972599e-01
1.000000000000000000e+00
-1.000000000000000000e+00
1.000000000000000000e+00
-1.000000000000000000e+00
-1.000000000000000000e+00
-1.000000000000000000e+00
6.292098643757273457e-01
-1.000000000000000000e+00
-2.506670977722234017e-01
-5.027523017811130757e-01
1.000000000000000000e+00
1.000000000000000000e+00
1.000000000000000000e+00
-2.034584867291802102e-01
3.474517358198049299e-01
1.000000000000000000e+00
1.000000000000000000e+00
3.006451339504008780e-01
1.000000000000000000e+00
9.818259844269239256e-01
-1.000000000000000000e+00
-1.000000000000000000e+00
-1.000000000000000000e+00
-1.000000000000000000e+00
6.221046461896984070e-01
1.000000000000000000e+00
-1.000000000000000000e+00
1.000000000000000000e+00
-3.496867190483554655e-01
-1.000000000000000000e+00
-9.991617592815367210e-01
1.000000000000000000e+00
1.000000000000000000e+00
-1.000000000000000000e+00
7.937168948361381648e-01
-1.000000000000000000e+00
-7.724948673360666485e-01
-1.000000000000000000e+00
1.000000000000000000e+00
-9.137745790764703058e-01
-1.000000000000000000e+00
-1.000000000000000000e+00
6.941372456725725115e-02
-1.000000000000000000e+00
8.378760541251459859e-01
7.476476547727273214e-01
1.000000000000000000e+00
-1.000000000000000000e+00
-1.000000000000000000e+00
-1.000000000000000000e+00
-1.000000000000000000e+00
9.908640719072381309e-03
-7.661921865852907576e-01
1.000000000000000000e+00
-9.783444310271960376e-01
1.000000000000000000e+00
-1.000000000000000000e+00
-1.000000000000000000e+00
-2.780682301570023274e-01
6.936824052919504657e-02
-1.000000000000000000e+00
-1.000000000000000000e+00
1.000000000000000000e+00
5.599987606994885070e-01
-1.000000000000000000e+00
-1.000000000000000000e+00
-1.000000000000000000e+00
1.000000000000000000e+00
-1.999371256768541216e-01
-1.426110520176493424e-02
-1.000000000000000000e+00
1.000000000000000000e+00
1.000000000000000000e+00
-3.105284367526937039e-01
-6.624779989499409716e-01
-9.860036653689088215e-01
-1.000000000000000000e+00
1.000000000000000000e+00
-1.000000000000000000e+00
-1.147865997430590479e-01
1.000000000000000000e+00
-1.000000000000000000e+00
3.605534848702343087e-01
-2.502872201607291291e-01
-1.840361674275403647e-01
1.000000000000000000e+00
-4.533824264782800872e-01
-1.000000000000000000e+00
-9.051641577761597723e-01
1.000000000000000000e+00
1.000000000000000000e+00
8.921349839811534288e-01
-1.000000000000000000e+00
6.466512300726827700e-01
1.000000000000000000e+00
6.160897513599449260e-01
1.000000000000000000e+00
-1.000000000000000000e+00
-2.964233931052984161e-01
-1.000000000000000000e+00
-1.000000000000000000e+00
1.000000000000000000e+00
-1.000000000000000000e+00
1.000000000000000000e+00
-1.000000000000000000e+00
1.000000000000000000e+00
1.000000000000000000e+00
-6.558668266261880042e-02
3.491393736834589312e-01
1.000000000000000000e+00
-1.000000000000000000e+00
6.706837028980021653e-01
-8.634542140639869245e-01
1.000000000000000000e+00
-1.194272768823431696e-01
1.000000000000000000e+00
1.000000000000000000e+00
6.508427845859997563e-01
-1.000000000000000000e+00
-8.965522028391385012e-01
-1.000000000000000000e+00
-1.000000000000000000e+00
-1.000000000000000000e+00
-8.674367293780224086e-01
5.732371082311171762e-02
1.000000000000000000e+00
1.000000000000000000e+00
1.000000000000000000e+00
-9.687010675687335315e-02
-2.587633977770149585e-01
1.000000000000000000e+00
-1.000000000000000000e+00
-4.340598822418273994e-01
-1.000000000000000000e+00
1.000000000000000000e+00
1.000000000000000000e+00
3.307817768483553023e-01
1.000000000000000000e+00
-1.000000000000000000e+00
-5.873255187515729059e-01
-4.949182290947664042e-01
-1.000000000000000000e+00
1.188394805977217583e-01
-7.198024660529113161e-01
1.000000000000000000e+00
-1.000000000000000000e+00
-1.000000000000000000e+00
