-6.199310495086192141e-01
1.964562532561719976e-03
6.222586770072697782e-01
6.640800635115635675e-01
-7.446836239377747635e-01
-1.942058241980966216e-01
-2.428063633054458048e-01
-7.488700899781308706e-02
5.744716762776784780e-01
-5.681558246499331943e-01
1.679676640398546361e-01
-7.525891289802386641e-01
9.130673328393767996e-01
1.294108963980225013e-01
-2.453721617724506920e-01
9.400584558025852910e-01
-1.748961416147198911e-01
-3.663353497254218105e-02
7.030782539606297288e-01
-9.838724716206572740e-01
5.269243336877704742e-02
-2.410298679748748008e-01
-8.895810513022506250e-02
6.037733430195288964e-01
7.115905462202543053e-01
2.588102250321762110e-01
-3.117578953448085777e-01
-3.174687734949908080e-01
-4.383493858925762154e-01
9.245896924480294654e-01
-7.779819611556779702e-01
9.856264705140111992e-01
-9.991899163834270237e-01
1.059276999311813405e-01
-7.927001886290216959e-01
-4.200916425128653486e-03
1.998901899453240372e-01
3.754903362736130568e-01
4.613765091726653722e-01
1.592444970835511509e-01
-9.474775282447946978e-01
9.661039772908388557e-01
-3.895702700106489225e-01
4.773810308740784603e-01
-5.777088784154158496e-01
-9.773685324432896948e-01
2.295535188289861139e-01
4.192129732998395308e-01
-8.249233020096404800e-01
3.600828690008350819e-02
-8.740950774676790047e-01
2.722444148908951256e-01
-5.527791146357694529e-01
-3.601502552707909199e-01
5.735936840689290772e-01
3.595742623149784656e-01
3.915604161765426916e-01
8.326925663209936435e-01
8.716568325822426910e-01
-4.238502120197231715e-01
7.980294355274528684e-01
-2.070376280333501295e-01
-2.539020828185014622e-01
-5.240853673959069425e-01
-8.136125668877278727e-01
-4.589740883940849336e-01
-8.866324092392403600e-01
-6.203809858935882549e-01
6.829431088283497431e-01
-4.021704739808709128e-01
-2.317209821777335144e-01
2.544156414564817670e-01
1.309807785324526019e-01
2.525928648850643832e-01
5.002337581505520436e-01
-9.907771268290621602e-01
4.505411414573678996e-01
8.347085199425019475e-02
2.884389129558935227e-01
-2.226731445888803229e-01
9.390825940532774307e-01
-8.458922800671055953e-01
-2.364875943861575180e-01
-3.406859634695176275e-01
7.838976325107247511e-01
6.083994016080123135e-01
-8.956257296105740728e-02
3.987428287157213092e-02
-8.741670882542291743e-01
-5.278249212246344246e-01
3.483731154462461621e-01
-6.823379569553333912e-01
9.630895636351088918e-01
-7.651375404699649607e-01
5.593457936321304391e-01
4.942135066905755103e-01
-7.980564602888946535e-01
2.906010611804166199e-01
5.455279437449618296e-01
-7.222268193048893004e-01
5.482387959526024979e-02
-3.166548506902180371e-01
-9.431047936885699201e-01
-1.837768128986458915e-01
-3.450306794847264324e-01
6.224604356509095826e-01
-3.115575965672356951e-02
1.271797192555412792e-01
3.627435013623376836e-01
5.536019596049972513e-01
5.210137814273041457e-02
-9.087306795292870998e-01
-2.702571700987930203e-01
-9.256095925280516390e-01
-8.536117067550006432e-01
3.258782310713872477e-01
-9.628600254433934413e-01
5.181432725685151119e-01
3.776601855659740270e-01
-4.673064162033717661e-01
5.191916910416072284e-01
6.863528878309885783e-01
6.508428822523995017e-01
6.169279736676098747e-01
5.148218848942107684e-01
-6.693023086332248184e-01
-8.552205205915748287e-01
-2.402212463051682789e-01
-6.825744467493914946e-01
8.569622941232379887e-02
4.835464018598278901e-01
3.628424903734053242e-01
-2.253390570123643410e-01
-3.506477105864385102e-01
6.299271953938021529e-01
2.053776482876328302e-01
8.151638483975849336e-01
-1.454639058915334626e-01
1.398648369789829982e-01
9.622253362903996354e-01
3.633766162051936810e-01
6.347708493364696558e-01
9.142608640744600557e-01
9.689219537528168669e-01
4.544806350027532638e-01
-3.442911504844248238e-01
-4.951185926642336366e-01
5.028583602880771775e-01
-2.100245854318598671e-01
3.915963309377057389e-01
-4.223554192982110767e-01
2.381236295075850329e-02
6.782294888177886616e-01
5.226837617233155431e-01
-6.569092486894343441e-01
2.995180954603102741e-01
2.233922878673912926e-01
5.403902998972431870e-01
-8.920369686984874757e-01
-1.891209899796950644e-01
1.706277782761591588e-01
-7.944056723996815172e-01
-9.638773576074024518e-01
-2.549881033553194065e-01
2.249242536896958189e-01
-5.049221574634834564e-01
-2.157143961950709343e-01
-2.313591420896166095e-01
-2.594889587154727284e-01
-6.369918754377237313e-01
-9.015549073991133699e-01
-9.326486011571859525e-01
1.014032768861252709e-01
-8.805556038338373526e-01
-6.734132131887642370e-01
3.056412502877468018e-01
-9.275899543798704627e-01
-6.550315207963932629e-01
4.681857341879225309e-02
-3.920417225599326372e-03
-9.806117611867080086e-01
-3.468536299982001303e-01
2.989804185792666047e-02
-8.373884661456163503e-01
8.125902182650381889e-01
-2.102838545885470367e-01
-7.386042863959940696e-01
-4.914748625948059946e-01
-7.293383169293641277e-01
1.936460289513910471e-01
-9.519887445515657909e-01
2.272841222883106305e-01
7.491991557426747050e-02
6.842742754650610326e-01
-3.820035020632295275e-01
3.211468507573977949e-01
-2.256250299534843240e-01
4.618427994501206335e-01
-6.133283435179686105e-01
4.855495279350476867e-01
5.736899929165895085e-01
-6.442651163975599005e-02
-4.185315097231954162e-01
5.331770017158499186e-02
1.629407675686254109e-01
-2.780305819317430149e-03
5.987407078773780977e-01
-3.303492359743491757e-01
4.889743962942387778e-01
1.865521653458592777e-01
-6.167141922371508489e-01
6.361215903219215040e-01
-2.163428487496950048e-01
6.302088898027522479e-01
7.197432770612368635e-01
-4.091853422456972478e-01
9.869186890466388196e-01
4.117607082454521894e-02
1.006751383824902035e-01
-3.000203513445032222e-01
3.721539441036074702e-01
-6.570250451016104165e-01
8.431464902548162499e-01
-2.917008085244729987e-01
-1.797658394242056534e-01
8.997480230774663745e-01
-7.190559289157139045e-01
-3.328400800855371156e-01
8.232252986702477404e-01
5.112633636170360596e-01
-6.990148139766603208e-01
8.015529779189780601e-01
9.211299867569109345e-01
1.344446931614358132e-01
-3.324685087399636974e-01
8.388662884767998928e-01
3.698820944244811670e-01
9.829041646202452132e-01
-1.553969792656590965e-01
2.080972428192224832e-01
-4.932472764188235992e-01
-2.144575733001463647e-02
6.807341020251924668e-01
-5.016103149778317061e-02
-9.354198753845541781e-01
2.976696940031922090e-01
-6.404283942025745802e-01
-4.213962198563561135e-01
2.966949403907386262e-01
-8.617697768511558554e-01
-3.617316060074755590e-01
-2.383087531127277003e-01
-8.932920157380686010e-01
8.961822545933062489e-01
-1.602401138838001060e-01
9.380497602756918685e-01
-1.747946462513401134e-01
4.906406011877189055e-01
9.583891328612370586e-01
8.022545318796574509e-01
-2.128170387696430854e-01
8.544666136141849666e-01
7.398334251212963508e-01
9.309257638813432933e-01
-2.290384404336245350e-01
