-9.042211129166108918e-01
-4.270900856887918096e-01
-9.888424602284582310e-01
1.000000000000000000e+00
-2.949122048760161041e-01
-8.251005411292405833e-02
-9.379748345146452504e-01
6.961029929370261549e-01
3.875850388236052879e-01
1.000000000000000000e+00
-3.010722342191816114e-01
-9.072079537125048443e-01
-8.762810322267325924e-01
1.000000000000000000e+00
1.000000000000000000e+00
1.000000000000000000e+00
-6.356028911427711314e-01
-1.000000000000000000e+00
1.000000000000000000e+00
-7.786465703546817663e-01
-6.368717327947964746e-01
4.500518559814392638e-02
-1.000000000000000000e+00
-8.039415400128581135e-01
6.422634438225065523e-01
-1.913047568238901430e-01
-1.000000000000000000e+00
-2.932208294587967945e-01
-1.000000000000000000e+00
-1.000000000000000000e+00
-1.000000000000000000e+00
8.288812017041036206e-02
-8.134362848228012810e-01
-1.000000000000000000e+00
-3.972009091281781812e-01
-7.375520872428406038e-01
-8.352871911510993952e-01
-5.261571684677746052e-02
-6.616415513106632673e-01
-5.987871944719571626e-01
-4.740039795847518223e-01
1.000000000000000000e+00
3.551454535652533995e-01
1.000000000000000000e+00
-9.043856485711674331e-01
-8.808507189765009127e-01
-6.407952856913101680e-01
3.535351815810255927e-02
2.637434251350500025e-01
-9.953013130913146433e-01
1.764600502769455570e-01
1.000000000000000000e+00
8.230513509644838965e-01
-1.000000000000000000e+00
-5.155960312694807257e-01
-1.000000000000000000e+00
-5.236536268232361291e-01
-9.703564940570645891e-01
-6.861534484803728517e-01
4.733687543319249347e-01
3.049850844176300591e-01
-4.028315672460336394e-02
1.000000000000000000e+00
1.703674845430976359e-01
2.223839967764366099e-01
-1.000000000000000000e+00
-3.968194724464885748e-01
1.862408415087205560e-01
-1.000000000000000000e+00
-9.285856209710959819e-01
4.340521798782301932e-01
3.972358260186728551e-01
1.952165637220049099e-02
3.927169683746305484e-01
-2.217842160428239451e-01
-1.000000000000000000e+00
1.000000000000000000e+00
-2.599284877064547139e-01
1.000000000000000000e+00
-6.603597765066300251e-01
-4.252993771349751206e-01
-1.265724130934304803e-01
-1.000000000000000000e+00
1.853167504962252576e-02
-1.000000000000000000e+00
-4.256836592360137561e-01
-1.371113135778573300e-01
-1.000000000000000000e+00
-1.000000000000000000e+00
2.173298280687283868e-01
-1.000000000000000000e+00
5.987390835706432046e-01
3.508283593338228923e-01
-1.869608877527717539e-02
-7.554753244578800153e-01
-6.807178482974518552e-02
6.702276164107070500e-01
-1.000000000000000000e+00
2.215440654802377507e-01
-5.796968685571557423e-02
-1.000000000000000000e+00
-7.454827528098412204e-01
-7.333104691339799031e-01
8.516275390748968555e-01
9.237722774089319744e-01
-1.000000000000000000e+00
1.000000000000000000e+00
3.210293832130952651e-01
9.835351821996806132e-01
7.669555964031619100e-01
6.083665398899551491e-01
-3.009423693524158061e-01
1.000000000000000000e+00
1.000000000000000000e+00
6.041987962448260863e-01
1.285107289446341117e-01
-1.000000000000000000e+00
-8.954340770722368781e-02
-1.000000000000000000e+00
4.146362508335998953e-02
-9.088866256622400996e-01
-5.508606232766721789e-01
1.000000000000000000e+00
-9.570875328287942185e-01
4.909931070753099647e-01
1.000000000000000000e+00
5.739929896273781029e-01
-1.000000000000000000e+00
-4.564131446589729801e-01
-9.853543346070319231e-01
-4.536729616297177081e-01
1.058221519666389110e-01
-7.617325579224702992e-01
1.341830519154028900e-01
9.010110993069430085e-01
-4.426227207128077823e-01
1.000000000000000000e+00
8.258883054978487515e-01
-7.616906278127216767e-01
2.827183936101020367e-01
1.000000000000000000e+00
8.601499497653231074e-01
1.000000000000000000e+00
1.000000000000000000e+00
7.904854450464771087e-01
1.000000000000000000e+00
9.806398869233947657e-01
1.460068851874956053e-01
-3.434367065922039330e-03
2.403852892557156729e-02
3.870058800137585742e-01
1.000000000000000000e+00
-4.166538326510998980e-01
8.777341756595680167e-01
1.000000000000000000e+00
5.394052233242832006e-01
1.000000000000000000e+00
-3.290357710948794701e-01
7.689565129655651088e-02
2.617604993948220438e-01
5.103685558046013870e-01
-1.000000000000000000e+00
1.000000000000000000e+00
1.000000000000000000e+00
-1.000000000000000000e+00
7.305389588664285005e-02
1.000000000000000000e+00
-4.584807446884197057e-01
-1.000000000000000000e+00
3.423340049720646761e-01
5.859856882571485848e-01
7.400376960520365088e-01
1.000000000000000000e+00
-1.000000000000000000e+00
9.471944474951942139e-01
-9.885359091462324610e-01
2.442958372600334549e-02
9.308335170977193318e-01
1.000000000000000000e+00
2.930355390525103410e-01
5.350127283539327649e-01
-1.000000000000000000e+00
-7.468039493543630059e-01
-6.556611937402256896e-01
2.842413763021544026e-01
-7.556864843609166771e-01
-5.187033925830046854e-01
1.000000000000000000e+00
3.054380689500200141e-01
1.000000000000000000e+00
1.000000000000000000e+00
-4.562605161969584544e-01
1.000000000000000000e+00
1.000000000000000000e+00
-1.000000000000000000e+00
-1.000000000000000000e+00
-2.991579367575458726e-01
9.724021526833106499e-01
-1.000000000000000000e+00
-6.469009002911163542e-01
-1.000000000000000000e+00
1.170374575325394684e-01
1.000000000000000000e+00
3.869659940130898423e-01
-2.072300825778361499e-04
1.000000000000000000e+00
-8.992063979517233019e-01
4.465862471222072916e-01
-1.000000000000000000e+00
-3.109410389623331050e-01
-1.000000000000000000e+00
-6.082051181505883086e-01
-8.198327166219294693e-01
1.000000000000000000e+00
1.000000000000000000e+00
-1.000000000000000000e+00
-5.468215832940810373e-01
-1.000000000000000000e+00
-1.000000000000000000e+00
-9.842278774172315003e-01
-7.489276485332261313e-01
-4.874376600153120798e-01
-1.000000000000000000e+00
1.620972178449012480e-01
8.213658936601602178e-01
7.179364966820136473e-01
-3.903732399110761975e-01
7.810101557211368561e-01
-4.179658973104759534e-01
-3.087619561396903745e-02
-1.000000000000000000e+00
1.000000000000000000e+00
1.000000000000000000e+00
9.560039966553238733e-01
1.887211504914645677e-01
-1.843417455042892783e-01
4.203574985638707240e-01
9.088132184834898375e-01
7.067739193704036804e-01
5.096634469413441337e-03
6.076592581146560423e-01
1.000000000000000000e+00
-9.833284897579174233e-01
-7.481360235102140210e-01
-6.231258933299388403e-01
-6.869311184835547035e-02
-1.000000000000000000e+00
-7.963022897414842038e-01
-1.000000000000000000e+00
-6.543079201523633870e-01
2.931803601489345601e-01
-9.186093290511598841e-01
9.551453185727651896e-01
-1.000000000000000000e+00
-1.000000000000000000e+00
-1.000000000000000000e+00
1.000000000000000000e+00
-4.848169547659788581e-01
7.705231254486805126e-01
4.060131995095361823e-01
-6.260855712913412363e-01
-7.762548911984032962e-01
-7.695207998277031614e-01
-6.788726434517793340e-01
1.000000000000000000e+00
