4.634139139590316425e-01
-8.598626549713546119e-01
1.123522028520876903e-01
7.480027127281325683e-01
2.071456923036008035e-02
-1.780145326771735981e-01
2.458334664963546246e-01
-5.322839017994638322e-01
-1.000000000000000000e+00
5.260899690335869572e-01
4.709873542456435302e-01
1.000000000000000000e+00
-9.622007705786439491e-01
1.000000000000000000e+00
1.794376826573297889e-01
-1.000000000000000000e+00
1.000000000000000000e+00
-8.506345393318321957e-01
-6.570055097584464043e-01
-1.911819893154476091e-02
8.826646970134186532e-01
-1.000000000000000000e+00
-2.216648029426064870e-01
-6.320940322901825725e-01
3.628384469520771205e-01
2.883503217723346612e-01
2.285304169870919777e-01
-9.378335933974244476e-01
-9.730560478969134675e-01
-8.915517379141904009e-01
5.412751854172475063e-01
1.000000000000000000e+00
-1.000000000000000000e+00
-8.645724701651666955e-01
6.051148970737696420e-02
9.209811156745777438e-01
-4.296367084628407440e-01
3.100359325714234782e-01
-5.936702923270350540e-01
8.772120645038175013e-01
-2.463366518285821094e-01
-1.000000000000000000e+00
-1.540463151350111026e-01
-2.270072239533780789e-01
4.888937315875176437e-01
1.377455566893899253e-01
7.647350114865569815e-01
1.000000000000000000e+00
-1.915492423765137175e-01
1.000000000000000000e+00
1.568355685169264824e-02
3.942418871741761865e-01
7.772822427192451755e-01
-1.084363900305365114e-01
4.936010721948140834e-01
9.451039654311783611e-01
-1.000000000000000000e+00
9.045109060840668125e-01
1.000000000000000000e+00
-1.000000000000000000e+00
1.000000000000000000e+00
-1.000000000000000000e+00
-1.151909366156522729e-01
-2.293059067284126673e-01
-4.045940686850024726e-02
-9.884959001128772460e-01
8.566593188596937081e-01
2.355356580714667025e-01
-7.924367239844400945e-01
2.154140730273140236e-01
-1.000000000000000000e+00
1.000000000000000000e+00
6.210230587187195450e-01
-5.748364686897038389e-01
3.749982120196906910e-01
-8.613047212644244777e-01
5.700217551987838416e-01
-4.554215711611951378e-01
-1.569527969813133694e-01
-1.000000000000000000e+00
5.217889089512750544e-02
-3.153185765063450940e-01
-8.498497244404519257e-01
6.603596263327653482e-01
-1.000000000000000000e+00
5.715061384886702678e-01
9.127071511328745945e-01
-3.187995563048108272e-01
-1.965534575350484925e-01
-8.075284559637714299e-01
1.320335985037064397e-01
1.000000000000000000e+00
1.465138404038224262e-01
1.000000000000000000e+00
8.062747819013638129e-02
-9.857004659007775338e-01
-6.594632736522827443e-01
-5.016877469142144719e-01
-8.632054036884806436e-02
5.055318036065630238e-01
1.962736548457437724e-01
5.139885495485286837e-01
5.179211392547830028e-01
1.000000000000000000e+00
-8.640399678848784681e-01
1.000000000000000000e+00
1.000000000000000000e+00
-6.154534824596040732e-01
-8.235086579820702912e-01
8.642105426002764101e-01
6.212581394135907598e-01
5.789298416380650458e-01
1.683749664136033886e-01
-2.190543653914551747e-01
2.131217106496692271e-01
6.485375842871805574e-01
5.152158393033415273e-02
-9.919713038423511042e-01
5.187271522531181622e-01
5.779988221498377765e-01
5.341471417629589657e-02
-8.752568948047868558e-01
-8.757767004412768674e-01
-7.325579397839780960e-01
-9.196197138969315343e-01
-4.640141569191392201e-01
-7.953445984245810507e-02
-7.240758558546650514e-02
8.799358149801889128e-01
9.892021279528380173e-01
-1.000000000000000000e+00
1.000000000000000000e+00
-4.974087887770136662e-01
-1.000000000000000000e+00
-6.729190055194657072e-01
-3.183255661596342545e-01
9.221868028677846496e-01
-3.807181824155860816e-01
9.855746805724416859e-01
-4.023093224662577239e-01
6.657466154912199396e-01
-1.000000000000000000e+00
4.934075400119806165e-01
-8.402782792114908972e-01
8.323722204691337279e-01
1.000000000000000000e+00
5.163527595776030710e-01
-2.116712076727742531e-01
-1.000000000000000000e+00
2.739477590422352282e-01
-1.000000000000000000e+00
6.137673044610736373e-01
2.340091199928967525e-01
6.283093239830848109e-01
1.000000000000000000e+00
3.240243732445338143e-01
-3.889648333078730147e-01
7.464782716486688674e-01
9.904623130234797568e-01
2.757904854901980229e-01
-4.780076925006726540e-01
1.000000000000000000e+00
1.000000000000000000e+00
-6.471571207492399225e-01
-4.900374586579157588e-01
8.378677432972778671e-01
2.492228341750111209e-01
-1.000000000000000000e+00
-1.000000000000000000e+00
3.555033762372902251e-01
1.000000000000000000e+00
-7.909622717718186591e-01
-6.551762706273642767e-01
1.000000000000000000e+00
4.300218593501197173e-01
9.249824446670447120e-01
1.000000000000000000e+00
7.860044795758251990e-01
-2.883787906870259876e-01
7.874201832566619652e-01
1.880587417522535942e-01
9.037732213473993470e-01
-1.000000000000000000e+00
4.628605514140132771e-01
1.000000000000000000e+00
3.305164438912950864e-01
1.000000000000000000e+00
-1.911646586476897225e-01
-7.861362065616563921e-01
1.000000000000000000e+00
9.035783721883792197e-01
4.321052860107428284e-01
5.137147676850776223e-01
1.000000000000000000e+00
-3.638243843194954863e-02
1.000000000000000000e+00
2.846013849946842367e-01
4.296153186495537124e-01
3.231066206590266221e-01
1.000000000000000000e+00
2.808290009825746836e-01
5.121238287584648496e-01
-2.905798950121781798e-01
7.967637255828778908e-01
-7.475697807999177602e-01
5.159285561003468246e-01
6.583140785037495668e-01
-8.438382201268741500e-01
-1.516487389698784050e-01
-5.516251432633658691e-01
4.218280055961856068e-01
-1.804915298304448079e-01
-9.132016987185564982e-01
1.743778071171214750e-01
-3.801340257624688523e-02
4.967907766953907345e-01
-1.000000000000000000e+00
1.000000000000000000e+00
1.000000000000000000e+00
1.289274797332343181e-01
-9.731103701280845453e-01
1.000000000000000000e+00
-5.453673059943420220e-01
1.541486520289610529e-01
-1.000000000000000000e+00
-2.928645488081738080e-01
-1.788210289866576375e-01
5.748301781820952527e-02
8.305510273524594478e-01
-8.162765428779759080e-01
3.460341754416485505e-01
1.000000000000000000e+00
1.000000000000000000e+00
-2.073736118039526399e-01
4.160740893924149697e-01
5.755805185671836188e-01
-5.464332467893523448e-01
-4.676884459167209851e-01
8.170903347424496310e-02
2.468587287546053499e-01
-6.752323439516372261e-02
3.382681636879203424e-01
8.333301664506678197e-01
4.959177453804591296e-01
1.978647610835980730e-01
-2.665621074200698049e-01
-1.000000000000000000e+00
8.225965444275120664e-01
3.806137681466392753e-02
-1.000000000000000000e+00
1.000000000000000000e+00
8.788922074000664608e-01
1.000000000000000000e+00
-5.605269944279156480e-01
1.000000000000000000e+00
5.441432668401700035e-01
-1.000000000000000000e+00
3.912073823697218566e-01
1.000000000000000000e+00
8.024302975256243364e-01
-4.533605439093815193e-01
1.000000000000000000e+00
1.000000000000000000e+00
7.382806007976703278e-01
1.000000000000000000e+00
