9.918528217562514460e-01
-1.000000000000000000e+00
1.000000000000000000e+00
1.000000000000000000e+00
1.000000000000000000e+00
1.000000000000000000e+00
-1.000000000000000000e+00
2.484326656840872838e-01
1.000000000000000000e+00
1.000000000000000000e+00
1.000000000000000000e+00
1.000000000000000000e+00
1.000000000000000000e+00
-1.000000000000000000e+00
1.000000000000000000e+00
-1.000000000000000000e+00
4.902298301006295933e-01
2.420010899808094917e-01
-2.335325973356581208e-01
-4.841657610088115904e-01
-1.000000000000000000e+00
-1.000000000000000000e+00
-1.000000000000000000e+00
-1.000000000000000000e+00
-1.000000000000000000e+00
-1.000000000000000000e+00
1.000000000000000000e+00
1.000000000000000000e+00
1.000000000000000000e+00
9.347290018721583493e-01
1.000000000000000000e+00
-1.000000000000000000e+00
1.000000000000000000e+00
-1.000000000000000000e+00
1.000000000000000000e+00
-1.000000000000000000e+00
1.000000000000000000e+00
-4.155191848908214580e-01
-1.000000000000000000e+00
-1.000000000000000000e+00
-6.075942116968632289e-01
1.000000000000000000e+00
-4.848646340719582892e-01
1.000000000000000000e+00
-1.406209295192546449e-01
-1.000000000000000000e+00
-1.000000000000000000e+00
-1.000000000000000000e+00
6.705326354769762798e-01
-1.000000000000000000e+00
-1.000000000000000000e+00
-1.000000000000000000e+00
1.000000000000000000e+00
2.744567831718117690e-01
2.925764829242256115e-01
1.000000000000000000e+00
-1.000000000000000000e+00
1.000000000000000000e+00
6.941095628731421829e-01
-1.000000000000000000e+00
1.000000000000000000e+00
-1.000000000000000000e+00
-1.826477721657056574e-01
-1.000000000000000000e+00
1.000000000000000000e+00
-1.000000000000000000e+00
9.811336056279258422e-01
1.000000000000000000e+00
1.000000000000000000e+00
-4.319803425867813074e-01
-1.000000000000000000e+00
1.000000000000000000e+00
1.000000000000000000e+00
-1.000000000000000000e+00
-8.592681261887487043e-01
-1.000000000000000000e+00
-1.000000000000000000e+00
-1.000000000000000000e+00
1.000000000000000000e+00
3.269929741240528154e-01
1.000000000000000000e+00
-5.952253491538183061e-01
2.302736390349324758e-01
-1.000000000000000000e+00
6.547300186306990177e-01
-1.000000000000000000e+00
-7.785572063710398671e-01
-1.000000000000000000e+00
4.192722325180533449e-01
-5.736860372652905493e-01
1.000000000000000000e+00
-1.000000000000000000e+00
-1.000000000000000000e+00
1.000000000000000000e+00
-1.000000000000000000e+00
-1.000000000000000000e+00
-8.817914216930672344e-01
-2.653572585416287266e-01
-2.535412686446987252e-01
-2.084733253864505809e-01
1.000000000000000000e+00
1.000000000000000000e+00
1.000000000000000000e+00
1.000000000000000000e+00
1.000000000000000000e+00
-9.930473227904588196e-01
6.434220266099127672e-02
-1.000000000000000000e+00
1.000000000000000000e+00
5.467154737124064745e-01
-1.000000000000000000e+00
1.000000000000000000e+00
7.794860387875506280e-01
1.000000000000000000e+00
1.000000000000000000e+00
-3.446580059252085659e-01
-1.000000000000000000e+00
1.000000000000000000e+00
-7.273945797437753047e-01
-1.000000000000000000e+00
1.000000000000000000e+00
-1.000000000000000000e+00
-6.788583825389720161e-01
1.000000000000000000e+00
1.000000000000000000e+00
1.000000000000000000e+00
-1.000000000000000000e+00
-1.000000000000000000e+00
-1.000000000000000000e+00
-1.000000000000000000e+00
-1.000000000000000000e+00
1.000000000000000000e+00
1.000000000000000000e+00
1.000000000000000000e+00
-1.000000000000000000e+00
1.000000000000000000e+00
1.000000000000000000e+00
-1.000000000000000000e+00
1.000000000000000000e+00
1.000000000000000000e+00
1.000000000000000000e+00
-1.000000000000000000e+00
1.000000000000000000e+00
-1.000000000000000000e+00
-1.000000000000000000e+00
1.000000000000000000e+00
1.810350399585818337e-01
1.000000000000000000e+00
1.000000000000000000e+00
-1.000000000000000000e+00
-7.851187419391383315e-01
1.000000000000000000e+00
-4.614048801407678591e-01
-1.000000000000000000e+00
-2.345207586902376962e-01
1.000000000000000000e+00
1.000000000000000000e+00
1.000000000000000000e+00
1.000000000000000000e+00
-1.000000000000000000e+00
1.000000000000000000e+00
3.878085421798014298e-01
1.000000000000000000e+00
6.753593028508626528e-01
1.000000000000000000e+00
1.000000000000000000e+00
-1.000000000000000000e+00
-1.000000000000000000e+00
1.000000000000000000e+00
-1.000000000000000000e+00
-7.785766010789910707e-01
-1.000000000000000000e+00
-1.000000000000000000e+00
-1.000000000000000000e+00
1.000000000000000000e+00
1.000000000000000000e+00
-1.000000000000000000e+00
-1.000000000000000000e+00
1.000000000000000000e+00
1.000000000000000000e+00
-8.691259126512569377e-01
-1.000000000000000000e+00
-1.000000000000000000e+00
-1.000000000000000000e+00
1.000000000000000000e+00
1.000000000000000000e+00
1.000000000000000000e+00
8.665923082113882181e-01
1.000000000000000000e+00
-1.000000000000000000e+00
1.000000000000000000e+00
-1.000000000000000000e+00
1.000000000000000000e+00
7.310215346265449554e-01
-1.000000000000000000e+00
1.000000000000000000e+00
-5.611055759646557117e-01
1.000000000000000000e+00
-4.947384025423688936e-01
-1.000000000000000000e+00
-1.000000000000000000e+00
-1.000000000000000000e+00
-1.000000000000000000e+00
-8.620601387383746150e-01
1.000000000000000000e+00
-8.876352194074574875e-01
1.000000000000000000e+00
6.005837046650380762e-02
1.000000000000000000e+00
-1.000000000000000000e+00
-1.000000000000000000e+00
-1.000000000000000000e+00
-6.734712223117224061e-01
1.000000000000000000e+00
-1.000000000000000000e+00
-1.000000000000000000e+00
1.000000000000000000e+00
1.000000000000000000e+00
1.000000000000000000e+00
-1.000000000000000000e+00
-1.000000000000000000e+00
1.000000000000000000e+00
-4.363855182412603728e-01
-1.000000000000000000e+00
-1.000000000000000000e+00
7.277955429294041823e-01
-1.000000000000000000e+00
1.000000000000000000e+00
-1.000000000000000000e+00
-1.000000000000000000e+00
1.000000000000000000e+00
-3.321986710540899557e-01
1.000000000000000000e+00
1.000000000000000000e+00
8.193963472916838686e-01
1.000000000000000000e+00
1.000000000000000000e+00
-1.000000000000000000e+00
1.000000000000000000e+00
-1.000000000000000000e+00
-1.000000000000000000e+00
1.000000000000000000e+00
8.890195558604636616e-01
-2.861811622220689078e-01
1.000000000000000000e+00
1.000000000000000000e+00
9.548318475989887588e-01
1.437843763736685876e-01
-1.000000000000000000e+00
1.000000000000000000e+00
-1.000000000000000000e+00
6.411859769665581021e-01
1.000000000000000000e+00
-1.000000000000000000e+00
3.861816962339421067e-01
-1.000000000000000000e+00
-1.000000000000000000e+00
-1.000000000000000000e+00
1.000000000000000000e+00
4.511032126643479967e-01
-1.000000000000000000e+00
1.000000000000000000e+00
-1.000000000000000000e+00
1.000000000000000000e+00
1.000000000000000000e+00
