5.219819321170326987e-02
4.489194486271845808e-01
2.777516987199160070e-01
-2.547609444394896006e-01
-6.406268085921953404e-01
3.408693911773648111e-01
-3.869147052681742860e-01
3.588125555730514726e-01
8.568792616002807172e-02
-1.487200741277256988e-01
-9.068240122833692851e-05
-4.557508575598749889e-01
1.332511845413042462e-01
-3.608354925674270852e-01
2.907841971700440009e-01
-5.121517840276146316e-01
-4.631060632332539839e-02
4.218016768379089232e-01
2.118958932092271930e-01
-9.017164461430406952e-01
6.080096859685657495e-01
-7.985815215972451586e-01
-3.282096206585707332e-01
-3.519795534319358765e-01
3.670526733359322780e-01
2.049645939302047193e-01
1.333241598832930475e-01
-7.645885987286706875e-01
-1.483895366688574580e-01
5.867668344440306605e-01
6.186002263008376634e-01
-8.527187545807830560e-01
3.624438702119128219e-01
2.197648930830740088e-01
2.868621797118486860e-02
-6.170114650603133466e-01
1.196239191145365144e-01
3.241911338614753557e-01
7.639125376720734550e-02
1.889990283652371872e-01
-9.141067019325677112e-01
7.990058510460702479e-01
2.900333428999246621e-01
-1.059723205037199634e-01
4.787212750117619819e-03
3.000847469172238657e-01
-1.205972530946184396e-01
9.946348607919077711e-01
2.093530509581567056e-01
-3.543597350351617159e-01
-6.016810740798534951e-01
3.686872632841109443e-01
5.986820842315541125e-01
7.298712506846789516e-01
-4.989901055431920085e-01
5.104437459558845980e-01
-3.953692580050283123e-01
1.849975020963599004e-01
-5.943923156678931896e-02
-7.666883409546323414e-01
-9.313126214038649486e-01
5.974633369558823848e-01
3.525594121036332851e-01
-8.817489624293199935e-01
3.927302816937903174e-01
2.631904475420685507e-01
-2.203575803761723684e-01
-6.009901995674318265e-01
2.825283709985360048e-01
-2.133038269191975811e-01
2.070890919038330669e-01
7.140922095934827407e-01
8.274849060508022713e-01
6.736593737614244848e-01
5.338168133819687355e-02
1.747987182256052208e-01
2.220099537790043431e-01
-2.779214861261467551e-01
6.423827481677895079e-01
-3.413613427223585184e-01
-6.939405396118738523e-01
3.070530676483858024e-01
-1.655095433450477493e-01
-2.188141230288851435e-01
-6.650748056994542079e-01
-3.885315809355549543e-01
6.192204933887031082e-01
-3.316251479226972609e-01
-2.527427835066617945e-01
1.088829036435150499e-01
7.928253276016081763e-01
4.902652432535792304e-01
7.051985604898722837e-01
8.130383491180226407e-02
-6.107065990402844591e-01
-1.591069059324505819e-01
7.332260203457341419e-02
-7.263671565495077864e-02
9.493240295789182603e-01
-8.301615948130984801e-01
1.669186465643341943e-01
-2.260002926781048416e-01
-9.041715646143064777e-01
-7.613245031647231098e-01
1.588194918731336003e-01
-4.387962883757243748e-01
-6.102487879079003807e-01
-2.576462918276460901e-01
4.634024654545403354e-01
-3.847108311571265649e-01
3.553490996264405677e-01
8.133386099443657979e-01
8.380562493204868346e-02
6.126155847438725655e-01
2.697541980271165318e-01
-9.897461041967730022e-01
1.671878160064226293e-01
1.002767652649823038e-01
6.284760559489224185e-01
8.560160056508618887e-01
9.077653422843501296e-02
4.514798349442614711e-01
9.957576369676446326e-01
-9.605134678209568122e-01
-6.935532004677851248e-01
-1.782946429468907912e-01
-4.107678616978314157e-01
-1.746968053849484726e-01
-7.803139340538538526e-01
8.842371247747315977e-02
-2.568389362703122902e-01
5.970797698443308654e-01
-9.501301461182223296e-01
-5.157419952863662171e-01
8.638069815275655206e-01
-3.819605489299102707e-01
-7.651597517775934332e-01
-7.201926933937989883e-01
5.233290984723648620e-02
-1.339057238242999937e-01
9.461492918698508614e-01
-9.680679402870175920e-01
-1.119891501977110515e-02
7.671324189829114015e-01
8.887710198842802001e-01
-7.561323797773600308e-01
5.890752563371939310e-01
4.505625489253741733e-01
-3.144821347938444589e-01
9.901990411831171901e-01
-1.668684425781084002e-01
-6.013012939928703560e-01
-5.773168149774821067e-01
-8.704929883523919720e-01
-1.478968492451113725e-01
5.358962578079267125e-01
-8.235620033704529330e-01
-5.789964563841221157e-02
5.910167102893724156e-01
-1.170521598722911172e-01
4.189702321260684315e-01
-8.449981849613636964e-01
-7.379712909139783950e-01
-9.191019262085393660e-01
-4.338070877108188839e-01
-4.447812763441889583e-01
-2.345933222521403572e-01
-8.442019983412785145e-01
-9.365715047192626486e-01
-6.090074716472260175e-01
-5.931557572728887173e-01
-1.569679370037173616e-01
5.013598474064693278e-01
-7.535572587703314174e-01
8.381950933515305291e-01
3.808420391205926681e-01
-9.274955897234304913e-01
9.057812688003477053e-01
-6.164582560903724140e-01
-8.281942639467219092e-01
5.479147662225023474e-01
-6.102605185267586663e-01
7.285389647806272961e-02
-7.934155192994085670e-01
-8.925072469195378666e-01
4.397577179613954002e-01
-4.652691862471380890e-01
9.315494884694506261e-01
-6.282246440141165955e-01
-2.559632676835592591e-01
5.534602177960894487e-01
8.574520307603616942e-02
-2.673267044858065322e-01
5.402370721508849005e-01
-4.375050165017324577e-01
2.599365300851474991e-01
-3.654238371762008608e-01
3.006115848698032167e-02
4.011296540881581496e-01
-1.499226228241556935e-01
-2.550560868518014779e-01
9.555333348733487941e-01
-8.278226307997944566e-01
-1.287074801800569546e-03
-6.789418734882817219e-01
3.933234549412218950e-01
7.448264323616398119e-01
-4.760499823271300279e-01
2.408975674040374493e-01
-6.148092354977989782e-01
5.907073349280662633e-01
-6.671752312338790070e-01
-6.583737230546859998e-01
2.345084760955598036e-01
-4.754275287324978283e-01
-4.974218809261001795e-01
8.028718477929381869e-01
8.004628188509752551e-01
7.649859628451916027e-01
1.465196535133621580e-01
-9.936003507454060912e-01
8.347549291779834402e-01
-6.029127570020273996e-01
-1.187896023831225278e-01
-3.618428064089531659e-01
-9.334302679160551008e-01
5.826147839041839749e-01
-4.015045955934049005e-03
-8.346667170109438594e-01
8.828417862142194927e-01
-4.352276493590465645e-01
-5.444558434454329632e-01
9.278221241592259361e-01
4.334330702483004671e-01
9.326787062030299502e-01
-1.779001202941150606e-01
1.174245470837971261e-01
-6.708071477884194334e-01
-8.238516418603538671e-01
-1.130407419990691054e-01
-5.156701101113096986e-01
-3.738919789842347630e-01
5.838266165407055563e-01
8.049293297475959008e-01
1.137766343681148040e-01
7.571787921362405083e-01
-5.871372554217393347e-01
8.259447406231734679e-01
-5.799738964686089737e-01
8.377724002313140517e-01
-6.915922143694184232e-01
7.710834818993792528e-01
-5.769967145406629250e-01
9.523102394344769017e-01
-7.506963982566197124e-01
-6.947087631150341558e-01
1.757472336997134565e-01
7.043939063047721660e-02
-8.917203759409015884e-01
1.318987521950085728e-01
-1.857221958860713062e-01
7.736789738276852457e-01
3.120635723962303931e-01
9.190470156250580835e-01
4.550847612368398298e-01
