9.721164944185671786e-01
4.236389657757761995e-01
4.942348508326899204e-02
1.000000000000000000e+00
-1.000000000000000000e+00
-1.000000000000000000e+00
1.829375539087105818e-01
1.000000000000000000e+00
-1.000000000000000000e+00
1.000000000000000000e+00
-5.360887687344758623e-01
4.376238218794910040e-01
-1.000000000000000000e+00
-4.556447561534331392e-01
1.000000000000000000e+00
7.237470393849128047e-01
1.072914540069660472e-01
-7.371705952170657383e-01
-8.235982631992757597e-01
8.307553103909401937e-01
-6.737796813223417836e-01
-9.145148792933079918e-01
5.066999398200626725e-01
-2.044404710752436571e-01
5.637289667880660549e-01
5.611124275271894835e-01
6.574699675865151027e-01
-6.584102426190232560e-01
-1.974882053811138904e-01
4.260848118754556602e-02
2.340885567382144927e-01
-1.000000000000000000e+00
-2.084021231859772283e-01
3.541256965200425544e-01
-8.254188485554569965e-02
9.686672408329972672e-01
1.000000000000000000e+00
-7.227622666324835521e-01
-1.000000000000000000e+00
1.000000000000000000e+00
1.000000000000000000e+00
-1.000000000000000000e+00
-9.273734466353231731e-01
-1.000000000000000000e+00
-5.046774993374355534e-01
7.742598909727818057e-01
-2.967749746682187828e-01
-6.755090732844084567e-01
-1.683544001413101177e-01
5.975377355292427195e-01
-1.000000000000000000e+00
-1.792620601199797492e-01
-6.359465943362905271e-01
-1.000000000000000000e+00
-8.980881842230388212e-01
-5.654084205068001800e-01
-8.490751505367664098e-01
-9.566669049947139625e-01
-6.071425167405043455e-01
1.000000000000000000e+00
9.330803802195432040e-01
1.000000000000000000e+00
1.000000000000000000e+00
7.997582317018427922e-01
2.164108608527365307e-01
-7.750832186618490383e-01
1.271028237257209592e-01
7.748729499438140600e-01
-1.000000000000000000e+00
-5.459404609572651168e-01
-3.936313106628818170e-01
-1.323469769436536048e-01
6.511263228149585247e-01
1.000000000000000000e+00
1.000000000000000000e+00
1.000000000000000000e+00
-1.000000000000000000e+00
-6.601974922482714003e-01
2.398559307973868737e-01
5.070864342966086014e-01
-3.114023560982748240e-01
-6.495207815836334664e-01
-1.984103839548862491e-01
3.702814469659695407e-01
-1.000000000000000000e+00
-1.412242517742152703e-01
1.000000000000000000e+00
-1.000000000000000000e+00
-5.772301358060329957e-01
-6.553219422289549012e-01
8.873857594489987788e-01
3.182429229170625762e-01
1.000000000000000000e+00
1.000000000000000000e+00
1.000000000000000000e+00
8.845984560840635114e-01
8.176804984881715921e-01
1.000000000000000000e+00
4.071817129415158387e-01
7.687875630176158603e-01
-1.334810759640480682e-01
-9.883409392908837354e-01
-3.553695138031638390e-01
1.000000000000000000e+00
2.928395525820859380e-01
-6.707516736439168847e-02
2.328740554907625104e-01
1.000000000000000000e+00
-1.000000000000000000e+00
-5.613147626948347124e-01
3.791405981902519207e-01
-1.000000000000000000e+00
2.978676812622149672e-01
-8.375544814110980063e-02
4.229742688789088767e-01
7.191050976141297735e-01
1.000000000000000000e+00
-3.529900678369084499e-01
1.000000000000000000e+00
1.103249624399699758e-01
-4.073367909803081721e-01
-1.000000000000000000e+00
1.000000000000000000e+00
2.785119625652654474e-01
-4.864933913418498790e-01
-1.000000000000000000e+00
-1.000000000000000000e+00
-3.981080280814617289e-01
3.727544738605237384e-02
9.745581350063573511e-01
-3.344430879688629066e-01
1.293194034728970543e-01
-1.000000000000000000e+00
-6.991195747709021413e-01
1.555048467567679005e-01
1.000000000000000000e+00
2.944552292722028008e-01
2.180782697898180078e-01
-1.017881290657818294e-02
4.487491812224078114e-01
1.000000000000000000e+00
-7.786387392328451007e-01
-6.951785188604526766e-01
1.000000000000000000e+00
-4.782168684657887026e-01
-1.897045575175269061e-01
1.000000000000000000e+00
3.082265404442277035e-01
-1.000000000000000000e+00
-5.175332444698286238e-01
6.522308537806773554e-01
1.000000000000000000e+00
1.936872825409019505e-01
-3.635970414592639699e-01
7.302706283260917974e-01
1.423527203608212499e-01
7.140757583911843120e-01
9.213106448946731808e-01
-3.590043396789661112e-01
1.000000000000000000e+00
1.000000000000000000e+00
6.488937075933232101e-02
-1.000000000000000000e+00
-3.960980718007240942e-01
-8.410811681648897586e-01
-8.999245055002510485e-01
1.000000000000000000e+00
-3.722553397227613692e-01
7.226028043861183470e-01
7.409592560481524925e-01
1.000000000000000000e+00
1.962366062617302565e-01
-6.340473276577407447e-01
-5.078214892890442478e-02
-1.000000000000000000e+00
-9.960731311810087085e-01
1.000000000000000000e+00
1.615795401924486896e-01
-7.694175936353143952e-02
-9.045265472931933726e-01
-1.000000000000000000e+00
-2.735777488850115180e-01
1.000000000000000000e+00
1.355317855639133207e-01
3.212391881665535021e-01
-1.945467113834060680e-01
-8.002537701002363502e-01
5.801113829208250916e-01
1.000000000000000000e+00
4.371265061592299883e-02
7.683368387398514798e-01
-1.000000000000000000e+00
-5.158827804389889415e-01
8.077542559679082856e-01
-8.577245284288159688e-02
1.081317765154857780e-01
7.178120949033022224e-01
4.137216928184110909e-01
7.931558992164473576e-01
-1.000000000000000000e+00
-9.409266703644199037e-01
-6.897157795929131918e-01
-3.687613801912940081e-01
-2.822563011526076915e-01
1.000000000000000000e+00
-3.828346132181804640e-01
-2.357757008621155226e-01
-1.000000000000000000e+00
9.086883626470020348e-01
4.966898546003745696e-01
1.000000000000000000e+00
-3.992487922061616068e-02
-1.126537111022482829e-01
-8.525043231489175533e-01
1.000000000000000000e+00
-7.390140112647261006e-01
1.799857469828890499e-01
7.106871924157530662e-01
1.000000000000000000e+00
-1.000000000000000000e+00
-9.137810610024774682e-01
1.000000000000000000e+00
-1.000000000000000000e+00
-1.000000000000000000e+00
1.000000000000000000e+00
6.191423525104426950e-01
1.000000000000000000e+00
1.000000000000000000e+00
1.000000000000000000e+00
-1.000000000000000000e+00
-7.515033732853080295e-01
-7.614133658657460391e-01
-5.153542096900753933e-01
-4.371715902764657935e-01
1.000000000000000000e+00
2.161126736494870526e-01
3.683057363220708647e-01
1.000000000000000000e+00
3.140630049243434696e-01
1.000000000000000000e+00
1.283792163743255887e-01
4.161016790502241047e-01
-3.576697515116693538e-01
-1.000000000000000000e+00
-6.402311703684804289e-02
1.000000000000000000e+00
-1.000000000000000000e+00
1.000000000000000000e+00
-6.561787659750062396e-01
-3.310471758621498228e-01
-3.787489257149422861e-01
1.000000000000000000e+00
-4.496326885507495597e-02
1.000000000000000000e+00
1.000000000000000000e+00
-7.008399443283972463e-01
1.000000000000000000e+00
8.835213418607317237e-01
8.667233551027406779e-01
1.000000000000000000e+00
-1.000000000000000000e+00
-7.137122527578236841e-01
1.000000000000000000e+00
8.561332129751600961e-01
-1.000000000000000000e+00
