1.000000000000000000e+00
-1.000000000000000000e+00
-1.000000000000000000e+00
1.000000000000000000e+00
-1.000000000000000000e+00
-1.000000000000000000e+00
1.000000000000000000e+00
1.000000000000000000e+00
-1.000000000000000000e+00
1.000000000000000000e+00
1.000000000000000000e+00
-1.000000000000000000e+00
1.000000000000000000e+00
1.000000000000000000e+00
-5.281555769771369979e-01
-7.757678340088247637e-02
1.000000000000000000e+00
1.000000000000000000e+00
1.000000000000000000e+00
-2.160164112230394950e-01
-1.661868111494854139e-01
-1.000000000000000000e+00
-2.230916701166785199e-02
-1.000000000000000000e+00
1.000000000000000000e+00
4.791897861765629374e-01
-6.597278007977325220e-02
-1.000000000000000000e+00
6.699535056502721186e-01
1.000000000000000000e+00
-1.000000000000000000e+00
1.000000000000000000e+00
-4.648434810366565140e-01
4.053729956268143919e-01
7.519794912248625174e-01
-1.000000000000000000e+00
-1.000000000000000000e+00
-1.000000000000000000e+00
6.516289254449342261e-01
9.285643124553599748e-01
1.000000000000000000e+00
1.000000000000000000e+00
-3.667830058830039430e-01
1.000000000000000000e+00
1.000000000000000000e+00
1.000000000000000000e+00
1.000000000000000000e+00
-9.941924140265681054e-01
1.000000000000000000e+00
1.000000000000000000e+00
1.000000000000000000e+00
-1.517627062479039723e-01
-1.000000000000000000e+00
1.000000000000000000e+00
-1.000000000000000000e+00
1.000000000000000000e+00
1.000000000000000000e+00
1.000000000000000000e+00
-1.000000000000000000e+00
1.000000000000000000e+00
-1.000000000000000000e+00
-1.000000000000000000e+00
1.000000000000000000e+00
1.000000000000000000e+00
1.000000000000000000e+00
-1.000000000000000000e+00
-6.207505923742306919e-03
1.000000000000000000e+00
1.000000000000000000e+00
1.000000000000000000e+00
-6.687963021572784772e-01
-1.000000000000000000e+00
-7.555977474523239978e-01
9.877153773434124151e-01
1.000000000000000000e+00
-1.000000000000000000e+00
1.000000000000000000e+00
1.000000000000000000e+00
-3.885664095381220484e-01
6.109817054992632279e-01
1.000000000000000000e+00
1.000000000000000000e+00
8.411611729101137191e-02
8.551435653237874357e-01
1.000000000000000000e+00
1.000000000000000000e+00
-3.251846109792067563e-01
-6.740643821034536520e-02
-8.607950970830501314e-01
1.000000000000000000e+00
1.000000000000000000e+00
-1.000000000000000000e+00
9.154742229028832723e-01
-1.000000000000000000e+00
-1.000000000000000000e+00
-1.000000000000000000e+00
3.791902175279466825e-01
1.000000000000000000e+00
-1.000000000000000000e+00
-7.003538355532441528e-01
1.000000000000000000e+00
-5.981117649272915671e-01
-9.115789134076485167e-03
4.613313597648645015e-01
6.680415669957219249e-01
-1.000000000000000000e+00
2.572957984229556905e-01
1.000000000000000000e+00
1.000000000000000000e+00
1.000000000000000000e+00
1.000000000000000000e+00
-5.161539008878127666e-01
5.172976306726706497e-01
-7.183432640385131185e-01
-1.000000000000000000e+00
-1.000000000000000000e+00
-5.961249080754540408e-01
-1.000000000000000000e+00
-2.245438354671725201e-01
-1.000000000000000000e+00
1.000000000000000000e+00
-1.000000000000000000e+00
1.000000000000000000e+00
1.000000000000000000e+00
-1.000000000000000000e+00
-1.000000000000000000e+00
-5.894002563008458040e-01
1.000000000000000000e+00
-1.834608632012804108e-01
-1.000000000000000000e+00
-1.000000000000000000e+00
-2.440811626279509872e-01
-7.120405288678433031e-01
3.527730932462870284e-01
-1.000000000000000000e+00
-1.000000000000000000e+00
-1.401751152828338842e-01
1.000000000000000000e+00
1.000000000000000000e+00
2.055551086501569147e-01
8.709743349156613412e-01
1.000000000000000000e+00
-1.000000000000000000e+00
-1.000000000000000000e+00
1.000000000000000000e+00
1.000000000000000000e+00
8.151899502255132157e-01
9.600235144989448521e-01
1.000000000000000000e+00
1.000000000000000000e+00
1.000000000000000000e+00
-1.000000000000000000e+00
6.709292031881387564e-01
-1.000000000000000000e+00
-1.000000000000000000e+00
-6.063868280865172267e-01
-1.000000000000000000e+00
-1.000000000000000000e+00
-1.000000000000000000e+00
-7.842417820483255086e-01
1.000000000000000000e+00
-1.000000000000000000e+00
1.000000000000000000e+00
-1.000000000000000000e+00
-1.000000000000000000e+00
1.000000000000000000e+00
1.000000000000000000e+00
-2.111996027066198600e-01
1.000000000000000000e+00
8.948513256527725057e-02
1.000000000000000000e+00
-1.000000000000000000e+00
7.467444435983698892e-01
5.714741800923319737e-01
-9.087110077019633358e-01
7.444251033473126000e-02
1.000000000000000000e+00
-1.000000000000000000e+00
7.821614098398682602e-01
-1.000000000000000000e+00
-1.000000000000000000e+00
1.802351336439644847e-01
-1.000000000000000000e+00
-4.757161826009532746e-01
-1.000000000000000000e+00
-1.000000000000000000e+00
6.367190057901732647e-01
-1.658418994726630902e-01
-4.841674477117727804e-01
3.708641501270737439e-01
1.000000000000000000e+00
-1.046523273373837770e-01
-1.000000000000000000e+00
-8.879799667230572346e-01
1.000000000000000000e+00
4.102154551692832052e-01
6.863099102510206162e-01
1.000000000000000000e+00
1.000000000000000000e+00
-1.000000000000000000e+00
1.000000000000000000e+00
-3.402660889052793181e-01
1.000000000000000000e+00
7.765724958364943475e-01
-1.000000000000000000e+00
-1.000000000000000000e+00
1.000000000000000000e+00
-5.106833563046480062e-01
-1.000000000000000000e+00
4.157960905061315882e-01
-1.000000000000000000e+00
-1.000000000000000000e+00
9.477462326509173973e-01
1.000000000000000000e+00
-1.000000000000000000e+00
-1.000000000000000000e+00
-1.000000000000000000e+00
1.000000000000000000e+00
1.000000000000000000e+00
1.000000000000000000e+00
1.000000000000000000e+00
7.669868210997624614e-01
1.000000000000000000e+00
-1.000000000000000000e+00
-1.000000000000000000e+00
1.000000000000000000e+00
-1.000000000000000000e+00
1.000000000000000000e+00
4.632709544024142256e-01
-1.000000000000000000e+00
1.000000000000000000e+00
1.000000000000000000e+00
-1.000000000000000000e+00
6.858537363518101282e-01
-1.000000000000000000e+00
1.000000000000000000e+00
-1.000000000000000000e+00
1.000000000000000000e+00
-1.000000000000000000e+00
3.591651813371815605e-01
1.000000000000000000e+00
-8.748929774953513316e-01
-1.000000000000000000e+00
1.000000000000000000e+00
-1.000000000000000000e+00
-1.000000000000000000e+00
-1.000000000000000000e+00
-1.000000000000000000e+00
-1.000000000000000000e+00
1.000000000000000000e+00
-1.000000000000000000e+00
2.908729149800870495e-01
-1.000000000000000000e+00
9.651657833838558354e-01
1.000000000000000000e+00
1.000000000000000000e+00
1.000000000000000000e+00
3.602971361940005002e-01
-1.078525659168144690e-01
1.000000000000000000e+00
-4.850090018384333734e-01
-1.000000000000000000e+00
8.309076458308255475e-01
1.000000000000000000e+00
-1.000000000000000000e+00
