1.000000000000000000e+00
-2.567993528912605461e-01
6.052998209846227606e-01
-1.000000000000000000e+00
-2.508820280001043956e-01
4.637746712939947447e-01
-4.828128590923985719e-02
3.618226621229913009e-01
-9.437230294869818348e-01
1.000000000000000000e+00
-1.000000000000000000e+00
-1.339777537776757899e-01
-1.000000000000000000e+00
-1.000000000000000000e+00
6.795208021540977139e-01
9.118802132576643293e-01
1.000000000000000000e+00
-1.000000000000000000e+00
1.000000000000000000e+00
3.937828114054755524e-01
-3.414827808770082851e-01
-4.309431721584183750e-01
1.000000000000000000e+00
9.697617635116257961e-01
-5.610581866166914899e-01
2.470829871951431000e-01
-1.000000000000000000e+00
-5.092694033200140247e-02
-1.000000000000000000e+00
1.000000000000000000e+00
-1.000000000000000000e+00
-1.000000000000000000e+00
1.000000000000000000e+00
-8.702325402107629060e-01
-1.000000000000000000e+00
2.899471677604789077e-01
-3.655488417939951606e-01
1.000000000000000000e+00
-1.000000000000000000e+00
-1.000000000000000000e+00
2.316600693399495370e-01
-7.815319891585481571e-02
1.000000000000000000e+00
1.906380790640215817e-01
-1.000000000000000000e+00
-1.775012104992289008e-01
-1.000000000000000000e+00
-3.482779154873824057e-01
-1.000000000000000000e+00
-9.219497270744142492e-02
8.637636145300562340e-01
-1.000000000000000000e+00
-1.000000000000000000e+00
3.937452953503005615e-01
-1.000000000000000000e+00
1.000000000000000000e+00
-6.173659155797632803e-01
1.000000000000000000e+00
-8.440497050333477524e-01
-4.034328643871284981e-01
1.000000000000000000e+00
1.000000000000000000e+00
3.513447910121936246e-02
-1.000000000000000000e+00
-1.000000000000000000e+00
1.000000000000000000e+00
-9.416090787864440648e-01
-6.988593057952086074e-02
-1.000000000000000000e+00
-1.000000000000000000e+00
-1.000000000000000000e+00
5.296734112864482924e-01
1.000000000000000000e+00
3.341068344276068025e-01
1.000000000000000000e+00
1.000000000000000000e+00
1.122660836480271485e-01
-6.621594526419611881e-01
-1.000000000000000000e+00
1.000000000000000000e+00
-1.000000000000000000e+00
1.000000000000000000e+00
-1.000000000000000000e+00
-1.000000000000000000e+00
-1.000000000000000000e+00
-9.600814266927382157e-02
7.427937085853253407e-02
9.061960654026439410e-02
1.108715948285161623e-01
1.000000000000000000e+00
3.159870340206513140e-01
-7.939745077050427424e-01
1.000000000000000000e+00
1.000000000000000000e+00
1.000000000000000000e+00
-1.000000000000000000e+00
-8.241902898291336710e-01
1.000000000000000000e+00
-1.000000000000000000e+00
-1.000000000000000000e+00
8.001323030932726565e-01
-6.415657497461936254e-01
5.315657287064495806e-01
-5.628789779103829938e-01
-3.144773924517763053e-01
1.000000000000000000e+00
4.593829187981063877e-01
1.000000000000000000e+00
1.000000000000000000e+00
5.100160801541777644e-01
-7.943378279599414560e-01
2.694368202110591914e-02
1.000000000000000000e+00
1.000000000000000000e+00
-1.000000000000000000e+00
1.000000000000000000e+00
-3.631438935798334544e-01
4.945222375077498178e-01
-1.000000000000000000e+00
2.796881523677089421e-01
-1.387879064285317821e-01
-1.000000000000000000e+00
1.758693611989509131e-01
-3.598036472710983702e-01
4.048165303023327222e-01
1.374010533998813455e-01
-5.881014838850792126e-01
1.000000000000000000e+00
3.889889902261057242e-01
-1.000000000000000000e+00
-1.000000000000000000e+00
2.878121447619925721e-01
-9.060997036155264972e-01
1.689835316684040745e-01
1.000000000000000000e+00
5.199867355667253666e-02
-1.000000000000000000e+00
-2.124721846670052372e-02
-1.000000000000000000e+00
-1.000000000000000000e+00
-8.323178470177345911e-01
2.891411315666568282e-01
-8.025381017356747471e-02
1.080010389109046232e-01
7.307698337109848064e-01
9.486281646865979411e-01
-7.236360389945273308e-02
1.000000000000000000e+00
-1.000000000000000000e+00
1.000000000000000000e+00
5.978281181549898182e-01
6.324001277818795952e-01
3.493073701710298629e-01
-6.985062105109739461e-01
1.000000000000000000e+00
1.000000000000000000e+00
6.418579847672405414e-01
1.000000000000000000e+00
-1.000000000000000000e+00
6.377496276173326706e-01
3.457598324554631564e-01
-8.341625444864781969e-01
-4.460134544251300737e-01
1.000000000000000000e+00
-5.603289942696021431e-01
-3.635526069370961233e-01
-3.241517201609343535e-01
-8.698159072011202309e-01
7.383450519027781045e-01
1.871225099223694510e-01
3.221998046490144874e-01
-1.000000000000000000e+00
1.000000000000000000e+00
1.000000000000000000e+00
9.869275461028785834e-01
-5.438459586135372392e-01
1.000000000000000000e+00
6.856271895319019372e-01
-3.536848071911480318e-01
-1.000000000000000000e+00
-7.670513418337627787e-01
-8.434317809270548416e-01
1.000000000000000000e+00
8.129524736706064125e-01
-3.708832200523512479e-02
8.345922321015020184e-02
1.000000000000000000e+00
2.887232764947336716e-01
-1.000000000000000000e+00
1.000000000000000000e+00
1.000000000000000000e+00
5.332458863611755362e-02
9.296800418282764600e-01
-9.604058859199582354e-02
1.000000000000000000e+00
1.000000000000000000e+00
1.000000000000000000e+00
-1.000000000000000000e+00
1.000000000000000000e+00
4.977222978407648823e-01
-1.000000000000000000e+00
1.000000000000000000e+00
-1.000000000000000000e+00
1.000000000000000000e+00
-4.820192767211776697e-01
-9.871003028193303663e-01
9.800810724289379383e-01
1.000000000000000000e+00
4.313080785562120045e-01
1.000000000000000000e+00
-3.336281044310722699e-01
3.756241522211974382e-01
6.552596798977807779e-01
4.485711095238341661e-01
5.485117484200674465e-01
-1.000000000000000000e+00
6.737148217265361838e-01
3.960562123376367705e-01
-5.127471073409342051e-01
1.000000000000000000e+00
1.000000000000000000e+00
1.000000000000000000e+00
9.567969099584435755e-01
8.781868386339284349e-01
-1.000000000000000000e+00
2.344838720043601055e-01
9.196188785905206053e-01
-7.448980640092310868e-01
1.000000000000000000e+00
3.871615747471357505e-01
-5.885469694298063326e-01
-7.426459672548471058e-01
3.280088723646896742e-01
1.000000000000000000e+00
-1.000000000000000000e+00
1.000000000000000000e+00
-6.031329273480376951e-01
-1.129415703555829431e-01
-2.739136836833133692e-01
4.843404394579331473e-01
5.262785098402450457e-01
5.163679377898802159e-01
-3.402181141424677202e-01
-1.000000000000000000e+00
1.000000000000000000e+00
5.301061529093558100e-01
-1.000000000000000000e+00
1.742864199664582447e-01
2.672742068277880190e-01
-1.000000000000000000e+00
-6.953647409987908645e-01
6.354285460276729580e-01
-3.928473981004543814e-01
-5.650851019852815016e-02
-8.040322679669080763e-01
-1.945051088693008357e-01
-1.000000000000000000e+00
-1.872250677631094318e-01
1.000000000000000000e+00
1.000000000000000000e+00
-4.725150699130817866e-01
1.033668712951739677e-01
3.981036629223835277e-01
7.871326037801104070e-01
6.908702566661956146e-02
