-1.000000000000000000e+00
3.452351060368157309e-01
1.000000000000000000e+00
-4.962571229877976720e-02
-6.673832804518147199e-01
-4.776846753252794731e-02
-8.446285723119291156e-01
-6.569683692806929098e-01
1.000000000000000000e+00
-5.307316710219891487e-01
-1.000000000000000000e+00
-6.975742528198593251e-02
5.366879664491677193e-01
8.804461418114697402e-01
-1.000000000000000000e+00
7.784621769807831271e-01
-2.378435885095653568e-01
-2.972859828286448236e-01
-1.634336534217870618e-01
3.115726549044062210e-02
-1.000000000000000000e+00
-1.162079611985249450e-01
3.946154961089238800e-01
-1.000000000000000000e+00
-5.854112411204915878e-01
-1.000000000000000000e+00
-6.510668394613446930e-01
-4.907758686512111446e-01
6.492565448599217637e-02
-2.248969452666393920e-02
-3.832407377811405391e-01
1.000000000000000000e+00
-4.974652746110062029e-01
1.000000000000000000e+00
2.143877687226352080e-01
-1.190998329035029002e-01
-4.353566879793772104e-01
-1.000000000000000000e+00
5.672062756508733372e-01
-5.418242097381211764e-01
1.008342145481641028e-01
1.000000000000000000e+00
1.856937335671329237e-01
1.000000000000000000e+00
6.589046596960834723e-01
7.589500116863199253e-01
3.257205357286676595e-01
-7.691885219927037109e-01
-8.228640699178368934e-02
1.000000000000000000e+00
-1.036977129173034529e-01
5.541495251989310145e-01
-1.000000000000000000e+00
8.854805009146238248e-02
-2.735092342802551979e-01
4.620542616771419198e-01
-1.000000000000000000e+00
8.689095940248954264e-01
-6.371266771238381921e-01
7.763507623650882650e-01
1.868590920709292669e-01
1.000000000000000000e+00
-3.834813760274209393e-01
-1.000000000000000000e+00
8.823969494272372316e-01
-3.872217736088119366e-01
1.000000000000000000e+00
7.817210201801676472e-01
-6.202663307059486097e-01
-1.000000000000000000e+00
-1.348137620781066914e-01
-1.000000000000000000e+00
8.705036707314163236e-01
-2.149369999583305990e-01
2.807088361621596362e-01
-1.000000000000000000e+00
1.000000000000000000e+00
-5.514582083108410249e-01
-8.314989482852869207e-01
-3.222056630990349779e-01
-3.701770494305277048e-01
7.321445787906490921e-01
1.000000000000000000e+00
-1.000000000000000000e+00
-1.000000000000000000e+00
-1.000000000000000000e+00
-5.735981309698148234e-01
-8.250915231219166923e-01
1.794917838548959477e-01
-1.000000000000000000e+00
-1.000000000000000000e+00
3.285330264821482715e-01
-4.401152743862710159e-01
-7.049862160621415130e-01
2.473174202946047118e-01
-1.000000000000000000e+00
2.428851387802493100e-01
6.708614694913217491e-01
1.000000000000000000e+00
8.832334460638278095e-01
5.540868245221259869e-01
1.000000000000000000e+00
-1.000000000000000000e+00
-1.000000000000000000e+00
4.218230652250762880e-01
1.792238386131427830e-01
-5.832449812985249782e-01
1.000000000000000000e+00
6.934504207227403239e-01
9.797640428312899274e-01
-5.703995270813819740e-01
1.675915594220191984e-01
-6.137893120690818272e-02
8.254368869155050970e-01
-1.940936183817537630e-02
1.000000000000000000e+00
7.128061168788299984e-01
-7.879316330478181030e-02
2.030110994329126228e-01
-7.207143622570300057e-01
-1.000000000000000000e+00
4.298661543280344333e-01
9.514354302190575208e-01
-2.518844362093081157e-01
7.207413702060146976e-01
-6.260657204285415833e-01
-9.840638280245492808e-01
-2.059285216621165038e-01
-9.368756307789624094e-01
1.000000000000000000e+00
-5.360612740604375759e-01
6.527613252525739096e-01
1.000000000000000000e+00
1.000000000000000000e+00
8.383112396418967993e-01
-5.147000317635351818e-01
7.727411355553329697e-01
4.077631673270292190e-01
1.000000000000000000e+00
-7.628793255801197271e-01
-5.191598172404644496e-01
1.408088411993226874e-01
-1.000000000000000000e+00
-1.000000000000000000e+00
2.180366131920443984e-01
3.085892561977677806e-01
-1.000000000000000000e+00
1.745835258035610682e-01
7.022379639665953244e-01
7.601257471113997966e-01
5.167252694751874875e-01
1.000000000000000000e+00
4.354285422216570556e-01
-4.795501951216676328e-01
2.074271366332911537e-01
-1.000000000000000000e+00
4.068368192913001113e-01
1.000000000000000000e+00
7.796856520580768279e-01
1.000000000000000000e+00
8.395999819280395293e-01
-1.000000000000000000e+00
-9.101614950456353714e-01
-1.095794144784184576e-01
3.232015826778637524e-01
-7.921198441630999953e-01
4.735830645011905871e-01
3.547601970083349432e-01
-1.000000000000000000e+00
3.799900476648105374e-01
1.000000000000000000e+00
-1.000000000000000000e+00
4.058339502585677216e-01
1.000000000000000000e+00
1.613776979841831105e-01
1.000000000000000000e+00
-3.371721272420262761e-01
-4.168059802204229780e-02
8.619493654476426681e-01
3.057726771195539150e-01
2.623319410336874546e-01
1.077162827260839673e-01
5.359172353232688479e-02
1.000000000000000000e+00
1.000000000000000000e+00
3.406292802818722265e-02
7.390208614567865819e-01
-3.094176332142759556e-01
4.723643818420433238e-01
-3.112630961793021456e-01
1.000000000000000000e+00
-5.221845961603548414e-01
-8.942964362295736658e-01
-1.876536153336006985e-01
4.570142536059109695e-01
-1.000000000000000000e+00
-1.000000000000000000e+00
2.201595051240021750e-01
8.644691790417295962e-01
1.000000000000000000e+00
-3.506357457611792849e-01
-1.000000000000000000e+00
9.671254634588934973e-01
1.000000000000000000e+00
-9.289409606691062526e-01
-7.641381076234874392e-01
1.000000000000000000e+00
6.164715725034479732e-01
1.494841181076861369e-01
-3.747698318953087693e-01
7.632769631210742922e-01
6.091840185371287797e-01
-1.000000000000000000e+00
2.342915659510705351e-01
-2.445545486530309454e-01
-2.706107523354602806e-01
9.662844589052089761e-01
9.349010220021134465e-01
4.414017213797331585e-01
1.000000000000000000e+00
3.239203019970104958e-02
8.896023076888579517e-01
1.000000000000000000e+00
1.000000000000000000e+00
-1.887508315952064475e-01
-1.544921448369807049e-02
-7.779082506789256612e-01
8.040285202650028218e-01
2.009710780715389111e-01
-1.000000000000000000e+00
1.000000000000000000e+00
1.000000000000000000e+00
-1.000000000000000000e+00
-1.000000000000000000e+00
1.000000000000000000e+00
-9.436440654706290676e-01
3.242528111752429609e-02
7.680111478100364319e-01
1.071928218171858127e-02
1.000000000000000000e+00
1.887735682238433910e-03
6.999651281688210602e-01
1.000000000000000000e+00
1.000000000000000000e+00
2.433387757030987530e-01
-1.000000000000000000e+00
8.437922786534641784e-01
-1.000000000000000000e+00
-1.966418870156444176e-01
-6.924536899567085291e-01
3.805996690108512381e-02
1.000000000000000000e+00
9.901168753162841174e-01
8.466967596664534135e-01
-3.729447545760847804e-01
-4.136863603484386420e-01
-4.585552371239502989e-01
-7.392093836385638106e-01
6.641673886710648400e-01
-1.000000000000000000e+00
-4.665303438889740750e-01
-4.519526240814497609e-01
9.859224301101721100e-01
-1.000000000000000000e+00
5.285637367669751008e-01
