-2.588786948722423542e-01
1.000000000000000000e+00
-1.000000000000000000e+00
5.649853974327898598e-01
-1.000000000000000000e+00
1.000000000000000000e+00
6.373223977270028318e-01
1.000000000000000000e+00
-1.000000000000000000e+00
6.812290749045928351e-01
-8.284481688459977011e-01
-1.000000000000000000e+00
1.000000000000000000e+00
-1.000000000000000000e+00
1.000000000000000000e+00
-8.928108896723301324e-01
-1.000000000000000000e+00
-3.998703699783732191e-01
-1.000000000000000000e+00
-1.000000000000000000e+00
-3.961685625125479504e-01
2.794120373973403293e-01
1.000000000000000000e+00
1.000000000000000000e+00
7.802462560374894274e-01
1.000000000000000000e+00
-5.047212855519480623e-01
1.000000000000000000e+00
-1.155150630715671145e-01
-1.000000000000000000e+00
-1.000000000000000000e+00
9.799013875777562443e-01
1.000000000000000000e+00
1.905533947494848224e-01
-9.531757612951663461e-03
1.000000000000000000e+00
1.000000000000000000e+00
-5.792475655768004605e-01
1.000000000000000000e+00
6.682085989446610030e-01
6.128725587990938584e-01
7.358489233995828549e-01
1.000000000000000000e+00
-4.428939237186678701e-01
-1.000000000000000000e+00
1.000000000000000000e+00
1.229683403094472549e-01
-1.000000000000000000e+00
5.423360645214136966e-02
-7.392541525717326589e-01
-6.379529730878236160e-01
-7.770513537347639721e-01
5.841196206986301043e-01
1.000000000000000000e+00
1.325152373892229396e-01
3.056006118346333844e-01
-9.237560761100400697e-01
1.000000000000000000e+00
-5.001499619876845770e-01
-4.314058951249561957e-01
8.151353911007281905e-01
1.000000000000000000e+00
1.000000000000000000e+00
-1.000000000000000000e+00
-9.541179471384779731e-01
-1.000000000000000000e+00
-1.000000000000000000e+00
1.000000000000000000e+00
4.594453556044392206e-02
1.000000000000000000e+00
1.000000000000000000e+00
6.355068983327381016e-01
-1.000000000000000000e+00
1.000000000000000000e+00
-1.000000000000000000e+00
-1.000000000000000000e+00
6.203337970456745953e-01
-1.000000000000000000e+00
8.093026060227328511e-01
1.000000000000000000e+00
-6.520187111286752657e-01
-1.000000000000000000e+00
-2.080553317114783862e-01
1.912915897456035630e-01
1.000000000000000000e+00
-2.757361743148861732e-01
-9.573108704660306945e-01
-6.113338985524447988e-01
-1.000000000000000000e+00
6.456363715934924086e-01
1.000000000000000000e+00
-4.972948077604821826e-02
-1.000000000000000000e+00
3.427700593655109707e-01
-1.000000000000000000e+00
5.297871294229994366e-01
4.051264384484404291e-01
1.000000000000000000e+00
-1.000000000000000000e+00
1.843891451934481784e-02
-3.672932642244586265e-01
1.000000000000000000e+00
6.444582329001584675e-01
-1.972510201691241027e-01
-1.000000000000000000e+00
1.000000000000000000e+00
8.062758101731787308e-02
1.000000000000000000e+00
1.000000000000000000e+00
1.000000000000000000e+00
1.000000000000000000e+00
2.768594255843742635e-01
-8.664497506470090205e-01
-1.036966375359147374e-01
-6.603158711591541330e-01
1.000000000000000000e+00
-4.863634904000532222e-01
3.961013545429721283e-01
-2.700898641849329707e-01
-1.000000000000000000e+00
-6.645133977246944212e-01
-1.000000000000000000e+00
-1.000000000000000000e+00
1.000000000000000000e+00
-4.421465451419536175e-01
-4.388672819439433104e-01
-1.000000000000000000e+00
-1.000000000000000000e+00
6.505811226501423405e-02
-1.000000000000000000e+00
1.000000000000000000e+00
-1.000000000000000000e+00
-3.379358214869019328e-01
1.000000000000000000e+00
8.905278239896750048e-01
-1.000000000000000000e+00
-1.000000000000000000e+00
-6.559775600967813203e-01
-1.000000000000000000e+00
-7.465513578771889591e-01
3.952464959723817617e-01
1.000000000000000000e+00
-3.247922041356362532e-01
-1.530045278518534224e-01
-1.000000000000000000e+00
-1.000000000000000000e+00
-8.975303798312965764e-01
6.118031227694795682e-01
-8.824371285341969795e-01
-1.574183245179934243e-01
-7.129690331693233629e-01
6.921634994705410104e-01
6.448085430230723336e-01
-1.000000000000000000e+00
1.000000000000000000e+00
-1.000000000000000000e+00
-3.756945068618091077e-01
3.513605594632031037e-01
1.000000000000000000e+00
6.303173360492336785e-02
1.000000000000000000e+00
1.000000000000000000e+00
-1.000000000000000000e+00
1.000000000000000000e+00
2.120322115808985219e-01
6.157137666673474508e-01
1.000000000000000000e+00
1.000000000000000000e+00
6.434313862747265134e-01
-1.000000000000000000e+00
-1.000000000000000000e+00
1.189608096209843202e-01
-1.529379616122600039e-01
4.648959397108759495e-01
-1.000000000000000000e+00
-1.000000000000000000e+00
7.638602026698135816e-01
-6.148046759144958351e-01
-1.000000000000000000e+00
-1.000000000000000000e+00
-2.340104252792751804e-01
-6.945798320897333955e-02
-9.435018621502189173e-01
-1.000000000000000000e+00
-1.000000000000000000e+00
-1.000000000000000000e+00
-6.425547729427031340e-01
1.000000000000000000e+00
1.000000000000000000e+00
4.104270856039868853e-01
-1.000000000000000000e+00
-1.000000000000000000e+00
-1.000000000000000000e+00
-7.752934861099397557e-01
-2.113308551338459740e-01
-1.000000000000000000e+00
1.000000000000000000e+00
-1.000000000000000000e+00
-3.906717889707285174e-01
1.000000000000000000e+00
-1.000000000000000000e+00
-1.000000000000000000e+00
1.000000000000000000e+00
-1.000000000000000000e+00
-1.000000000000000000e+00
-1.000000000000000000e+00
-1.000000000000000000e+00
1.000000000000000000e+00
-7.466808093738139807e-01
4.379213881458565716e-01
-1.000000000000000000e+00
1.000000000000000000e+00
7.974969597911308883e-01
1.000000000000000000e+00
8.358046729745819414e-01
-1.000000000000000000e+00
-1.000000000000000000e+00
6.299525137250434614e-01
-6.729811423911351564e-01
-1.000000000000000000e+00
-4.412792277084004455e-01
-1.000000000000000000e+00
-1.000000000000000000e+00
-4.608239609694599892e-01
5.277186687430388545e-01
-3.635388919626622029e-01
-1.000000000000000000e+00
1.000000000000000000e+00
6.249523944282910914e-01
-1.000000000000000000e+00
-5.839996067013258907e-01
3.355728914661648687e-01
6.623279160976336399e-02
1.000000000000000000e+00
-2.638931934287604975e-01
-1.000000000000000000e+00
1.000000000000000000e+00
7.579400507633091699e-01
-1.000000000000000000e+00
1.000000000000000000e+00
-1.000000000000000000e+00
-1.000000000000000000e+00
8.411266078578196748e-01
1.000000000000000000e+00
7.855395091772880978e-01
1.000000000000000000e+00
-1.000000000000000000e+00
1.000000000000000000e+00
7.880550819669885909e-01
1.000000000000000000e+00
-4.264095506865878127e-01
-1.000000000000000000e+00
-1.000000000000000000e+00
-1.000000000000000000e+00
1.000000000000000000e+00
3.067803800087003374e-01
1.000000000000000000e+00
5.857035198945581556e-01
1.000000000000000000e+00
-7.921213048233572973e-01
-1.000000000000000000e+00
1.000000000000000000e+00
1.000000000000000000e+00
1.000000000000000000e+00
-8.463572957249947404e-01
