1.000000000000000000e+00
1.088982143247463341e-02
5.009332517651800265e-02
-9.088979440357001227e-01
-8.062649065036653351e-01
-7.145195700981695763e-01
-1.000000000000000000e+00
2.105852259475780031e-01
1.000000000000000000e+00
7.144558766467173916e-01
1.000000000000000000e+00
-4.743336766010950445e-01
-5.293000577801887374e-01
-1.000000000000000000e+00
-4.331926912246295558e-01
5.227289190371025018e-01
4.193430556344852622e-01
1.000000000000000000e+00
5.311307213668126082e-03
8.763774297505169120e-01
-1.000000000000000000e+00
9.808106536748382176e-01
-1.000000000000000000e+00
-6.093554960989566727e-01
-1.000000000000000000e+00
-1.000000000000000000e+00
-6.186949165214479240e-01
-9.251509045490724503e-02
-1.124909318160803862e-01
1.000000000000000000e+00
-9.265208037925725115e-01
-7.121195035680250029e-02
-1.000000000000000000e+00
-9.275853632247332836e-01
9.448630647950626571e-01
-6.284222829864931636e-01
-1.000000000000000000e+00
-1.000000000000000000e+00
2.326558406397063739e-01
1.000000000000000000e+00
1.000000000000000000e+00
-1.285078947904134683e-01
-7.703969867293433138e-01
1.000000000000000000e+00
2.011476762968135990e-01
-9.291195747381810754e-01
4.178196815108156659e-03
1.000000000000000000e+00
1.000000000000000000e+00
-2.841141121712209561e-02
-4.160599913761110491e-01
-2.521103466555485451e-01
9.038135261472025617e-01
5.011354998681406547e-01
3.099108471653910790e-01
1.000000000000000000e+00
4.428037375690369037e-02
-2.462545155492565918e-01
1.000000000000000000e+00
2.763983831489036369e-02
-1.000000000000000000e+00
6.370766004039469799e-01
-7.427003753938873354e-01
4.260272308456018731e-02
-1.000000000000000000e+00
-9.176405758327625950e-01
3.883696138337142667e-01
-1.000000000000000000e+00
-1.000000000000000000e+00
-3.241884442886844298e-01
1.000000000000000000e+00
-1.000000000000000000e+00
1.806432363012233644e-01
9.594552856344991110e-01
1.492833283729612104e-01
6.085715305135512843e-01
6.384240315738135552e-01
-1.000000000000000000e+00
-7.361774581150493102e-01
5.032191530216183484e-01
8.717896771288765612e-01
-6.340732575024408957e-02
1.000000000000000000e+00
1.000000000000000000e+00
1.711910210765441032e-01
1.000000000000000000e+00
-5.792536662755560783e-01
-1.000000000000000000e+00
-1.047653265868593586e-01
-1.206933483372090166e-01
8.506296199119741663e-01
-6.521566612899423188e-01
-5.639768186502207570e-01
2.728832825242974991e-01
-1.000000000000000000e+00
1.000000000000000000e+00
-8.726351294857950247e-01
-8.945164288195929236e-01
2.340145872531526061e-01
1.083183664602782592e-02
-9.176387474737859318e-01
-1.000000000000000000e+00
1.000000000000000000e+00
-3.361868923352445693e-01
-6.240821792961331882e-01
-9.488261134437847577e-01
-7.067269558570424826e-01
-2.296188502043474688e-01
-2.658312707483020954e-01
3.467633272109786891e-01
2.917631298487384228e-01
1.000000000000000000e+00
-1.000000000000000000e+00
-3.450352020228540928e-01
-1.000000000000000000e+00
-3.267711445090001332e-01
8.626536165109545129e-01
2.232685221442171630e-01
1.000000000000000000e+00
1.000000000000000000e+00
-2.163579241093691596e-01
-1.000000000000000000e+00
5.004629933139026488e-01
6.987732218382400884e-01
1.942001562049053276e-01
-8.839299598028225180e-01
4.664911540869218776e-01
-9.652681003428635886e-01
6.367915561855279627e-01
-5.326101928885398351e-01
-5.655281444535253943e-01
-8.965004718372120429e-01
-4.964481405269739467e-01
-1.000000000000000000e+00
-1.000000000000000000e+00
1.000000000000000000e+00
-3.036484741613186822e-01
-1.000000000000000000e+00
-5.800674969903325540e-01
1.000000000000000000e+00
-6.574094851752633195e-01
1.000000000000000000e+00
4.176706219565451406e-02
-1.000000000000000000e+00
1.000000000000000000e+00
-6.497146399658038085e-01
1.168406866110058284e-01
1.000000000000000000e+00
1.000000000000000000e+00
-7.463224798109542313e-01
-5.669117483319643380e-01
-1.000000000000000000e+00
-1.000000000000000000e+00
1.000000000000000000e+00
-1.000000000000000000e+00
-5.298185676755631235e-01
1.000000000000000000e+00
-3.024579362571790109e-02
4.994545572987558746e-01
1.000000000000000000e+00
7.552374260324925537e-01
-2.365826230182903611e-01
2.062964106534191933e-01
2.691228647083315773e-01
-8.455346637600711368e-01
1.000000000000000000e+00
1.000000000000000000e+00
1.000000000000000000e+00
1.000000000000000000e+00
-9.496783500110658194e-01
-8.220811428185282876e-01
2.680090990866296763e-01
7.285136404140581945e-01
9.410974699232831364e-01
1.000000000000000000e+00
6.875114415976893989e-01
5.802017086248629774e-01
-8.247609982324113354e-01
-1.000000000000000000e+00
-3.957299742435267387e-01
-1.000000000000000000e+00
1.000000000000000000e+00
-1.000000000000000000e+00
-5.809466287782434346e-01
-3.663837186461924023e-01
-1.000000000000000000e+00
6.793676272259387972e-01
3.256140661125618285e-01
-1.000000000000000000e+00
-6.483570428888185688e-01
7.266878304633139773e-02
-1.000000000000000000e+00
7.444124039429610429e-01
-1.186596305445724586e-01
1.481887988542516243e-01
-2.195044228985667534e-01
-1.000000000000000000e+00
-1.000000000000000000e+00
1.000000000000000000e+00
9.348954849180604043e-01
-1.621007146593156922e-01
-1.000000000000000000e+00
1.000000000000000000e+00
4.616552705524390454e-02
-3.408701572263908020e-01
8.531759267085944343e-01
1.000000000000000000e+00
1.000000000000000000e+00
-1.000000000000000000e+00
-1.256598998522098221e-01
-1.000000000000000000e+00
1.131922571819167778e-01
5.659153894843753640e-01
1.000000000000000000e+00
1.000000000000000000e+00
-4.470972033337128337e-02
-9.822242475382411131e-01
1.000000000000000000e+00
2.382995843192559082e-02
4.186173183338541826e-01
-1.000000000000000000e+00
5.248927709367863237e-01
1.000000000000000000e+00
-1.000000000000000000e+00
1.700239567868272461e-03
-1.000000000000000000e+00
1.000000000000000000e+00
4.896396296002569759e-01
3.300586805558041181e-01
-1.000000000000000000e+00
-1.000000000000000000e+00
-1.000000000000000000e+00
7.387124692594870812e-01
1.000000000000000000e+00
8.070273834989368789e-01
-5.537029570610909612e-01
-1.000000000000000000e+00
8.553665374841613600e-01
5.999751668845729746e-01
6.759941769767396913e-01
2.059477797433069135e-01
-1.000000000000000000e+00
1.000000000000000000e+00
-9.227910871047939612e-01
2.166012654705475327e-01
1.000000000000000000e+00
2.617991355995333280e-01
-9.195555427424650929e-01
-8.032363289223000136e-01
-5.819685985979310416e-01
-9.529657378356726216e-01
3.613522826218940054e-01
2.069207341335621564e-01
-1.000000000000000000e+00
-1.000000000000000000e+00
4.283336705300397895e-01
1.000000000000000000e+00
4.711645867890257300e-02
1.000000000000000000e+00
-1.000000000000000000e+00
-1.000000000000000000e+00
-1.000000000000000000e+00
-1.000000000000000000e+00
1.000000000000000000e+00
-1.051316574354546063e-01
