4.567271493931033821e-01
4.270530092017090773e-01
8.168598161732727458e-01
2.968419436989633842e-01
1.000000000000000000e+00
1.000000000000000000e+00
-3.045361413615211843e-01
5.352741376277809771e-01
-4.778551711860448137e-01
-8.430169937298688243e-01
-1.000000000000000000e+00
8.031409614726812141e-01
1.000000000000000000e+00
-5.077843848209921962e-01
1.000000000000000000e+00
1.000000000000000000e+00
1.000000000000000000e+00
1.000000000000000000e+00
4.993225644438101796e-01
-8.054287871390648501e-01
-1.000000000000000000e+00
1.000000000000000000e+00
-7.935756377927123406e-01
-5.051151475820958581e-02
1.000000000000000000e+00
-1.000000000000000000e+00
1.000000000000000000e+00
1.000000000000000000e+00
-5.899160439812317636e-01
1.000000000000000000e+00
1.000000000000000000e+00
-1.000000000000000000e+00
1.000000000000000000e+00
1.000000000000000000e+00
1.000000000000000000e+00
-3.030868598922620283e-01
-1.446570335239161786e-01
-8.001563975191234857e-01
1.982237165478771823e-01
1.000000000000000000e+00
-1.000000000000000000e+00
1.000000000000000000e+00
-1.000000000000000000e+00
1.000000000000000000e+00
-1.000000000000000000e+00
1.000000000000000000e+00
2.249724771467930262e-01
7.261617877088408779e-01
-1.000000000000000000e+00
-7.291773736299456132e-01
-5.760480578162328058e-01
-1.000000000000000000e+00
-1.000000000000000000e+00
-1.000000000000000000e+00
-1.000000000000000000e+00
-2.985458365582913665e-01
-8.194714585555795683e-02
1.000000000000000000e+00
-1.000000000000000000e+00
-1.000000000000000000e+00
-3.720635778258705173e-01
5.643570311296380870e-01
-3.973858045230380664e-01
1.927836612840045372e-01
-7.854758634588464572e-01
3.972619070800510466e-01
9.008279288733223034e-02
-5.226805871430604267e-01
-1.000000000000000000e+00
1.000000000000000000e+00
-3.961278289547920384e-02
-1.000000000000000000e+00
-1.000000000000000000e+00
-1.000000000000000000e+00
1.000000000000000000e+00
-6.634104211269389317e-01
-6.890106131886541974e-02
1.000000000000000000e+00
-5.171973013050196188e-01
1.000000000000000000e+00
1.000000000000000000e+00
1.000000000000000000e+00
1.000000000000000000e+00
-2.970380104681553668e-01
1.000000000000000000e+00
8.313908684640055613e-01
1.000000000000000000e+00
1.000000000000000000e+00
1.000000000000000000e+00
1.000000000000000000e+00
1.000000000000000000e+00
8.990066965809824229e-01
-1.000000000000000000e+00
8.125810132921513773e-01
-4.048074982352253826e-01
1.000000000000000000e+00
-6.471444182005217094e-01
-3.856509251262503213e-01
6.128683369007362769e-01
1.000000000000000000e+00
4.763339780670138301e-01
-1.000000000000000000e+00
2.973037999747477622e-01
2.117600268394497220e-01
-1.000000000000000000e+00
-1.000000000000000000e+00
-3.571698201144473117e-01
1.000000000000000000e+00
1.000000000000000000e+00
-1.000000000000000000e+00
-1.000000000000000000e+00
1.000000000000000000e+00
1.000000000000000000e+00
-1.000000000000000000e+00
-4.566274783464664422e-01
-1.396611458427442498e-01
6.070927189319896833e-02
-5.587567601401662865e-01
-1.000000000000000000e+00
-1.000000000000000000e+00
1.000000000000000000e+00
3.866761069022450759e-03
-1.000000000000000000e+00
9.950171933920288758e-01
1.000000000000000000e+00
1.000000000000000000e+00
-1.112287139053926843e-01
-1.000000000000000000e+00
-1.000000000000000000e+00
-1.000000000000000000e+00
-1.484885136782081450e-01
-5.696209489287842320e-01
-8.280333084835578283e-01
7.377954322692725775e-01
1.000000000000000000e+00
1.806355357545130769e-01
1.000000000000000000e+00
-1.000000000000000000e+00
-7.865191031722824633e-01
9.225237272950608247e-01
2.293583505517837740e-01
1.000000000000000000e+00
-1.000000000000000000e+00
1.000000000000000000e+00
-7.000801888297103481e-02
1.000000000000000000e+00
1.000000000000000000e+00
1.000000000000000000e+00
1.000000000000000000e+00
1.000000000000000000e+00
-8.559060472661228491e-01
-1.000000000000000000e+00
-1.000000000000000000e+00
-8.201030025392862521e-01
-1.000000000000000000e+00
-8.625377728034432367e-01
9.492216941490195792e-01
1.000000000000000000e+00
1.000000000000000000e+00
-1.000000000000000000e+00
-1.000000000000000000e+00
3.531622494585226479e-01
-3.026893684441327448e-01
-1.000000000000000000e+00
-1.078303770759834190e-01
-1.000000000000000000e+00
-5.536978104931241651e-01
-1.000000000000000000e+00
-7.978587144218632909e-01
6.963534284782911810e-01
1.000000000000000000e+00
5.875300833896048847e-01
-7.679771887309758682e-01
-1.000000000000000000e+00
-6.025058354472738742e-01
-1.000000000000000000e+00
1.000000000000000000e+00
-1.000000000000000000e+00
5.381847554838554704e-01
1.000000000000000000e+00
-1.000000000000000000e+00
1.000000000000000000e+00
-1.000000000000000000e+00
-5.269059041857764303e-01
5.299804379485884009e-02
1.000000000000000000e+00
-1.000000000000000000e+00
1.000000000000000000e+00
1.000000000000000000e+00
4.836228382021344752e-01
-1.000000000000000000e+00
1.000000000000000000e+00
-6.102805486545221925e-01
7.372687940817839181e-01
8.452299207325899566e-01
3.090884395793214168e-02
-1.000000000000000000e+00
-2.545027555205980896e-02
-1.000000000000000000e+00
-6.898958204625631474e-01
-1.000000000000000000e+00
9.233934786578112952e-02
1.000000000000000000e+00
1.000000000000000000e+00
8.383534220733237508e-01
-9.144934065913744581e-01
-1.000000000000000000e+00
1.819883778599480362e-01
1.147199114361445726e-01
-1.000000000000000000e+00
3.097317586342851481e-01
-2.758666833403121688e-01
9.813400028671723785e-01
1.000000000000000000e+00
-5.089992576228150600e-01
1.000000000000000000e+00
-3.407555008179861122e-01
-8.757111706871701928e-01
1.248293387001637722e-01
2.057260646920374692e-01
-8.125575003691518639e-01
-7.171730549276496003e-01
1.125699590211672874e-01
-7.795484523296283275e-01
1.000000000000000000e+00
-6.397274727858399679e-01
-8.306521951405776427e-02
1.000000000000000000e+00
1.000000000000000000e+00
-5.783701349232567290e-02
9.756393285298053941e-01
-5.247070400681583813e-01
-1.000000000000000000e+00
-7.636413209769299382e-01
-1.000000000000000000e+00
1.681440193692168572e-01
-1.480226371529020923e-01
-7.865199420953672416e-02
1.000000000000000000e+00
1.000000000000000000e+00
-9.543855628555677484e-01
1.000000000000000000e+00
1.335737074110011635e-01
7.727846339967047173e-01
4.863277714341907032e-02
-1.000000000000000000e+00
4.670750680158937129e-01
1.000000000000000000e+00
1.000000000000000000e+00
1.000000000000000000e+00
5.171160464533858248e-02
1.000000000000000000e+00
8.454985950312450260e-01
-1.000000000000000000e+00
-1.000000000000000000e+00
-1.000000000000000000e+00
-1.000000000000000000e+00
6.148551416346603737e-01
1.000000000000000000e+00
1.000000000000000000e+00
-3.594979494152927280e-01
-2.085960800487129951e-02
-4.729826149148851355e-01
-8.616493954447138615e-01
6.999689968322906353e-01
