-1.000000000000000000e+00
1.000000000000000000e+00
-1.000000000000000000e+00
-1.000000000000000000e+00
-1.000000000000000000e+00
-4.395524996486779301e-01
-1.000000000000000000e+00
6.747451959830127466e-01
1.300777069912121275e-01
1.000000000000000000e+00
1.000000000000000000e+00
-1.000000000000000000e+00
1.000000000000000000e+00
-1.000000000000000000e+00
1.000000000000000000e+00
-1.000000000000000000e+00
6.783561710146124302e-01
-2.868078276711003571e-01
-1.000000000000000000e+00
-8.568447359070251457e-01
-1.000000000000000000e+00
1.000000000000000000e+00
1.000000000000000000e+00
-7.853659748391605966e-01
-1.000000000000000000e+00
-1.000000000000000000e+00
-1.000000000000000000e+00
-1.000000000000000000e+00
-1.000000000000000000e+00
1.000000000000000000e+00
-1.000000000000000000e+00
1.000000000000000000e+00
-1.000000000000000000e+00
8.596681221369806281e-02
4.051518929012143944e-01
8.751229202946946284e-01
-1.000000000000000000e+00
1.000000000000000000e+00
-7.858287164076893649e-01
1.000000000000000000e+00
1.000000000000000000e+00
-3.035490166058777417e-01
-1.000000000000000000e+00
4.527321482724591117e-01
-1.000000000000000000e+00
-1.000000000000000000e+00
1.000000000000000000e+00
1.000000000000000000e+00
-1.000000000000000000e+00
8.194472143599907943e-01
5.118250653313533016e-01
5.266285704944468904e-01
1.000000000000000000e+00
-1.000000000000000000e+00
-9.387281419040770514e-01
1.000000000000000000e+00
1.000000000000000000e+00
-4.674292953924654714e-01
-1.000000000000000000e+00
6.618010551431771082e-01
1.000000000000000000e+00
-1.000000000000000000e+00
1.000000000000000000e+00
1.506622718390056015e-01
-6.982647371568462269e-02
-1.000000000000000000e+00
-2.034826557487772747e-01
5.404161495353194677e-01
-3.634751878196587072e-01
-4.987965440956694807e-01
-1.000000000000000000e+00
1.000000000000000000e+00
1.000000000000000000e+00
-1.000000000000000000e+00
1.000000000000000000e+00
1.000000000000000000e+00
-1.000000000000000000e+00
1.000000000000000000e+00
-1.000000000000000000e+00
-1.000000000000000000e+00
-2.670373744012586315e-01
-1.000000000000000000e+00
-1.000000000000000000e+00
-7.143782334309557447e-01
-1.000000000000000000e+00
1.000000000000000000e+00
-1.000000000000000000e+00
-1.000000000000000000e+00
8.183788119418942131e-01
1.000000000000000000e+00
-6.282661994512284132e-02
-1.000000000000000000e+00
-1.000000000000000000e+00
-1.000000000000000000e+00
1.000000000000000000e+00
1.000000000000000000e+00
1.000000000000000000e+00
1.000000000000000000e+00
7.734588886471078784e-01
-1.511770135152812056e-01
-1.000000000000000000e+00
8.606881904143970363e-01
-3.041357675409593897e-01
1.000000000000000000e+00
-9.170601644930708174e-01
-2.898196177050986200e-01
1.000000000000000000e+00
1.000000000000000000e+00
1.000000000000000000e+00
2.933988832123988200e-01
1.000000000000000000e+00
7.977613080762948616e-01
1.000000000000000000e+00
7.280997238727677789e-01
-9.551134207299644130e-01
-1.000000000000000000e+00
1.000000000000000000e+00
1.698395994476689652e-01
1.000000000000000000e+00
-1.000000000000000000e+00
1.000000000000000000e+00
-1.000000000000000000e+00
-1.000000000000000000e+00
-1.000000000000000000e+00
-1.000000000000000000e+00
1.000000000000000000e+00
-2.776647355506856041e-02
-1.000000000000000000e+00
1.000000000000000000e+00
-1.000000000000000000e+00
3.357719474663476977e-01
-1.000000000000000000e+00
1.000000000000000000e+00
1.000000000000000000e+00
1.449128508887598255e-01
-1.000000000000000000e+00
-1.000000000000000000e+00
1.000000000000000000e+00
-1.000000000000000000e+00
-2.041437584182158593e-01
-1.000000000000000000e+00
-1.000000000000000000e+00
-1.000000000000000000e+00
1.000000000000000000e+00
-1.000000000000000000e+00
1.000000000000000000e+00
-9.892204433935229968e-01
1.000000000000000000e+00
1.000000000000000000e+00
-1.000000000000000000e+00
-9.354087975940250654e-02
-8.821253540177422803e-01
-4.791698553092137436e-01
-1.000000000000000000e+00
1.000000000000000000e+00
3.936712448379490747e-01
-1.000000000000000000e+00
3.337934245378005316e-01
1.000000000000000000e+00
1.448543656057669216e-01
-1.000000000000000000e+00
-1.952785977058164590e-01
5.725355228390265339e-01
1.000000000000000000e+00
1.000000000000000000e+00
-1.000000000000000000e+00
1.000000000000000000e+00
1.000000000000000000e+00
-1.000000000000000000e+00
1.000000000000000000e+00
-1.000000000000000000e+00
-1.000000000000000000e+00
3.406449207995114747e-01
6.786678171461871800e-01
-1.000000000000000000e+00
1.000000000000000000e+00
1.000000000000000000e+00
1.000000000000000000e+00
-1.000000000000000000e+00
-1.000000000000000000e+00
-1.000000000000000000e+00
-1.250267883895552767e-01
1.000000000000000000e+00
-1.000000000000000000e+00
-1.000000000000000000e+00
1.000000000000000000e+00
2.612003712626553842e-01
4.218151710537489940e-01
1.000000000000000000e+00
1.000000000000000000e+00
1.441097609126202883e-01
-8.654420275938830009e-01
-1.000000000000000000e+00
-1.000000000000000000e+00
-1.000000000000000000e+00
1.000000000000000000e+00
-2.632033938585065513e-02
-1.000000000000000000e+00
1.000000000000000000e+00
5.270539213017819691e-01
1.000000000000000000e+00
-8.114603466034708834e-01
1.000000000000000000e+00
-1.000000000000000000e+00
1.000000000000000000e+00
-1.000000000000000000e+00
-1.000000000000000000e+00
1.000000000000000000e+00
-1.000000000000000000e+00
1.000000000000000000e+00
-1.000000000000000000e+00
-9.320336729527953779e-01
1.000000000000000000e+00
1.000000000000000000e+00
7.476494699169851099e-01
-1.000000000000000000e+00
1.000000000000000000e+00
-1.000000000000000000e+00
1.000000000000000000e+00
1.225059435155362308e-02
1.000000000000000000e+00
-8.216655178762861667e-01
1.000000000000000000e+00
-4.564743388427960902e-01
9.703453862147104481e-01
-1.000000000000000000e+00
-1.000000000000000000e+00
1.000000000000000000e+00
1.000000000000000000e+00
2.626830589458333254e-01
1.000000000000000000e+00
-1.000000000000000000e+00
-1.000000000000000000e+00
3.034740312661938777e-01
-1.000000000000000000e+00
-1.000000000000000000e+00
1.000000000000000000e+00
-1.000000000000000000e+00
1.000000000000000000e+00
1.000000000000000000e+00
-1.000000000000000000e+00
1.000000000000000000e+00
1.000000000000000000e+00
-1.000000000000000000e+00
-4.714385731501113952e-02
1.000000000000000000e+00
1.000000000000000000e+00
-2.478950605187416056e-02
5.349023871299691812e-01
8.729127101095978114e-01
-5.516042516699360965e-01
-1.000000000000000000e+00
-1.000000000000000000e+00
-6.942678211734917282e-01
-1.486968247402207233e-01
1.000000000000000000e+00
1.000000000000000000e+00
1.000000000000000000e+00
1.000000000000000000e+00
6.683857447579548694e-01
1.000000000000000000e+00
-5.102846572601464903e-01
1.601326460439972399e-01
1.000000000000000000e+00
-1.000000000000000000e+00
