-1.000000000000000000e+00
1.000000000000000000e+00
1.000000000000000000e+00
1.000000000000000000e+00
-9.876880666199632230e-01
-7.823615990610248705e-01
7.567538931356270204e-01
-6.676351907595887702e-01
1.000000000000000000e+00
-6.618268262876740859e-01
7.852347384945719266e-01
-1.000000000000000000e+00
3.575996059512465131e-01
1.000000000000000000e+00
1.000000000000000000e+00
1.000000000000000000e+00
1.972161584687101010e-01
-2.174811558331538608e-01
7.448938104523898929e-01
1.458110467848006131e-02
5.588335051356784211e-01
1.887962041110193834e-01
1.030267084060132038e-01
1.000000000000000000e+00
-1.650347781887824272e-01
3.140803152402746878e-01
-1.000000000000000000e+00
1.000000000000000000e+00
-4.106434930750695322e-01
7.751343861649331313e-01
7.201331063625898699e-02
-1.481143018241382059e-02
-9.532771983442882568e-01
3.238482997380089934e-01
8.755399840919051435e-01
2.271357340245505618e-02
-1.000000000000000000e+00
7.360555989477894911e-01
-1.000000000000000000e+00
4.567675594909274550e-01
8.577344199741854247e-01
-1.000000000000000000e+00
1.000000000000000000e+00
-3.052073679114997162e-01
-6.601970265055474574e-01
1.000000000000000000e+00
1.000000000000000000e+00
1.000000000000000000e+00
-1.000000000000000000e+00
1.000000000000000000e+00
3.925067781358573260e-01
3.995485089612071938e-01
-1.926636851393246919e-01
-6.982826254423825096e-01
-6.653032901204519733e-01
-1.000000000000000000e+00
-9.441206082354860474e-01
-9.547430595200239178e-01
-1.000000000000000000e+00
5.830864168069713194e-02
-2.443144424002656745e-01
1.000000000000000000e+00
5.471615417693143080e-03
-6.621718014197647273e-02
-2.642771961132346359e-01
-5.466426357291747085e-01
1.000000000000000000e+00
-7.496332423667796396e-01
-3.811167608122945083e-01
4.406554222307854651e-01
-1.000000000000000000e+00
7.828870908621177183e-01
1.000000000000000000e+00
1.000000000000000000e+00
-6.659824177154383129e-03
-1.000000000000000000e+00
1.143113591842599419e-01
1.255069106782245036e-01
-1.000000000000000000e+00
-1.864173579554078142e-01
2.283279885462958791e-01
-1.843262791435464898e-01
-5.648046251662333095e-01
1.000000000000000000e+00
2.678803282493271709e-01
8.458460886357810349e-01
8.940026300252589264e-01
-1.000000000000000000e+00
-9.862917172997288651e-01
-2.529106609149787133e-01
-4.826534122424641637e-01
7.807557123696720058e-01
-3.038183000715338755e-02
-1.000000000000000000e+00
-9.934152339336876913e-02
4.829013474353750501e-01
-5.728666140581472055e-01
-8.013738964411696308e-01
1.000000000000000000e+00
5.516959692923253389e-01
1.000000000000000000e+00
1.000000000000000000e+00
-7.896310482306043710e-01
1.000000000000000000e+00
2.622051342211576541e-01
-4.171447497170764906e-01
-1.510521235576642862e-01
-1.000000000000000000e+00
6.997486500522083208e-01
4.475137016066961793e-01
-6.159014298229968931e-01
-1.000000000000000000e+00
1.049437077885507774e-01
-3.799119896771050442e-01
8.696266354989916625e-01
-1.074863984014640117e-02
4.485390388966876696e-01
-1.000000000000000000e+00
-7.398508515388435569e-02
8.936386049087059469e-01
7.151534284636313910e-01
-1.000000000000000000e+00
-3.009979559559254891e-01
5.940601944088277353e-01
1.000000000000000000e+00
3.984096353885118180e-01
-7.764188764292774270e-01
1.000000000000000000e+00
-1.000000000000000000e+00
3.477113068199317869e-01
5.778973551733188607e-01
9.623046598969799970e-01
-1.000000000000000000e+00
1.320358810890009948e-02
-1.000000000000000000e+00
-9.338258208714489417e-01
-5.120710069443326073e-01
9.584119302405021967e-01
-8.902073662664138354e-01
-1.000000000000000000e+00
1.000000000000000000e+00
1.000000000000000000e+00
-1.196613223623170796e-01
-2.322366875649610196e-01
-4.860859386006100014e-02
-1.000000000000000000e+00
-1.000000000000000000e+00
9.549034488662295761e-01
1.000000000000000000e+00
-1.000000000000000000e+00
1.000000000000000000e+00
5.527352780778896912e-01
-1.000000000000000000e+00
-5.767501535768777554e-01
1.300938327094331992e-01
-2.005601261081120246e-01
1.000000000000000000e+00
6.484313263401193517e-01
1.000000000000000000e+00
4.849758741431851039e-01
3.726701489863646355e-01
-4.765877667816036389e-01
-1.000000000000000000e+00
8.734172187992410574e-01
-1.000000000000000000e+00
-1.000000000000000000e+00
1.000000000000000000e+00
3.994858003789152345e-01
-1.000000000000000000e+00
-3.179419523089074273e-01
1.000000000000000000e+00
2.834118876996473690e-01
-5.952329642591582815e-01
1.000000000000000000e+00
-8.582288173721290825e-01
2.614127028974377875e-02
2.388356220261548812e-01
1.000000000000000000e+00
-1.000000000000000000e+00
-1.000000000000000000e+00
-7.462536338582737017e-03
-4.105972475317480885e-01
-1.000000000000000000e+00
-2.328238557813246956e-01
1.000000000000000000e+00
4.085163674504332931e-02
-1.000000000000000000e+00
-1.063110915012144275e-02
4.734757529520556840e-01
5.275080275637542560e-01
-3.374103306164311089e-01
1.000000000000000000e+00
6.509275714480774466e-01
1.732698977916362626e-01
-1.798062494411940548e-01
-8.443643764887713843e-01
-1.000000000000000000e+00
8.712374854666649071e-01
4.566211162628923681e-01
8.668432753296411164e-01
-1.000000000000000000e+00
-5.678176317108358795e-01
-5.200932399976214704e-01
-1.000000000000000000e+00
-1.000000000000000000e+00
-1.529795316596116450e-02
-1.667988270032532139e-01
-1.000000000000000000e+00
-2.166012420635258229e-01
6.102683684740193293e-01
-1.714121310952362309e-01
1.000000000000000000e+00
1.000000000000000000e+00
-9.602739286735584301e-02
-1.000000000000000000e+00
-1.000000000000000000e+00
-1.000000000000000000e+00
4.020267395347361106e-01
3.303491614637156237e-01
4.573104509108554261e-01
1.455594157135502997e-01
7.484899146321959407e-01
-5.213961844640646603e-01
-1.437610487358742528e-01
-9.375846936060976411e-01
-1.463648545653035704e-01
-7.975694280987613016e-01
1.000000000000000000e+00
1.000000000000000000e+00
-1.000000000000000000e+00
-1.000000000000000000e+00
-2.213179818607153848e-01
1.000000000000000000e+00
1.000000000000000000e+00
-7.190451696765034484e-01
-1.000000000000000000e+00
1.000000000000000000e+00
-9.726756020724895979e-01
-6.131865891108263522e-01
-8.122595844118203345e-01
1.000000000000000000e+00
-1.000000000000000000e+00
3.344316345257500878e-01
-5.101408285671358289e-01
-8.815538566935938736e-01
-1.000000000000000000e+00
2.598132456469739449e-01
-7.782235497506163613e-01
-1.000000000000000000e+00
-4.019161480941191300e-02
-1.000000000000000000e+00
-3.556849524736390711e-01
1.000000000000000000e+00
1.000000000000000000e+00
-1.000000000000000000e+00
-1.000000000000000000e+00
8.582622942897140395e-02
-1.000000000000000000e+00
-1.000000000000000000e+00
-4.912367364687595384e-01
-1.000000000000000000e+00
-1.000000000000000000e+00
3.363061314075381780e-01
1.000000000000000000e+00
7.019753334123544075e-01
