6.956250220871352807e-01
6.172277067033604681e-03
1.000000000000000000e+00
-1.000000000000000000e+00
1.000000000000000000e+00
1.000000000000000000e+00
1.000000000000000000e+00
1.000000000000000000e+00
-3.323824673381986505e-01
-1.062320583224749537e-01
-8.695053422434717572e-02
-7.464203805902569488e-01
5.136621708817422638e-01
7.855748332891563379e-01
-1.000000000000000000e+00
1.000000000000000000e+00
6.465912966074920387e-01
-5.302939291086412599e-01
-1.000000000000000000e+00
1.000000000000000000e+00
1.000000000000000000e+00
6.619528196798701858e-01
-1.000000000000000000e+00
1.000000000000000000e+00
1.000000000000000000e+00
1.000000000000000000e+00
-7.697877424701078386e-01
-1.000000000000000000e+00
-1.000000000000000000e+00
-1.000000000000000000e+00
-1.000000000000000000e+00
-8.785767980649894504e-01
1.000000000000000000e+00
-9.054956874344539663e-01
7.904333225056503487e-01
-7.410100140143223157e-01
-1.000000000000000000e+00
5.527666785705853680e-01
-1.000000000000000000e+00
-6.793007752591941895e-01
-5.543200409191424427e-01
7.042371361349124559e-01
-1.000459211260942283e-01
1.000000000000000000e+00
-4.859428832633591044e-01
3.959581560504199516e-01
-1.000000000000000000e+00
1.000000000000000000e+00
-1.000000000000000000e+00
3.712668654929508483e-01
-1.000000000000000000e+00
1.000000000000000000e+00
-1.000000000000000000e+00
-1.000000000000000000e+00
-1.000000000000000000e+00
9.748471552145212549e-01
-1.345425917583935593e-01
1.000000000000000000e+00
-3.477061248426505102e-03
1.000000000000000000e+00
7.256493206190489653e-01
-1.000000000000000000e+00
3.416374064716845016e-01
2.577062574521462590e-01
1.000000000000000000e+00
-1.000000000000000000e+00
-8.099465363259190642e-01
6.089868892709269232e-01
1.000000000000000000e+00
-1.000000000000000000e+00
-1.000000000000000000e+00
1.000000000000000000e+00
-8.012621104520223358e-01
-1.000000000000000000e+00
-1.000000000000000000e+00
1.000000000000000000e+00
-1.000000000000000000e+00
-9.181486663382311120e-01
6.472985516819762530e-01
1.000000000000000000e+00
-1.000000000000000000e+00
1.000000000000000000e+00
-3.561676739855745843e-02
-5.256084554384037738e-02
1.000000000000000000e+00
-3.248180155026578197e-03
-9.457017553343012306e-01
-1.000000000000000000e+00
8.410080149378825753e-01
-2.227836174795861934e-01
-2.535972639111032656e-01
6.770121340027144274e-01
-1.000000000000000000e+00
-1.000000000000000000e+00
8.365052079816059916e-02
1.000000000000000000e+00
6.681741378361115702e-01
-1.000000000000000000e+00
-1.000000000000000000e+00
-1.000000000000000000e+00
-1.000000000000000000e+00
1.000000000000000000e+00
5.226682751513110903e-01
7.650492737939098564e-01
-1.000000000000000000e+00
1.000000000000000000e+00
1.000000000000000000e+00
-1.000000000000000000e+00
1.412917587877371428e-01
-1.000000000000000000e+00
1.000000000000000000e+00
-8.863394488976804597e-01
-8.957184226502784563e-02
6.675851091460244247e-01
-6.693924767520047503e-01
8.218652418893213074e-01
8.399158165463396220e-01
-9.486246924814986103e-01
-1.000000000000000000e+00
-3.628626053589574241e-01
-1.000000000000000000e+00
3.872875304849114908e-01
-1.000000000000000000e+00
-1.000000000000000000e+00
-5.893317216854774276e-01
-1.000000000000000000e+00
6.378542333067600545e-01
1.083442085516492792e-01
-3.448078788037843845e-01
-1.000000000000000000e+00
3.338744003652067693e-01
-4.356953451160550106e-01
-1.000000000000000000e+00
1.000000000000000000e+00
6.823024009559108816e-02
-5.486410740890377280e-01
-4.560673089963163673e-01
-1.000000000000000000e+00
-5.297530788846038785e-01
4.265515681193248199e-01
1.000000000000000000e+00
3.761718912164270234e-01
5.497685563019811816e-01
-1.000000000000000000e+00
-1.000000000000000000e+00
5.901414143029964920e-01
1.000000000000000000e+00
1.000000000000000000e+00
6.887630701045206472e-01
1.000000000000000000e+00
-7.659478890527644523e-01
-1.000000000000000000e+00
3.482952125774503305e-01
-1.000000000000000000e+00
-8.840560125646805822e-01
-1.902573808984298065e-01
8.790290340509521183e-01
-5.576502844564746875e-01
1.000000000000000000e+00
7.499331034082814540e-01
-1.000000000000000000e+00
1.000000000000000000e+00
-1.000000000000000000e+00
1.362333766217509456e-01
-6.044815272025216846e-01
1.000000000000000000e+00
-3.256142652409753646e-01
-6.866665969588647833e-01
-1.000000000000000000e+00
6.609716836801928785e-01
7.985589602434034484e-01
4.760942317830256787e-01
4.512919088013949143e-01
-1.000000000000000000e+00
7.682489914405983278e-01
-7.902721207308827100e-01
-1.495791350989921220e-01
-1.000000000000000000e+00
4.632087401862494680e-03
1.000000000000000000e+00
9.653324682253016098e-01
-9.199802439153736966e-01
8.313756413047985738e-01
-8.346187312275579195e-01
9.853981197649963608e-01
5.796182015548820843e-01
-1.000000000000000000e+00
5.409406341426648002e-01
-3.764107531329922707e-01
1.000000000000000000e+00
-1.000000000000000000e+00
1.000000000000000000e+00
-1.000000000000000000e+00
-1.000000000000000000e+00
1.000000000000000000e+00
-1.000000000000000000e+00
8.598770479213464490e-01
-1.000000000000000000e+00
8.272126401628874248e-01
-1.001506948757288629e-01
2.629115898222667003e-01
-1.000000000000000000e+00
1.000000000000000000e+00
-3.609332427017132305e-01
-1.000000000000000000e+00
-4.330313694445062089e-01
-1.000000000000000000e+00
1.000000000000000000e+00
1.000000000000000000e+00
-3.022868434947034721e-01
-1.000000000000000000e+00
-1.000000000000000000e+00
-9.545186209183396109e-01
-1.000000000000000000e+00
1.000000000000000000e+00
3.668148611660937419e-02
-5.549936942360254033e-01
-6.222844479284970198e-01
7.415443555817119448e-01
-2.169425368914208452e-01
2.067314942573690306e-01
5.537370240031440627e-01
1.000000000000000000e+00
1.000000000000000000e+00
-1.000000000000000000e+00
5.738411409381549699e-01
-8.156924910310993093e-01
3.081427503707833138e-01
9.772637377185506846e-01
7.225995650238652424e-01
-1.000000000000000000e+00
-1.000000000000000000e+00
8.678605304856705782e-01
-3.235393762010627672e-01
-2.740752733464425495e-01
-2.804700118882844095e-01
-1.000000000000000000e+00
5.348876081874935906e-01
1.000000000000000000e+00
1.000000000000000000e+00
-1.140199410863320661e-01
-6.450127264835625596e-02
-1.000000000000000000e+00
-1.000000000000000000e+00
1.000000000000000000e+00
-1.000000000000000000e+00
-1.000000000000000000e+00
-1.000000000000000000e+00
-8.497487777171445211e-01
-7.006900974501184542e-02
-3.529026252004232589e-01
-8.537840990821583542e-01
1.000000000000000000e+00
-8.065286586942399527e-01
4.195991552864835050e-01
-2.890088356915190282e-01
6.567384423461302134e-01
1.000000000000000000e+00
1.000000000000000000e+00
4.388711903367781275e-02
-1.000000000000000000e+00
1.000000000000000000e+00
1.000000000000000000e+00
8.398418954392070646e-01
-1.000000000000000000e+00
