1.000000000000000000e+00
1.000000000000000000e+00
1.000000000000000000e+00
-3.284918667058546182e-01
-1.000000000000000000e+00
1.000000000000000000e+00
-1.000000000000000000e+00
-7.949906396507133710e-02
1.000000000000000000e+00
1.000000000000000000e+00
-1.000000000000000000e+00
1.000000000000000000e+00
-1.000000000000000000e+00
1.000000000000000000e+00
1.000000000000000000e+00
1.000000000000000000e+00
-9.651039569384911587e-01
-1.000000000000000000e+00
-3.581308812081175352e-01
-1.000000000000000000e+00
-1.000000000000000000e+00
1.000000000000000000e+00
7.849344391753789729e-01
1.000000000000000000e+00
-1.000000000000000000e+00
1.000000000000000000e+00
-1.238004933379390771e-01
-1.000000000000000000e+00
-1.000000000000000000e+00
6.085270363360690826e-01
-1.252535143338906198e-01
8.992863798548109688e-01
1.000000000000000000e+00
1.000000000000000000e+00
-6.775241891969199237e-01
-1.000000000000000000e+00
-3.412432531230267796e-01
1.000000000000000000e+00
-1.000000000000000000e+00
1.000000000000000000e+00
1.000000000000000000e+00
1.000000000000000000e+00
3.301494467720285098e-01
1.000000000000000000e+00
1.000000000000000000e+00
6.203183450010173183e-02
-1.000000000000000000e+00
8.822821194950325463e-02
1.000000000000000000e+00
-1.000000000000000000e+00
-1.000000000000000000e+00
-1.000000000000000000e+00
8.581990732592155446e-02
3.862578224234436419e-02
1.000000000000000000e+00
-1.000000000000000000e+00
1.000000000000000000e+00
1.000000000000000000e+00
1.000000000000000000e+00
1.000000000000000000e+00
-5.130451347754061420e-01
-4.173626124663420978e-01
-6.693988441537479517e-02
1.000000000000000000e+00
-1.000000000000000000e+00
-1.352563826817551051e-01
5.329788212338628650e-01
1.000000000000000000e+00
-8.966352793280342182e-01
-1.000000000000000000e+00
1.000000000000000000e+00
1.000000000000000000e+00
-1.000000000000000000e+00
2.205378117051432496e-01
-5.625220419744290101e-01
-1.000000000000000000e+00
-6.813148151801355912e-01
-1.000000000000000000e+00
-4.761231513496642087e-01
-1.000000000000000000e+00
1.000000000000000000e+00
1.000000000000000000e+00
-1.000000000000000000e+00
-8.192645132873459524e-01
-1.000000000000000000e+00
-1.000000000000000000e+00
-1.000000000000000000e+00
-1.000000000000000000e+00
1.000000000000000000e+00
1.000000000000000000e+00
-5.182230529052419543e-01
-1.000000000000000000e+00
-1.000000000000000000e+00
-1.000000000000000000e+00
-1.000000000000000000e+00
1.000000000000000000e+00
-8.537751276284893942e-01
1.000000000000000000e+00
1.000000000000000000e+00
1.000000000000000000e+00
1.000000000000000000e+00
9.386924524014029769e-01
1.000000000000000000e+00
1.000000000000000000e+00
-9.054301687126671272e-01
-1.000000000000000000e+00
-1.000000000000000000e+00
-1.000000000000000000e+00
-1.000000000000000000e+00
-1.000000000000000000e+00
3.780442645180741579e-01
-1.000000000000000000e+00
1.000000000000000000e+00
-1.000000000000000000e+00
7.822464542080304062e-02
3.354608680763770945e-01
-5.640197475616627321e-01
8.829583166308956343e-01
1.000000000000000000e+00
1.000000000000000000e+00
1.971205498588493032e-01
1.000000000000000000e+00
1.000000000000000000e+00
-1.000000000000000000e+00
2.439807781660607855e-01
8.712273577827649440e-01
-1.000000000000000000e+00
-1.000000000000000000e+00
-1.502169225742882031e-01
7.097501344050558547e-01
-1.000000000000000000e+00
1.000000000000000000e+00
-7.400307916763330107e-01
1.000000000000000000e+00
1.000000000000000000e+00
-1.000000000000000000e+00
-1.000000000000000000e+00
1.000000000000000000e+00
-1.000000000000000000e+00
1.000000000000000000e+00
4.268698750550672938e-01
1.000000000000000000e+00
1.000000000000000000e+00
1.000000000000000000e+00
1.000000000000000000e+00
-1.000000000000000000e+00
1.000000000000000000e+00
1.000000000000000000e+00
-1.000000000000000000e+00
-1.000000000000000000e+00
-1.286543374525714323e-01
1.000000000000000000e+00
1.000000000000000000e+00
-1.000000000000000000e+00
-2.715920436891634537e-01
-1.000000000000000000e+00
-1.000000000000000000e+00
1.000000000000000000e+00
-1.000000000000000000e+00
-1.000000000000000000e+00
-1.000000000000000000e+00
1.000000000000000000e+00
4.090709392316727033e-01
-1.000000000000000000e+00
-1.000000000000000000e+00
1.000000000000000000e+00
-1.000000000000000000e+00
1.000000000000000000e+00
1.246671270411381371e-02
2.242458043687090008e-01
-1.000000000000000000e+00
1.000000000000000000e+00
-7.274601949785675092e-01
-1.000000000000000000e+00
-1.000000000000000000e+00
1.000000000000000000e+00
-1.000000000000000000e+00
-1.367867829925883960e-01
1.000000000000000000e+00
-1.000000000000000000e+00
1.000000000000000000e+00
7.886224081174177947e-01
1.000000000000000000e+00
-9.183559732958926913e-01
1.000000000000000000e+00
1.000000000000000000e+00
-1.000000000000000000e+00
-1.000000000000000000e+00
1.000000000000000000e+00
-1.000000000000000000e+00
-1.000000000000000000e+00
-1.000000000000000000e+00
-1.000000000000000000e+00
1.000000000000000000e+00
1.000000000000000000e+00
1.000000000000000000e+00
1.000000000000000000e+00
9.944653148029964917e-01
-1.000000000000000000e+00
-1.000000000000000000e+00
-1.000000000000000000e+00
-8.969968353464483624e-01
-1.521826473363583343e-01
7.095914931976472495e-01
-1.214184582372060950e-01
1.000000000000000000e+00
1.000000000000000000e+00
-1.000000000000000000e+00
-7.825887349461391196e-02
1.000000000000000000e+00
-4.149211442394861171e-01
2.682378618189653618e-01
1.058222792533899115e-01
1.000000000000000000e+00
1.000000000000000000e+00
1.000000000000000000e+00
1.000000000000000000e+00
1.000000000000000000e+00
-1.000000000000000000e+00
-1.000000000000000000e+00
-1.000000000000000000e+00
-1.000000000000000000e+00
-1.000000000000000000e+00
9.448186745055056068e-01
-1.000000000000000000e+00
-1.000000000000000000e+00
-1.000000000000000000e+00
-7.305373293037964455e-02
-1.000000000000000000e+00
1.000000000000000000e+00
8.405877666810366300e-01
-1.000000000000000000e+00
1.000000000000000000e+00
1.000000000000000000e+00
-1.000000000000000000e+00
6.484491858680173637e-01
1.192787657565310688e-01
-3.860587213985071098e-01
-1.858027657867324933e-01
-1.000000000000000000e+00
-1.000000000000000000e+00
-1.000000000000000000e+00
-1.000000000000000000e+00
1.000000000000000000e+00
1.000000000000000000e+00
8.903795960564281353e-01
1.000000000000000000e+00
1.000000000000000000e+00
-1.000000000000000000e+00
-1.000000000000000000e+00
-8.699237278549543095e-03
-1.000000000000000000e+00
-1.000000000000000000e+00
1.000000000000000000e+00
1.000000000000000000e+00
1.000000000000000000e+00
-1.000000000000000000e+00
9.888587752362777428e-01
1.000000000000000000e+00
1.000000000000000000e+00
1.000000000000000000e+00
1.000000000000000000e+00
1.000000000000000000e+00
-3.584946903104888616e-01
1.000000000000000000e+00
