7.505394214382670182e-01
4.798563802385236166e-01
-9.492354453706910444e-01
5.305411772605261866e-02
-9.060391631151110126e-01
4.305258831030609468e-01
-6.669775404048294831e-01
6.679788293393980059e-01
-5.822582389940902381e-01
-2.973373504986882576e-01
-7.399078223540886956e-01
2.786667015817125836e-01
-9.794425622859153080e-01
-7.631534010741625185e-01
7.842515341779325855e-01
4.979179293459177202e-01
-2.111899696838326346e-01
-8.124284453920029847e-01
9.285040108389410740e-01
-4.826328397216270716e-01
-9.152082771140184203e-01
6.470892241656525101e-01
-3.085320579984556222e-01
2.619555407929545776e-01
8.147687724309102819e-01
2.639597513026283870e-01
2.065981033366048880e-01
-9.135898629482468447e-01
-7.939149270659862090e-01
9.126045217266565146e-03
8.448748228674629601e-01
8.552165892364451683e-01
3.506668728069164409e-01
-7.809001113292757257e-01
-7.564042917290758616e-01
7.177583101467233107e-01
6.210347607688437854e-02
-6.853653352845108238e-01
-6.266111179949049870e-01
-3.051870987063447505e-01
5.263861308723376542e-01
3.027877338682483099e-02
2.542296709202065408e-01
-3.393732186180864474e-02
3.348504736171660223e-01
9.653544160248634931e-01
5.897565722263249377e-01
-8.179965103213837629e-02
5.135061799525864057e-01
6.910755744330381312e-01
6.848544672512799636e-01
-9.229770911839674241e-02
-9.134071782308847975e-01
-3.948569725920689777e-01
-2.693890451080405146e-01
-7.325065560124146558e-01
-8.502313637516534239e-01
-1.070891053075198052e-01
-1.917722652948812279e-01
8.182788896560271308e-01
-1.055193715609112903e-01
9.932159725466682687e-03
3.820254583563733597e-01
7.871076746716976213e-01
-3.489852210001636035e-01
6.744136759066301501e-01
-5.112247712662671972e-01
5.958399066900699204e-02
6.455200002107295276e-01
7.233769049026821385e-01
-8.735149477440835586e-01
6.541445827213663300e-01
-9.002486832228973057e-02
1.433772624782048144e-01
-8.857164032001230147e-01
-2.835654606665540811e-01
-7.244014471207880224e-01
-2.255967088944623722e-01
8.829773148072823652e-01
-1.791070754809560572e-01
-9.843540751425403634e-01
-5.122828760992932384e-01
6.021991827732846581e-01
-1.131952018430062434e-01
-1.333923362358349074e-01
5.354300210274236527e-01
8.788217108249951615e-02
-7.819349972897391421e-01
5.668145534521642492e-01
7.031988639909645400e-01
7.137764800372095042e-01
-8.102361470054522119e-01
6.460062196524929412e-02
-5.029562273657779414e-01
-7.936352174702512308e-01
-3.773219887486385371e-01
-7.710053257832014673e-01
-6.637828949261259659e-01
6.959007382833013455e-01
7.337883651476695412e-02
-5.546916412106930316e-01
-6.094868239796777942e-01
-2.963696104040818291e-01
6.502813656690897837e-01
-2.080757873598946261e-01
-6.307520449793457828e-01
2.471388817507524926e-02
-7.395307306010343584e-01
-8.395866474745861119e-02
-6.856857596698013868e-01
5.877225689810350318e-02
5.979655090978390763e-01
-2.728209117017117435e-01
-7.093679171631688263e-01
-7.907314179101523344e-01
8.198557562136419286e-01
8.092507839800819891e-01
-8.779777078272668067e-01
-5.467048734568482615e-01
-2.974969512563081508e-01
1.003514740600741639e-01
8.201444564955560068e-01
-7.269354350131127518e-01
-5.114129121896735519e-01
-1.241785873036713728e-01
-8.316352385963092786e-01
-3.551703871974660753e-01
-1.378266588228822531e-01
6.565442385873352382e-01
-4.334152578772372255e-01
5.665892721996701464e-01
-6.980760587348666668e-02
-4.205751220718267902e-01
2.254435088636408402e-01
-6.510773590907645847e-01
8.380929424276490902e-01
-5.651395975113451264e-01
-2.808303094421971124e-02
6.021414503543085495e-01
5.489099329362079338e-02
7.559486306400784450e-01
5.464267102012176913e-01
8.586303392210725693e-01
-5.461429982143974904e-01
-8.295069027419155194e-01
7.177577310040734737e-01
-4.859630476769494223e-02
4.055286806530902233e-01
-3.002041556449752679e-01
-3.555360137921472763e-01
-1.920301460371103275e-01
9.958393510455980646e-01
-6.927573537383202584e-01
-3.108331078980031137e-02
-4.423778464258665277e-01
4.477231524392599749e-01
1.177613487556872229e-02
-7.586659578472572107e-01
2.327131798127337614e-01
-9.994300462576997113e-01
-6.654924076910400110e-01
1.148456941692388433e-01
-2.156085322405321136e-02
-3.828820332940721105e-01
4.187593658303461197e-01
3.647764974694913676e-01
-3.521072906515609890e-01
2.797194035330063944e-01
-6.634206343022839292e-01
-6.378122188314536700e-01
9.590195813208115538e-01
-1.852158143722673067e-01
7.472390445469789810e-02
-2.093794890167468559e-01
3.380744265909165769e-01
-5.034807411349933037e-01
-2.705609752082114294e-01
2.269548259465949958e-01
-1.765603242334561340e-01
-2.868197971839436811e-01
9.718090644551387047e-01
-1.904707450048366280e-01
8.604617674756041001e-01
1.737338780292947416e-01
1.882110189747834283e-01
-7.174031530405944324e-02
5.968792093813108934e-01
4.401669180315479490e-01
-4.657966708241119136e-01
-2.268113934302571355e-01
-5.893951068555043360e-01
-9.902522182452135890e-01
5.202488429907314860e-02
-3.604291735354014925e-01
-4.092914551765347575e-02
2.503255897841669686e-01
-5.632594725474306951e-01
-4.483554459782765900e-01
-3.601943085374148534e-01
3.719363177905119500e-01
-9.101645250020118372e-01
2.011252986056930592e-01
-4.632741258945218821e-01
3.305567479408029197e-01
-8.194063595806850842e-01
1.261813002382745630e-01
-1.099945973082805395e-01
-9.783115363341694515e-01
-1.533801940766079674e-01
-2.254438086602754687e-01
-9.619610928317043896e-01
1.255362277688487627e-01
-2.108003605506056921e-01
9.474005812709080931e-01
5.373681062246065121e-01
-3.983451438058136507e-01
2.052539761701854815e-01
2.335713200546551960e-01
4.938150777283274451e-01
-2.538901656592527090e-01
2.701837674023885860e-01
-1.423949698408348841e-01
5.027701573888594400e-01
-9.071560165911896068e-01
-3.938093321078648401e-01
6.949887445084990123e-01
-5.851160945953897130e-01
6.354434041176264536e-01
7.861795387395187351e-01
-9.808741402470351201e-01
-8.292427569037392754e-01
-1.941357060525901179e-01
-9.350260737511859599e-01
-7.805919458288761437e-01
-4.005301448255111918e-01
7.421988993183226135e-01
-4.383099150731255556e-01
8.199898195763715147e-01
-4.173201793874850019e-01
-4.060891758886295833e-01
-7.191720968596591046e-01
4.985459678693364705e-01
-5.552276621591163419e-01
9.696491712719006451e-01
1.283151090001628525e-01
4.727887160027779423e-01
9.999480875668100843e-01
8.847472378204976895e-01
2.066642370782156846e-01
2.252876923497433292e-01
-7.608950967900409701e-01
-4.701467883398098291e-01
-2.607512644209886155e-01
1.248419378488703213e-01
-4.834044205991874232e-01
7.729920444952458336e-01
-4.204555011044133206e-01
-8.435706190525762427e-01
-1.707904732357490296e-02
-5.731699339678473226e-01
5.000911006803883119e-01
-9.795405994368064917e-01
-9.084786885343423268e-01
2.367384328041124419e-01
-3.608063437887722991e-01
