6.999272266099958451e-01
-1.000000000000000000e+00
-4.280822391563261498e-01
2.198989041596691729e-01
-1.000000000000000000e+00
1.000000000000000000e+00
1.000000000000000000e+00
-1.000000000000000000e+00
-1.173227550501410033e-01
-7.853460759312050898e-01
1.000000000000000000e+00
-3.796844614296379650e-02
1.000000000000000000e+00
-1.000000000000000000e+00
1.000000000000000000e+00
-1.000000000000000000e+00
4.842103207997596193e-01
1.000000000000000000e+00
-1.000000000000000000e+00
-4.760666255521921464e-01
1.000000000000000000e+00
-1.000000000000000000e+00
-1.000000000000000000e+00
-9.025031032783094043e-01
-3.530146591600132888e-01
-7.597230616452957941e-01
-2.277087292789190531e-01
1.000000000000000000e+00
7.586232497354621351e-01
1.000000000000000000e+00
-4.778971676357302023e-01
-1.000000000000000000e+00
-1.000000000000000000e+00
7.267021515028290191e-01
-1.000000000000000000e+00
-1.000000000000000000e+00
8.162464674985219215e-01
-1.000000000000000000e+00
1.000000000000000000e+00
-1.000000000000000000e+00
1.000000000000000000e+00
1.000000000000000000e+00
-1.000000000000000000e+00
8.591792649270192372e-01
-6.762296846091688796e-01
1.000000000000000000e+00
1.000000000000000000e+00
1.000000000000000000e+00
-1.000000000000000000e+00
1.000000000000000000e+00
1.923640164077488057e-01
-1.000000000000000000e+00
7.930502654074296220e-01
1.000000000000000000e+00
7.587723296461137412e-01
1.000000000000000000e+00
-9.705476946553788231e-01
-1.000000000000000000e+00
5.941817356631953206e-01
-3.320449732634368489e-01
5.046729496284058092e-01
-5.795119445989049822e-01
-2.405488338211321797e-01
1.000000000000000000e+00
1.000000000000000000e+00
-1.000000000000000000e+00
-1.000000000000000000e+00
-1.000000000000000000e+00
-2.269367149304070685e-01
-1.000000000000000000e+00
-1.000000000000000000e+00
7.588919605480868302e-01
7.040747435530079201e-01
5.274134097150253719e-01
-5.446380567799891104e-02
-1.000000000000000000e+00
-8.241944968591046194e-01
-8.388188727851436655e-02
2.471230028320836603e-01
-1.133208923427650727e-01
-2.892550982888535405e-01
6.007131974126561635e-01
-3.896696718788406066e-01
3.836486247913912795e-01
-1.000000000000000000e+00
1.000000000000000000e+00
-1.000000000000000000e+00
1.000000000000000000e+00
-6.501301123218807820e-01
2.310901512800369595e-01
-5.067454059717084736e-01
4.098897886083523456e-01
-1.000000000000000000e+00
-1.000000000000000000e+00
1.000000000000000000e+00
2.383052523541131507e-01
-8.129754335273065013e-02
-1.000000000000000000e+00
7.107251741288994618e-02
-1.000000000000000000e+00
2.592684883523888040e-01
-7.648151008969695797e-01
-1.000000000000000000e+00
-1.000000000000000000e+00
-7.046592476615557432e-01
-4.072691815108592239e-01
-2.880559721512677696e-01
-1.000000000000000000e+00
-8.339316979390692941e-01
-3.838429033548722003e-01
-6.617749732352845582e-01
5.721707308487486987e-01
-1.000000000000000000e+00
2.118464774840047582e-01
1.000000000000000000e+00
-8.981835324415814448e-01
-1.000000000000000000e+00
-1.000000000000000000e+00
1.000000000000000000e+00
1.000000000000000000e+00
1.452505792390254014e-01
-1.000000000000000000e+00
-8.728216794076707474e-01
-2.318866266393855291e-01
1.000000000000000000e+00
1.397969273310484262e-02
1.000000000000000000e+00
-1.000000000000000000e+00
1.000000000000000000e+00
1.000000000000000000e+00
1.000000000000000000e+00
1.000000000000000000e+00
-1.804408183924902098e-01
-1.000000000000000000e+00
1.000000000000000000e+00
-9.971428484688782401e-02
-6.637849424433084344e-01
1.000000000000000000e+00
1.000000000000000000e+00
1.000000000000000000e+00
-1.000000000000000000e+00
5.773004616611250306e-01
1.081317551433857993e-01
-6.881934069519231034e-01
3.445237721023050592e-01
1.000000000000000000e+00
-8.923974661979141576e-01
1.000000000000000000e+00
4.707298426277364833e-01
4.107100044521352356e-01
1.000000000000000000e+00
-1.000000000000000000e+00
-1.000000000000000000e+00
-1.000000000000000000e+00
-5.070179813397110991e-01
-6.930672204451800988e-01
2.570390078259042199e-01
1.000000000000000000e+00
1.210558474107515381e-01
-8.581824069501020613e-01
1.000000000000000000e+00
1.000000000000000000e+00
1.000000000000000000e+00
1.000000000000000000e+00
-9.634355722034423919e-02
1.000000000000000000e+00
1.218141060298461031e-01
-4.469858817562216147e-01
-1.000000000000000000e+00
1.000000000000000000e+00
1.000000000000000000e+00
-1.000000000000000000e+00
-1.000000000000000000e+00
1.000000000000000000e+00
1.638732918275447037e-01
-1.000000000000000000e+00
-1.000000000000000000e+00
-1.000000000000000000e+00
-1.000000000000000000e+00
3.374185567924501972e-01
1.000000000000000000e+00
1.000000000000000000e+00
-1.000000000000000000e+00
1.000000000000000000e+00
3.353240689126171237e-01
-1.000000000000000000e+00
-1.000000000000000000e+00
3.712637636501349703e-01
1.000000000000000000e+00
9.738724270170007191e-01
-1.000000000000000000e+00
1.000000000000000000e+00
1.000000000000000000e+00
9.986535963240972258e-02
-1.000000000000000000e+00
1.918923590484072905e-01
-1.000000000000000000e+00
1.000000000000000000e+00
9.906043540496498601e-01
-1.000000000000000000e+00
-2.326268622058444979e-01
-8.085305034251730749e-01
-1.000000000000000000e+00
-7.099210607969074216e-01
1.000000000000000000e+00
-1.000000000000000000e+00
1.000000000000000000e+00
-2.274849880554363768e-01
-6.281320700792711875e-01
-3.461310524978014058e-01
-3.898298629495834389e-01
-1.000000000000000000e+00
-1.000000000000000000e+00
1.000000000000000000e+00
1.000000000000000000e+00
-3.272231698302559555e-01
2.366715233170422206e-01
9.441310696102349631e-01
1.000000000000000000e+00
-8.364271565751546511e-01
-2.031161481506227329e-03
-4.046976125498674692e-02
7.789194293249779300e-01
-4.938053977120374083e-01
1.000000000000000000e+00
-8.312729662330363700e-01
-7.576366739926559957e-01
1.000000000000000000e+00
4.131593641168682662e-01
-7.987210191728958408e-01
-6.939873417903053010e-01
-2.873060243793160717e-01
1.000000000000000000e+00
1.000000000000000000e+00
1.000000000000000000e+00
-9.395037123262810486e-01
-9.370902153029220250e-01
-1.000000000000000000e+00
-2.133075054186772679e-01
-4.734584521683321556e-02
-4.364897655439303747e-02
1.000000000000000000e+00
1.000000000000000000e+00
1.000000000000000000e+00
6.062853741803735375e-01
3.425075432861112157e-01
1.000000000000000000e+00
-1.000000000000000000e+00
-1.000000000000000000e+00
3.402886025259376779e-01
-1.000000000000000000e+00
-1.000000000000000000e+00
-6.789584878501719878e-02
-9.539662139198568092e-01
1.409150894424080480e-01
1.000000000000000000e+00
3.308914851278054181e-01
-4.506630316247606238e-02
9.803565648881067407e-01
-1.000000000000000000e+00
-1.000000000000000000e+00
-4.976421290321608737e-03
7.415223493775480179e-02
1.000000000000000000e+00
-5.992256056975340250e-01
