9.411662484688791963e-01
9.449239226978161099e-01
-1.000000000000000000e+00
-8.029586714228996724e-01
1.000000000000000000e+00
-3.541178065972327982e-01
-1.000000000000000000e+00
-7.404738011926288443e-01
-9.338385534442148472e-01
1.000000000000000000e+00
1.000000000000000000e+00
8.521578187410792093e-01
2.308724976819626074e-01
-1.000000000000000000e+00
-1.000000000000000000e+00
-1.000000000000000000e+00
-2.454743799874901100e-01
-1.000000000000000000e+00
-1.000000000000000000e+00
-2.029656896848338610e-01
5.813335499244600690e-01
-1.000000000000000000e+00
4.675669174002571871e-01
1.000000000000000000e+00
-1.000000000000000000e+00
1.000000000000000000e+00
1.000000000000000000e+00
1.000000000000000000e+00
-1.000000000000000000e+00
-1.000000000000000000e+00
-1.000000000000000000e+00
-1.000000000000000000e+00
4.538392291053346961e-01
1.000000000000000000e+00
1.000000000000000000e+00
1.000000000000000000e+00
-1.000000000000000000e+00
1.000000000000000000e+00
1.000000000000000000e+00
-3.579079898534689996e-02
1.000000000000000000e+00
1.000000000000000000e+00
5.101410661664808055e-01
-1.000000000000000000e+00
1.000000000000000000e+00
-1.000000000000000000e+00
1.000000000000000000e+00
-2.044404441209137779e-01
1.000000000000000000e+00
1.000000000000000000e+00
-1.000000000000000000e+00
1.000000000000000000e+00
1.000000000000000000e+00
1.000000000000000000e+00
-1.000000000000000000e+00
-1.000000000000000000e+00
1.000000000000000000e+00
-6.105185557178935962e-01
1.000000000000000000e+00
1.000000000000000000e+00
1.000000000000000000e+00
-1.000000000000000000e+00
3.491479284897339719e-01
3.387212441274534136e-01
-2.340505451185652674e-01
-1.000000000000000000e+00
1.000000000000000000e+00
-1.000000000000000000e+00
-7.423845787281169173e-03
-8.487964083559165207e-01
8.267466898878279569e-01
-6.727955899640767345e-01
-1.000000000000000000e+00
6.513552861850598896e-01
1.000000000000000000e+00
-9.511909588022986473e-01
-1.000000000000000000e+00
5.485342919398054073e-01
-1.000000000000000000e+00
1.000000000000000000e+00
-4.916271801928886465e-01
-9.485077418881766587e-01
-1.000000000000000000e+00
-1.000000000000000000e+00
4.256675670577017012e-01
1.000000000000000000e+00
9.126739702554103051e-01
-2.751465813120049786e-01
8.105446296998267686e-01
4.061319734089563482e-01
8.166505909163057630e-02
-1.000000000000000000e+00
-6.599518002932347471e-03
3.675848931741140246e-01
-1.000000000000000000e+00
9.128818830037821463e-02
1.000000000000000000e+00
1.000000000000000000e+00
1.000000000000000000e+00
-1.000000000000000000e+00
1.000000000000000000e+00
2.947400596581165599e-01
-9.222774162866875791e-03
2.716002025067587589e-02
-2.097030360248465231e-01
4.551247842273340449e-01
-2.220704088447238711e-01
1.000000000000000000e+00
-1.000000000000000000e+00
-1.000000000000000000e+00
-1.000000000000000000e+00
1.000000000000000000e+00
4.502556826384418454e-01
-6.444639648661619757e-01
1.000000000000000000e+00
1.000000000000000000e+00
-3.207253972331260972e-01
-1.000000000000000000e+00
1.000000000000000000e+00
-1.000000000000000000e+00
1.000000000000000000e+00
1.000000000000000000e+00
1.000000000000000000e+00
1.000000000000000000e+00
7.652429659944646190e-01
1.000000000000000000e+00
-1.000000000000000000e+00
-1.000000000000000000e+00
-1.000000000000000000e+00
1.000000000000000000e+00
-1.000000000000000000e+00
-1.000000000000000000e+00
-5.940385195425014198e-01
-1.000000000000000000e+00
1.000000000000000000e+00
-2.355417880712568079e-01
-1.000000000000000000e+00
-1.000000000000000000e+00
1.000000000000000000e+00
5.719233453850592896e-01
-1.000000000000000000e+00
-1.000000000000000000e+00
-1.000000000000000000e+00
-1.000000000000000000e+00
-1.000000000000000000e+00
1.000000000000000000e+00
-7.940058073348480461e-01
8.431752915348036392e-01
-1.000000000000000000e+00
1.000000000000000000e+00
2.673887163626603725e-01
5.213078415611884786e-01
2.560545683288837360e-01
-1.000000000000000000e+00
-5.858336757966839947e-01
1.000000000000000000e+00
-1.000000000000000000e+00
-1.000000000000000000e+00
-1.000000000000000000e+00
1.000000000000000000e+00
-3.470836380198444870e-01
6.621547080647099959e-01
1.000000000000000000e+00
-8.744416750876917721e-01
1.000000000000000000e+00
1.000000000000000000e+00
1.000000000000000000e+00
1.000000000000000000e+00
7.568523862984538608e-01
-1.000000000000000000e+00
-1.000000000000000000e+00
-1.000000000000000000e+00
-1.000000000000000000e+00
-5.033792973835824469e-01
-5.110851623467080884e-01
-1.000000000000000000e+00
1.000000000000000000e+00
-1.000000000000000000e+00
1.000000000000000000e+00
-1.000000000000000000e+00
-8.214632018470677810e-01
1.000000000000000000e+00
1.000000000000000000e+00
1.000000000000000000e+00
-5.432673498453035599e-01
-7.453938399442505691e-01
1.000000000000000000e+00
-4.020052775993572247e-01
-1.000000000000000000e+00
2.035059064078894031e-01
-1.000000000000000000e+00
1.000000000000000000e+00
-7.776102707337609887e-01
-1.000000000000000000e+00
-1.000000000000000000e+00
-1.000000000000000000e+00
2.277585585402270851e-01
-1.000000000000000000e+00
1.000000000000000000e+00
-1.000000000000000000e+00
-1.000000000000000000e+00
-1.000000000000000000e+00
1.818112712878605652e-01
-2.858288327970268661e-01
-1.000000000000000000e+00
1.000000000000000000e+00
1.000000000000000000e+00
-7.549827455050379665e-01
1.000000000000000000e+00
-1.000000000000000000e+00
1.000000000000000000e+00
1.000000000000000000e+00
1.000000000000000000e+00
1.000000000000000000e+00
1.000000000000000000e+00
1.000000000000000000e+00
-6.205248849187658955e-01
-1.000000000000000000e+00
1.000000000000000000e+00
9.677922643739810260e-01
-1.000000000000000000e+00
-1.000000000000000000e+00
1.000000000000000000e+00
4.487251449592654096e-01
-1.881070362681768193e-01
1.000000000000000000e+00
-1.000000000000000000e+00
1.000000000000000000e+00
3.888298926401397848e-01
2.747738280473921435e-02
-1.000000000000000000e+00
1.000000000000000000e+00
-2.244484859249902264e-01
-1.000000000000000000e+00
-1.000000000000000000e+00
5.259993800299439526e-01
1.000000000000000000e+00
-5.954467792806513726e-01
-9.523724704985310208e-01
1.000000000000000000e+00
-9.206805288485466754e-01
1.000000000000000000e+00
-1.000000000000000000e+00
-1.000000000000000000e+00
-1.000000000000000000e+00
-1.000000000000000000e+00
-1.000000000000000000e+00
-1.917234360194074727e-01
8.412673867585293008e-01
-1.000000000000000000e+00
-1.000000000000000000e+00
1.000000000000000000e+00
1.000000000000000000e+00
1.000000000000000000e+00
-1.732716957010027592e-02
-1.000000000000000000e+00
-1.000000000000000000e+00
4.760996508353265155e-01
-1.000000000000000000e+00
1.848087884572310047e-01
-1.000000000000000000e+00
-1.000000000000000000e+00
7.339497903011256152e-01
1.000000000000000000e+00
1.000000000000000000e+00
