8.416025973644307712e-01
-1.000000000000000000e+00
1.000000000000000000e+00
-7.252244332066691834e-01
8.772278744359855995e-01
-1.000000000000000000e+00
1.000000000000000000e+00
1.000000000000000000e+00
-1.000000000000000000e+00
6.946863291277614039e-01
4.605309654249158946e-01
-1.000000000000000000e+00
-2.459205161845744447e-01
1.000000000000000000e+00
5.373067319127557973e-01
-2.078150861463725629e-01
-3.834459208217295134e-01
-8.420658087389352175e-01
-1.000000000000000000e+00
-2.606750586627781807e-01
-1.000000000000000000e+00
-8.139154850937372343e-01
-6.323131915421100757e-01
1.000000000000000000e+00
-5.264972418415396760e-01
1.000000000000000000e+00
1.000000000000000000e+00
-9.057797203566549937e-01
1.000000000000000000e+00
-1.000000000000000000e+00
1.000000000000000000e+00
-1.000000000000000000e+00
-1.000000000000000000e+00
1.826392356048766041e-01
1.000000000000000000e+00
-5.924690080145335047e-01
-7.531980188987725811e-01
8.147305764089640689e-02
-1.000000000000000000e+00
1.000000000000000000e+00
1.000000000000000000e+00
-1.000000000000000000e+00
4.304846319909090280e-01
-1.000000000000000000e+00
-1.000000000000000000e+00
-1.000000000000000000e+00
-2.494062650840006556e-01
-4.506817022678359930e-01
-1.000000000000000000e+00
2.587220802323577096e-01
-1.000000000000000000e+00
-8.101907296091133137e-01
-2.387821710426412114e-01
-1.000000000000000000e+00
1.000000000000000000e+00
1.000000000000000000e+00
5.450871753729962244e-01
1.000000000000000000e+00
7.201344826525792886e-01
-1.000000000000000000e+00
1.000000000000000000e+00
1.000000000000000000e+00
-1.000000000000000000e+00
3.695747587712405746e-02
-1.000000000000000000e+00
1.000000000000000000e+00
-1.000000000000000000e+00
1.000000000000000000e+00
-9.144838487797438686e-01
1.000000000000000000e+00
-2.903593051988505591e-01
1.000000000000000000e+00
-4.114893056718749165e-03
-1.000000000000000000e+00
1.608313385198355538e-01
3.909005613573239835e-01
-1.053822829121793536e-01
-1.000000000000000000e+00
-9.318325140171271892e-01
-1.000000000000000000e+00
-6.931358714823023792e-01
-3.122562405920632500e-01
1.000000000000000000e+00
-1.000000000000000000e+00
-3.459632388704033112e-01
1.000000000000000000e+00
1.000000000000000000e+00
-1.000000000000000000e+00
1.000000000000000000e+00
4.398482101325192906e-01
-4.223249417929877958e-01
-6.245222588430732191e-01
-1.000000000000000000e+00
7.809458372204866050e-01
-7.812279298320694565e-01
-1.000000000000000000e+00
-1.000000000000000000e+00
1.000000000000000000e+00
-8.624036975674231886e-01
-5.542533905278406170e-01
7.657836263311648128e-01
1.000000000000000000e+00
1.000000000000000000e+00
-1.000000000000000000e+00
-9.190624211596086779e-01
-9.152244988458397845e-01
-1.110106131957376840e-01
-1.000000000000000000e+00
-1.000000000000000000e+00
-1.870456289735359656e-01
1.000000000000000000e+00
-1.000000000000000000e+00
-1.000000000000000000e+00
4.801051411258111523e-01
6.360134596983684219e-01
5.406878421019050140e-01
1.000000000000000000e+00
-1.000000000000000000e+00
-1.000000000000000000e+00
-1.000000000000000000e+00
-1.000000000000000000e+00
-7.663853438904542070e-01
-8.193127218169626858e-01
-1.000000000000000000e+00
-1.934307112611138857e-02
1.000000000000000000e+00
9.292056495098218738e-01
1.000000000000000000e+00
-2.653142813086198926e-01
-7.367589088460304581e-01
-7.942892156838068374e-01
-5.153214902929046382e-01
1.000000000000000000e+00
-1.000000000000000000e+00
1.000000000000000000e+00
1.000000000000000000e+00
1.000000000000000000e+00
1.469136105332040643e-01
-6.351747578027594487e-01
1.000000000000000000e+00
-1.000000000000000000e+00
1.000000000000000000e+00
5.303087602553702151e-02
-2.280827159996889897e-01
7.163909502969439957e-02
-3.337623907942282031e-01
1.000000000000000000e+00
5.039089380233707782e-02
9.548003840100365291e-01
-1.000000000000000000e+00
1.000000000000000000e+00
-7.555270717576570982e-01
-8.902926751027833152e-01
-1.000000000000000000e+00
-5.554253091423138056e-01
3.423169661322763568e-01
-1.000000000000000000e+00
-1.000000000000000000e+00
-7.334958559737712047e-01
7.561117808413211350e-01
1.000000000000000000e+00
7.574540777029217242e-01
-1.000000000000000000e+00
1.000000000000000000e+00
1.000000000000000000e+00
1.000000000000000000e+00
1.000000000000000000e+00
-7.805274801688263375e-01
5.389367465160781467e-01
-1.000000000000000000e+00
1.000000000000000000e+00
2.380249357989885350e-01
1.000000000000000000e+00
-1.000000000000000000e+00
-1.000000000000000000e+00
-2.794664855286985716e-01
-1.000000000000000000e+00
-1.000000000000000000e+00
1.000000000000000000e+00
1.000000000000000000e+00
-1.260722734276010781e-01
-1.000000000000000000e+00
-5.411635889073562744e-03
-1.000000000000000000e+00
1.000000000000000000e+00
1.000000000000000000e+00
-6.822702881218907223e-01
-1.000000000000000000e+00
-5.370413256192809737e-01
-3.288629208540532201e-01
-8.473748772888516356e-01
-1.000000000000000000e+00
-4.748339607488372138e-01
-8.144636643043943192e-01
1.000000000000000000e+00
-1.000000000000000000e+00
-9.035422287110506101e-01
-5.100586946240425190e-01
1.236697506523292134e-01
-1.000000000000000000e+00
-4.091457525396403061e-01
1.000000000000000000e+00
-1.000000000000000000e+00
5.167230855885712737e-01
-1.000000000000000000e+00
7.387678606557912531e-01
-1.000000000000000000e+00
1.060035100511702577e-01
-1.000000000000000000e+00
1.000000000000000000e+00
2.798777285387574754e-01
1.000000000000000000e+00
2.480037211260843755e-02
9.653858526308929378e-01
-1.000000000000000000e+00
6.618432997582308630e-01
-5.029421803399836133e-02
-2.819035133857022979e-01
1.000000000000000000e+00
-1.000000000000000000e+00
4.970513781950486321e-01
1.000000000000000000e+00
1.000000000000000000e+00
2.364035157102964968e-01
7.071459151971699608e-01
-8.672505245140736951e-01
1.000000000000000000e+00
-1.000000000000000000e+00
-9.154719673681536163e-01
-5.388556743287734596e-01
1.000000000000000000e+00
-1.000000000000000000e+00
-1.000000000000000000e+00
-1.000000000000000000e+00
-3.323213164723024526e-01
-1.000000000000000000e+00
-1.000000000000000000e+00
-1.000000000000000000e+00
-1.000000000000000000e+00
8.573317064391228204e-01
-1.000000000000000000e+00
2.980946113187120661e-01
1.000000000000000000e+00
-1.000000000000000000e+00
1.000000000000000000e+00
1.000000000000000000e+00
3.563939797942921039e-01
4.832573092884686616e-01
1.000000000000000000e+00
2.742830712176513863e-03
1.000000000000000000e+00
-1.000000000000000000e+00
1.000000000000000000e+00
-1.313402676660556656e-01
5.553228481179848242e-01
1.000000000000000000e+00
1.581129938735188478e-01
-1.000000000000000000e+00
-1.000000000000000000e+00
-9.881171226656082496e-02
-6.529280384047968511e-01
-1.000000000000000000e+00
-1.000000000000000000e+00
1.000000000000000000e+00
3.076637181116789188e-01
