-5.359781383572308489e-01
9.777263323162472819e-01
-1.993506998350851322e-01
-5.575445731021817508e-01
-6.599567685397054184e-01
7.439953319524774678e-01
-7.482144989727708140e-01
4.775410835107385399e-01
2.707376935082292935e-01
2.419260797954594366e-01
-6.052141163946680447e-01
-4.582287104972275760e-01
-9.113429224251654581e-01
-3.515540300437471899e-01
2.813989060748567361e-02
6.052764525354090708e-01
9.262499174175398142e-01
-9.020360387256456391e-01
-5.466549338632937793e-01
8.630022080599741852e-01
2.442384123043186417e-01
-3.521527734086145056e-01
-8.469507588436808732e-01
2.553954616454616744e-01
4.830299032417517680e-02
-1.149351703672079061e-01
8.325398737729281518e-01
-6.729666138272576426e-01
2.502511149403128243e-01
2.193984113383971035e-01
-6.699902705227462896e-01
6.102717621628837019e-01
-6.640880147925005694e-01
-2.564303942043291151e-01
-7.961750178488573582e-01
7.435991212024131158e-01
-4.610900203556014265e-01
-9.975578655886878643e-01
-7.206932816490472238e-01
-1.537769218252926784e-01
4.590043616461463305e-01
-8.555325635886237290e-01
-5.397086370556027912e-01
-4.890238907290589410e-01
-7.017217457107729484e-01
-3.740115496966669451e-01
9.694188149957261302e-02
-8.058415633271349687e-01
-1.505712804684355977e-01
-3.988129140705214404e-01
-6.729518218783583361e-01
-3.528184922003398949e-01
-1.741219890541947368e-01
7.975451704704712430e-01
-5.000540452592505680e-02
8.714933991412787684e-01
8.050405091645305156e-01
9.344043593844943985e-01
-9.795999463853477529e-01
-2.357737929534375887e-02
3.808685330712713313e-01
-6.714019347599540222e-01
2.216302568017030072e-01
4.822731185547555199e-01
3.925065975239856453e-01
9.479204729457333389e-01
-4.869858144514043197e-01
-7.252627664198143531e-01
-1.501101071360679828e-01
-3.609491060811962360e-01
-1.588619088920055766e-01
1.064218335490756395e-01
2.116075773127628068e-01
-3.825852556926550019e-01
-1.513323422002992302e-01
6.459694208879818156e-02
-2.717484652369861475e-01
-5.576005347650132560e-01
1.864925088269133724e-01
4.795928266094475756e-01
-7.512490851648547796e-01
-9.539936225006906412e-01
6.551382356206432167e-01
7.913963373637149523e-01
-8.549328253830674740e-01
7.994635935803851012e-02
-7.968925593233808780e-01
-4.061763080258340430e-01
8.192254455620022746e-01
-7.630992161731109391e-01
7.693216377833163033e-01
3.304482074925858548e-01
4.231121658836849431e-01
9.712510612410185651e-02
3.664131572729156794e-01
-5.302067659593074911e-01
-1.560978208932484179e-02
8.759834561152266552e-01
-5.748520522875673056e-01
-4.952024792765508110e-02
4.475457991078102271e-01
-9.042693150076241970e-01
-4.475807056449030430e-01
9.800656620808607666e-01
8.902897838991561397e-01
-7.646633501024779900e-01
-5.517662143545627451e-01
5.857395881469456000e-01
-5.236344783797379776e-01
-1.054538177703980839e-01
-8.032952554069754392e-01
8.561253841922078500e-01
3.007915032878798467e-01
-7.488617286025134323e-01
6.157026213133034442e-01
7.907565229669872853e-01
-9.782954543043616003e-01
-1.869672171572234198e-01
-5.981373408076480214e-01
-3.898795048186134427e-01
7.556762347666019508e-01
-5.556096346389129970e-01
-9.815178387446654718e-01
4.583353684753408430e-01
7.215948205672173543e-01
-6.207658700786824468e-01
7.813782161160804929e-01
-1.287698353660102768e-01
-3.598638348066240944e-01
3.060070205417142475e-02
8.153887492175910801e-01
5.104016713217855994e-01
8.789857724492928792e-01
-6.535309567758995630e-01
-9.481486385392943195e-01
5.969523985526574705e-01
-4.483048327486802709e-01
6.644248420616594153e-02
-7.432495190135715024e-01
-8.320998759817133106e-02
5.180878532509038958e-01
-8.163065289780122580e-01
5.138320011217016869e-01
7.933438998435480283e-01
-5.586320665421720122e-01
-6.307686944365769044e-01
3.153817482742380385e-01
-5.688763291944347600e-01
2.229833550199142866e-01
-6.952761109771228298e-01
8.340756867276979403e-01
-1.672290811441075054e-01
5.896202154053822309e-01
1.613166110987842572e-01
-1.069097477583063061e-01
-5.539557730400272995e-01
9.701735938740725373e-01
1.804882074299938299e-01
7.541190857191004682e-02
-1.738881588716090221e-01
-4.156655333385756990e-01
-6.719564107010318477e-01
-6.094352364057280536e-01
-4.650828288731092552e-01
3.459196160882818116e-01
-4.853878170997525388e-01
4.320105256092450219e-01
-1.595432971820676116e-01
6.333076681600713354e-01
6.387359082761243645e-01
-4.330924575713834823e-01
8.794690815533827699e-01
4.061144225035029365e-01
6.018470733963263708e-01
2.475552492043320285e-01
-8.896233922560086160e-01
9.352356735341367244e-01
2.349411276226582856e-01
9.366797356300460287e-02
7.444375713778235149e-01
-7.026891865693021266e-01
9.099386535381315255e-01
4.532163526748815841e-01
5.456630773804798107e-01
-7.590115294333406037e-01
-5.865732285218161479e-02
8.114795157800469561e-02
2.450162077835100760e-01
-8.570907851559976809e-01
3.305529728017506663e-01
-3.708933722951490708e-02
-4.448479332831571931e-01
-2.119857952212531593e-01
-6.672877829737808852e-01
-1.675391827762409136e-01
-4.210951343816415893e-02
9.982729356637844997e-01
5.922663631979321330e-01
1.775230835462238144e-01
-6.293655416317307516e-01
7.905182165827229213e-01
4.834221317907057003e-01
-4.799190220181384081e-01
8.154051717200148097e-01
-2.014123035040875642e-01
-2.801957032548141324e-01
-2.619570313817520812e-01
8.831054585822921688e-01
-7.233427972880699386e-01
-9.367085138427038160e-01
2.084775577676076797e-01
5.500227078296486827e-01
6.279876068477305839e-01
1.501197636327515905e-01
-9.373993427401983158e-01
9.139121685184037336e-01
-5.499020866015706943e-01
-9.941475970147883867e-01
5.660555527302735257e-01
2.530102449412547916e-01
7.769705269104856260e-01
7.089804228080940351e-01
8.072495103886108136e-01
-3.557873791581522838e-02
-8.404062448955660347e-01
-1.514725946189690031e-01
4.585907886736475536e-01
2.236372857068551490e-01
-7.275489270453081581e-01
9.528632576598374815e-01
-9.438153497940131587e-01
6.634750061483654093e-01
4.407377710701116946e-01
4.177037892018318210e-01
2.669145996705417634e-01
-2.090095152938000744e-01
9.793818390383974837e-01
5.371112846385155404e-01
4.693270835486584858e-01
-2.037293341904744537e-02
1.109316462138494330e-01
5.636244912528058926e-01
-8.910712951895889411e-01
5.656839407946125942e-01
6.868344960494980889e-01
-7.705429344902645639e-01
-9.716253064527942129e-01
-1.557504317362874424e-01
6.893511526592634997e-01
6.853856984359258941e-01
-1.991091579615531515e-01
-8.543305983893456634e-01
-3.609681280763235023e-01
-4.942650791948055566e-01
-7.571689560254390994e-01
-7.321928752349653458e-01
-4.994637622526096887e-01
9.984989426619854669e-01
6.192678233173614100e-01
3.576533484895823012e-01
3.592314366137763226e-01
-5.733360922422670036e-01
9.248601302894559062e-01
8.439883398271241788e-02
9.799952633563588922e-01
