3.779295006095537701e-01
-7.262203006502048197e-01
2.228440584005879077e-01
8.847040371431866834e-01
-4.081269783698107112e-01
4.397531148794199263e-01
-1.000000000000000000e+00
-4.322017857711455413e-01
-5.200813071122067921e-01
8.220210352181367419e-02
-1.000000000000000000e+00
1.000000000000000000e+00
1.000000000000000000e+00
3.760573915655225363e-01
6.341026349668780204e-01
-5.304315019091299099e-02
-5.983801303144626882e-01
-4.440672440634957918e-01
-1.000000000000000000e+00
-4.059203104593993583e-01
6.581988584662314956e-01
-4.128635586842088756e-02
-1.000000000000000000e+00
5.006133206455793960e-01
6.594781565978325988e-01
-1.000000000000000000e+00
-9.815793926684694970e-01
3.274256887890359957e-01
1.000000000000000000e+00
6.801876387000180824e-01
-1.000000000000000000e+00
1.354235111966534955e-01
-1.000000000000000000e+00
-8.645918793774907130e-01
1.000000000000000000e+00
-3.910182195154410234e-02
4.292646575554046745e-02
3.653120425127092119e-01
8.025429574161173640e-01
-1.000000000000000000e+00
1.895906661752533306e-01
-5.110753153007325800e-01
-4.299118370905356534e-01
1.000000000000000000e+00
-7.563009078862718004e-01
4.426803401424934670e-01
8.825910551124158676e-01
8.211067866618060318e-01
5.330868264522148348e-02
-6.805965754419960323e-01
1.000000000000000000e+00
8.992930522675778304e-01
-2.551185614144304559e-01
6.659454611466902874e-02
-1.000000000000000000e+00
1.000000000000000000e+00
-5.677853021990202365e-01
7.150747363014209323e-01
3.281856118638699082e-01
-4.163208798951707479e-01
-1.000000000000000000e+00
1.000000000000000000e+00
9.348895300296063970e-01
-2.622274343231723037e-01
1.728479638071019897e-01
-1.375162382111398962e-01
-6.908935592473810505e-01
4.940621123492423550e-01
-9.346308236425127092e-03
-4.948585529404689876e-01
2.022636657881622391e-01
2.054845447324038787e-01
-8.752569370706309027e-01
1.000000000000000000e+00
2.588951733413217271e-01
1.000000000000000000e+00
-1.000000000000000000e+00
6.457873940968803517e-01
-5.504895463287770019e-01
-1.000000000000000000e+00
1.000000000000000000e+00
-8.451510934076500448e-02
-5.315742871834081562e-01
-1.000000000000000000e+00
1.000000000000000000e+00
-9.499689623604925526e-01
7.627265527510849186e-01
-1.000000000000000000e+00
-1.000000000000000000e+00
-1.000000000000000000e+00
-1.000000000000000000e+00
-1.000000000000000000e+00
1.000000000000000000e+00
1.000000000000000000e+00
1.576675432623484419e-01
5.135703752099884944e-01
-8.009278952139295971e-01
-8.571273719196392804e-01
-3.880463631220227860e-01
-6.488919721715913358e-01
1.000000000000000000e+00
7.830900805013314425e-01
-5.219602530025684306e-01
-2.135697128746139040e-01
-9.179446368394301725e-01
1.000000000000000000e+00
9.073790057983801560e-01
1.000000000000000000e+00
-6.758007561261158980e-01
6.958309469837393735e-01
-4.197047962037336877e-02
-1.000000000000000000e+00
1.000000000000000000e+00
4.160468019352281388e-02
-4.525489800930273532e-01
-5.271327510163116292e-01
1.000000000000000000e+00
-1.000000000000000000e+00
8.682501229707195733e-02
-7.076818986051292004e-01
6.887750327483117552e-01
-1.000000000000000000e+00
7.616452343977002659e-01
-5.695774136322310222e-01
1.000000000000000000e+00
-6.088621031614498413e-01
6.148026464582034833e-02
-5.449786107690718362e-01
7.521567517210170362e-01
1.000000000000000000e+00
7.062368955938564952e-01
1.000000000000000000e+00
-3.686003470493223189e-01
2.116741823460417393e-01
9.758273441920487512e-01
4.738394869428645961e-01
1.000000000000000000e+00
1.000000000000000000e+00
5.266056802650523894e-01
1.565824947462424177e-01
-7.224340369836651510e-01
-1.000000000000000000e+00
1.341393969262851815e-01
1.411519995028023278e-01
1.000000000000000000e+00
9.067731823077787023e-01
1.000000000000000000e+00
1.517015086836077664e-01
-1.240405162369746517e-01
1.547178696426392275e-01
-5.196964711735344578e-01
5.236007750311659770e-01
8.760907746736834589e-01
4.867453280159848572e-01
1.000000000000000000e+00
-1.000000000000000000e+00
2.244129638723812992e-02
-1.000000000000000000e+00
9.435454620325929298e-01
4.881908515035915386e-01
6.844722505757978581e-01
6.959299004815396872e-01
1.000000000000000000e+00
5.226368299107957416e-01
1.000000000000000000e+00
-4.286965432218584615e-01
2.826554694871141749e-01
-8.331824377822173444e-01
9.885473367736503647e-01
1.423130247359063461e-01
1.000000000000000000e+00
-1.059922021299857797e-01
-1.000000000000000000e+00
-7.275165807094723380e-01
1.000000000000000000e+00
1.000000000000000000e+00
7.838999582397849775e-01
2.576496618494230617e-01
7.527911779910161361e-01
-1.000000000000000000e+00
-8.866797149103415876e-01
-1.000000000000000000e+00
6.664377620593826546e-01
1.000000000000000000e+00
-5.569897698441393930e-01
-5.868612838908595641e-01
-1.000000000000000000e+00
-4.338180916817306887e-01
9.020350441454862978e-01
4.518943488189725022e-01
-4.389790581838610706e-01
1.000000000000000000e+00
3.563955260024449512e-01
-1.000000000000000000e+00
-3.526649307547734535e-01
-5.182934750514642808e-01
-1.000000000000000000e+00
-1.000000000000000000e+00
4.467145984271234660e-01
-1.000000000000000000e+00
-6.420481937140807283e-01
7.122549938484559195e-01
1.000000000000000000e+00
-6.721557689564299221e-01
-1.000000000000000000e+00
-1.000000000000000000e+00
-1.000000000000000000e+00
-9.325309124045408904e-01
5.432608877916835777e-01
-1.000000000000000000e+00
3.214497407888929903e-01
-6.586557120191305348e-01
4.747241631443464005e-01
7.038522315453586975e-01
-1.597504115939551994e-01
3.912847363405604906e-01
-7.138178168069695406e-01
8.209839220605912313e-01
1.000000000000000000e+00
-1.000000000000000000e+00
-7.378017039874849026e-01
-1.000000000000000000e+00
-6.765920978289930998e-01
-1.000000000000000000e+00
-8.060889900064533986e-01
-2.733553684932656380e-01
-8.798774626316330227e-02
2.664480301963252362e-01
1.000000000000000000e+00
1.982483364057130992e-01
-1.000000000000000000e+00
2.066118638096847704e-02
-1.000000000000000000e+00
-5.326182889283490596e-01
-1.000000000000000000e+00
-9.380087820134646037e-01
-6.841509359390376410e-01
9.170402312419330126e-01
-3.708098916949336132e-01
1.000000000000000000e+00
-7.637903497517233298e-01
1.000000000000000000e+00
-1.000000000000000000e+00
1.000000000000000000e+00
2.553347595470871756e-01
-1.000000000000000000e+00
3.899943474581476499e-01
-7.493341952715444343e-01
1.072231591137583484e-01
4.315364472944394070e-01
5.342816000393235676e-01
1.000000000000000000e+00
1.943023007155225690e-02
-1.000000000000000000e+00
-1.000000000000000000e+00
1.000000000000000000e+00
8.209132114905817179e-01
-2.424572838044417311e-01
6.816309720553359597e-02
1.000000000000000000e+00
1.000000000000000000e+00
-4.042922876445929070e-01
-3.591945331704402000e-01
4.066052907439443587e-02
-7.615365845795951660e-02
