-9.833755647914801390e-01
-8.163343982507883512e-01
1.000000000000000000e+00
1.000000000000000000e+00
1.563709563219517484e-01
1.000000000000000000e+00
-1.000000000000000000e+00
-9.816838814390962398e-01
6.292972611460789789e-01
-8.444129635262209721e-01
-1.000000000000000000e+00
1.000000000000000000e+00
-1.000000000000000000e+00
-1.000000000000000000e+00
1.000000000000000000e+00
-1.000000000000000000e+00
1.000000000000000000e+00
-1.000000000000000000e+00
1.000000000000000000e+00
-7.964013343055043048e-01
-1.000000000000000000e+00
-1.000000000000000000e+00
1.000000000000000000e+00
1.000000000000000000e+00
-1.000000000000000000e+00
-1.000000000000000000e+00
1.000000000000000000e+00
-1.000000000000000000e+00
1.000000000000000000e+00
-1.000000000000000000e+00
-1.000000000000000000e+00
1.000000000000000000e+00
7.071905319748768015e-01
1.000000000000000000e+00
-1.000000000000000000e+00
-1.000000000000000000e+00
1.000000000000000000e+00
1.000000000000000000e+00
-1.000000000000000000e+00
-2.173312053695787838e-01
-1.000000000000000000e+00
5.712580002292242387e-01
1.000000000000000000e+00
1.000000000000000000e+00
1.000000000000000000e+00
-5.842126099401272477e-01
1.000000000000000000e+00
-1.000000000000000000e+00
-1.000000000000000000e+00
1.000000000000000000e+00
1.633328602512556793e-01
1.000000000000000000e+00
-1.000000000000000000e+00
-8.465780020241313597e-01
-1.000000000000000000e+00
-1.000000000000000000e+00
-1.000000000000000000e+00
1.000000000000000000e+00
1.000000000000000000e+00
-1.000000000000000000e+00
1.000000000000000000e+00
-1.803435203985229440e-01
-1.000000000000000000e+00
-1.000000000000000000e+00
4.934316478645254800e-01
1.000000000000000000e+00
3.981219596060118771e-01
-3.483829117179297885e-01
-1.000000000000000000e+00
7.141347423927187910e-01
1.566120361203934275e-01
-8.327056812623205850e-01
1.000000000000000000e+00
9.005433334276703450e-01
-1.000000000000000000e+00
1.000000000000000000e+00
-1.000000000000000000e+00
1.000000000000000000e+00
1.000000000000000000e+00
1.000000000000000000e+00
-4.549194995765681870e-01
-1.000000000000000000e+00
1.000000000000000000e+00
3.001929255835733557e-02
5.687730006497659918e-01
1.000000000000000000e+00
1.000000000000000000e+00
-2.052366650114791358e-01
-1.000000000000000000e+00
1.000000000000000000e+00
1.000000000000000000e+00
1.000000000000000000e+00
-3.269115256034405004e-01
1.000000000000000000e+00
1.000000000000000000e+00
-1.000000000000000000e+00
-8.362433988210932201e-01
1.000000000000000000e+00
-1.000000000000000000e+00
1.000000000000000000e+00
-1.000000000000000000e+00
-1.000000000000000000e+00
-1.000000000000000000e+00
-1.000000000000000000e+00
1.000000000000000000e+00
-6.246368601053259306e-01
1.000000000000000000e+00
-1.000000000000000000e+00
8.767104107739509544e-02
1.000000000000000000e+00
1.000000000000000000e+00
6.813256054740340906e-01
-1.000000000000000000e+00
1.000000000000000000e+00
1.000000000000000000e+00
-1.000000000000000000e+00
1.000000000000000000e+00
-2.534670937385609113e-01
1.000000000000000000e+00
1.000000000000000000e+00
-1.000000000000000000e+00
1.000000000000000000e+00
1.000000000000000000e+00
1.000000000000000000e+00
1.000000000000000000e+00
1.000000000000000000e+00
2.920811719661142725e-01
1.000000000000000000e+00
-1.000000000000000000e+00
-4.746126734345247344e-01
-1.000000000000000000e+00
-1.000000000000000000e+00
-5.596488687247358484e-01
1.000000000000000000e+00
3.897819093280074920e-01
-1.000000000000000000e+00
1.514882291031878214e-01
1.000000000000000000e+00
-1.000000000000000000e+00
1.000000000000000000e+00
-1.000000000000000000e+00
-1.000000000000000000e+00
6.173307788160632414e-01
1.000000000000000000e+00
4.682008862799227900e-01
1.000000000000000000e+00
9.353457471105395271e-01
1.000000000000000000e+00
2.610569244562996882e-01
-1.000000000000000000e+00
6.099706721287267985e-01
8.208720981308333942e-01
1.000000000000000000e+00
-1.000000000000000000e+00
-8.852256565984690795e-01
1.000000000000000000e+00
1.000000000000000000e+00
1.000000000000000000e+00
1.000000000000000000e+00
-1.000000000000000000e+00
-1.000000000000000000e+00
1.000000000000000000e+00
-4.818562703587201401e-01
1.000000000000000000e+00
8.367216086718489709e-01
8.651059032997473475e-01
-9.562454115807440536e-01
-2.191342651776838624e-01
1.000000000000000000e+00
1.000000000000000000e+00
8.998015636108782633e-01
-1.000000000000000000e+00
-8.890778942166377430e-01
1.000000000000000000e+00
1.000000000000000000e+00
-1.000000000000000000e+00
-1.483669995170966427e-01
1.000000000000000000e+00
1.000000000000000000e+00
-1.000000000000000000e+00
1.000000000000000000e+00
-1.000000000000000000e+00
1.000000000000000000e+00
2.115054818682993165e-01
1.000000000000000000e+00
-1.000000000000000000e+00
-3.081244950971833707e-01
1.000000000000000000e+00
1.604905943838657034e-01
1.000000000000000000e+00
1.000000000000000000e+00
1.000000000000000000e+00
-3.899276619981936198e-01
-1.005628201165156277e-01
9.403393582186065913e-01
1.000000000000000000e+00
1.000000000000000000e+00
1.000000000000000000e+00
-1.000000000000000000e+00
-4.172386515100705573e-01
1.000000000000000000e+00
-1.000000000000000000e+00
-1.000000000000000000e+00
1.000000000000000000e+00
1.000000000000000000e+00
-6.188473898019926089e-01
1.000000000000000000e+00
-1.000000000000000000e+00
1.000000000000000000e+00
1.000000000000000000e+00
-1.000000000000000000e+00
4.745845198765459294e-01
-1.000000000000000000e+00
-1.000000000000000000e+00
1.000000000000000000e+00
2.851174161893963444e-01
1.000000000000000000e+00
9.899396129560530389e-01
-8.021887578362716376e-01
-1.000000000000000000e+00
9.913477943237327672e-01
-1.000000000000000000e+00
-3.560343143608606375e-01
-6.807476418450941757e-02
1.000000000000000000e+00
-1.000000000000000000e+00
1.000000000000000000e+00
-1.000000000000000000e+00
-1.000000000000000000e+00
1.000000000000000000e+00
-1.000000000000000000e+00
-1.000000000000000000e+00
6.945368054670774116e-01
1.000000000000000000e+00
-1.000000000000000000e+00
1.000000000000000000e+00
-1.000000000000000000e+00
1.000000000000000000e+00
1.000000000000000000e+00
1.000000000000000000e+00
2.275448656396919234e-01
-6.724997153667460204e-01
1.000000000000000000e+00
-1.000000000000000000e+00
1.000000000000000000e+00
-1.000000000000000000e+00
-4.634820649328164066e-01
8.005002525842825900e-01
9.342216300281552810e-01
7.256771692313372935e-01
-3.519557260581693825e-01
-1.000000000000000000e+00
-4.356492533759770414e-01
-1.000000000000000000e+00
1.000000000000000000e+00
1.000000000000000000e+00
-1.000000000000000000e+00
-1.000000000000000000e+00
1.000000000000000000e+00
1.000000000000000000e+00
-1.000000000000000000e+00
-1.000000000000000000e+00
2.443191863692024679e-01
1.642979543745064497e-01
-1.000000000000000000e+00
