1.567515689883555829e+00
6.850430086160251619e+00
-3.323043657167292775e-01
-1.463984527442796946e+00
-4.417908376458404840e-01
-1.339056311041613601e+00
-3.648825581911842697e+00
-1.319051972379973625e+00
-6.480207188043137556e+00
4.561714976005368349e+00
4.839460966145567866e-01
-3.276524479587855865e+00
-2.883371620730260876e+00
2.454111020322752301e-02
5.627670801963958525e+00
1.040183372878784596e-01
1.425501808396750780e-01
1.392443773679663321e+00
1.420943004227040785e+00
-1.991990977137969132e+00
1.379756528893380407e+00
1.168116803755055583e-01
-6.024408025448020343e-01
2.159347300957113802e+00
3.087662842228375837e+00
5.693473309530092674e-01
-4.396530075898339440e+00
-5.381569662710504076e+00
1.072154768857882079e+00
5.963807790947456056e+00
1.769635682101208252e+00
1.975577123375135136e+00
4.315717188620223355e-01
8.236049411976700263e-01
-1.702517142596948752e+00
2.061515182665782042e+00
-1.797901023477792570e+00
3.859550666373188221e+00
4.561154126391660846e+00
1.950806318833573361e+00
2.480156116193958371e-01
-2.580285566640004635e+00
-1.420993765324550795e+00
-2.600559177914887776e+00
2.213256218514044971e+00
-2.797812077127960428e+00
8.209119259965991233e-01
2.903541500686672716e-01
1.773892993359378334e-01
-4.803142420747367858e+00
-1.616978641734958311e+00
-1.524200069410019953e-02
-2.558405781156473324e+00
-3.922712167980813014e+00
1.044464570957830185e+00
1.080150425168205031e+00
-1.770709918911567815e+00
-1.106413175729467957e+00
3.004905281899339808e+00
-5.673000329731621605e+00
7.888437099071791136e-01
3.119304581908731056e+00
-5.373318808803256852e-01
-1.041932732171590548e+00
-7.575253992842738704e-01
5.824314070244991370e-01
2.557734168905884342e+00
-1.535025811500161375e+00
1.078678939833967121e+00
-9.914795865171086575e-01
1.968828001093322122e+00
-1.266020105056191891e+00
-5.009545201853382146e+00
7.087562865359025022e-01
-8.968671619222398639e-02
2.706239777639051436e+00
1.755127985691817161e+00
-1.595313200807060960e+00
1.650570802336215559e+00
8.636053565278727362e-01
-2.568826821221897205e+00
1.459233469024910690e+00
5.000848597594929501e+00
-4.000268542426396401e+00
3.216705243851283313e-01
1.463324056588392930e+00
5.624883345367213128e-01
-3.637556035792752773e-01
1.317061857574284733e+00
-8.426427372869272903e-01
-2.321166662478004739e+00
1.117720256768157672e+00
4.254622690587512857e-01
5.140627262511412998e-02
-1.925093487420151517e+00
-1.500624240227321993e+00
4.771218109093015691e+00
3.542062469107079892e+00
-7.685516303821727790e-01
-5.640733028504221203e+00
-8.452495550928373902e-02
1.715714523815087267e-01
-7.580084206224202426e-01
2.839784165921331871e-01
-6.206792666868397035e-01
-3.598402656744370098e+00
-3.994558475284332166e-01
1.392600136945383538e+00
5.314182186747679060e-01
-5.703441807087681337e-01
2.112655523673520275e+00
-1.157974925327542870e-02
-1.626080154730175531e+00
8.636342740899976000e-01
9.658956329970887822e+00
1.823421821164487699e+00
-1.000000000000000000e+00
-1.142377663243581809e+00
-3.209013892089370934e+00
-8.567337431265642511e-02
2.147516922214473212e+00
1.791581409294581428e-01
1.975654882254949340e+00
1.081501734505202261e+00
9.443884913457269992e-01
-8.325127453421710122e-02
-9.495793131913570218e-01
-6.046422289099246949e-01
5.054173768031628988e+00
9.134528280145870482e-01
-4.018964054071284764e+00
5.406268499338666711e-01
1.381917652030749899e+00
9.465082811403792151e-01
3.044515900907377670e+00
-3.015118767764240815e+00
-1.264794171968196768e+00
-6.943576493804224370e-01
3.245615919427755625e+00
1.342891727523522150e+00
-3.174265331325880624e-01
1.572982173574357212e+00
1.929102771967607932e-01
4.282014814691406102e+00
-2.967271842444347829e-01
4.376865179613877110e+00
1.638773196872486682e-01
-5.445886866830673689e-01
-1.367743779811184890e+00
-1.091095563312110661e+00
2.170172442412869884e+00
-2.775072020106732928e+00
9.258783499950506979e-01
3.737887003205556447e+00
-8.393851225451604003e-01
-1.410977138056628499e+00
1.499127792836522532e+00
-2.272889847769931748e+00
3.482778097048834454e+00
1.659772383160663112e-01
-2.596735346678819667e+00
-2.639556188498962008e+00
8.464771401007603613e-02
5.887171593602736897e-01
-4.185896685668191175e-01
-6.448275097360633978e-01
4.521762420108121905e-01
1.129673302200266516e+00
-8.952668144449830168e-01
-2.574849006608141533e+00
-7.286471213356864318e-01
-1.528644306969439759e+00
-2.602586333292459475e+00
7.901854394276612847e-01
1.904853537535302843e+00
-2.093371192940022496e+00
2.005773638921311885e+00
-1.861547101916721125e+00
1.178442487752772161e-01
-5.025321777951130553e-01
2.586712369939446532e+00
-3.850289322883994725e+00
-1.051750920001928158e+00
7.686084292291248676e-01
1.480474854931720596e+00
2.712738933039822609e+00
-8.391078512833174408e-01
9.035575129357460433e-01
1.158642243954106421e+00
-4.328789960834786288e-01
-9.477734599454428199e-01
5.161626724968735314e-01
5.014415567627588111e-01
4.776817933563268781e-01
2.930182828420190955e+00
1.558711867039256793e+00
3.873444389184304448e+00
1.687899452514866061e+00
-2.172647547292633430e+00
-2.648718970851151600e+00
4.766324523534653523e-01
2.284064716658384953e+00
1.821177822170710225e+00
-1.795482630687333714e+00
-7.146049431836903887e-01
1.024277888000101777e+00
-2.066734058511386252e+00
-9.598796442781898364e-02
-4.295641929991188546e-01
-3.035688099981312504e+00
-1.117610098684679309e-02
-8.310788926169556667e-01
1.008445218139232491e+00
-5.657920812022871893e-01
5.362791394741520667e-01
-2.332090571091176567e-01
6.566248388640001377e-01
7.616988287313506412e-01
1.949037152844931953e+00
1.460395060917161425e+00
3.884966148553390841e+00
-4.834189158950976228e+00
-3.503441942280834276e+00
2.942877913814201385e-01
-1.277899073459081603e+00
2.434641392350324729e+00
2.040359578840631904e+00
-1.965578093853745711e+00
-8.751938735273270265e-01
-4.795755242280186792e+00
-1.815995174678268098e+00
3.448309999194222542e+00
5.588090130103298137e-01
1.460181676374870730e+00
-7.590010160564388819e-01
1.796496787457241062e+00
-2.928863277111733776e+00
4.150411046561866435e+00
-3.640955020508839901e+00
1.589241514303273206e+00
2.551766371219201801e+00
-3.148114132285635414e+00
3.809405799224462541e+00
-1.139204854649071841e+00
-2.448869818731148618e-01
2.377026392147750133e+00
4.577190246411830366e+00
-4.278865467378508702e-01
2.139433887367331977e+00
-1.492589827728007634e+00
-1.630375547627633148e+00
1.310352237704139666e+00
1.615667515158146106e+00
7.581332888596754582e-01
1.759927768700987993e+00
1.550862718812914487e+00
9.230730029800302550e-01
1.236614079086455487e+00
1.714120994536008302e+00
-2.181960175190015283e-01
-6.839955825916385734e+00
-1.355372645020124445e+00
1.375923047583925696e+00
-2.739065226284093768e+00
-7.551552938378578439e-01
