1.000000000000000000e+00
-1.000000000000000000e+00
2.382013137201477448e-02
1.000000000000000000e+00
1.000000000000000000e+00
-1.000000000000000000e+00
1.804077098513148236e-01
2.220680798693840385e-01
-1.953535749603138583e-01
1.000000000000000000e+00
1.000000000000000000e+00
-1.000000000000000000e+00
1.000000000000000000e+00
-8.585026876907431159e-03
8.236952971593336503e-01
-6.844533904502636545e-02
-1.000000000000000000e+00
-1.000000000000000000e+00
9.375329318189185024e-01
7.969481621159490992e-02
1.000000000000000000e+00
1.000000000000000000e+00
-4.586527307605763326e-01
8.820505544697065936e-01
-5.530022570428061446e-01
-1.104267807686568348e-01
1.000000000000000000e+00
3.857284757740684356e-01
4.015829879880825626e-01
-1.000000000000000000e+00
-1.000000000000000000e+00
-9.589193581955253176e-01
-1.000000000000000000e+00
-1.000000000000000000e+00
5.502041034793571095e-01
-1.000000000000000000e+00
-1.000000000000000000e+00
-1.000000000000000000e+00
-6.751248710882131743e-01
1.000000000000000000e+00
-2.845103369993071674e-01
-7.271302813585223124e-02
1.000000000000000000e+00
6.250443586448941602e-01
-4.484614183231530049e-01
-1.000000000000000000e+00
-1.000000000000000000e+00
1.000000000000000000e+00
8.044942542075939063e-01
-1.000000000000000000e+00
-2.118026366300246321e-02
1.000000000000000000e+00
1.000000000000000000e+00
1.000000000000000000e+00
1.000000000000000000e+00
-1.000000000000000000e+00
1.000000000000000000e+00
1.000000000000000000e+00
4.170313279003953211e-01
5.456210857012807613e-01
-1.000000000000000000e+00
1.000000000000000000e+00
1.000000000000000000e+00
1.000000000000000000e+00
1.000000000000000000e+00
-4.464131704095056774e-01
-8.011043203620094033e-01
-2.865813062384536813e-01
1.000000000000000000e+00
-1.000000000000000000e+00
-2.464088907821294638e-01
1.461390755097113914e-02
-9.313009215586376399e-01
-4.756460236204520520e-01
-1.000000000000000000e+00
-1.000000000000000000e+00
7.000409958345581440e-01
-3.774909835235804034e-01
-9.741538566776699604e-01
1.000000000000000000e+00
3.323131347266153890e-01
-1.000000000000000000e+00
1.000000000000000000e+00
9.165365514235566113e-01
1.000000000000000000e+00
-9.410503385679170885e-01
1.000000000000000000e+00
-6.011853876697668131e-01
-5.984207822574216795e-01
9.039507711738234974e-01
1.000000000000000000e+00
-2.798321082472523536e-01
-1.000000000000000000e+00
-1.655677761695752981e-01
9.437832198359188407e-01
3.281905686420805157e-01
9.439637759469654554e-03
1.000000000000000000e+00
-7.330175551005435608e-02
1.587615697496338185e-01
1.000000000000000000e+00
3.322719019408063579e-01
-9.596480903213487901e-01
1.000000000000000000e+00
-1.000000000000000000e+00
-1.000000000000000000e+00
-1.000000000000000000e+00
2.913651770773760807e-01
1.000000000000000000e+00
1.000000000000000000e+00
-8.657227703779135641e-02
1.000000000000000000e+00
1.000000000000000000e+00
-1.000000000000000000e+00
-1.000000000000000000e+00
-1.000000000000000000e+00
1.000000000000000000e+00
7.196138214155736734e-02
8.222751921993072255e-01
-1.000000000000000000e+00
-6.417847387243272306e-02
1.000000000000000000e+00
1.178548134812398285e-01
1.000000000000000000e+00
-1.000000000000000000e+00
5.469996901752298690e-01
1.000000000000000000e+00
-1.000000000000000000e+00
-3.433728421156660993e-01
1.000000000000000000e+00
8.920429906101727813e-01
-1.000000000000000000e+00
-1.000000000000000000e+00
6.201478798377918489e-01
7.440147016814130376e-01
1.000000000000000000e+00
-1.000000000000000000e+00
9.032213263349032628e-01
5.790982546244471951e-01
-1.000000000000000000e+00
-1.000000000000000000e+00
1.000000000000000000e+00
-1.000000000000000000e+00
1.000000000000000000e+00
6.759816999403791549e-01
-1.000000000000000000e+00
-1.000000000000000000e+00
5.528862881199805290e-01
1.000000000000000000e+00
6.748181180510204324e-01
2.990196866240176776e-01
1.000000000000000000e+00
-2.680368704801172619e-02
-3.718027801125134979e-01
9.641582175073363237e-01
-1.000000000000000000e+00
1.000000000000000000e+00
-3.890659665981253679e-01
1.697652937821991226e-01
-1.000000000000000000e+00
-1.000000000000000000e+00
1.000000000000000000e+00
-1.000000000000000000e+00
-1.000000000000000000e+00
-1.000000000000000000e+00
1.273628400995068244e-01
4.900017686170315967e-01
-6.626197355571494807e-01
-1.000000000000000000e+00
5.124174586371401663e-01
-1.000000000000000000e+00
1.000000000000000000e+00
1.000000000000000000e+00
1.000000000000000000e+00
-1.000000000000000000e+00
1.000000000000000000e+00
2.021477011596901630e-01
-2.294051635448863813e-01
2.232461151132251742e-01
-1.000000000000000000e+00
-1.000000000000000000e+00
5.233824357406504646e-01
-1.000000000000000000e+00
1.000000000000000000e+00
1.537420215328544337e-01
1.000000000000000000e+00
-3.789789127060938512e-02
-1.000000000000000000e+00
-8.601276189581390508e-01
-8.838416192633782309e-01
1.000000000000000000e+00
-1.000000000000000000e+00
-1.200766268079279664e-01
-1.000000000000000000e+00
1.000000000000000000e+00
-1.000000000000000000e+00
1.843657680063235382e-01
1.000000000000000000e+00
6.171628612995778695e-01
-7.575148655206429549e-01
-1.000000000000000000e+00
-1.269196446297692349e-01
-6.052150304988578311e-01
9.194414545832674257e-01
4.591544545457615367e-02
-1.000000000000000000e+00
-6.595747489932977103e-01
4.471736861775306160e-01
-6.675962717249239731e-02
-4.411557992884698187e-01
2.475834319212352197e-01
1.622881530257864746e-01
-1.031237807961599140e-02
-2.202113392272124770e-01
-3.076842582743843924e-01
4.295474138779020734e-02
-1.000000000000000000e+00
5.735102332637979083e-01
-8.299155928262524906e-02
-6.832736617620773778e-01
-1.000000000000000000e+00
1.000000000000000000e+00
1.000000000000000000e+00
-1.000000000000000000e+00
6.589449888523897236e-01
1.000000000000000000e+00
-2.477772147529604396e-01
5.541340571393225112e-01
-1.000000000000000000e+00
-6.059680731069194692e-02
-9.048301134642624532e-01
5.343361298858383401e-01
1.000000000000000000e+00
7.906482398709556714e-01
-1.000000000000000000e+00
2.208702890525020279e-01
-1.000000000000000000e+00
-3.487204074027272505e-01
-2.879637671554871048e-01
-7.363995630942777870e-01
-1.000000000000000000e+00
-1.000000000000000000e+00
6.191246748648340237e-01
1.000000000000000000e+00
1.000000000000000000e+00
6.586811015519278278e-01
-7.431054121126514644e-01
1.844245809100881761e-01
8.522246636482675441e-01
-1.000000000000000000e+00
8.648128764865170570e-02
-2.870812081678094652e-01
-1.000000000000000000e+00
4.300546107830096609e-01
-9.822364079519303459e-01
-6.158036660816446073e-01
-1.094416698260103349e-01
1.000000000000000000e+00
1.000000000000000000e+00
-1.000000000000000000e+00
-1.000000000000000000e+00
4.742337654315126327e-01
-5.570592127548680272e-01
5.253573022403641435e-01
-1.000000000000000000e+00
