2.515583961013413972e-01
1.000000000000000000e+00
-1.000000000000000000e+00
-6.245686219689703389e-01
-1.000000000000000000e+00
-1.000000000000000000e+00
7.576871730506590241e-01
-6.406408494898268025e-01
4.408513092060295513e-02
8.853678362602019902e-01
-1.000000000000000000e+00
3.705252250875158415e-01
1.000000000000000000e+00
-8.627001954180854026e-01
-2.731710303057026668e-01
-6.753824130086616417e-01
-1.000000000000000000e+00
-6.293340423226206903e-01
1.000000000000000000e+00
6.249102952191787352e-01
1.000000000000000000e+00
-1.000000000000000000e+00
3.286772813568588081e-01
-1.000000000000000000e+00
-7.313018835145251861e-01
1.000000000000000000e+00
4.463274550498273485e-01
1.000000000000000000e+00
-1.000000000000000000e+00
-1.000000000000000000e+00
-1.000000000000000000e+00
-6.493467305246458654e-02
1.770554547681203184e-01
-1.000000000000000000e+00
-7.229086765572828588e-01
-8.075612314392301982e-01
3.430409783013544378e-01
3.801655140742535299e-02
-1.000000000000000000e+00
1.945106490538122124e-01
1.000000000000000000e+00
1.682164848065554885e-01
5.736294503131769140e-01
-1.000000000000000000e+00
1.000000000000000000e+00
-1.000000000000000000e+00
-7.697915601418945375e-01
1.000000000000000000e+00
1.646097275429052598e-01
8.159768589438529673e-01
-2.440890946150433560e-01
1.000000000000000000e+00
-1.879506941689468302e-01
3.965701653159740547e-01
-6.339465069808192244e-01
-5.090194742219164015e-01
-1.000000000000000000e+00
1.052613494649299875e-01
-1.000000000000000000e+00
9.042546199671054330e-01
3.132311907900517389e-01
-1.000000000000000000e+00
-7.623308117310576559e-01
-1.000000000000000000e+00
7.641234909456624536e-01
2.210495942955736925e-01
9.356184568349943387e-01
-2.584425985927039093e-01
-1.000000000000000000e+00
1.000000000000000000e+00
4.715043112273105685e-01
1.556735701915423764e-01
6.739037242137451145e-01
1.000000000000000000e+00
1.000000000000000000e+00
1.743052553311951192e-01
-1.000000000000000000e+00
-1.000000000000000000e+00
4.573925306170517624e-01
3.062214088637151832e-01
1.000000000000000000e+00
9.409327315634778977e-01
6.329969200836877974e-01
-4.770398521857669438e-01
9.443784348398003292e-01
-4.217812627855626051e-01
-1.000000000000000000e+00
-7.193509157816135868e-01
7.340386780394070332e-01
1.000000000000000000e+00
3.294034032585275718e-01
-2.606565141372583216e-01
1.000000000000000000e+00
-1.000000000000000000e+00
2.164779182179703554e-01
-1.983410980341049346e-01
-7.084648660873988923e-01
-1.253029748835441382e-01
-1.000000000000000000e+00
-5.158643294347664554e-01
-3.839468952618932396e-01
-1.000000000000000000e+00
7.354300238134223733e-01
-2.769267888815527545e-01
1.000000000000000000e+00
7.610872407445135046e-01
3.196406940077768377e-01
8.557672161405802669e-01
-1.000000000000000000e+00
6.132169197127819160e-01
-9.865395488929551426e-01
5.772072041362849015e-01
1.000000000000000000e+00
-1.000000000000000000e+00
3.537771348923213210e-02
3.306032881294888037e-01
-1.314841655712477575e-01
9.803822423298199640e-01
-1.000000000000000000e+00
8.105175111233831053e-01
-2.469626450408275442e-01
-1.000000000000000000e+00
4.956489404547804734e-01
1.000000000000000000e+00
-5.137900568317381733e-01
4.684992039572144495e-01
3.496142458776899664e-01
-4.572080900072668097e-01
6.141844295531071474e-01
8.816440168048216286e-01
-1.000000000000000000e+00
7.883544798593048464e-01
-3.095740979557792816e-01
-1.000000000000000000e+00
-8.272121835416919033e-01
-1.232998751742653276e-01
9.638224178145258225e-01
-7.155591627393393939e-01
1.000000000000000000e+00
1.000000000000000000e+00
-2.999004113129016824e-01
-1.000000000000000000e+00
-1.000000000000000000e+00
1.000000000000000000e+00
1.000000000000000000e+00
-7.086293508217316184e-01
1.000000000000000000e+00
1.000000000000000000e+00
-1.000000000000000000e+00
-4.180947600283264620e-01
3.503514128659568350e-02
-1.000000000000000000e+00
4.784574084819912532e-01
6.219898874984743919e-01
1.000000000000000000e+00
-2.014461803639999715e-02
-1.174010582904611022e-01
-1.000000000000000000e+00
-4.560132344705380980e-02
3.065279097735837954e-01
1.000000000000000000e+00
6.928905300740448858e-01
-3.407814828894111803e-01
-7.753349348845599565e-01
5.069024405894035912e-01
5.589512634315232376e-01
1.000000000000000000e+00
-4.458137565404495239e-01
2.699498651985783315e-01
1.000000000000000000e+00
5.820321453087551333e-02
-1.000000000000000000e+00
1.000000000000000000e+00
5.814903650304346083e-01
-5.991007841961917268e-01
1.000000000000000000e+00
-1.656162690221207878e-01
5.427016293485498188e-01
5.586866577659865829e-01
-9.435243337146184128e-01
-1.405268792850117299e-02
-1.000000000000000000e+00
3.650038185812720659e-01
8.732968141799091200e-01
1.000000000000000000e+00
1.737388728396310755e-02
-2.315895640493434993e-01
-8.736165948261351843e-01
-1.836432962670442315e-02
-1.000000000000000000e+00
1.000000000000000000e+00
1.000000000000000000e+00
1.646309039567373234e-01
6.755924444289371777e-01
-8.668423453491620467e-01
-1.000000000000000000e+00
1.000000000000000000e+00
1.000000000000000000e+00
-1.000000000000000000e+00
1.657064054846828505e-01
-5.275425639061985805e-01
-1.144431824168625766e-01
-1.000000000000000000e+00
-1.000000000000000000e+00
-2.316262674736475069e-01
-2.864429786903506248e-01
1.000000000000000000e+00
5.766184601438040236e-01
9.715728122902235198e-01
-1.000000000000000000e+00
-3.913248579072668987e-01
3.479569456710750464e-01
-8.227153879386617241e-01
1.000000000000000000e+00
1.000000000000000000e+00
-9.212548350759210969e-01
9.071139475887790571e-01
1.000000000000000000e+00
-1.000000000000000000e+00
1.000000000000000000e+00
1.000000000000000000e+00
1.000000000000000000e+00
-1.295936950544976374e-01
-7.399029049642058542e-01
5.131647572888982101e-01
1.000000000000000000e+00
-3.567562089336167030e-01
-2.205859980951117016e-01
4.490209499369530732e-01
1.000000000000000000e+00
1.000000000000000000e+00
-9.030829722167565965e-02
-7.490587928182078636e-01
-3.225931966860144939e-01
1.000000000000000000e+00
1.000000000000000000e+00
-1.214263026871444939e-01
1.475212290428993267e-01
-5.762443477968903771e-01
-1.000000000000000000e+00
2.957528275580281196e-01
1.445816619555210791e-01
-1.000000000000000000e+00
4.283035767478832745e-01
-1.000000000000000000e+00
-1.830182207665842498e-03
9.376468495490983823e-01
-2.320907618842749098e-01
-8.478310802724784434e-01
8.436198997013708567e-01
-1.000000000000000000e+00
1.000000000000000000e+00
1.000000000000000000e+00
9.920703626130035202e-01
-7.962466458532890812e-02
1.000000000000000000e+00
-2.913659230803086198e-01
1.186839854045371734e-01
-8.688502960331925262e-01
-1.000000000000000000e+00
-8.461129069351306375e-01
-1.000000000000000000e+00
9.222652985404077297e-01
1.000000000000000000e+00
1.000000000000000000e+00
