-5.869855943642104945e-01
-1.000000000000000000e+00
-7.038726784795690250e-01
6.903194710597677641e-01
-1.000000000000000000e+00
-1.000000000000000000e+00
1.000000000000000000e+00
1.000000000000000000e+00
9.284447438088666571e-01
1.000000000000000000e+00
-1.000000000000000000e+00
-5.071578855672772557e-01
-1.000000000000000000e+00
1.000000000000000000e+00
1.119095645406844586e-01
1.000000000000000000e+00
-5.958880140977026452e-01
-1.000000000000000000e+00
9.258519066052550706e-01
-7.503660396412616951e-01
-1.000000000000000000e+00
1.000000000000000000e+00
-9.306870783684926263e-01
1.000000000000000000e+00
1.000000000000000000e+00
-1.000000000000000000e+00
-4.588815452377430493e-01
1.000000000000000000e+00
-7.514932911947049821e-01
1.000000000000000000e+00
-1.000000000000000000e+00
5.635483105499675682e-01
-1.000000000000000000e+00
2.329041486891417212e-01
-2.739049328149505413e-01
-2.476247310307687077e-01
-4.695311775233093066e-01
1.000000000000000000e+00
-8.794101183041700409e-01
1.000000000000000000e+00
-3.947298626332869098e-01
4.253329847935272134e-01
-8.102799987410944649e-01
-1.000000000000000000e+00
-1.000000000000000000e+00
-1.000000000000000000e+00
1.000000000000000000e+00
-1.000000000000000000e+00
1.000000000000000000e+00
-1.000000000000000000e+00
1.000000000000000000e+00
7.145393282937244628e-01
1.000000000000000000e+00
-1.000000000000000000e+00
-1.000000000000000000e+00
-1.000000000000000000e+00
-4.486638494156267032e-02
-1.604496090770706207e-01
-8.932078220947221592e-01
1.000000000000000000e+00
1.000000000000000000e+00
-2.872107630830345038e-01
1.000000000000000000e+00
-9.925486839978540088e-01
-1.000000000000000000e+00
1.000000000000000000e+00
-1.000000000000000000e+00
1.000000000000000000e+00
5.591131945684635340e-02
7.827393826837293345e-01
1.000000000000000000e+00
-4.302608786792261331e-02
-1.777819989525217803e-01
-1.000000000000000000e+00
-1.000000000000000000e+00
-1.039685292475261980e-02
2.456383083148862001e-01
-1.000000000000000000e+00
1.000000000000000000e+00
1.000000000000000000e+00
6.068609460821737800e-01
-1.462827662182747401e-02
-1.763917180639164028e-01
-1.000000000000000000e+00
6.094195750401292244e-01
1.000000000000000000e+00
-1.000000000000000000e+00
6.063504720934379533e-01
-1.000000000000000000e+00
-1.000000000000000000e+00
-1.000000000000000000e+00
2.172642377058511265e-01
-1.303098641328326313e-01
-1.000000000000000000e+00
-1.000000000000000000e+00
-5.832538753204000725e-01
1.000000000000000000e+00
1.000000000000000000e+00
-1.797269765056601631e-01
1.000000000000000000e+00
1.000000000000000000e+00
7.965367010212468513e-01
-8.394144887557029033e-01
-5.622201528022519046e-01
-1.000000000000000000e+00
3.004130031916800170e-01
8.537434679753318489e-01
6.697353216222134975e-02
-1.000000000000000000e+00
-1.000000000000000000e+00
-1.000000000000000000e+00
-1.000000000000000000e+00
-8.058358291273963747e-01
-1.000000000000000000e+00
1.000000000000000000e+00
-1.000000000000000000e+00
7.779280745802286123e-02
1.000000000000000000e+00
1.000000000000000000e+00
1.000000000000000000e+00
1.000000000000000000e+00
-3.639699172877624012e-01
-1.378452894762936531e-01
1.000000000000000000e+00
1.000000000000000000e+00
1.000000000000000000e+00
-1.000000000000000000e+00
7.881771867038015467e-01
-1.000000000000000000e+00
-1.000000000000000000e+00
4.496905000764150895e-01
-1.339882163417371874e-01
-1.000000000000000000e+00
4.149097394058831600e-02
-1.000000000000000000e+00
1.000000000000000000e+00
-6.166784520001451497e-01
-5.834195899955909592e-01
-1.000000000000000000e+00
-1.000000000000000000e+00
-1.000000000000000000e+00
-3.248221801003527975e-01
6.730256282392692579e-01
-1.000000000000000000e+00
8.936922555150488279e-01
5.498871117544770204e-01
2.588774028427981433e-01
1.000000000000000000e+00
-1.000000000000000000e+00
-1.000000000000000000e+00
-1.000000000000000000e+00
2.466841917706370513e-01
-1.000000000000000000e+00
1.000000000000000000e+00
4.233990685483326466e-01
-2.980816100767909038e-01
5.834552449376300132e-01
1.000000000000000000e+00
1.000000000000000000e+00
-1.000000000000000000e+00
1.000000000000000000e+00
2.856288803173751556e-01
-1.000000000000000000e+00
-1.000000000000000000e+00
-1.000000000000000000e+00
1.000000000000000000e+00
1.000000000000000000e+00
7.085615165009284677e-02
-7.950301743961529777e-01
3.145025542482526304e-01
3.158954834705250403e-01
-1.000000000000000000e+00
-6.159818723901375748e-01
-7.970769074346057970e-01
-1.000000000000000000e+00
-1.000000000000000000e+00
-1.000000000000000000e+00
3.234331064030469549e-01
1.000000000000000000e+00
1.000000000000000000e+00
1.000000000000000000e+00
1.000000000000000000e+00
-1.000000000000000000e+00
1.000000000000000000e+00
-4.969567127565195364e-01
1.000000000000000000e+00
-1.000000000000000000e+00
-2.946912308343783149e-01
1.000000000000000000e+00
-1.000000000000000000e+00
4.523411876389749064e-01
-4.856299830217309932e-01
1.000000000000000000e+00
1.000000000000000000e+00
9.407744051411837116e-01
-1.379615262467207004e-01
1.000000000000000000e+00
-1.000000000000000000e+00
1.912191414478895957e-01
-1.000000000000000000e+00
1.000000000000000000e+00
-1.000000000000000000e+00
7.509517242860890285e-01
1.000000000000000000e+00
-4.176663263138487570e-01
-1.000000000000000000e+00
-1.000000000000000000e+00
3.900415518392613690e-01
-1.000000000000000000e+00
6.098501213891576178e-01
-1.000000000000000000e+00
-1.261822247629575955e-01
7.760174987468342334e-01
9.029266964292503861e-01
-5.681473232105282989e-01
-1.000000000000000000e+00
-8.899434519391327125e-01
-1.000000000000000000e+00
-7.810526392651061522e-01
6.489661035178664328e-01
-1.523285699635327228e-01
-1.000000000000000000e+00
1.000000000000000000e+00
-1.000000000000000000e+00
-1.000000000000000000e+00
-1.000000000000000000e+00
1.000000000000000000e+00
-5.021949246653669707e-01
1.000000000000000000e+00
1.000000000000000000e+00
-1.000000000000000000e+00
-1.000000000000000000e+00
3.486122923545581509e-02
1.000000000000000000e+00
5.695308975178510202e-01
1.000000000000000000e+00
1.000000000000000000e+00
-1.000000000000000000e+00
-1.611794983655088220e-01
1.000000000000000000e+00
1.000000000000000000e+00
1.000000000000000000e+00
-1.000000000000000000e+00
1.000000000000000000e+00
-2.206589042655720534e-01
2.163269959776097373e-01
-6.004870461776569135e-01
-8.340498468230339579e-02
1.000000000000000000e+00
-1.000000000000000000e+00
4.012551506984216587e-01
1.000000000000000000e+00
1.000000000000000000e+00
-3.299223531240222940e-01
-1.000000000000000000e+00
1.000000000000000000e+00
-2.317649282581910053e-01
1.008765946200653740e-01
5.917920829395557636e-01
1.000000000000000000e+00
5.846455678671579337e-01
2.856128997958973237e-01
5.092714501252704196e-01
6.394017891070324922e-02
-5.078755224021829218e-01
