1.678293697037664955e-01
-1.899167019117922739e-01
4.557703384404476754e-02
5.655752571121857031e-01
-2.529163530814921845e-01
-7.529374160523309989e-01
-8.283927339617376262e-01
6.180059743834398489e-02
9.682917395849232056e-01
-1.000000000000000000e+00
2.671975933879053855e-01
6.594628018947720216e-01
1.274793097424620214e-03
-3.961067328787231112e-01
-1.000000000000000000e+00
1.000000000000000000e+00
1.288176992809819676e-01
7.461599795444129324e-02
-4.205996028012981558e-02
4.745874680876589480e-01
-3.420498585642699485e-01
-5.369888877109629810e-02
5.491923321474866393e-01
-6.696392386386755824e-01
-8.924331209508462592e-01
1.000000000000000000e+00
6.584599496953820186e-01
-1.000000000000000000e+00
-7.465358434727422665e-01
9.190315607723470448e-02
-7.934962540355428029e-02
9.022781612303170107e-01
-3.667284672097861353e-01
-1.000000000000000000e+00
1.000000000000000000e+00
8.573070406514604613e-02
8.616490431222172397e-01
4.775222873001289114e-01
1.000000000000000000e+00
-5.438532838920848711e-01
-6.146962929944170817e-01
-6.762040031059448619e-01
1.000000000000000000e+00
5.195809763950415272e-01
1.000000000000000000e+00
-2.684919737001068007e-01
-1.000000000000000000e+00
-1.000000000000000000e+00
-7.128451854304975743e-01
-1.000000000000000000e+00
1.567326041945146242e-01
1.000000000000000000e+00
1.000000000000000000e+00
3.767576305840687478e-01
2.217297423814208468e-01
1.000000000000000000e+00
-1.673337562217229735e-01
-1.142421158981590801e-01
1.000000000000000000e+00
-7.901723909951220426e-01
2.560770763295687757e-01
-1.000000000000000000e+00
-1.000000000000000000e+00
-3.144824117713218570e-02
2.788173290517015346e-01
8.962300312905306932e-01
-7.024425720361383574e-01
5.320442698699148210e-01
-1.000000000000000000e+00
2.794135600265598152e-01
1.306009411413957544e-01
7.940166308669621698e-01
-4.933607462362212814e-01
1.000000000000000000e+00
4.477458792280327171e-01
1.985409788452307533e-01
-1.000000000000000000e+00
1.000000000000000000e+00
3.878723393237981654e-02
-7.798076305200967173e-01
-9.520034535397745579e-01
-6.021005537526664675e-01
1.000000000000000000e+00
7.239271936088604864e-01
-1.000000000000000000e+00
-1.000000000000000000e+00
-1.000000000000000000e+00
1.000000000000000000e+00
4.394582068115152618e-01
-1.000000000000000000e+00
2.081154497744146514e-01
9.161907885013682584e-01
-1.000000000000000000e+00
1.964578716265312774e-01
-2.011765261679139272e-01
1.000000000000000000e+00
-1.000000000000000000e+00
1.000000000000000000e+00
8.891443940744085950e-01
1.000000000000000000e+00
3.578538861370020308e-01
6.184028107176230415e-01
7.994502645730632295e-01
1.000000000000000000e+00
1.000000000000000000e+00
-7.128353000820062402e-01
-4.243681091857220977e-01
-4.211882054153459620e-03
2.701338243129980388e-01
1.000000000000000000e+00
2.359309339912875059e-01
1.453919691536621484e-01
3.186216935858410260e-01
9.690779527056130327e-01
4.815362256520636652e-01
-9.936210000885592475e-01
5.556270604038302530e-01
-8.121011170658340994e-01
-1.000000000000000000e+00
-5.694390257592918392e-01
1.529733915372875064e-01
5.408974032856914693e-01
3.508727012696858383e-01
-1.000000000000000000e+00
7.089359251352623792e-01
-1.000000000000000000e+00
-9.158075665265967835e-01
-7.477539069555207973e-01
9.561619105596985690e-02
8.667086616419432676e-01
7.291557200663179028e-02
2.541203597881826481e-01
9.805581848495681374e-01
1.000000000000000000e+00
-2.302891488318251634e-01
4.253239003710352351e-01
3.424195007016097581e-01
1.000000000000000000e+00
-1.000000000000000000e+00
4.326260158166235215e-01
1.000000000000000000e+00
1.000000000000000000e+00
5.211759083472735643e-01
-4.128260610152644228e-01
7.122892418549275906e-02
1.000000000000000000e+00
6.177730284347531242e-01
-5.220776646344619243e-01
-1.000000000000000000e+00
4.402879955880429907e-01
-5.365350091132530252e-01
-1.000000000000000000e+00
6.648661564415161429e-01
5.174193620860427778e-01
7.621636448843904788e-01
6.804781462299960282e-01
-1.000000000000000000e+00
-1.000000000000000000e+00
-1.000000000000000000e+00
1.000000000000000000e+00
-9.280087447887241936e-01
1.857759400053393684e-01
-5.389489767448607527e-01
-6.948734828611535796e-01
1.000000000000000000e+00
-9.522023665710044327e-01
-3.912752099245015991e-01
7.423104285684336556e-01
9.129988876978480938e-01
1.000000000000000000e+00
-1.000000000000000000e+00
-1.886551510342614202e-01
-1.000000000000000000e+00
1.000000000000000000e+00
-1.000000000000000000e+00
-3.149799197005231921e-01
1.110628701274203323e-01
1.000000000000000000e+00
-1.000000000000000000e+00
4.004345737586303411e-01
1.000000000000000000e+00
-3.145730029547769702e-01
4.454276759674987152e-01
3.138374076935251944e-02
1.000000000000000000e+00
-1.000000000000000000e+00
-1.000000000000000000e+00
3.506062121848687596e-01
-6.658967711018370927e-03
-1.000000000000000000e+00
1.625987976949180847e-02
-1.000000000000000000e+00
-8.999675743313613197e-01
9.360709069850002839e-01
-5.509446120469938535e-01
3.690127792549796615e-01
-4.755652324632804184e-01
-1.273219193582816877e-02
-1.000000000000000000e+00
7.045807286293079841e-01
1.394910587918434253e-01
-3.201978571868769330e-01
4.394127963650761859e-01
-1.000000000000000000e+00
9.900939979998618634e-01
-1.346514470276065634e-01
1.000000000000000000e+00
-1.000000000000000000e+00
-3.353927343271723149e-02
1.595039472095078903e-01
-4.352382183362983881e-01
-5.179622303594921817e-01
1.631397457868331013e-01
5.270252708025668920e-01
1.000000000000000000e+00
-7.349927127416799877e-02
-1.000000000000000000e+00
-3.313180220660165709e-01
-1.000000000000000000e+00
-1.918052662612895753e-01
3.829672933139546265e-01
-1.000000000000000000e+00
-6.625126537611278899e-01
7.671941540678250959e-01
5.097447979972393739e-01
-6.351577812151443236e-01
9.923774613354714447e-01
1.000000000000000000e+00
1.390611142128017619e-02
-6.870795532267437444e-02
-1.000000000000000000e+00
5.348237146443759471e-01
1.000000000000000000e+00
-3.834058159893287687e-01
-1.848488119839553079e-02
-1.000000000000000000e+00
-4.602305930624728258e-01
4.580297089315465975e-01
9.489081086467832105e-01
-1.000000000000000000e+00
1.765422547868489289e-02
-3.851097021936205067e-01
1.000000000000000000e+00
7.466226968758465921e-01
-1.000000000000000000e+00
5.163260656572792318e-01
7.414411295936539359e-01
1.000000000000000000e+00
1.000000000000000000e+00
6.251561129211407053e-01
1.000000000000000000e+00
-6.343974887455883227e-01
-1.000000000000000000e+00
8.011754494914933300e-01
-2.438326870282354619e-01
-2.308832580705976190e-01
-9.846234691303743514e-01
1.000000000000000000e+00
-1.000000000000000000e+00
1.000000000000000000e+00
-5.110252540897773921e-01
-5.343320149557544418e-01
-9.472477140303607879e-01
3.757234006289769113e-01
4.109325314649379668e-01
