-1.000000000000000000e+00
-7.394818442252286683e-01
1.000000000000000000e+00
6.218699701667843582e-01
-1.000000000000000000e+00
-1.000000000000000000e+00
1.000000000000000000e+00
-1.000000000000000000e+00
1.000000000000000000e+00
1.000000000000000000e+00
-1.000000000000000000e+00
1.000000000000000000e+00
1.000000000000000000e+00
1.000000000000000000e+00
-1.000000000000000000e+00
1.000000000000000000e+00
1.000000000000000000e+00
1.000000000000000000e+00
-1.000000000000000000e+00
1.000000000000000000e+00
1.000000000000000000e+00
-1.000000000000000000e+00
4.353753241271834939e-01
-2.374868178715210387e-01
-1.000000000000000000e+00
-1.000000000000000000e+00
1.000000000000000000e+00
-1.000000000000000000e+00
8.737763680556913659e-01
-5.649038738898136680e-01
1.000000000000000000e+00
-1.000000000000000000e+00
9.798052885300052584e-01
-1.000000000000000000e+00
5.411227122226012209e-01
-3.399172231630043228e-01
-1.000000000000000000e+00
1.000000000000000000e+00
1.000000000000000000e+00
1.000000000000000000e+00
-5.365200701898025226e-01
-1.000000000000000000e+00
6.271171621878567359e-01
1.000000000000000000e+00
-3.077489093881946580e-01
-7.333016608217708399e-01
-1.000000000000000000e+00
-7.838113648835159930e-01
-1.000000000000000000e+00
5.319784100647213521e-01
-1.582773067934488131e-01
2.955061176257542943e-01
2.908049628838526024e-01
1.000000000000000000e+00
-2.535116164650024206e-01
-2.076150862337221015e-01
2.290396958134983674e-01
1.000000000000000000e+00
-1.000000000000000000e+00
-1.000000000000000000e+00
-1.000000000000000000e+00
6.757937365775079641e-01
1.000000000000000000e+00
1.000000000000000000e+00
3.915792531792354758e-01
1.000000000000000000e+00
1.000000000000000000e+00
9.589666907127646356e-01
1.000000000000000000e+00
-5.618022504685900032e-01
1.000000000000000000e+00
-8.396356190610347880e-01
-9.771105347772290894e-02
-7.744524191159943838e-01
1.000000000000000000e+00
2.830070879822309537e-01
1.000000000000000000e+00
6.701776945882964576e-01
1.000000000000000000e+00
-1.000000000000000000e+00
-1.199611906012383322e-01
-1.000000000000000000e+00
-1.000000000000000000e+00
-3.510158282820547981e-01
-7.098371997755081875e-02
-5.522934013834455147e-01
5.000603753099176485e-01
-7.493719899021689113e-01
-4.899572300410006687e-01
1.000000000000000000e+00
-8.920721614642166397e-01
-1.000000000000000000e+00
-1.000000000000000000e+00
4.966436340860720389e-01
-1.000000000000000000e+00
-1.000000000000000000e+00
-1.000000000000000000e+00
1.000000000000000000e+00
-1.000000000000000000e+00
1.634426109773384761e-02
1.000000000000000000e+00
-1.000000000000000000e+00
3.110508972162594199e-02
1.000000000000000000e+00
1.000000000000000000e+00
1.000000000000000000e+00
9.885806942873724967e-01
-4.326156295186649459e-01
1.000000000000000000e+00
6.047077147760706595e-01
-9.639266167605207158e-01
1.000000000000000000e+00
1.000000000000000000e+00
-1.000000000000000000e+00
-1.000000000000000000e+00
-7.431222090846503203e-01
-1.000000000000000000e+00
8.095732359768251230e-02
4.622205543808041162e-01
-9.184126277271809080e-01
-6.530447466582730565e-01
1.859458641012176616e-01
-1.000000000000000000e+00
1.000000000000000000e+00
-8.936606088529930325e-01
1.000000000000000000e+00
-1.000000000000000000e+00
-4.242981451100673596e-01
1.000000000000000000e+00
1.000000000000000000e+00
1.000000000000000000e+00
1.000000000000000000e+00
1.000000000000000000e+00
-1.000000000000000000e+00
-1.000000000000000000e+00
-9.265070311087475474e-02
-7.242367247249421602e-01
-1.000000000000000000e+00
7.452690774108922112e-01
8.192300312880812507e-01
4.517012621341989775e-01
-1.189972942860384464e-01
-1.000000000000000000e+00
-1.000000000000000000e+00
1.000000000000000000e+00
1.000000000000000000e+00
4.490414504132065471e-02
-1.000000000000000000e+00
7.947116708647301575e-01
1.000000000000000000e+00
-1.000000000000000000e+00
1.000000000000000000e+00
-1.000000000000000000e+00
1.000000000000000000e+00
-5.871156460814486167e-03
-1.000000000000000000e+00
-1.000000000000000000e+00
5.398639094490104151e-01
1.000000000000000000e+00
1.000000000000000000e+00
-7.458063247332733514e-01
-1.000000000000000000e+00
-1.000000000000000000e+00
6.430476855570833594e-01
-1.000000000000000000e+00
-1.476043251815850610e-01
-1.000000000000000000e+00
-1.000000000000000000e+00
8.999777754353077697e-01
-1.000000000000000000e+00
1.000000000000000000e+00
1.000000000000000000e+00
1.000000000000000000e+00
-1.000000000000000000e+00
1.724740057297258211e-01
1.000000000000000000e+00
-3.175343461455752414e-01
1.000000000000000000e+00
1.000000000000000000e+00
-1.000000000000000000e+00
-1.000000000000000000e+00
1.000000000000000000e+00
-1.000000000000000000e+00
1.000000000000000000e+00
-1.000000000000000000e+00
-1.000000000000000000e+00
1.000000000000000000e+00
-6.446939029991103354e-01
-1.000000000000000000e+00
-1.000000000000000000e+00
-1.000000000000000000e+00
4.272335665092628076e-01
-1.000000000000000000e+00
-5.057272242706492005e-01
1.000000000000000000e+00
-9.759001012723222956e-01
8.744048107479083232e-01
-1.000000000000000000e+00
1.000000000000000000e+00
1.000000000000000000e+00
-1.401289057391391091e-01
-1.000000000000000000e+00
-1.000000000000000000e+00
-1.000000000000000000e+00
-1.000000000000000000e+00
-8.551092997755125324e-01
-1.000000000000000000e+00
-1.000000000000000000e+00
1.000000000000000000e+00
-1.000000000000000000e+00
-1.000000000000000000e+00
2.237217803311850606e-01
1.461660775709980320e-01
1.000000000000000000e+00
1.000000000000000000e+00
-4.923383411048417035e-01
-1.000000000000000000e+00
-3.574569579860398250e-01
1.000000000000000000e+00
3.460027520888507846e-01
-1.000000000000000000e+00
-1.000000000000000000e+00
-9.545730555162096342e-01
-1.000000000000000000e+00
-1.000000000000000000e+00
1.000000000000000000e+00
1.000000000000000000e+00
1.000000000000000000e+00
-8.803427583428411474e-01
-2.270165521593610070e-01
1.000000000000000000e+00
-1.000000000000000000e+00
-1.000000000000000000e+00
-3.916439637910892335e-01
-4.941416498370004851e-01
-1.000000000000000000e+00
1.000000000000000000e+00
-1.000000000000000000e+00
-1.000000000000000000e+00
5.149065450304527447e-01
-3.740375580621666529e-01
1.000000000000000000e+00
1.000000000000000000e+00
-1.000000000000000000e+00
1.000000000000000000e+00
-1.000000000000000000e+00
-1.000000000000000000e+00
-8.925357659802166665e-01
1.000000000000000000e+00
3.295788629331655728e-02
-1.000000000000000000e+00
-6.705520033548616476e-01
-1.000000000000000000e+00
-1.000000000000000000e+00
1.000000000000000000e+00
-1.000000000000000000e+00
1.000000000000000000e+00
1.000000000000000000e+00
6.526404697343868300e-01
-1.000000000000000000e+00
-1.000000000000000000e+00
-5.986534394566966899e-01
-3.139753443580874936e-01
1.000000000000000000e+00
-1.000000000000000000e+00
