-2.494844645270379857e-01
-7.808451115871122283e-01
9.338878587263685915e-01
4.599761516233169534e-01
-2.204262064390825060e-01
8.854957020677756141e-02
4.483577640933213981e-01
6.719979741657327033e-01
4.726521061285928749e-01
-5.259728676147765736e-01
2.718012528828332997e-01
-6.946249159042627852e-02
6.891714898181637849e-01
-8.975372144676594388e-01
-8.144702837989270527e-01
7.244191073283028359e-01
-2.264455055655651972e-01
-4.636830162542759926e-01
-5.729732566625722612e-01
6.687534343999290698e-02
-3.997730717640224363e-01
-1.207576655182607261e-02
-5.320153404861787116e-01
1.879351895525074312e-01
6.654330147906393211e-01
-6.555609768724226516e-01
-3.925605267604910242e-01
-8.493945370888946744e-01
6.498302387089978094e-01
-1.396199766368073636e-01
-5.958614645723212533e-01
-5.317473782298505203e-01
-8.671178160971544369e-01
6.473798637930241462e-01
4.798223047185170564e-01
9.374532707881955140e-02
-8.048228926898390867e-01
-5.673739797347849834e-01
-7.755599010225631140e-01
-5.034161923819100437e-01
-9.801081330302743311e-01
-9.544975360847174350e-01
5.609348259768871525e-01
-7.571378064048253087e-01
7.989334015730893412e-01
-2.399522759210659384e-01
-7.986750255444681201e-01
-5.486604118512610206e-01
4.992035155420535553e-01
5.723082575965914298e-01
2.551624753515675526e-01
8.145979461448225045e-01
7.871905048043936759e-01
6.312235383516116016e-01
9.082939013185815647e-01
2.345105104801763485e-01
-7.580974045233261904e-01
-2.965247284912453374e-02
1.975642808250492877e-01
-9.072579409067609291e-01
-7.667173881974613803e-01
1.483849999696877919e-01
-1.314162566413084043e-01
1.002404391055358168e-01
1.161245782023583306e-01
-6.315217745625085755e-01
8.307814691427053422e-01
-8.931115072204043326e-01
9.343005346899642127e-01
4.618074877976612314e-01
3.651938921394748405e-02
-5.509319659850311357e-01
-4.955387542368001608e-01
-8.867308013896069152e-01
-9.249986546892992045e-01
2.916144621084897359e-01
-1.877966779811444109e-01
5.014213360219301752e-01
8.459715242323619933e-01
-5.188857136356128663e-02
8.815569556915097138e-01
-8.370037043321285619e-01
7.148218391789100679e-01
-1.808193611363484443e-02
-2.372408228244005102e-02
2.831355818144303260e-01
2.869490971494415010e-01
6.341315872214161597e-01
9.902609501807080328e-01
-3.195602654339007032e-01
-9.123887078345793711e-02
-5.629137495574840777e-01
-8.307462374802798699e-02
2.337018011427474118e-01
-2.549554423362070388e-01
-6.233383058514416764e-01
-3.626063985561034375e-01
6.541103559834566816e-01
-8.106037464430901895e-01
-4.380537064124767621e-01
-6.980073041573333636e-01
-5.071944729878397062e-01
4.737082685370985757e-03
5.591143217198093485e-01
-2.506493061619299301e-01
-6.071583361509795829e-01
-2.736463656588461468e-01
6.314203695311872977e-01
1.863713710715009242e-01
7.590634382147642967e-02
-4.471830918555264045e-01
2.043331286771632449e-01
9.910763020873887275e-01
-4.616483913515958548e-01
6.536602093612651210e-01
7.460286540049134718e-01
4.780056761447946112e-01
-8.803804992803252460e-01
8.637725978116741476e-01
-7.237662897151213581e-01
4.548236735322384039e-01
4.539455894300905570e-01
1.209838533029266028e-01
-9.939432898393181226e-01
9.429369944883461141e-01
5.377705092949922605e-01
-1.311160191045428469e-01
-3.873040305601129774e-01
-4.179871321887440594e-01
9.970230873076055822e-01
-8.860993379133221826e-01
-9.734746107301606166e-01
-9.415214883119524814e-01
-3.412724140440341891e-01
1.407947039524848343e-01
-2.131979338377527622e-01
1.104370077094278813e-01
2.000585993101333671e-02
4.074678778948042090e-01
-1.157953252419694490e-01
-2.587388159984795877e-01
7.547156887988895058e-01
-9.354561657500366501e-01
4.316188294400609138e-01
2.947665430756349902e-01
9.447135992983153319e-01
-6.755193305740865295e-01
3.382898163394387758e-02
6.090313971424523576e-01
-2.104642144388793046e-01
-1.154312211043495573e-02
2.972467169539287912e-01
-5.934928687324556584e-01
-9.109790485830500106e-01
8.281792386124278149e-01
-1.438174370610747488e-01
-1.231721022825824630e-01
-1.351212972013298153e-01
9.766653470466368780e-02
5.323716883470552830e-01
5.767284644922312520e-01
2.583650763198566125e-01
6.173960808589813443e-01
7.937165525127451993e-01
5.183795677750746567e-01
-6.778444005705233089e-01
4.381774695726865509e-01
6.274795721164079243e-01
8.511369415385838799e-02
7.623081008910737033e-02
9.763008270401438704e-01
8.532653586204514973e-01
4.128568462757684632e-01
3.107399887717694487e-01
-5.131657418640991342e-01
6.967473782954836103e-01
4.240509112174053463e-01
-3.757213711072429074e-01
4.288876050169132537e-01
-2.092709698306161048e-01
-7.260075816804389959e-02
-6.164562516170770667e-01
8.124982690353457215e-01
4.284488313782279789e-01
7.194016217894860787e-01
-5.197207821186011767e-01
3.493256875510388770e-01
5.798290383418924776e-02
-1.331044717161129487e-01
3.253057395599132651e-01
4.191520736872809128e-01
6.365694798908245744e-01
1.847671843035096906e-01
6.516930374567180273e-01
5.522257825978629242e-01
-7.353819711963558436e-01
2.236511246432362210e-01
5.137294090696824522e-01
4.914457763404136426e-01
-5.331454601447389585e-01
-3.242701957513374200e-01
7.183556830561026452e-01
2.593544639839135968e-01
-8.179537525938860298e-01
-6.671957538620532091e-02
-8.639856356755850619e-01
6.700542263899866846e-01
1.733205035161438090e-01
7.841677367318564684e-01
-9.340075729197594434e-01
6.899466926046908810e-01
7.390860605243247949e-01
3.375567775080334787e-01
9.289521731838894514e-01
-9.167700182800522235e-01
3.235351758503119957e-01
-5.938425744294826281e-01
3.671074642253009390e-01
6.517678774187651847e-01
9.027929504133092031e-01
-1.316724941382898528e-01
-8.743072511971448080e-01
6.237465610658077253e-01
8.908048318094496931e-01
-4.820612723397923460e-01
-4.622202079055364177e-01
-7.569600420261450857e-01
-7.310446292649732669e-01
8.007211071207820385e-01
-5.881919416816010493e-01
-7.565632516271385555e-01
-6.178728930551136145e-02
3.299642198348307076e-02
6.043505584502331107e-01
-9.437619620953374699e-02
-5.921752025158786292e-01
-6.115072422534886254e-01
-7.613195352534085636e-01
-7.313741335638974661e-01
2.224861773289465994e-01
-2.425798240964693875e-01
-9.463507349500488441e-01
8.911731347915592405e-01
7.833707180619486898e-02
8.210202261248118472e-01
-4.184102820534461031e-01
2.499613269008080785e-01
-8.287338891113629202e-01
-3.041937966300454210e-01
2.673464219069332515e-02
3.547950542262725548e-01
9.148260168609976262e-01
1.396142637248767304e-01
3.376495631339651027e-01
1.876975501023783188e-01
4.217505373519891965e-01
-1.931792389037338964e-01
-9.991433113459571302e-01
8.076681481232308446e-01
3.348562868355184907e-01
-7.400264790644057733e-01
-6.657191122498555824e-01
1.437525860424551105e-01
-4.477597815009377591e-01
-4.299890116499802684e-01
