-1.000000000000000000e+00
6.608145718274102132e-01
-4.124655327124271409e-02
-6.749741893383687241e-01
7.718993067500721228e-01
-1.000000000000000000e+00
-1.000000000000000000e+00
5.642484383584827068e-01
-1.634013036673209740e-01
-1.000000000000000000e+00
-1.637213851752695737e-01
1.000000000000000000e+00
-5.433968393961756682e-01
-8.191551795790298351e-01
-4.873135175970921829e-02
1.738105420361260034e-01
-1.000000000000000000e+00
4.250649892640798733e-01
-1.000000000000000000e+00
-1.000000000000000000e+00
1.542936390658744550e-01
4.862684795580641262e-01
-5.779120874404616304e-01
-1.961298591188862517e-01
1.528027834240162641e-01
1.000000000000000000e+00
-8.350919182915248484e-01
-1.976583386629956474e-01
1.000000000000000000e+00
2.026354527678555506e-01
-1.000000000000000000e+00
1.000000000000000000e+00
-1.000000000000000000e+00
8.967629062859497902e-01
-4.466002509184219260e-01
1.000000000000000000e+00
8.392932445381450224e-01
-1.072291752242927609e-01
9.556675284706381834e-01
-1.000000000000000000e+00
1.000000000000000000e+00
1.000000000000000000e+00
7.040895457933300516e-01
2.646147967346158536e-01
-1.000000000000000000e+00
6.182553528459305836e-01
7.781243317118671232e-01
9.728990801322840998e-01
-9.495156092284258165e-01
5.181234357089964382e-01
-7.747195078433449789e-01
-1.000000000000000000e+00
-1.000000000000000000e+00
-1.000000000000000000e+00
7.112835131650261378e-01
-1.520787929018184714e-01
1.000000000000000000e+00
3.041524524052996448e-01
-1.000000000000000000e+00
-1.000000000000000000e+00
-8.602983856070343105e-01
-1.406455000275956824e-01
1.000000000000000000e+00
1.000000000000000000e+00
-2.922790218343982449e-01
1.000000000000000000e+00
-4.519466928408447104e-01
-1.000000000000000000e+00
-5.362436548770799227e-02
-5.786110332641525300e-01
-1.251468493575605134e-01
1.000000000000000000e+00
3.511638779642989316e-01
-6.588471003740947740e-01
-1.000000000000000000e+00
1.000000000000000000e+00
-3.070767633656662499e-01
-4.900191366893330014e-01
1.000000000000000000e+00
7.137720699618774756e-01
1.000000000000000000e+00
-1.000000000000000000e+00
5.279041127467600791e-01
7.481815138894439832e-01
1.310320555681350196e-01
6.784081109050666969e-01
1.000000000000000000e+00
-3.271836030151284991e-01
-1.000000000000000000e+00
-5.441260337353630572e-01
1.000000000000000000e+00
-1.000000000000000000e+00
5.890660722295699703e-01
1.000000000000000000e+00
-1.000000000000000000e+00
-1.000000000000000000e+00
1.000000000000000000e+00
-6.481033787184515838e-01
1.000000000000000000e+00
5.379444785919282879e-01
3.711016048680166879e-01
1.000000000000000000e+00
-5.372579813731070963e-05
-2.700732377587698463e-01
1.000000000000000000e+00
8.648558585340500038e-01
-1.000000000000000000e+00
6.249926990244909497e-01
-1.000000000000000000e+00
1.690669557019076619e-01
4.475708509179918138e-02
-1.000000000000000000e+00
1.000000000000000000e+00
-1.000000000000000000e+00
1.000000000000000000e+00
2.308071160555269508e-01
4.454164075293982616e-01
-4.409655584199854150e-01
-8.259590919681958354e-02
6.494686936748796935e-01
-1.354766882279201390e-02
1.000000000000000000e+00
-1.000000000000000000e+00
1.000000000000000000e+00
1.000000000000000000e+00
1.000000000000000000e+00
-1.000000000000000000e+00
-1.000000000000000000e+00
8.369920422345790145e-01
-1.000000000000000000e+00
1.000000000000000000e+00
-1.000000000000000000e+00
3.054596515508234411e-01
-1.000000000000000000e+00
9.477270351087371258e-01
1.783258697690929262e-01
-8.881185405635322327e-01
-9.199981824515915951e-01
1.498356063545511208e-01
-4.619551700472803724e-01
5.324465960592372760e-01
1.000000000000000000e+00
-3.002966607115450381e-01
-6.625231766673016498e-01
-1.454419137751092883e-01
-4.088709928685930750e-01
1.000000000000000000e+00
-1.000000000000000000e+00
1.000000000000000000e+00
-1.000000000000000000e+00
4.641634827590424561e-01
-9.353282849461089232e-02
4.061342381265043433e-01
7.627826822650420890e-01
-4.794768158342853637e-01
-9.402270307848672459e-01
3.313519119816486502e-01
3.260557472083782660e-01
1.000000000000000000e+00
2.474898037883346280e-01
-1.000000000000000000e+00
-1.000000000000000000e+00
-9.334187113810097358e-01
-1.000000000000000000e+00
1.000000000000000000e+00
-1.000000000000000000e+00
1.000000000000000000e+00
7.599537323626096574e-01
1.000000000000000000e+00
1.000000000000000000e+00
2.516411690645822818e-01
5.731944060152563969e-01
5.652702005768550642e-01
-1.000000000000000000e+00
1.419977850738907144e-01
-2.821409487447682496e-01
1.000000000000000000e+00
-9.113874899008098662e-01
-1.000000000000000000e+00
-6.683588923989824959e-01
1.000000000000000000e+00
1.000000000000000000e+00
1.000000000000000000e+00
-1.000000000000000000e+00
1.000000000000000000e+00
-1.000000000000000000e+00
1.000000000000000000e+00
-1.000000000000000000e+00
1.000000000000000000e+00
-1.000000000000000000e+00
-9.939108661882888329e-01
1.000000000000000000e+00
3.388211664431451942e-01
3.397860589105891060e-01
3.066257292730499850e-01
6.812242763715927740e-01
2.557010847369585171e-01
-9.966708891252595848e-01
-7.861407398916441247e-01
-1.000000000000000000e+00
-1.247201460900681791e-01
-3.241238560356682341e-01
1.000000000000000000e+00
-1.000000000000000000e+00
6.512212788990304757e-01
2.470730334946756312e-01
3.991753983669582562e-01
-5.135960369233436573e-01
-5.094944325526015172e-01
-3.021530429682012242e-01
-1.000000000000000000e+00
-7.530264634183859718e-01
-9.689904871496999306e-01
1.000000000000000000e+00
-1.000000000000000000e+00
-1.000000000000000000e+00
1.000000000000000000e+00
-1.000000000000000000e+00
1.000000000000000000e+00
6.288615430333500678e-01
-1.000000000000000000e+00
1.000000000000000000e+00
1.000000000000000000e+00
1.000000000000000000e+00
-7.843104032302721240e-01
-1.773814717463820800e-01
5.213562270784632968e-02
1.000000000000000000e+00
-1.714572423562914505e-01
6.918075438033393088e-01
1.000000000000000000e+00
1.000000000000000000e+00
-8.024997514543842358e-01
-1.000000000000000000e+00
1.000000000000000000e+00
-9.331233541970906931e-01
9.276524531044018085e-01
5.877819408983055993e-01
-1.000000000000000000e+00
3.457794049377582724e-01
-8.880961100981674683e-01
-7.114905856480958635e-01
3.830956780789274152e-01
7.082356011252002315e-01
4.964394026321479192e-01
-8.412860388730765138e-01
-6.991808625384969833e-01
-1.000000000000000000e+00
2.017813898910382209e-01
9.845869240553106749e-01
1.000000000000000000e+00
1.000000000000000000e+00
-4.537708032627802979e-01
-1.000000000000000000e+00
-1.000000000000000000e+00
-4.456073240866733620e-01
-1.000000000000000000e+00
2.119641807919994125e-01
-3.903349252003862624e-01
1.000000000000000000e+00
-1.000000000000000000e+00
-4.413673004440986092e-01
1.000000000000000000e+00
1.000000000000000000e+00
-1.000000000000000000e+00
