8.838438773289714057e-02
6.724799187522316757e-01
1.000000000000000000e+00
1.301326664993998072e-01
9.763937640235271775e-01
3.254443667758321057e-01
-8.638483595740893417e-01
-7.789865251355058140e-01
-1.000000000000000000e+00
-5.191942698910305687e-01
-4.253858540817068157e-01
2.519309258372071647e-01
1.000000000000000000e+00
-7.063237468667684649e-01
-6.223824803929889349e-02
7.993687330575189876e-01
-1.156108742913963816e-01
-9.669860501491405191e-01
-1.000000000000000000e+00
-4.508331077501843698e-01
-1.611851321700756567e-01
1.853234770308448409e-01
-2.130582467579133499e-01
3.952098421892659141e-01
6.252407516052496672e-02
-2.850487243840500451e-01
-5.415405858065520661e-01
-1.000000000000000000e+00
-4.204350274480354033e-01
1.000000000000000000e+00
-1.000000000000000000e+00
-5.796251748944425408e-01
1.000000000000000000e+00
-7.078371289976919112e-01
-2.582478390626139486e-01
-9.345587445962022510e-01
1.000000000000000000e+00
-1.000000000000000000e+00
7.725178686519564852e-01
-8.487391582290619851e-01
3.523308137038508869e-01
-1.000000000000000000e+00
2.312142341661813649e-01
1.000000000000000000e+00
-1.000000000000000000e+00
-1.000000000000000000e+00
3.970965006632111716e-01
-8.890760947379071633e-01
-3.434580112339449265e-01
4.350200988945334135e-01
-8.518003224259440564e-02
1.377222820098302769e-01
-3.354455324162556318e-01
1.000000000000000000e+00
-5.331185995905343145e-01
-3.720241536220636469e-01
4.017153329790051908e-01
1.000000000000000000e+00
-1.000000000000000000e+00
-1.000000000000000000e+00
3.284782600893940141e-01
-1.000000000000000000e+00
-1.000000000000000000e+00
5.385944758416866263e-02
-2.699257445580822701e-01
1.000000000000000000e+00
-1.000000000000000000e+00
-1.000000000000000000e+00
-1.195027993749419593e-01
1.000000000000000000e+00
6.005414664916608469e-01
8.159858837639309970e-01
-4.173170784560477076e-01
1.000000000000000000e+00
-1.000000000000000000e+00
4.170539901142378270e-01
-1.358250885540606689e-01
1.000000000000000000e+00
1.000000000000000000e+00
1.000000000000000000e+00
2.799940920128323185e-01
-4.267405360597498198e-01
1.000000000000000000e+00
-1.374876779802201021e-01
-6.929697217860131264e-02
1.000000000000000000e+00
-1.000000000000000000e+00
3.699947209367920875e-02
-3.769573870597708320e-01
1.000000000000000000e+00
-4.337682963496087840e-01
-3.501082894202196538e-01
1.000000000000000000e+00
6.224766843352603773e-01
-9.937505531836769990e-01
1.860627402268024699e-01
1.000000000000000000e+00
3.070656950924118833e-01
6.255205069554141684e-01
-5.718424340027961073e-01
1.000000000000000000e+00
6.509789880048100219e-02
1.000000000000000000e+00
1.000000000000000000e+00
-1.000000000000000000e+00
-1.000000000000000000e+00
-9.825707352811857698e-02
-8.419771182851522040e-01
-1.000000000000000000e+00
1.000000000000000000e+00
8.602771897204621876e-01
-5.176344928540099755e-01
4.001593395607204728e-01
-6.619861881951625282e-01
1.184961124017400724e-01
1.000000000000000000e+00
1.000000000000000000e+00
1.000000000000000000e+00
-1.000000000000000000e+00
-1.103843373771934422e-01
-4.206756220784162448e-01
1.000000000000000000e+00
-3.882409684418690610e-01
-6.486703241916780271e-02
7.942298467586305089e-01
-1.000000000000000000e+00
-1.180123530548741473e-01
-1.000000000000000000e+00
-4.772992463476805058e-01
6.927545292466332771e-01
-9.864237497208917516e-01
-1.000000000000000000e+00
-1.000000000000000000e+00
1.000000000000000000e+00
-3.616130194103677198e-01
-1.000000000000000000e+00
-2.786831970369536005e-01
-1.000000000000000000e+00
1.000000000000000000e+00
-1.687725777409971317e-01
2.918916232356032481e-01
-9.524287727100019252e-01
-1.000000000000000000e+00
-1.000000000000000000e+00
-1.217805429620077984e-01
7.923163831447748162e-01
9.526701016113745535e-01
-7.347570894405496267e-01
2.025088898562257544e-01
1.000000000000000000e+00
9.491966161773052191e-01
-9.989288315343898272e-01
9.715653799831975856e-01
-1.000000000000000000e+00
-1.000000000000000000e+00
1.000000000000000000e+00
8.696483781259807255e-01
2.189144366174367029e-02
1.470348502178079608e-01
7.913344351275636290e-01
1.000000000000000000e+00
-1.000000000000000000e+00
3.661473637297787409e-01
-1.000000000000000000e+00
1.000000000000000000e+00
-1.000000000000000000e+00
-1.000000000000000000e+00
-1.039650783336695250e-01
3.679803507343490931e-01
-1.000000000000000000e+00
1.000000000000000000e+00
-1.000000000000000000e+00
4.305134219230037917e-01
2.502969162390871749e-01
-1.000000000000000000e+00
-3.872982636616602026e-01
-1.000000000000000000e+00
-7.057384851730403863e-01
-1.998915056538739243e-01
3.620412635565375403e-01
9.955104517604017600e-01
-1.000000000000000000e+00
-1.000000000000000000e+00
4.002082401901667086e-01
1.000000000000000000e+00
-5.490516718456128764e-01
1.000000000000000000e+00
-1.000000000000000000e+00
9.997075563226932582e-01
-5.710658335783764805e-01
1.000000000000000000e+00
-6.316319621282617813e-01
-1.000000000000000000e+00
1.160096896210587869e-01
-5.320857701362378123e-01
-6.911521588006727113e-01
2.588338898272113386e-01
1.000000000000000000e+00
-6.764823064161786803e-01
1.000000000000000000e+00
1.000000000000000000e+00
-1.000000000000000000e+00
-6.218016162159187843e-01
1.614175389664648796e-01
-1.000000000000000000e+00
-1.000000000000000000e+00
-6.020562833787909129e-01
1.000000000000000000e+00
1.000000000000000000e+00
-1.000000000000000000e+00
-8.702903744502068495e-01
1.000000000000000000e+00
1.000000000000000000e+00
8.633221181928978361e-01
-4.503912223935102599e-02
-9.248592115386656820e-01
8.161701267024321638e-01
-5.897892081481490578e-01
1.000000000000000000e+00
1.000000000000000000e+00
1.498975690616597412e-01
1.000000000000000000e+00
3.264663133608405321e-01
7.196443617781007607e-01
1.000000000000000000e+00
1.000000000000000000e+00
9.265513608876527751e-01
1.000000000000000000e+00
-3.669245702241845652e-01
1.000000000000000000e+00
4.424335358732122692e-01
8.406063650833015544e-01
-2.955114845519489775e-01
3.669711575366378375e-01
-3.133890973245665457e-01
-9.812720043659577396e-01
3.363270711713410854e-01
-2.160307051773449893e-01
6.494647780510959256e-02
-2.468529665808172346e-02
1.000000000000000000e+00
6.883756364047934895e-01
1.000000000000000000e+00
-1.000000000000000000e+00
1.000000000000000000e+00
3.609950446116768630e-01
-2.760518273527490241e-01
-1.000000000000000000e+00
-4.584838726100520789e-01
-5.145328319626165658e-01
9.778822025671739526e-01
1.000000000000000000e+00
4.082138216681435727e-01
1.000000000000000000e+00
1.000000000000000000e+00
1.496986428372189815e-01
-9.008083953475269912e-01
3.620206640792037467e-01
7.028948366127074632e-02
1.000000000000000000e+00
-3.257369458004376606e-01
-3.734828310722120293e-01
-1.000000000000000000e+00
1.017167582743221388e-01
3.966770396440769675e-01
