-1.000000000000000000e+00
-1.000000000000000000e+00
1.000000000000000000e+00
9.858487024815474342e-01
-1.000000000000000000e+00
-1.000000000000000000e+00
-1.000000000000000000e+00
-1.000000000000000000e+00
1.000000000000000000e+00
5.483208455735082421e-01
1.000000000000000000e+00
1.000000000000000000e+00
-1.000000000000000000e+00
1.000000000000000000e+00
-1.000000000000000000e+00
-1.000000000000000000e+00
1.000000000000000000e+00
-1.000000000000000000e+00
-1.000000000000000000e+00
1.000000000000000000e+00
1.000000000000000000e+00
-1.000000000000000000e+00
1.000000000000000000e+00
-8.011853103992058189e-01
1.000000000000000000e+00
5.358050844973968885e-03
7.512384718650320092e-01
-6.130150242818844797e-01
-1.000000000000000000e+00
2.237799405916628126e-01
-1.000000000000000000e+00
-1.000000000000000000e+00
1.000000000000000000e+00
-1.000000000000000000e+00
8.326149919473929684e-01
-1.000000000000000000e+00
-1.000000000000000000e+00
-1.000000000000000000e+00
-4.889723561302128374e-02
-1.000000000000000000e+00
1.000000000000000000e+00
-1.000000000000000000e+00
-1.000000000000000000e+00
-1.000000000000000000e+00
-1.000000000000000000e+00
-1.000000000000000000e+00
6.855298994775712584e-01
-4.778390715019341373e-02
-8.107950775560587298e-01
1.000000000000000000e+00
-1.886301798265909158e-01
-1.000000000000000000e+00
1.000000000000000000e+00
-1.000000000000000000e+00
-1.000000000000000000e+00
1.000000000000000000e+00
-1.000000000000000000e+00
8.881410359426944456e-01
1.000000000000000000e+00
-1.000000000000000000e+00
1.000000000000000000e+00
1.377464733415745268e-02
3.584951914702229070e-01
-1.000000000000000000e+00
1.000000000000000000e+00
-1.000000000000000000e+00
-1.000000000000000000e+00
-1.000000000000000000e+00
1.000000000000000000e+00
-1.000000000000000000e+00
5.017146864798529560e-01
1.000000000000000000e+00
1.000000000000000000e+00
-2.781630436284774355e-01
-1.000000000000000000e+00
-1.000000000000000000e+00
-1.000000000000000000e+00
6.028370703077388093e-01
1.000000000000000000e+00
3.585584398833252529e-02
-1.204732857823591352e-01
-7.549281874604230058e-01
8.936804388793593290e-01
6.123061049634728192e-01
5.767709827639564413e-01
1.000000000000000000e+00
1.000000000000000000e+00
-6.467201932939208309e-01
-1.000000000000000000e+00
1.000000000000000000e+00
-4.995426637993383157e-01
1.000000000000000000e+00
-1.000000000000000000e+00
1.000000000000000000e+00
-1.000000000000000000e+00
5.157326204811061299e-01
1.000000000000000000e+00
1.000000000000000000e+00
-1.000000000000000000e+00
1.000000000000000000e+00
1.000000000000000000e+00
-1.000000000000000000e+00
-1.000000000000000000e+00
-6.586948238466896477e-01
1.000000000000000000e+00
-1.000000000000000000e+00
1.000000000000000000e+00
-3.904344507607415693e-01
-1.000000000000000000e+00
1.000000000000000000e+00
-1.000000000000000000e+00
-1.000000000000000000e+00
7.544609444930843178e-01
3.004541271036348382e-01
-1.322511421090369899e-01
-1.742657572721030834e-01
1.000000000000000000e+00
1.000000000000000000e+00
-6.346466527725507234e-01
-1.000000000000000000e+00
9.395974893838101583e-01
-1.000000000000000000e+00
1.000000000000000000e+00
1.000000000000000000e+00
8.806555325258758060e-02
1.056083376785599270e-02
1.000000000000000000e+00
-4.059991627037362050e-01
1.000000000000000000e+00
6.858351373508150273e-01
-1.000000000000000000e+00
-1.000000000000000000e+00
1.000000000000000000e+00
-4.565931172926842585e-01
1.000000000000000000e+00
-1.000000000000000000e+00
-1.000000000000000000e+00
1.000000000000000000e+00
1.000000000000000000e+00
-2.068389340328695702e-01
-1.000000000000000000e+00
-1.000000000000000000e+00
-7.107086351754674514e-01
1.000000000000000000e+00
-6.197329120052978979e-01
-1.000000000000000000e+00
-1.000000000000000000e+00
-1.490889472602244248e-01
-4.288861360378859455e-01
1.000000000000000000e+00
1.000000000000000000e+00
5.823280399093279103e-01
-1.000000000000000000e+00
-1.292470156149818639e-01
-2.058283206797265619e-01
5.025646156545098275e-01
-1.000000000000000000e+00
1.000000000000000000e+00
-1.000000000000000000e+00
1.000000000000000000e+00
9.535459725435850853e-01
-1.000000000000000000e+00
1.000000000000000000e+00
-1.000000000000000000e+00
-1.000000000000000000e+00
1.000000000000000000e+00
-4.469620547775556840e-01
-1.000000000000000000e+00
1.000000000000000000e+00
-1.000000000000000000e+00
1.000000000000000000e+00
2.820499334481847420e-01
1.000000000000000000e+00
-1.000000000000000000e+00
-3.691084437243206118e-01
-1.000000000000000000e+00
1.000000000000000000e+00
-1.000000000000000000e+00
-1.000000000000000000e+00
5.721000700461138511e-01
1.251970815098987222e-01
1.000000000000000000e+00
1.000000000000000000e+00
-1.000000000000000000e+00
-7.389006926824558397e-01
1.000000000000000000e+00
-8.224666283140251721e-01
6.992986115683709203e-01
-6.715217672049642594e-01
-1.000000000000000000e+00
6.021243869871339971e-01
-1.000000000000000000e+00
-1.000000000000000000e+00
1.000000000000000000e+00
1.000000000000000000e+00
-1.000000000000000000e+00
1.000000000000000000e+00
-8.767024434348202888e-01
1.000000000000000000e+00
9.472249556663332459e-01
-3.729099251697405859e-01
4.295711590470390195e-01
-1.000000000000000000e+00
-1.348045099345334674e-01
-3.188567737727500684e-01
1.000000000000000000e+00
-9.457329285287291443e-02
1.000000000000000000e+00
1.000000000000000000e+00
-1.000000000000000000e+00
1.000000000000000000e+00
-1.000000000000000000e+00
1.000000000000000000e+00
7.489641190348549360e-01
-1.000000000000000000e+00
-1.000000000000000000e+00
-1.000000000000000000e+00
1.000000000000000000e+00
1.000000000000000000e+00
-1.000000000000000000e+00
1.000000000000000000e+00
-8.775356430875665970e-01
1.176143127958906298e-02
9.905073236113162150e-01
-7.741486743927723513e-01
-1.000000000000000000e+00
-5.956996311039135517e-01
-7.983964834631464003e-01
1.000000000000000000e+00
4.276013706127589353e-01
-1.000000000000000000e+00
1.000000000000000000e+00
-1.000000000000000000e+00
-1.000000000000000000e+00
8.926711347952169806e-01
-1.000000000000000000e+00
3.699993052272376737e-01
-9.971474140107018380e-01
3.693834330520728848e-03
1.000000000000000000e+00
-1.199405458540098168e-01
1.275207517438539107e-01
1.000000000000000000e+00
1.000000000000000000e+00
-1.000000000000000000e+00
8.923546737033216658e-01
-1.000000000000000000e+00
-3.674447484370414463e-01
-1.000000000000000000e+00
-3.137572356398683482e-01
-1.000000000000000000e+00
1.000000000000000000e+00
1.000000000000000000e+00
1.000000000000000000e+00
-3.432130011135374748e-01
-1.000000000000000000e+00
-2.881343692691726854e-01
1.000000000000000000e+00
-3.789214844418056227e-01
1.000000000000000000e+00
3.476857457964228626e-01
-1.000000000000000000e+00
-1.000000000000000000e+00
-1.000000000000000000e+00
1.000000000000000000e+00
