1.000000000000000000e+00
2.916662552370502537e-01
1.000000000000000000e+00
1.000000000000000000e+00
9.725638413885326905e-01
-2.246055785637310898e-01
1.000000000000000000e+00
1.000000000000000000e+00
6.523060795700317271e-01
1.000000000000000000e+00
6.933240255273338537e-01
-1.000000000000000000e+00
-1.000000000000000000e+00
6.434377815209193496e-01
-1.000000000000000000e+00
-5.663883737776791438e-01
-9.316482597048819647e-01
-4.657437489012177245e-01
1.000000000000000000e+00
1.000000000000000000e+00
1.000000000000000000e+00
-2.450116836551456956e-01
1.000000000000000000e+00
1.000000000000000000e+00
7.156214569536605286e-01
-8.041598458698852037e-01
-1.326727011203604756e-01
4.819319400076382820e-02
-2.596275708413595673e-01
2.518244213938125586e-01
-1.800480394920985217e-01
7.831604196160337761e-01
-7.442839433810678473e-01
-1.000000000000000000e+00
-1.000000000000000000e+00
-1.090241411540524563e-01
7.792314761200991313e-02
1.000000000000000000e+00
8.882292416684371972e-01
-1.000000000000000000e+00
-6.354883758114191483e-01
-1.000000000000000000e+00
-1.242973590085505453e-01
7.024171041158038253e-01
1.000000000000000000e+00
-1.000000000000000000e+00
-5.272276493453532664e-01
9.603240414215152843e-01
6.897372530425095460e-01
-4.930854440552271400e-01
-7.483889080665107052e-01
-4.509169124103873383e-01
1.000000000000000000e+00
1.000000000000000000e+00
4.342498803613448199e-01
1.000000000000000000e+00
1.000000000000000000e+00
-6.241041082410941909e-01
1.000000000000000000e+00
1.000000000000000000e+00
-1.000000000000000000e+00
3.279338555574856651e-01
1.000000000000000000e+00
-1.433970543232339634e-01
9.738677193223528317e-01
4.657404628363507881e-01
-1.000000000000000000e+00
-7.002089912184031872e-01
5.107958168763166995e-01
1.000000000000000000e+00
-1.000000000000000000e+00
-1.000000000000000000e+00
-3.636073117884617845e-01
-1.000000000000000000e+00
3.941130939116124221e-01
-1.000000000000000000e+00
-1.000000000000000000e+00
-1.000000000000000000e+00
1.000000000000000000e+00
-1.000000000000000000e+00
1.000000000000000000e+00
1.000000000000000000e+00
1.000000000000000000e+00
1.000000000000000000e+00
7.343560567558282681e-01
1.000000000000000000e+00
-1.902774411340617533e-01
-1.000000000000000000e+00
1.000000000000000000e+00
7.791880134952562376e-01
-1.000000000000000000e+00
-1.000000000000000000e+00
1.000000000000000000e+00
-3.847408717870514083e-01
1.000000000000000000e+00
1.000000000000000000e+00
-1.000000000000000000e+00
-5.642601230539191492e-01
5.267791617864173714e-01
1.000000000000000000e+00
-1.000000000000000000e+00
-1.000000000000000000e+00
-1.000000000000000000e+00
-1.000000000000000000e+00
-1.000000000000000000e+00
1.000000000000000000e+00
2.126668480713955756e-01
1.000000000000000000e+00
7.297853020173661331e-03
7.211041017861208324e-02
-1.000000000000000000e+00
-1.000000000000000000e+00
-1.000000000000000000e+00
8.854229975362899463e-01
8.729816394002377633e-01
4.163352204850854221e-01
-3.351860185117264690e-01
-1.000000000000000000e+00
3.417726072943499949e-01
3.371010634210404033e-01
2.753959011913464927e-02
-7.075895875915988453e-01
3.986440634266729122e-01
-1.000000000000000000e+00
9.523688818575488657e-01
-1.000000000000000000e+00
-1.000000000000000000e+00
-8.230209991361063793e-01
-1.000000000000000000e+00
-1.000000000000000000e+00
1.000000000000000000e+00
-1.000000000000000000e+00
7.786796106063005318e-01
-1.640369605637831407e-01
1.000000000000000000e+00
9.507731510487856808e-01
1.000000000000000000e+00
-1.000000000000000000e+00
1.000000000000000000e+00
5.642796936088447790e-01
4.576985565991245064e-01
1.000000000000000000e+00
1.000000000000000000e+00
-1.000000000000000000e+00
-1.000000000000000000e+00
9.974405890613122772e-01
2.909484968651304682e-01
-2.105728766433076216e-01
6.310826889149960817e-01
-1.000000000000000000e+00
1.000000000000000000e+00
-1.000000000000000000e+00
-1.000000000000000000e+00
3.247309599059875485e-01
1.000000000000000000e+00
1.000000000000000000e+00
1.000000000000000000e+00
-1.000000000000000000e+00
1.000000000000000000e+00
-1.902882280065565923e-01
1.000000000000000000e+00
-1.000000000000000000e+00
6.741205216954582191e-02
1.000000000000000000e+00
1.000000000000000000e+00
1.000000000000000000e+00
-1.000000000000000000e+00
-1.000000000000000000e+00
3.716682904923505060e-01
-6.787251401673066731e-01
-1.000000000000000000e+00
1.000000000000000000e+00
-1.000000000000000000e+00
1.000000000000000000e+00
4.625076362851103795e-01
-1.000000000000000000e+00
7.389688431409903169e-01
-3.456719615397819689e-01
9.855188521137275837e-01
-1.000000000000000000e+00
-5.757150468635352514e-01
1.000000000000000000e+00
1.000000000000000000e+00
-3.474594366517234079e-01
1.731004901244241889e-01
-3.475530649847891063e-01
-6.403528520760954912e-01
1.000000000000000000e+00
6.569300811107585680e-01
-1.000000000000000000e+00
1.000000000000000000e+00
-2.495352744588408278e-02
6.920490754353945118e-01
-1.000000000000000000e+00
3.508724145260262994e-01
-4.854892548925162643e-01
-5.780172067406312841e-01
-1.000000000000000000e+00
-1.000000000000000000e+00
-2.911855720642873568e-01
1.000000000000000000e+00
-2.545135067575883259e-01
-2.096898590594017953e-01
-2.372584193866648095e-01
-1.000000000000000000e+00
-1.000000000000000000e+00
1.000000000000000000e+00
-1.000000000000000000e+00
1.000000000000000000e+00
9.003043799052373730e-01
-1.000000000000000000e+00
-6.535814585037116320e-01
8.224474195492224027e-01
2.252466312443122121e-01
9.623028185647609645e-01
-1.000000000000000000e+00
1.000000000000000000e+00
1.000000000000000000e+00
-1.000000000000000000e+00
1.000000000000000000e+00
8.452708151593537611e-01
-1.000000000000000000e+00
-5.834312191400281566e-01
6.101394438395706388e-01
1.000000000000000000e+00
4.493841654444454825e-01
1.000000000000000000e+00
-1.000000000000000000e+00
-1.290035163439173793e-01
-3.053555224196032314e-01
1.000000000000000000e+00
1.000000000000000000e+00
2.999671144639677323e-01
-1.000000000000000000e+00
-1.000000000000000000e+00
-1.000000000000000000e+00
1.051023756754874139e-01
7.828316264448562656e-01
1.000000000000000000e+00
-1.000000000000000000e+00
-1.000000000000000000e+00
-4.491481508287631375e-02
1.693449402721093899e-01
-1.000000000000000000e+00
-1.000000000000000000e+00
-1.000000000000000000e+00
-1.000000000000000000e+00
1.000000000000000000e+00
4.463305184486595079e-01
-1.000000000000000000e+00
-1.000000000000000000e+00
4.042435871616502641e-01
1.000000000000000000e+00
-7.279192397707184847e-01
-1.000000000000000000e+00
-1.000000000000000000e+00
-1.000000000000000000e+00
1.000000000000000000e+00
1.000000000000000000e+00
-1.000000000000000000e+00
1.000000000000000000e+00
-1.000000000000000000e+00
8.783596267690962911e-01
1.000000000000000000e+00
1.000000000000000000e+00
