1.000000000000000000e+00
5.125377783301487966e-01
-9.527473110616773155e-01
-1.000000000000000000e+00
-9.366811066819868969e-02
-5.812595524847030681e-01
9.053256987232380926e-01
-5.469000658937093196e-01
-6.039167281346118354e-01
-1.000000000000000000e+00
-2.091968811448251531e-01
5.288419975778018145e-01
1.000000000000000000e+00
-1.000000000000000000e+00
1.000000000000000000e+00
-1.000000000000000000e+00
-1.000000000000000000e+00
3.025350791234657777e-01
1.000000000000000000e+00
1.000000000000000000e+00
1.000000000000000000e+00
1.000000000000000000e+00
-1.000000000000000000e+00
-1.000000000000000000e+00
3.574913192401272810e-01
-4.488831793099459233e-01
1.000000000000000000e+00
5.493492489888127661e-01
-8.955446680469016929e-01
-1.871246230085132911e-01
-5.357712916653227797e-01
-1.000000000000000000e+00
-1.000000000000000000e+00
8.130388823483787331e-01
9.043632362051992057e-01
-4.105715755825101176e-02
-1.000000000000000000e+00
-1.000000000000000000e+00
-1.000000000000000000e+00
-1.000000000000000000e+00
-6.110295174048503419e-01
1.000000000000000000e+00
2.160359002053400257e-01
1.292071205091840369e-01
-1.000000000000000000e+00
5.360187778296547911e-01
1.599076855689702814e-01
-8.904056604206775916e-01
1.000000000000000000e+00
1.000000000000000000e+00
3.041508136246979799e-01
9.923272512038592286e-01
-3.215524302717164273e-01
-4.874229457281394895e-01
8.700786507080878751e-01
-5.586362003098437334e-01
-1.000000000000000000e+00
3.605333837177628897e-01
-1.000000000000000000e+00
7.002947687188589843e-01
-1.000000000000000000e+00
1.000000000000000000e+00
-1.000000000000000000e+00
6.864274662928708803e-01
1.000000000000000000e+00
7.068453604185531702e-02
1.000000000000000000e+00
-1.000000000000000000e+00
7.556018778071202924e-01
-5.425386697978812345e-01
9.601871083038109322e-01
1.000000000000000000e+00
-1.000000000000000000e+00
-1.000000000000000000e+00
-1.000000000000000000e+00
-3.946796414477968251e-01
1.000000000000000000e+00
-1.000000000000000000e+00
-1.000000000000000000e+00
-9.351261248155655625e-01
1.000000000000000000e+00
3.742968461737545827e-01
-1.000000000000000000e+00
3.581692739523123503e-01
-7.062923810800827429e-01
8.803757063230728264e-01
6.744842580865433312e-01
1.000000000000000000e+00
-5.078797218506481137e-02
4.398589589557305723e-01
-7.021549292684274857e-01
-1.000000000000000000e+00
7.642131948344885739e-01
4.376907336725366360e-02
-1.000000000000000000e+00
6.927138163554753536e-01
8.481126923628232728e-01
1.000000000000000000e+00
1.000000000000000000e+00
1.000000000000000000e+00
-1.000000000000000000e+00
-1.000000000000000000e+00
-2.439737276388183052e-01
-1.000000000000000000e+00
-1.000000000000000000e+00
1.000000000000000000e+00
2.094113624469786661e-01
1.000000000000000000e+00
-5.052007001754735827e-01
-1.861798124960896694e-01
3.746526532349978567e-01
-1.000000000000000000e+00
-2.238582131852203116e-01
1.000000000000000000e+00
1.000000000000000000e+00
-1.000000000000000000e+00
1.000000000000000000e+00
7.794398767076825552e-01
1.000000000000000000e+00
5.694772568853302408e-01
-3.669024738376194250e-01
-1.000000000000000000e+00
1.000000000000000000e+00
-7.060905550615325099e-01
1.000000000000000000e+00
-1.000000000000000000e+00
-1.012949825977940699e-01
7.433147236505905919e-01
1.000000000000000000e+00
1.767363472397637247e-01
-3.456290675561244363e-01
1.000000000000000000e+00
1.000000000000000000e+00
-7.062392305378425439e-01
1.000000000000000000e+00
-1.000000000000000000e+00
-9.665624284821113799e-01
3.498165949670424268e-01
-1.000000000000000000e+00
1.000000000000000000e+00
-1.000000000000000000e+00
2.110402361662443993e-01
1.000000000000000000e+00
1.000000000000000000e+00
1.000000000000000000e+00
1.000000000000000000e+00
-1.000000000000000000e+00
1.000000000000000000e+00
5.285793675090599830e-01
-9.175670179227057854e-01
1.000000000000000000e+00
1.000000000000000000e+00
-1.000000000000000000e+00
-3.819770392612442667e-01
-1.000000000000000000e+00
-2.649324640556818267e-01
-3.097622358289624511e-01
4.775361259825008364e-01
1.000000000000000000e+00
-9.664982988646650952e-01
1.000000000000000000e+00
5.388379484802054975e-01
-3.214458625708609407e-01
8.476668654732690822e-01
-2.710252872887234377e-01
1.000000000000000000e+00
-1.029731701596840465e-01
-1.000000000000000000e+00
-2.104679138474457867e-01
1.000000000000000000e+00
-1.000000000000000000e+00
1.000000000000000000e+00
2.883901816421263753e-01
4.964592161975225904e-02
4.071590752612853636e-01
-1.000000000000000000e+00
-1.000000000000000000e+00
1.000000000000000000e+00
1.000000000000000000e+00
1.000000000000000000e+00
1.897359721044553638e-01
-1.000000000000000000e+00
-1.000000000000000000e+00
-2.876183666424039220e-01
-1.000000000000000000e+00
-1.000000000000000000e+00
1.000000000000000000e+00
3.225751036144175465e-02
7.582825840026609088e-01
7.374545710970884516e-01
-1.000000000000000000e+00
-1.000000000000000000e+00
-1.000000000000000000e+00
-1.000000000000000000e+00
1.000000000000000000e+00
9.530432916689492995e-01
-9.738714405825223963e-01
5.789585323026340546e-01
-1.000000000000000000e+00
5.797863924728329232e-01
9.502194389511374739e-01
1.000000000000000000e+00
1.919145635152217089e-01
1.000000000000000000e+00
1.000000000000000000e+00
-1.000000000000000000e+00
-7.957142085252095765e-01
-5.319706384651483599e-01
4.791444990704674112e-01
-8.731957703562229778e-01
-5.928501962559697969e-01
4.410239786402448958e-01
-6.190596204207814424e-01
6.846718600736295679e-02
1.000000000000000000e+00
-1.000000000000000000e+00
-1.000000000000000000e+00
1.000000000000000000e+00
8.805474902690972883e-01
-1.000000000000000000e+00
7.876672552621886148e-01
-1.000000000000000000e+00
1.000000000000000000e+00
6.925331509545368247e-01
8.461127256941307628e-01
-1.000000000000000000e+00
1.000000000000000000e+00
-4.304130183845030766e-01
-1.000000000000000000e+00
-1.000000000000000000e+00
-4.791098103721811441e-01
-8.336274532577206964e-01
1.000000000000000000e+00
1.000000000000000000e+00
1.000000000000000000e+00
-1.000000000000000000e+00
-1.000000000000000000e+00
5.358810506525846229e-01
1.000000000000000000e+00
-1.000000000000000000e+00
9.839257005180142013e-01
1.000000000000000000e+00
1.000000000000000000e+00
1.000000000000000000e+00
-5.763982211201446049e-02
2.654491972499645192e-01
-1.433169142819836761e-01
1.000000000000000000e+00
1.000000000000000000e+00
-3.298877973703096544e-01
-1.000000000000000000e+00
-1.000000000000000000e+00
-1.000000000000000000e+00
1.000000000000000000e+00
1.000000000000000000e+00
2.508542363413258092e-01
-1.000000000000000000e+00
-1.000000000000000000e+00
-1.000000000000000000e+00
-1.000000000000000000e+00
-1.000000000000000000e+00
-1.000000000000000000e+00
-1.000000000000000000e+00
7.203592344013702853e-01
1.000000000000000000e+00
