1.000000000000000000e+00
1.000000000000000000e+00
-1.000000000000000000e+00
-1.000000000000000000e+00
-9.855220918847158451e-01
4.171939847543724156e-01
1.000000000000000000e+00
-1.000000000000000000e+00
-1.185944746973315311e-01
-5.313024112874524807e-01
-1.000000000000000000e+00
-1.251571275173961606e-01
-9.105457417849338597e-01
-1.111742052297675087e-01
1.000000000000000000e+00
-1.000000000000000000e+00
1.000000000000000000e+00
1.000000000000000000e+00
-3.210295719608828868e-01
1.000000000000000000e+00
-1.000000000000000000e+00
3.077427586201465504e-01
1.000000000000000000e+00
4.565079612364096873e-01
-8.498532846812500985e-02
4.451236114331390617e-03
-8.473270288992427179e-01
1.849932348123048964e-01
2.979898630241888391e-01
-1.000000000000000000e+00
1.000000000000000000e+00
-8.656789493955746595e-01
-1.000000000000000000e+00
-1.000000000000000000e+00
-3.867223189840821584e-01
-1.000000000000000000e+00
-3.027020326655583543e-02
-6.201223125659394153e-01
7.094723171544423668e-01
8.972466396704692482e-01
5.866623705541350597e-01
2.761994130469609399e-01
8.732546462517828401e-01
1.000000000000000000e+00
1.000000000000000000e+00
1.000000000000000000e+00
4.950917695066067159e-01
-1.000000000000000000e+00
-8.798231897914858823e-01
1.000000000000000000e+00
-3.539652989752872791e-01
-9.258575355993947653e-03
-1.227514240884071128e-01
2.380753171034654947e-01
-1.589565754691157906e-03
-4.043860487316652819e-01
8.214139723120109648e-01
-2.184641202459275400e-02
-3.490470340937490423e-01
3.272588927752883015e-01
-1.000000000000000000e+00
5.591977205197463663e-01
-4.219532009605624356e-01
-9.641995425403484532e-01
8.180305563428234006e-01
7.397881775412197269e-01
-9.626587257606596948e-01
1.000000000000000000e+00
-8.410910984290842496e-01
-1.000000000000000000e+00
-1.000000000000000000e+00
1.000000000000000000e+00
-6.772305814017084979e-02
-8.483940125531119758e-01
9.105352671596130820e-01
-1.000000000000000000e+00
-1.000000000000000000e+00
5.767459121287530355e-01
-8.058690922545184154e-01
-1.000000000000000000e+00
6.065626916468958019e-02
-1.000000000000000000e+00
-7.611078138293224660e-01
-3.454445703048473204e-01
-5.874194769312840458e-01
-6.356933462669700496e-01
5.736906688843839142e-01
9.045763737684261452e-01
8.460385656703854895e-01
8.175717682020000598e-02
6.606928051709438643e-01
1.000000000000000000e+00
5.889507573184873390e-01
1.000000000000000000e+00
-1.000000000000000000e+00
-1.000000000000000000e+00
1.000000000000000000e+00
-1.454755757406833716e-03
-1.000000000000000000e+00
7.666507103087600861e-01
1.000000000000000000e+00
-5.509729468746481507e-01
2.394662486166903581e-01
-6.977593904457047858e-01
-1.000000000000000000e+00
1.000000000000000000e+00
8.274828432448999571e-02
-3.964901216361285119e-01
-9.828839745338413536e-01
-6.556818385838025787e-01
4.114479456350161879e-01
8.246870823061365208e-01
-1.000000000000000000e+00
8.848690558637012371e-01
-8.263799362377248769e-01
-8.891096695204463440e-01
-7.610009396401185011e-01
-1.000000000000000000e+00
1.000000000000000000e+00
-4.210480636107397645e-01
1.000000000000000000e+00
-5.806628354964187277e-01
-1.000000000000000000e+00
1.808524296081753802e-01
-1.880118142684507609e-01
9.338316880154829969e-01
-1.000000000000000000e+00
-4.207471396942432662e-01
-7.668043309852045075e-01
-8.863030912262294114e-01
7.387108356244671548e-01
6.963384018333393932e-01
-7.916073011321911324e-03
1.000000000000000000e+00
3.826349382809087762e-01
3.895723407584517073e-01
9.233746601211021421e-01
-9.136283999835517200e-01
1.745452297457217306e-01
1.928499659524526288e-01
6.825611653796428424e-01
-5.840399536532413505e-01
1.000000000000000000e+00
1.000000000000000000e+00
1.383073392419588432e-01
9.470882738777657295e-01
2.957984400995673502e-01
7.036258526507868094e-01
3.977325290969297433e-01
4.916928445279559190e-01
-4.269868884195013869e-01
1.000000000000000000e+00
-1.000000000000000000e+00
-3.990606763392429146e-01
-3.954138949039157636e-01
-1.000000000000000000e+00
-7.427934504173565600e-01
5.774467322587869544e-01
-1.030838705547229561e-02
1.000000000000000000e+00
1.000000000000000000e+00
1.000000000000000000e+00
1.000000000000000000e+00
8.380496677667034211e-01
7.607139192271918093e-02
-1.207048952779440354e-01
1.670530478886679271e-01
-1.000000000000000000e+00
2.374393121149502850e-01
1.000000000000000000e+00
-1.793758001618867004e-01
1.768613190070953411e-01
3.084757221660415771e-01
5.552134061676272658e-01
1.000000000000000000e+00
-9.403269000103873232e-01
1.000000000000000000e+00
-1.000000000000000000e+00
-1.000000000000000000e+00
-1.000000000000000000e+00
8.171662559939681936e-01
-5.622463194483449112e-01
1.000000000000000000e+00
-6.494641143594677146e-01
-6.006358625717976851e-01
-7.950177664949091838e-01
-1.000000000000000000e+00
8.566488156910345708e-02
-4.591156692572817555e-03
1.000000000000000000e+00
1.000000000000000000e+00
-7.572112952045739753e-02
8.820157335719285285e-01
1.000000000000000000e+00
-9.494957276483784181e-01
-1.000000000000000000e+00
1.000000000000000000e+00
-2.596296819330094485e-01
1.000000000000000000e+00
-9.760915134266897608e-01
7.257255062141600988e-01
-1.000000000000000000e+00
-1.000000000000000000e+00
1.000000000000000000e+00
-1.000000000000000000e+00
-9.745418630174508268e-01
4.134335366119528121e-01
7.355212418677361530e-01
-1.933736549180991027e-01
-1.000000000000000000e+00
1.951973170334609931e-01
-1.000000000000000000e+00
-3.480018250687069159e-01
1.000000000000000000e+00
1.000000000000000000e+00
-1.000000000000000000e+00
-1.000000000000000000e+00
1.000000000000000000e+00
-1.000000000000000000e+00
-8.206552562736220136e-01
-1.000000000000000000e+00
4.007339291984575169e-01
1.000000000000000000e+00
9.454476826509422560e-01
1.000000000000000000e+00
-1.000000000000000000e+00
1.000000000000000000e+00
-4.409369299419336752e-01
1.000000000000000000e+00
7.491192815181288989e-01
-1.000000000000000000e+00
9.732586904721131082e-01
-2.103990354227568416e-01
6.211431622320346957e-01
8.520658753354843906e-01
-4.805029262673351509e-01
-1.000000000000000000e+00
6.201491836779046141e-01
4.761677274436674212e-01
-1.000000000000000000e+00
-1.000000000000000000e+00
6.852434697667387775e-01
8.420668944902885977e-01
-1.811631531826138897e-01
-1.000000000000000000e+00
8.611315672303410107e-01
8.482945196336123539e-01
1.000000000000000000e+00
3.177947118053481290e-01
-5.993260626232079780e-01
1.000000000000000000e+00
1.000000000000000000e+00
-9.342311639022005121e-01
-1.000000000000000000e+00
1.000000000000000000e+00
1.000000000000000000e+00
-1.000000000000000000e+00
-1.000000000000000000e+00
-1.000000000000000000e+00
1.000000000000000000e+00
1.000000000000000000e+00
1.107899397508179673e-01
1.000000000000000000e+00
-3.531085265473917767e-01
-8.227581289508039131e-01
