3.301018690295800528e-01
9.462598095126515396e-01
-2.818906109453740427e-01
4.224524923256229303e-01
6.605175524387663089e-01
1.000000000000000000e+00
-9.372600455777249095e-01
2.226568991596886704e-01
-5.626192154690092817e-01
-1.000000000000000000e+00
-8.166761271536913114e-01
-2.883951126217398908e-02
3.482755926532603574e-01
5.019358551846075933e-01
-4.456554296000891924e-02
-1.418008446375355058e-01
8.042511286610911636e-01
-1.000000000000000000e+00
9.233344278976900465e-01
-5.436465449546001860e-01
1.000000000000000000e+00
7.849305369726855552e-02
2.197518592473859389e-01
6.575429252758433485e-01
-6.652845133884088824e-03
1.104892963332768652e-01
-5.623013797298748173e-02
-4.403781560203119394e-01
5.246638064910147392e-02
-7.203579929143399951e-02
2.893762536722304102e-01
-2.980116252698892243e-01
1.531709129817089288e-01
-4.733551229666721483e-02
1.347756245512572448e-01
-2.130129923437443229e-01
8.102513787053218230e-01
-2.151605074941529416e-01
1.000000000000000000e+00
-7.443168018251054008e-01
6.648481670466277471e-01
8.657535215794247563e-01
-5.663260638465115182e-01
-4.396700689588151079e-01
7.732918054003645736e-01
1.807979896863869951e-01
9.306162132630773076e-01
-1.000000000000000000e+00
5.920736448059809032e-01
-7.907752030709133129e-01
6.343125726479110771e-01
8.057358914387948712e-01
4.116822473677950178e-01
9.265082013936707384e-01
-3.145726496997891530e-02
-9.495995567502266699e-01
-2.659993539456690925e-01
6.548103906888547154e-01
3.463221643603640043e-01
-7.533412508758607906e-02
1.000000000000000000e+00
-3.938590041620007032e-01
3.937281217629975405e-01
9.662984183998661880e-01
-9.592709476196428220e-01
2.016928072476797951e-02
4.319560777700897081e-01
9.298618799038358418e-01
-3.360810576353459034e-01
5.906540364308265900e-01
-1.653722919291202853e-01
-2.311269933144144417e-02
3.950470090691620140e-01
-6.280501581330060201e-01
1.000000000000000000e+00
-6.471469968986984789e-01
-8.813225201504204520e-02
-2.426983704247409612e-01
5.720452953905863502e-02
9.703435432287612628e-01
9.066549024416659108e-01
2.316021977254854036e-01
2.645260394640620571e-01
4.505934432720097860e-01
6.303904398533182185e-01
-5.568833329764697471e-01
-4.693610458452596168e-01
-2.436801440004043862e-01
-8.140964809841544358e-01
4.982536555873402495e-01
-3.467313924094443944e-01
-1.894938758323856942e-01
-9.533430796140418551e-01
-6.569068269275862848e-02
-1.096708191292705692e-04
9.459615847656304144e-01
4.518308230283480942e-01
-9.661488436634042554e-01
8.447251770374104574e-01
-2.826905474709928701e-01
3.809531304064361912e-02
4.022887001083228498e-01
5.751758700845837069e-01
-4.090964302670627717e-01
-6.984202437403725927e-01
7.407848755378247940e-01
-1.995350658182124537e-01
1.215048261418008035e-01
1.000000000000000000e+00
3.597201401866144677e-01
-1.000000000000000000e+00
-1.000000000000000000e+00
4.193618344037413070e-01
-7.269811422195449069e-02
1.538215954190612633e-01
2.447804684472192349e-01
5.156233266139231830e-04
-7.964502936971100677e-01
1.420133163227628170e-01
-7.646109970878587347e-01
8.748779881331256725e-01
1.807840718617566012e-01
9.457375934120828553e-01
2.031938619940338864e-01
-6.053003730150061656e-01
7.592365434186318929e-01
6.003934620348063689e-01
-2.724279470764923161e-02
5.025358436091802439e-01
-3.365371883416414800e-01
-7.418196247217867523e-01
7.879641712103147011e-01
5.538046395230984409e-01
3.038080394422879582e-01
7.098044052710688057e-01
-6.907943382062893267e-01
4.373914119643738108e-01
1.662579531276144884e-01
-4.349863387880259502e-02
-4.998322942217470199e-02
1.001544045694970908e-01
-6.324840387141719145e-01
-6.277785707856626818e-01
9.026499922384334518e-02
-4.741888786252768107e-02
3.799217573733091324e-01
4.899366609364328440e-01
-9.689775901014496817e-03
-2.897519908468144667e-01
1.591568017084880604e-01
7.819182047639896549e-01
1.713466896694715302e-01
1.000000000000000000e+00
-9.081074878982957621e-01
-8.360171956526052384e-03
-3.732911849112041658e-02
5.160729130065158099e-01
4.509843825175170462e-01
3.474054611598711428e-01
-7.374918726983610284e-01
-1.000000000000000000e+00
3.768828340148222544e-02
-3.720412424756367464e-01
7.326393738308205617e-01
2.330944832184185245e-01
-9.826305366617100745e-01
2.341798867131441586e-01
4.246118334751340928e-01
-3.526021926891007574e-01
9.490868438992037248e-01
-3.202527659923040115e-01
1.968564523556403101e-01
-9.849187421487282101e-01
8.134291106711657449e-01
-1.833394105685308695e-01
-9.324682135858421983e-01
2.670181010977190628e-01
-4.590361444405337554e-01
6.097907736628134234e-01
7.108124951160963434e-01
-6.019220442571004970e-01
9.130494753929829788e-01
3.905200152685004422e-01
1.000000000000000000e+00
-3.342860806899345949e-01
-9.756207072549765158e-01
-4.695114957509247677e-01
-2.166355513034374791e-01
-3.601147348281059646e-01
-8.852333139791195293e-01
-4.174568845509956105e-01
-8.134182627611075134e-01
-4.713873138903126314e-01
-7.673598422165437416e-01
-3.762014426832521741e-02
7.393348191881499165e-01
-1.000000000000000000e+00
-5.885273415029452782e-01
-1.000000000000000000e+00
-1.789295446908272247e-01
8.557906848675698175e-01
5.845842051533942652e-01
-1.008066009601384927e-01
-1.000000000000000000e+00
9.105622236508614797e-01
-3.873077418322989907e-02
-8.473980537072101082e-01
-8.169342712944405172e-01
8.616180039674268265e-01
1.629675833738934987e-01
-9.607577063757544167e-01
1.635892498941344808e-01
-4.882690279990526960e-01
-8.213756154302593870e-01
-1.360223486381628710e-01
-1.000000000000000000e+00
2.045951648354560337e-01
3.168307194182455877e-01
4.758901073793899705e-01
5.594940371207053342e-01
-9.373322421671315130e-01
1.240106404493988013e-01
1.145089604752502765e-01
9.935063480066232966e-01
4.282396000084549570e-01
3.497140458343928060e-04
-1.981148814621866983e-01
-1.455294079498841153e-01
3.612408678341578749e-01
1.000000000000000000e+00
9.422134861776594317e-01
-9.799810686681997840e-02
7.121236308920397828e-01
1.766729557108392967e-02
3.203187982158664515e-01
6.119482419577529919e-01
-9.273986819574882023e-01
-5.107051941594664690e-02
7.500785558758171767e-02
-1.456345004617940475e-01
-3.250305311789960516e-01
-1.286139793039506873e-01
-5.137478435244402508e-01
1.000000000000000000e+00
8.690856015711465599e-01
-4.574921054300076229e-01
-1.000000000000000000e+00
-1.704430419435449817e-01
5.869394113609394115e-01
1.899998086509544493e-01
-2.124659175839380687e-01
4.288578099563716828e-01
-6.995120616794121560e-01
-7.300824063182238532e-01
8.475748387419712593e-01
7.615607654278284677e-01
1.820822571976541404e-01
1.000000000000000000e+00
8.072016020028767169e-01
7.865501818184652549e-01
-6.706202967620178423e-01
5.828071121435014490e-01
2.910325080994486946e-01
1.000000000000000000e+00
-9.849531188387672387e-02
