-1.000000000000000000e+00
4.356360181434261181e-01
-1.000000000000000000e+00
-1.000000000000000000e+00
-1.000000000000000000e+00
6.323239468724812795e-01
-5.706404308101604705e-01
-4.949207530148862499e-01
-2.789162008495591483e-01
8.449356306297280961e-01
1.000000000000000000e+00
1.000000000000000000e+00
1.000000000000000000e+00
1.000000000000000000e+00
-8.717871727805367454e-01
1.000000000000000000e+00
9.806347296719364337e-02
1.000000000000000000e+00
1.000000000000000000e+00
-4.630864101689047274e-01
-1.000000000000000000e+00
-1.000000000000000000e+00
-1.000000000000000000e+00
-1.000000000000000000e+00
1.000000000000000000e+00
-8.553147051585783256e-01
-8.679261838643540505e-01
-1.000000000000000000e+00
4.706419004039062992e-01
1.000000000000000000e+00
8.299123402832648821e-01
1.000000000000000000e+00
1.532554046030284445e-01
-1.000000000000000000e+00
1.000000000000000000e+00
-9.283545422213025367e-01
-1.000000000000000000e+00
-6.971555942637612802e-01
6.812484871552839660e-01
-7.286358269477222205e-02
7.051744028591009350e-01
1.000000000000000000e+00
1.000000000000000000e+00
3.934894759513735130e-01
-1.000000000000000000e+00
1.000000000000000000e+00
-1.000000000000000000e+00
3.081933943044496971e-01
1.000000000000000000e+00
1.000000000000000000e+00
1.454603612271047064e-01
-1.000000000000000000e+00
-1.000000000000000000e+00
4.609354933511225494e-01
2.889099229515378342e-01
3.931088394429558264e-01
-1.000000000000000000e+00
1.000000000000000000e+00
-1.000000000000000000e+00
1.000000000000000000e+00
-9.129234890987250051e-01
-8.703278678085251130e-01
-1.000000000000000000e+00
-1.000000000000000000e+00
-1.000000000000000000e+00
-1.000000000000000000e+00
-1.000000000000000000e+00
-1.000000000000000000e+00
1.000000000000000000e+00
1.000000000000000000e+00
-2.407654175654210527e-01
-1.000000000000000000e+00
-8.854932553572638643e-01
1.000000000000000000e+00
1.000000000000000000e+00
1.000000000000000000e+00
-1.000000000000000000e+00
-1.000000000000000000e+00
-1.000000000000000000e+00
2.993011688151658856e-01
1.000000000000000000e+00
4.949104749353596677e-01
-1.106417093771496774e-01
1.000000000000000000e+00
-1.000000000000000000e+00
-1.000000000000000000e+00
-2.226502455649426171e-01
1.000000000000000000e+00
1.000000000000000000e+00
-1.000000000000000000e+00
1.000000000000000000e+00
-9.702816205035442731e-01
-6.699276812646144386e-01
-1.000000000000000000e+00
-5.421942603454572573e-01
-6.207426908686043410e-01
-1.918809799038199704e-01
8.215850288242954047e-02
-1.000000000000000000e+00
1.000000000000000000e+00
-1.000000000000000000e+00
-9.387895986628442824e-01
-9.484355555165783214e-01
-1.000000000000000000e+00
1.000000000000000000e+00
5.704746550630959145e-01
1.000000000000000000e+00
-7.358614815974560130e-01
-1.000000000000000000e+00
-1.000000000000000000e+00
1.962187305301701379e-01
-1.000000000000000000e+00
1.000000000000000000e+00
1.000000000000000000e+00
1.000000000000000000e+00
-1.000000000000000000e+00
6.670631266659133862e-01
-1.000000000000000000e+00
-1.295027853655289496e-02
-1.000000000000000000e+00
-3.324727361853114793e-01
1.000000000000000000e+00
-1.000000000000000000e+00
-1.000000000000000000e+00
-1.000000000000000000e+00
1.000000000000000000e+00
-9.359908471227700311e-01
-1.000000000000000000e+00
-2.785373234855251234e-01
-8.398725905627273391e-01
7.256932761109826657e-01
1.000000000000000000e+00
-3.871781935313705070e-01
2.188650892182029128e-01
-9.724238915409350037e-01
7.366126787329546621e-01
-1.000000000000000000e+00
1.000000000000000000e+00
-1.000000000000000000e+00
-1.000000000000000000e+00
9.335880622961341135e-01
-1.000000000000000000e+00
4.525797524029994690e-01
1.000000000000000000e+00
-1.929894150653749252e-01
9.796772955621966261e-01
-5.579230937030515980e-02
-1.000000000000000000e+00
-2.842236934703140649e-02
8.920939703539958465e-01
1.000000000000000000e+00
1.000000000000000000e+00
-1.000000000000000000e+00
5.613967658102536618e-01
-1.000000000000000000e+00
-8.782217283871907032e-02
-1.000000000000000000e+00
-1.000000000000000000e+00
-1.000000000000000000e+00
1.000000000000000000e+00
1.000000000000000000e+00
2.273234982009918470e-01
1.000000000000000000e+00
1.000000000000000000e+00
1.000000000000000000e+00
-6.594957172603889139e-01
1.000000000000000000e+00
-1.000000000000000000e+00
-1.000000000000000000e+00
1.000000000000000000e+00
-1.000000000000000000e+00
1.254493146264982206e-01
-4.535763195945315407e-01
-4.452362282386417291e-01
-1.000000000000000000e+00
-5.315461990137826387e-02
-1.000000000000000000e+00
-1.301215739977010788e-01
1.000000000000000000e+00
-1.000000000000000000e+00
-1.000000000000000000e+00
-1.000000000000000000e+00
-1.000000000000000000e+00
-1.000000000000000000e+00
-1.000000000000000000e+00
-1.000000000000000000e+00
7.158690371808063002e-01
-8.721909938157128561e-01
4.618261220444774828e-02
-4.022038905679492515e-02
9.794767238069556070e-01
-1.000000000000000000e+00
-5.719760722316458157e-01
-5.847036125356195324e-01
-1.000000000000000000e+00
1.000000000000000000e+00
-1.000000000000000000e+00
1.000000000000000000e+00
-1.000000000000000000e+00
-1.000000000000000000e+00
-7.334464009878346458e-01
-1.000000000000000000e+00
-1.000000000000000000e+00
1.000000000000000000e+00
-1.000000000000000000e+00
9.127814959672430062e-01
-2.744494116787470350e-01
1.000000000000000000e+00
3.926936228862770717e-01
-5.281089832745583523e-01
5.678186766690220821e-01
1.000000000000000000e+00
1.000000000000000000e+00
1.000000000000000000e+00
-1.000000000000000000e+00
-1.000000000000000000e+00
5.232188056585882485e-01
7.143790923011220650e-01
-1.000000000000000000e+00
-1.000000000000000000e+00
-3.794068635873259487e-01
-1.000000000000000000e+00
-1.000000000000000000e+00
-4.127871430097612704e-02
-1.000000000000000000e+00
1.000000000000000000e+00
1.000000000000000000e+00
7.960077868142831914e-01
1.000000000000000000e+00
-1.000000000000000000e+00
2.095232952398414783e-01
-1.000000000000000000e+00
-1.000000000000000000e+00
1.000000000000000000e+00
5.346798484887615999e-01
1.000000000000000000e+00
1.000000000000000000e+00
-6.010995423202616372e-01
8.630681344963652135e-01
1.000000000000000000e+00
-5.067439820092436431e-01
-1.000000000000000000e+00
1.000000000000000000e+00
-1.000000000000000000e+00
4.197331778450606454e-01
1.000000000000000000e+00
3.194981457948247172e-01
-1.000000000000000000e+00
-1.000000000000000000e+00
1.387890257851394082e-01
-1.000000000000000000e+00
1.000000000000000000e+00
1.878525976153762045e-01
-4.825490812469104274e-01
-1.000000000000000000e+00
7.842729726141914881e-01
3.483089827847598574e-01
-1.000000000000000000e+00
1.000000000000000000e+00
-1.000000000000000000e+00
6.832495640199086617e-01
1.000000000000000000e+00
-1.000000000000000000e+00
1.000000000000000000e+00
1.000000000000000000e+00
