-1.000000000000000000e+00
-6.375211342730193742e-01
1.000000000000000000e+00
-8.021414581050431147e-01
1.000000000000000000e+00
-1.859334285895382632e-01
-1.000000000000000000e+00
-5.660959175769109120e-01
-9.412827245565877909e-01
-3.978673112766710762e-01
-7.680390053933316974e-01
-1.000000000000000000e+00
-1.000000000000000000e+00
1.000000000000000000e+00
4.041506590928454212e-01
2.149237086209898617e-01
2.111372886726891052e-01
-4.413158125726469594e-01
-6.104469487815911144e-01
-2.927448865206726536e-01
1.000000000000000000e+00
-1.000000000000000000e+00
-3.813036595654097916e-01
-8.674755655204851035e-01
1.000000000000000000e+00
-1.000000000000000000e+00
1.800856797454016833e-01
7.294903810554486112e-01
1.000000000000000000e+00
1.284641345672270785e-01
8.926200250747272635e-01
-1.000000000000000000e+00
-9.116375689919092862e-01
-1.000000000000000000e+00
-1.000000000000000000e+00
-1.000000000000000000e+00
-1.000000000000000000e+00
-1.430833003420476368e-01
-1.000000000000000000e+00
1.000000000000000000e+00
-3.377913644734440446e-01
-9.725083884940141088e-01
-7.881980949012759030e-01
1.000000000000000000e+00
1.000000000000000000e+00
3.009151178770802515e-02
-1.000000000000000000e+00
1.000000000000000000e+00
1.000000000000000000e+00
1.000000000000000000e+00
-1.000000000000000000e+00
-1.000000000000000000e+00
-1.000000000000000000e+00
1.000000000000000000e+00
-3.712464588707072854e-01
1.000000000000000000e+00
-1.000000000000000000e+00
-1.000000000000000000e+00
-3.539021148350338652e-01
-5.797161970332805891e-01
-1.255824806081718981e-01
8.146562477851874151e-01
-1.000000000000000000e+00
1.000000000000000000e+00
1.000000000000000000e+00
4.006692722032282328e-01
1.000000000000000000e+00
-1.000000000000000000e+00
-2.753735222823403550e-01
-5.616191903453493506e-01
-1.000000000000000000e+00
1.000000000000000000e+00
-1.000000000000000000e+00
-1.000000000000000000e+00
-1.918932031104008118e-01
9.784294428677673405e-01
-1.000000000000000000e+00
1.000000000000000000e+00
-8.115388100188667408e-01
-1.000000000000000000e+00
-1.692790166273798746e-01
1.000000000000000000e+00
8.095053619481219487e-01
-1.000000000000000000e+00
-1.000000000000000000e+00
1.357375743263640744e-01
-1.000000000000000000e+00
-6.092181063346309156e-01
-4.279711913521953015e-01
-1.000000000000000000e+00
-5.636690362721968883e-01
-1.000000000000000000e+00
-6.504422276924670676e-01
-1.000000000000000000e+00
-1.000000000000000000e+00
1.000000000000000000e+00
-1.000000000000000000e+00
-1.000000000000000000e+00
1.000000000000000000e+00
1.000000000000000000e+00
-5.286412428967917077e-01
3.944426363179488471e-01
1.000000000000000000e+00
3.267025790950770503e-01
-1.000000000000000000e+00
-1.000000000000000000e+00
-1.000000000000000000e+00
-6.282574367957940442e-01
-1.000000000000000000e+00
6.875801527584577411e-01
-1.000000000000000000e+00
-1.000000000000000000e+00
-1.129866620985168768e-01
9.474283901318847345e-02
9.371368816472943619e-01
1.000000000000000000e+00
1.000000000000000000e+00
-1.000000000000000000e+00
2.017904419611534217e-01
8.363455349823785134e-01
1.000000000000000000e+00
-9.901053339615759619e-01
1.000000000000000000e+00
-1.000000000000000000e+00
-1.000000000000000000e+00
7.903724947704235948e-01
8.556827554793453583e-01
-9.421991491959198495e-01
-1.937709969559431311e-01
1.000000000000000000e+00
-4.663203268992806017e-01
-7.799229072275233321e-01
2.510746177581903993e-01
8.399445620770162879e-01
-8.908619912334503343e-01
1.000000000000000000e+00
3.980265938160020278e-01
-1.000000000000000000e+00
1.690643945564582751e-01
1.000000000000000000e+00
-8.994855879753678174e-01
-1.000000000000000000e+00
-1.000000000000000000e+00
1.000000000000000000e+00
-1.000000000000000000e+00
-8.555189956833467724e-01
-5.795124778910016872e-01
1.000000000000000000e+00
-5.083047648181637790e-01
-4.346765152246742092e-01
-6.517213129831223029e-02
-4.129740815127693754e-01
-1.000000000000000000e+00
7.878667994558754550e-01
-1.000000000000000000e+00
8.996573522970500170e-01
1.000000000000000000e+00
6.724304652493020562e-01
-1.000000000000000000e+00
6.377365170780617820e-01
-1.000000000000000000e+00
1.000000000000000000e+00
1.000000000000000000e+00
1.000000000000000000e+00
-9.665206727534769726e-01
1.000000000000000000e+00
-1.000000000000000000e+00
1.000000000000000000e+00
-1.000000000000000000e+00
5.225450494227623643e-03
-1.000000000000000000e+00
2.210016059578759906e-01
-6.771856062401319098e-01
-6.018606782363955521e-01
1.000000000000000000e+00
1.000000000000000000e+00
-3.972483748660176617e-01
-1.364017751769042164e-02
-9.603636228446672529e-01
1.981926125601723154e-01
-1.000000000000000000e+00
-1.000000000000000000e+00
-1.000000000000000000e+00
-1.000000000000000000e+00
9.013490744915744202e-01
9.716099697915205891e-01
-1.000000000000000000e+00
-1.000000000000000000e+00
-1.000000000000000000e+00
-4.308302881023878816e-01
-1.315608843232403125e-01
-5.444135040391975267e-01
4.442984319622792500e-01
-1.000000000000000000e+00
3.893717042772851800e-01
-1.000000000000000000e+00
-5.859988422970936472e-01
5.634817421810420779e-01
8.341231614976406528e-01
-9.294518225363159747e-01
9.083770434120725934e-01
1.000000000000000000e+00
-5.398461461842792852e-01
-1.000000000000000000e+00
1.000000000000000000e+00
9.604276491381812386e-01
-3.090253823037643621e-01
1.000000000000000000e+00
5.526568315471569459e-01
-4.334956248725421180e-01
-1.000000000000000000e+00
-7.803993607560738566e-01
9.811138720407213132e-01
1.000000000000000000e+00
1.000000000000000000e+00
4.547528656390853463e-03
1.000000000000000000e+00
-5.262710911751354859e-01
3.135812696498322394e-01
6.096629568545381961e-01
3.950419686773591899e-01
-4.993446094888138731e-01
-1.825851333545758515e-01
1.000000000000000000e+00
-1.000000000000000000e+00
8.400236134470062677e-01
-1.000000000000000000e+00
1.000000000000000000e+00
-2.237461478104907364e-02
1.440652865877585231e-01
5.789382940693692525e-01
-7.803498359819677210e-01
1.000000000000000000e+00
2.373051672254063993e-01
-5.737505893096556120e-01
-7.358945346188283665e-02
1.000000000000000000e+00
-1.000000000000000000e+00
1.000000000000000000e+00
-1.000000000000000000e+00
8.874708864836652333e-01
1.000000000000000000e+00
1.000000000000000000e+00
6.549792054379299788e-02
1.000000000000000000e+00
-3.456792385024083369e-01
7.197224886390766185e-01
2.746420823513840981e-01
3.478396180904730350e-03
-7.027736631084644525e-01
-1.000000000000000000e+00
-1.000000000000000000e+00
1.000000000000000000e+00
-1.000000000000000000e+00
6.033698017089428323e-01
-7.993092455226489257e-01
5.817111049367963693e-02
-1.000000000000000000e+00
1.000000000000000000e+00
-1.000000000000000000e+00
-1.000000000000000000e+00
-6.026289805505080643e-02
1.000000000000000000e+00
2.560331241454270879e-02
-1.000000000000000000e+00
