8.143320447709179177e-02
-2.917703894183028002e-01
3.453053890589159458e-01
-5.303268139268229042e-01
8.366928858884210563e-01
-7.580767114741921997e-01
4.811398770937853620e-01
-5.730841967819317873e-01
-3.391966859600903383e-02
4.149062378543417751e-01
5.646680101575629607e-02
-8.753968241854368504e-01
4.913338282239756438e-01
-8.554894896924958303e-03
-3.816640712515320111e-01
1.456796398060213882e-01
2.483992341977554474e-01
2.053877086747581959e-01
-5.824036961180256711e-02
5.516927056230880311e-02
-5.515365795864843879e-01
3.959263137613022732e-01
-9.516930985518670116e-01
-2.555593297928160368e-01
-1.219703808467953454e-01
-4.631968826431449582e-01
6.710469548443747101e-01
-2.327005461807576392e-01
3.379659446726732686e-01
4.527517480899660995e-01
7.533615778511493222e-01
-3.773369988308001854e-01
-5.919916664213618063e-01
-5.416756195164351695e-03
-7.060763814476891387e-01
-2.143725073301006034e-02
4.690662717954185990e-01
-6.420588990065760893e-01
6.275832528668092714e-01
8.992870306541931313e-01
8.367625649152765632e-01
6.264541238976024662e-01
1.090375351272749871e-01
-8.642514943879509026e-01
2.000516578580784355e-01
-8.069840630497371325e-01
4.886239500657902912e-01
-7.654729182173181101e-01
6.279956673922917343e-01
8.629101097875415682e-01
-3.960110988384022424e-01
-4.116459504277167891e-01
-4.805453491402271737e-01
-3.714478152287632451e-01
-8.130310265783649015e-01
-1.844604134167671106e-01
-6.304305220555219691e-01
8.633647797347392405e-01
4.354293010310987810e-01
8.732601891251856596e-01
7.059577309058462369e-01
2.072202703940042579e-01
-3.150077502000172558e-01
-9.474987941516348489e-01
-7.601350656770216041e-01
1.595406515156045923e-01
-4.876674470045205823e-01
-7.383405975278609645e-01
-6.671265396922541058e-01
4.909449219026371658e-01
-5.046031076061128218e-01
-1.107998903426521409e-01
1.245409276851905389e-01
-2.188703817403547802e-03
-9.610986317178495941e-01
-4.904148861741115528e-01
-5.489940493173630642e-01
3.238242516957967609e-01
-3.121360103463599600e-01
-6.161210335577815833e-02
4.766473473013388418e-01
-4.554260993180014871e-02
2.452918194183417722e-01
3.514367491905840968e-01
8.712780647873783479e-01
-3.675457781396218593e-02
-3.497326768698052479e-01
7.641685768056443173e-01
3.450783996904367434e-01
-7.779843223199800484e-01
2.682201152171996839e-01
2.589228462668275998e-01
-7.666027804723130057e-01
2.263496380145164633e-01
-2.600240385289931400e-01
-9.120558347824421208e-01
3.748349665972365852e-01
-6.679375812491499254e-01
-9.003572909427919324e-01
-2.853960344018404705e-01
-6.602291903916175375e-01
-5.339139592153272496e-01
9.313217303369720756e-01
3.998581958175726481e-01
5.315489571862359597e-01
-6.430951537197719947e-01
-5.902091038887395946e-01
2.637909835904930222e-01
-2.033733636640266962e-01
7.582876483705369708e-03
8.064462492923296644e-02
-1.709616418069970223e-01
-9.804761169809965704e-01
1.224492801380470119e-01
6.456210699192865832e-01
9.604893272336367804e-01
7.162548284954077804e-01
8.932612581639194360e-01
9.435019511706177475e-02
1.858329805301031090e-01
6.619545169365579351e-01
-7.103390792329173919e-01
-3.278828562529121360e-01
-2.759367298668153889e-01
-8.107140012771361093e-01
-7.340197595499180494e-01
2.691725909788256210e-02
-5.229461497052980690e-01
2.649205028281220731e-01
3.897181229447466144e-02
2.762863584179808818e-02
2.136404693945110900e-01
-3.878673252127562421e-02
2.621907252126314258e-01
-1.918624608208561177e-01
2.639922113928219183e-01
8.745918258996985273e-01
7.875980821669414933e-01
7.399384557773005522e-01
6.948947398167835132e-01
-1.353762831316822624e-01
6.681689730845787878e-01
-4.680516696967083057e-01
-2.734553191335349354e-01
-6.780764735536379817e-01
4.131016514637269044e-01
-4.742220196899988860e-01
-3.855789924965131732e-01
9.823413703814070086e-01
7.186850491291219001e-02
2.165041812848733649e-01
-4.877106724917026348e-01
3.875670310191841050e-01
-1.545279181696330717e-01
-1.037566487101555524e-01
-7.811825069545248468e-01
-2.366018505632476732e-01
1.110758504619557829e-01
-1.576914889988263457e-01
2.448097486410856227e-01
-6.421104186878112685e-02
-1.273973130029597556e-01
9.957533563697311685e-01
1.716283743911226622e-01
7.147591439212854780e-01
2.878112505135610455e-01
-4.322011127415532616e-01
5.523110410796827630e-01
2.927705866891054942e-01
4.764102005239296833e-01
-7.312906344867209363e-02
-8.306176391301061113e-01
8.514046985242527121e-01
-8.167819700391114601e-01
-7.826642179135012700e-01
5.776832553432078576e-01
7.589447399517084136e-01
2.213019795291892855e-02
-6.484362828883494245e-01
3.286562421501866282e-01
-8.495382047982480422e-02
-9.632548021182518738e-03
-8.442780660590434305e-01
2.443719676076532288e-01
-8.803133857989431377e-02
7.278218106235743168e-01
-5.874438507314352353e-01
-5.061288992090648975e-01
-4.957288658080920563e-01
-6.686788070261577843e-01
-9.926016131349106875e-01
-9.875133203748642785e-01
3.149243421511038754e-01
-4.580495163264284297e-01
-9.062699645214267186e-01
-1.748162252294083174e-02
-8.924082209911321506e-01
9.284545163228030695e-01
-2.960247551057124671e-01
-3.354064906641358590e-01
9.949677545547586099e-01
-2.475229578806157349e-01
-1.151976182845837471e-02
-4.102957677501084532e-02
-2.850294936554540470e-01
-4.832504935851074102e-01
2.880682769811893085e-01
-5.771885530134470699e-01
-4.476948069697290755e-01
6.264197285164654350e-01
-4.940688987985333291e-01
8.876519962286755216e-01
4.226934059631770602e-02
9.786779822884705826e-01
5.165011899990861188e-01
4.694914998006696205e-01
-2.233044334149929533e-01
-3.877561927328310176e-02
-8.621644597350730521e-02
1.166521180507469335e-01
-3.251818630851694980e-01
4.942676116257955776e-01
3.495777851979797735e-01
2.642619679364186513e-01
-5.036062328960875245e-01
-6.580111804948454157e-01
-7.804229661658603767e-01
8.376456355790522501e-01
-6.332877396983167539e-01
4.166788598121289322e-01
2.518023526453792016e-01
-9.278835544833223814e-01
8.254122863583823744e-02
-6.976162825257363753e-01
7.998084567780932019e-01
4.515401654451725033e-01
-2.995284029027354133e-01
8.506962167979448264e-01
-4.688138444621456902e-01
-5.468272898251180791e-01
3.656991493441679175e-01
-1.773941790309807587e-01
7.861505055749895554e-02
2.459004258354777761e-01
9.671238915945683523e-01
3.952326633956237956e-01
-4.736592512386894605e-02
8.077094861648062007e-01
-7.745548963354667027e-01
6.355885695159801951e-01
1.783985900162898819e-01
-2.835546095050369697e-01
7.227816457852471732e-01
3.802140370766504684e-01
-1.942439394574442257e-01
-5.806707620543241077e-01
5.539582226686847743e-01
2.051497107551605303e-01
4.240538511609379668e-01
-3.971392243138109901e-01
-8.766210777092755535e-01
-2.071309444780662368e-01
-4.547764044953515050e-01
-1.557041365202211924e-01
-7.380079315017420427e-01
