-7.654601848063784519e-01
2.522119385436272232e-02
3.244200465194797545e-01
1.423194272326790966e-01
3.039017169367193016e-01
-2.297990078646687806e-01
-2.809394449111923819e-01
-8.784039359444493211e-01
8.300752430156430606e-01
-1.122808858551391786e-01
8.766149309925306277e-01
5.177393905626481718e-01
5.442915928379223889e-01
4.478474440790820577e-01
-3.102398017686782694e-01
1.911644163181591694e-01
-5.904616373311981636e-01
6.630291017626204209e-01
4.815139056443766830e-01
2.147965831855696006e-01
5.520676509626787354e-01
5.358934299024946668e-01
1.147562664039494251e-01
-9.808066551708778391e-01
9.668189461815663854e-01
1.098268146155207958e-01
-7.232328177673892355e-01
3.769201301493452227e-02
-6.046418002709974537e-02
8.841536191275951584e-01
-1.450618290615024453e-01
6.009291941246566182e-01
-2.731124466109615678e-01
7.392205939351526034e-02
7.104344752235096649e-01
-2.761901625685796446e-01
5.699238580685410671e-01
-2.210789197711997556e-01
-1.139884475678367703e-01
1.798323189327444283e-01
-4.821673064886999871e-01
-4.523414152914728703e-01
-7.948784782589690678e-01
1.767110759993593128e-01
7.500458257343389779e-01
2.946125577008822383e-01
3.734644860756413109e-01
-6.828952375480989989e-01
-4.322385144839728799e-01
6.920818821779552987e-01
1.017365903604334765e-01
1.810520573808098721e-01
-1.833411170924164058e-01
-2.885017529104407785e-01
-3.502585041682810818e-01
7.353352797853462963e-01
-5.025298462114247133e-01
9.420250521141129152e-01
-8.303271395692328749e-01
-2.442925518719112343e-01
5.281420172683786163e-01
-1.051255214226565204e-01
-9.463035625725408906e-01
6.361123508148214256e-02
-9.473561525257203630e-01
-1.620102855315419532e-01
-7.052864271568706211e-01
-6.588108168094124473e-01
-3.155648421631054301e-01
-7.558603734561697429e-02
6.594150023014668793e-01
-5.132574510597573969e-01
8.231397451031807755e-01
-6.966030082421115210e-01
2.558047470011208802e-01
6.304769875869018492e-01
2.020893356974307054e-02
4.121180436245963641e-01
-2.529533712771472320e-01
6.645702681545668788e-01
-3.351891205085204550e-01
5.157354550580586228e-01
-5.827129620002557964e-01
4.801189502643263829e-01
-5.976913488101960326e-01
5.652633469082106732e-01
6.809852241051927990e-02
9.578512376851524568e-01
-4.839780719910380391e-01
-2.981514577422761381e-01
5.310029697706155627e-01
3.489177977907533812e-01
7.116636138855132465e-01
5.646955741374370952e-01
-2.891639601088276113e-01
9.616315612893731046e-01
-5.099227087037367934e-01
-6.075694005995404545e-01
6.368676854331543069e-01
2.396102003071758357e-01
4.547894691138345546e-01
-4.612977824106219149e-01
-7.264537068318841495e-01
1.725944982393374794e-01
-2.289912162487537373e-01
-1.759825410700486259e-01
9.076108652096090967e-01
1.556102881609624511e-01
-6.575425335764892854e-01
-3.925402870542471501e-01
2.793023880712854901e-01
-7.561094195317252797e-03
-9.836315157407191645e-01
-6.821376337530800082e-01
-5.933330068741340391e-01
-3.227341826177387851e-02
9.004112708342677518e-01
-4.389250981765164816e-01
-3.784161896458047014e-01
-7.214440281363923013e-01
-3.782364784233060995e-02
-4.105261082943205686e-01
9.002048781313423120e-01
-9.465807848504705913e-01
-2.637193364405121532e-01
-2.012422393375135066e-01
-5.145027772201700156e-01
-6.663710425571580664e-01
8.378654113047996344e-01
-9.996654915793867779e-02
-1.641030987073341940e-01
6.947481010921026101e-01
4.386908546302514811e-01
8.663019329925967238e-01
4.861452027241650597e-01
-7.837104571936159836e-02
-1.196066621695259791e-01
3.062550727013328977e-01
-7.103087049659977392e-01
9.041790781497316409e-01
6.251242414389328594e-01
-4.549598223644431005e-01
-6.988061000643146503e-01
9.644538188560545233e-01
-9.493138534390193062e-01
9.370216807675897375e-01
5.694393315202259664e-01
9.816294580499964617e-01
1.965052011353980443e-01
-2.336152160702376079e-02
-1.409743899413298251e-01
-3.783726391863715399e-01
5.947425519068574307e-01
-9.936617318593810033e-01
-5.801555856446425352e-01
2.041931864716417522e-02
-1.736671837224470494e-01
-2.745572163598191118e-01
9.762064027800352317e-01
-4.729120342714367986e-01
-1.776129546953688632e-01
-4.888157526077829829e-01
6.742550681892300890e-01
-8.160555334484425050e-01
9.426618454713620032e-01
4.704776605432738901e-01
6.431730964346196178e-01
8.399807214611649808e-01
4.725513157630132355e-01
3.013494047778484397e-01
-4.087017013399749654e-01
-1.332644649801348891e-01
4.476087561584856100e-01
8.356281612921190316e-02
6.027852435272726961e-01
7.804919306896145326e-01
3.312457044335341827e-01
6.866879528883951256e-01
2.227541385229365734e-01
-9.544643263248415721e-01
-1.448885090261420316e-03
6.161747139974260712e-02
-8.643485006406812499e-01
4.941402073356397917e-01
6.678068195701014620e-01
7.461701892877590225e-01
-2.448529352626616085e-01
4.866117297300598388e-01
-1.684543224404506656e-01
8.189296449757683671e-01
-9.005801591303637110e-01
-2.584741167644022397e-02
9.780493915230981106e-01
-5.224055598694594682e-01
6.080564146779159351e-01
3.904839661700749698e-01
9.285142142748903371e-01
9.284668497531083364e-01
9.889971912542072641e-01
6.781713767905810375e-01
4.103615647096798824e-01
-3.024793638504101878e-01
-9.318431503842870001e-01
-7.835579905606970819e-02
6.766343116549018433e-01
-3.198028163455113315e-02
8.298764672891361105e-01
-3.501704118708097724e-01
-6.940317690277395535e-01
4.271559328641123532e-01
2.096931123023080268e-01
-8.327170600179381044e-01
-2.263869892072181145e-01
-5.152272177401202580e-01
-7.704873441497026576e-01
4.946724054477331656e-01
5.736370372242456384e-01
-3.593222748585715998e-01
-1.813575710198687130e-01
-2.845326737603675049e-01
2.885306622297267864e-02
-8.356270462176647040e-01
7.521491756434248721e-01
7.176612627031715430e-01
-7.886843882342400303e-01
5.501452538249989033e-01
-1.508600887413600322e-01
-1.294495178633037202e-01
-5.665631422649273219e-01
6.345659899340894139e-01
5.974082339398403274e-01
8.832946838942823398e-02
2.907690269577711817e-02
9.273546522805216075e-01
-2.910288151854907301e-01
-3.262800828952665544e-01
-7.254775430070754538e-01
1.563695628999790532e-01
-3.147200379916370583e-01
-4.254025834474381984e-01
-9.534494005585862908e-01
9.344664540402825015e-01
-7.598252348782905674e-01
5.280836949390070867e-01
-5.585782335848150648e-01
4.218644697592879300e-01
4.465577383861460969e-01
-3.813387110151802428e-01
-1.069318033228781051e-01
-1.660646651542239116e-01
8.772160482699680184e-01
-5.169951616527017624e-01
-5.933788914280750948e-01
9.131328913019032267e-01
-1.224259019649176494e-03
-9.408307207571080522e-01
4.603550592486447268e-01
9.887371824961843636e-01
6.189627413222471564e-01
7.607478252339894276e-02
-3.086120248201089655e-01
7.214774518053237440e-01
6.894845475582169758e-01
6.166955703337226868e-01
-1.518330950589215078e-01
