-1.000000000000000000e+00
-1.000000000000000000e+00
-1.000000000000000000e+00
-1.000000000000000000e+00
-1.000000000000000000e+00
-1.984579759319312631e-01
1.000000000000000000e+00
1.000000000000000000e+00
-1.000000000000000000e+00
-1.000000000000000000e+00
6.728689870520280225e-01
6.455233031301288449e-01
1.000000000000000000e+00
-1.000000000000000000e+00
-1.000000000000000000e+00
8.271708237630249760e-01
1.000000000000000000e+00
-7.495753180594990628e-01
1.000000000000000000e+00
-1.000000000000000000e+00
-1.000000000000000000e+00
-5.312261090191103818e-01
4.597632641111196183e-01
-4.506191773995773531e-01
8.170025462903001134e-01
-9.044072386110545425e-01
1.000000000000000000e+00
1.000000000000000000e+00
1.000000000000000000e+00
1.000000000000000000e+00
-5.387477173575128120e-04
1.000000000000000000e+00
1.728677108436951215e-01
-8.004727886015141625e-01
-1.000000000000000000e+00
-1.000000000000000000e+00
4.074699012010334354e-01
-1.000000000000000000e+00
-1.000000000000000000e+00
1.000000000000000000e+00
1.000000000000000000e+00
-1.000000000000000000e+00
-1.000000000000000000e+00
-1.000000000000000000e+00
1.000000000000000000e+00
-1.000000000000000000e+00
-1.000000000000000000e+00
1.000000000000000000e+00
1.000000000000000000e+00
-1.000000000000000000e+00
-1.000000000000000000e+00
-1.150859316236633734e-01
1.000000000000000000e+00
-4.478093738905555843e-01
-1.742204799253705971e-01
-1.000000000000000000e+00
1.000000000000000000e+00
1.000000000000000000e+00
1.000000000000000000e+00
7.689008399873634714e-01
-1.000000000000000000e+00
1.000000000000000000e+00
-1.000000000000000000e+00
-3.217636551088436936e-01
-1.000000000000000000e+00
-1.000000000000000000e+00
-1.000000000000000000e+00
1.000000000000000000e+00
1.000000000000000000e+00
-1.000000000000000000e+00
-1.000000000000000000e+00
3.863958170672998627e-01
-7.865476931677020112e-01
7.530499480954089275e-01
-1.000000000000000000e+00
-1.000000000000000000e+00
2.985903251851154683e-02
-1.000000000000000000e+00
6.992751449525935747e-02
-6.179601262332425904e-01
1.000000000000000000e+00
-1.000000000000000000e+00
-1.000000000000000000e+00
-1.000000000000000000e+00
4.693069787842368834e-01
-3.730599388668358607e-01
1.000000000000000000e+00
1.000000000000000000e+00
-1.000000000000000000e+00
-1.000000000000000000e+00
-1.000000000000000000e+00
-1.000000000000000000e+00
-9.208683313603810427e-01
-1.000000000000000000e+00
6.948017110161475163e-01
1.000000000000000000e+00
-1.000000000000000000e+00
-1.000000000000000000e+00
-1.000000000000000000e+00
9.156449353261759683e-01
7.523053565074648841e-01
7.365176996924177599e-01
1.000000000000000000e+00
-1.000000000000000000e+00
-1.000000000000000000e+00
1.000000000000000000e+00
6.036182561441658656e-01
1.000000000000000000e+00
-1.000000000000000000e+00
-1.000000000000000000e+00
1.000000000000000000e+00
-8.122011510167129744e-01
1.000000000000000000e+00
-1.000000000000000000e+00
8.167404606117701915e-01
1.000000000000000000e+00
8.090939850455713955e-01
4.334810326335455377e-01
-1.000000000000000000e+00
2.062659393964364485e-01
2.208884854635604356e-01
-6.972793819910907409e-01
1.000000000000000000e+00
-4.927295890900551534e-01
-1.000000000000000000e+00
9.617009145146910853e-01
1.000000000000000000e+00
9.857878105542219327e-01
3.498552184247591401e-01
-1.000000000000000000e+00
6.426863821605782734e-01
6.196208538991588854e-01
-1.000000000000000000e+00
1.000000000000000000e+00
-1.000000000000000000e+00
1.000000000000000000e+00
-1.000000000000000000e+00
2.296431076521447956e-01
1.811467748422634916e-02
8.791485262624014752e-01
7.625638164995003354e-01
-1.000000000000000000e+00
1.000000000000000000e+00
1.000000000000000000e+00
-1.000000000000000000e+00
-1.000000000000000000e+00
1.000000000000000000e+00
5.356535350029587583e-01
1.000000000000000000e+00
7.440053149543648381e-01
8.389894284782861700e-01
-8.052475180105342911e-01
4.199313221455590606e-01
7.508721259514057333e-01
1.000000000000000000e+00
1.000000000000000000e+00
1.000000000000000000e+00
1.000000000000000000e+00
1.000000000000000000e+00
-1.000000000000000000e+00
-6.452839334715491093e-01
-3.082535923477474071e-01
1.000000000000000000e+00
-1.000000000000000000e+00
1.000000000000000000e+00
1.000000000000000000e+00
-1.000000000000000000e+00
-1.000000000000000000e+00
-4.849069238532377479e-02
-2.190989983870751390e-01
8.562408433383568163e-01
7.586890592747552731e-02
-5.198931233580312838e-01
1.000000000000000000e+00
8.690362136769460566e-01
-6.208264800123338700e-01
-9.725048616800807677e-01
1.000000000000000000e+00
-4.891902426967882356e-01
5.741343461415613358e-01
3.250013300452603282e-03
2.931386508862446894e-01
1.000000000000000000e+00
-1.000000000000000000e+00
-1.000000000000000000e+00
-1.000000000000000000e+00
1.000000000000000000e+00
1.000000000000000000e+00
1.000000000000000000e+00
1.967038984658140977e-01
1.000000000000000000e+00
6.490808005180817020e-01
1.000000000000000000e+00
-3.180331861761505063e-01
-1.000000000000000000e+00
5.823939703112444022e-01
7.732083391662183391e-01
1.000000000000000000e+00
-3.576442783963595939e-01
-5.770981526911456161e-01
-1.000000000000000000e+00
2.241807737189263072e-01
-1.000000000000000000e+00
-1.000000000000000000e+00
-1.000000000000000000e+00
-6.319421368785234083e-01
1.000000000000000000e+00
-1.000000000000000000e+00
1.369350104087045938e-01
1.000000000000000000e+00
-1.000000000000000000e+00
-1.359412314238986896e-01
-8.554598847561878383e-01
3.996790546708323122e-01
3.160832325355062977e-01
-1.000000000000000000e+00
-1.000000000000000000e+00
4.130637972238004885e-01
1.000000000000000000e+00
1.000000000000000000e+00
-1.000000000000000000e+00
1.000000000000000000e+00
-2.663263326145606236e-01
-1.000000000000000000e+00
-1.000000000000000000e+00
-1.000000000000000000e+00
9.933742186115643857e-01
-1.000000000000000000e+00
9.368002022169996668e-01
5.788656614099353392e-01
-1.000000000000000000e+00
8.234494279034021424e-02
4.657955756096943123e-01
1.000000000000000000e+00
1.857002892183710063e-01
1.000000000000000000e+00
-1.000000000000000000e+00
1.000000000000000000e+00
-1.000000000000000000e+00
-1.000000000000000000e+00
-1.000000000000000000e+00
1.000000000000000000e+00
1.000000000000000000e+00
1.000000000000000000e+00
1.548114055170630166e-01
1.000000000000000000e+00
-6.148173946598178841e-01
1.000000000000000000e+00
1.000000000000000000e+00
-1.000000000000000000e+00
-3.206607065207521257e-01
-8.228698123487770966e-01
1.058836184371016315e-01
1.000000000000000000e+00
-1.000000000000000000e+00
-1.000000000000000000e+00
1.000000000000000000e+00
1.000000000000000000e+00
-1.000000000000000000e+00
1.000000000000000000e+00
-1.000000000000000000e+00
1.000000000000000000e+00
-1.000000000000000000e+00
4.704638818042767845e-01
-1.000000000000000000e+00
