5.217220462382068380e-01
-1.000000000000000000e+00
3.901880165750380991e-01
1.224275458141718120e-01
1.000000000000000000e+00
7.498427552653116335e-01
-2.131179691925830788e-01
6.038788735129749785e-01
1.000000000000000000e+00
-1.000000000000000000e+00
-2.024387837273597945e-01
-9.241558927482571573e-01
5.099019896939704921e-01
-1.000000000000000000e+00
1.000000000000000000e+00
-4.426285449972509056e-01
1.000000000000000000e+00
-1.000000000000000000e+00
6.153043895064662649e-01
1.000000000000000000e+00
-7.657225988382394544e-01
-3.765095204468220658e-01
-7.474862931990549075e-01
1.000000000000000000e+00
1.612354457544962205e-02
1.000000000000000000e+00
-8.559448550372483755e-02
1.000000000000000000e+00
-1.000000000000000000e+00
1.000000000000000000e+00
1.000000000000000000e+00
-2.216116704149229122e-01
6.845374099921268662e-01
1.000000000000000000e+00
6.615813263926730858e-01
4.279134162224720317e-01
-9.528597906247350258e-01
-1.000000000000000000e+00
2.885619617754222599e-01
1.000000000000000000e+00
-6.491581814695062125e-01
-1.000000000000000000e+00
-7.023655125660173137e-01
-1.000000000000000000e+00
5.030525287883875762e-01
-1.000000000000000000e+00
-6.209977784698054171e-01
1.000000000000000000e+00
-1.000000000000000000e+00
8.299616029387576477e-01
1.000000000000000000e+00
-1.000000000000000000e+00
-6.495139873343112047e-01
-1.000000000000000000e+00
9.721605447621963769e-01
-1.000000000000000000e+00
1.644922524386835949e-01
-1.000000000000000000e+00
2.870385832871941156e-01
1.000000000000000000e+00
1.000000000000000000e+00
8.035783279722963357e-01
-1.000000000000000000e+00
1.000000000000000000e+00
-4.953706811860746906e-01
1.419593470904847443e-01
3.480165444669336416e-01
-4.979951540819909095e-01
8.155575624193212025e-01
-3.222136293203377022e-01
-1.000000000000000000e+00
-1.000000000000000000e+00
3.203488020251356594e-01
-1.000000000000000000e+00
1.000000000000000000e+00
-5.964073346007522369e-01
1.000000000000000000e+00
9.821686354545988706e-01
1.000000000000000000e+00
-1.000000000000000000e+00
1.811655836461619762e-01
-1.000000000000000000e+00
-1.000000000000000000e+00
-4.708353659777683164e-01
-3.086790635768461577e-01
-1.000000000000000000e+00
-1.675830599156518108e-01
3.174417528804045485e-01
-1.000000000000000000e+00
-4.861624745296971861e-01
-1.000000000000000000e+00
8.972635407382364425e-01
1.385378771537346676e-01
-4.696725017906516753e-01
-1.182568118603868901e-01
-2.205189266620664057e-01
3.160879851737479762e-01
3.937546950790425937e-01
7.496831125472152024e-01
-2.161292527381576123e-01
1.000000000000000000e+00
1.000000000000000000e+00
-9.147102741288188898e-01
-1.000000000000000000e+00
1.000000000000000000e+00
-1.000000000000000000e+00
-1.000000000000000000e+00
-7.024017990624155106e-01
-6.841893829500267366e-02
-5.829228632546534783e-02
-1.000000000000000000e+00
-4.960413555040432687e-02
4.662905429551019720e-01
-1.000000000000000000e+00
-1.000000000000000000e+00
1.000000000000000000e+00
4.565207355011905443e-01
-1.000000000000000000e+00
1.000000000000000000e+00
-1.000000000000000000e+00
1.000000000000000000e+00
-1.000000000000000000e+00
-9.687716765103113192e-02
1.000000000000000000e+00
-5.133317988700476509e-01
-1.000000000000000000e+00
-1.236876217468618755e-01
-2.335763080421200122e-01
-1.000000000000000000e+00
1.000000000000000000e+00
-1.000000000000000000e+00
-1.000000000000000000e+00
5.831727343271609909e-01
-1.000000000000000000e+00
1.000000000000000000e+00
1.000000000000000000e+00
-1.000000000000000000e+00
-3.632665660263814100e-01
-1.000000000000000000e+00
-4.674928061031909388e-01
8.893492169351279175e-01
1.000000000000000000e+00
-1.000000000000000000e+00
-1.000000000000000000e+00
6.135951934902933447e-01
-1.000000000000000000e+00
-1.000000000000000000e+00
-1.000000000000000000e+00
1.000000000000000000e+00
8.074854495210614935e-02
-1.000000000000000000e+00
1.000000000000000000e+00
-8.925762004582488141e-01
-1.000000000000000000e+00
-1.000000000000000000e+00
1.830891092767636952e-01
-3.618815687672070069e-01
1.000000000000000000e+00
1.000000000000000000e+00
-1.000000000000000000e+00
5.974482194812185121e-01
-1.000000000000000000e+00
1.000000000000000000e+00
-1.000000000000000000e+00
-8.496730039675612911e-01
1.000000000000000000e+00
-1.000000000000000000e+00
7.666691113693127058e-01
-1.000000000000000000e+00
-7.107385405611285067e-01
1.000000000000000000e+00
6.349640773143195860e-01
-1.000000000000000000e+00
1.000000000000000000e+00
-8.639045387657576791e-01
-8.287671576700006426e-01
7.502885841696704805e-02
1.000000000000000000e+00
1.000000000000000000e+00
-1.000000000000000000e+00
-8.060319366338120073e-01
-8.771243996666144849e-01
-1.000000000000000000e+00
3.470298006786525224e-01
-1.000000000000000000e+00
-1.000000000000000000e+00
-9.065799470116235881e-01
6.097511191831637145e-01
-1.000000000000000000e+00
1.000000000000000000e+00
-1.375622564367842138e-01
-1.000000000000000000e+00
5.322934545038814358e-01
4.377606873459897185e-01
8.917129684001431356e-01
1.000000000000000000e+00
1.000000000000000000e+00
1.000000000000000000e+00
-1.000000000000000000e+00
1.000000000000000000e+00
-1.000000000000000000e+00
1.000000000000000000e+00
1.000000000000000000e+00
1.847380809047993733e-02
-1.643330015162015600e-01
-1.000000000000000000e+00
-1.000000000000000000e+00
-1.000000000000000000e+00
1.000000000000000000e+00
8.076235826800337581e-02
-5.231550511067912801e-01
-1.000000000000000000e+00
1.000000000000000000e+00
6.063646447706716458e-01
-1.000000000000000000e+00
-5.439233115839967603e-01
-1.000000000000000000e+00
-3.267651843667243039e-01
1.000000000000000000e+00
1.000000000000000000e+00
1.000000000000000000e+00
-1.000000000000000000e+00
-2.361936210032544725e-01
1.000000000000000000e+00
1.000000000000000000e+00
-2.914933343212608996e-01
-7.880277524829004676e-01
-1.000000000000000000e+00
2.199913444610638036e-01
1.000000000000000000e+00
1.000000000000000000e+00
-5.823748009826811289e-01
5.444582390996246524e-01
8.332743684206120882e-01
-1.000000000000000000e+00
-3.272463094702741659e-01
7.437504024020193949e-01
-6.917482684172988616e-01
3.907989950256253175e-01
9.670191775724434891e-01
-2.734138625681059587e-01
-1.000000000000000000e+00
1.000000000000000000e+00
-1.000000000000000000e+00
-5.954030864754157326e-01
1.000000000000000000e+00
3.575542865299471407e-01
-3.534528946223955415e-01
9.449665388372023855e-01
2.057766309985238351e-01
-1.000000000000000000e+00
-2.612332331429987331e-01
-1.907559127274118249e-01
-4.027574772879296550e-01
1.000000000000000000e+00
1.000000000000000000e+00
-1.000000000000000000e+00
-1.000000000000000000e+00
7.142596656596906790e-01
-1.000000000000000000e+00
-1.000000000000000000e+00
3.464043419247544997e-01
1.000000000000000000e+00
-1.000000000000000000e+00
-6.532825638981443195e-01
