-1.000000000000000000e+00
1.000000000000000000e+00
-2.370433979377677691e-01
3.634375340702529211e-01
-7.559250043946665887e-01
1.000000000000000000e+00
-1.000000000000000000e+00
9.652464899183423874e-01
1.000000000000000000e+00
9.548110445593964712e-01
-3.794735451386292702e-02
6.813282417236121713e-01
-7.549598575471976325e-01
8.328838292079132621e-01
5.586654447407760626e-01
1.000000000000000000e+00
4.651852209300944008e-01
-9.113504070515427991e-01
-1.000000000000000000e+00
-1.000000000000000000e+00
8.835109380220587116e-01
5.548172247420344316e-01
-1.000000000000000000e+00
-6.884942389723355261e-01
-4.753667475511547114e-02
-1.000000000000000000e+00
-1.000000000000000000e+00
1.000000000000000000e+00
6.347819226675881499e-01
-1.000000000000000000e+00
4.196870825449701137e-01
1.000000000000000000e+00
1.000000000000000000e+00
1.000000000000000000e+00
2.515342105850055798e-01
-6.705607546980463241e-03
-1.000000000000000000e+00
-2.566455962688646286e-01
-1.000000000000000000e+00
9.714333448541356830e-01
-1.000000000000000000e+00
1.000000000000000000e+00
1.000000000000000000e+00
1.000000000000000000e+00
-4.294699046721128788e-02
1.000000000000000000e+00
7.698481079239367642e-01
7.767987073317268454e-01
4.689764159402827204e-01
-5.652529104565111595e-01
-1.000000000000000000e+00
4.445587829932168278e-01
-1.205511925461803524e-01
-7.917640609007277064e-01
-4.792756648026069710e-01
1.000000000000000000e+00
5.057264090953361713e-02
1.000000000000000000e+00
7.965751672194605337e-01
4.422960671797042109e-01
1.000000000000000000e+00
3.595295914351713251e-01
-1.000000000000000000e+00
8.246942728233593867e-01
-1.000000000000000000e+00
-8.046818368819087519e-01
5.459569136530699751e-01
6.980651550186109944e-01
7.514715877129046762e-01
1.000000000000000000e+00
-8.104111631366617274e-01
-6.739806997877018091e-01
6.264797165432958725e-02
-1.007832233825394219e-01
-7.783887210065184581e-01
5.836236095271507551e-03
-9.109110862103197981e-01
1.000000000000000000e+00
-3.477305171490523428e-01
-4.734648696449653138e-02
-1.000000000000000000e+00
-1.000000000000000000e+00
1.000000000000000000e+00
-1.000000000000000000e+00
1.000000000000000000e+00
-1.000000000000000000e+00
-9.234874664612822137e-01
-1.000000000000000000e+00
-1.000000000000000000e+00
-7.585765372166798359e-01
-9.211411213341732518e-01
1.000000000000000000e+00
-1.000000000000000000e+00
-9.589938713864344377e-01
-8.021014895400471190e-01
-3.122269146249785354e-01
-1.000000000000000000e+00
-1.000000000000000000e+00
-7.216951502186155221e-01
5.834581857784413295e-01
-1.408248091506385524e-01
1.000000000000000000e+00
1.000000000000000000e+00
-5.025759091492599806e-01
-1.000000000000000000e+00
-1.000000000000000000e+00
2.713812296585659256e-01
-1.000000000000000000e+00
2.430203474857085544e-01
4.035951470623849735e-01
-1.000000000000000000e+00
-1.000000000000000000e+00
-1.000000000000000000e+00
1.000000000000000000e+00
4.048244667786505824e-01
-5.270876307298459906e-01
4.505906452479940816e-01
-4.104593761651662565e-01
5.518976513295112962e-01
7.591935997886223308e-02
-6.071047710457286861e-01
1.000000000000000000e+00
1.000000000000000000e+00
-5.673448414849179278e-01
1.000000000000000000e+00
1.000000000000000000e+00
2.056811119201931159e-01
-1.000000000000000000e+00
-1.000000000000000000e+00
1.901928144317162617e-01
3.526246591579251799e-02
-6.113284348098462218e-01
-4.996220040250021199e-03
-5.601559091483478969e-01
1.000000000000000000e+00
5.515874151249255952e-01
-1.000000000000000000e+00
-1.000000000000000000e+00
5.618856894629215004e-01
-4.057139895480539327e-01
-8.271634046704731125e-01
-1.000000000000000000e+00
8.243554969503913421e-02
-1.000000000000000000e+00
-3.418858531560567959e-01
9.515784135236348140e-01
-3.897187883120264429e-01
1.000000000000000000e+00
-3.436343294512117508e-03
-1.000000000000000000e+00
4.515817030906429941e-01
1.000000000000000000e+00
-3.056796948614656229e-01
-3.200716290514287188e-01
-2.566160053550614606e-01
-1.000000000000000000e+00
-2.124118262331695650e-01
1.034807123840273402e-01
1.000000000000000000e+00
1.000000000000000000e+00
-1.000000000000000000e+00
1.000000000000000000e+00
2.677390839987878746e-01
7.488896818953920675e-01
-2.272362964573144684e-01
-4.686146978930086360e-01
-1.000000000000000000e+00
-7.113471428494890780e-01
7.905011944695059523e-01
-9.141962586569740701e-03
1.000000000000000000e+00
9.534727950005129626e-01
4.652299361915687159e-01
2.011123747633780656e-01
3.185625776025766687e-01
-1.000000000000000000e+00
6.086957051499697346e-01
-1.000000000000000000e+00
1.000000000000000000e+00
1.000000000000000000e+00
-6.143346271860927743e-01
6.103606822571459034e-01
1.130202033767004899e-01
-1.000000000000000000e+00
-1.000000000000000000e+00
-4.002963580351556749e-01
-1.000000000000000000e+00
1.886845591610286643e-01
-9.618586058402487371e-01
3.779603440181513729e-01
-2.318773235631574892e-01
-2.821018890893418618e-01
-9.786366494739182631e-01
1.040582640572360607e-01
1.000000000000000000e+00
1.000000000000000000e+00
2.414353298472882159e-01
-1.000000000000000000e+00
3.344885203238249227e-01
7.788539112656284180e-01
-4.186264530327923339e-01
1.000000000000000000e+00
2.244921397161374621e-01
-6.639046477490482268e-01
-1.000000000000000000e+00
-6.048195095624522288e-01
9.623969078523055831e-01
-6.305266177626942525e-01
1.000000000000000000e+00
1.000000000000000000e+00
8.205264079520282472e-01
-1.000000000000000000e+00
-6.053484354375660015e-01
1.628364704727989221e-01
4.160119691735297831e-02
1.000000000000000000e+00
-3.161786633746359598e-01
-3.177887924962248256e-01
-4.976568978748765470e-01
8.623399951402820340e-01
-5.532271760300060404e-01
-5.946755870530362476e-01
9.233494866667408818e-01
7.766252484131752620e-01
-1.000000000000000000e+00
-1.000000000000000000e+00
-4.677898147531633910e-01
1.000000000000000000e+00
-1.614277775109704827e-01
1.000000000000000000e+00
5.482569840531424932e-01
4.317214329207775814e-01
-3.854842205836203628e-01
1.000000000000000000e+00
5.791550947638576252e-01
-2.649111709546809190e-01
7.942063600890871822e-01
-1.000000000000000000e+00
-6.970818684613504512e-01
5.211586402879486712e-02
6.814155838257521802e-01
1.000000000000000000e+00
1.000000000000000000e+00
-5.859437556735536123e-01
-1.000000000000000000e+00
-1.000000000000000000e+00
-7.387424201164144444e-01
-4.270697189402374860e-01
-1.000000000000000000e+00
1.000000000000000000e+00
-1.373278843774711766e-01
-1.000000000000000000e+00
-3.623167263026030316e-01
-4.159329545835044328e-01
-9.517344751288356886e-01
-1.000000000000000000e+00
-7.380524044385621263e-01
1.000000000000000000e+00
2.013233427986008406e-01
7.953867534105163450e-01
9.435408648747576343e-01
-1.872948053781626765e-01
-5.539902840791681715e-01
1.000000000000000000e+00
-2.005969285191863127e-01
