4.319866843506275922e-01
1.000000000000000000e+00
-1.000000000000000000e+00
-4.145865516099447312e-01
1.000000000000000000e+00
-6.381661559131428518e-01
-2.368517631936957191e-01
-2.111125235022881519e-03
5.305630084761125964e-01
-6.810681821753984400e-01
1.000000000000000000e+00
-5.328998013868767591e-01
1.000000000000000000e+00
2.693399238886582947e-01
7.675125397341229228e-01
-1.000000000000000000e+00
-1.000000000000000000e+00
-3.914808403591383268e-01
1.000000000000000000e+00
-2.218844823902812458e-01
-9.694839257769539698e-01
-4.840647160870000798e-01
6.716134396561785902e-01
8.820308563867328422e-01
9.208096456145162811e-01
-3.253237925625141469e-01
1.000000000000000000e+00
-1.687851331470602290e-02
1.158988415143179518e-01
-5.547224571293321027e-01
-1.000000000000000000e+00
3.891754701785959392e-01
-8.615827622639261607e-01
1.000000000000000000e+00
-3.648420023014632418e-01
1.000000000000000000e+00
1.000000000000000000e+00
1.000000000000000000e+00
-9.503711078397037992e-01
4.587733696638113257e-01
1.000000000000000000e+00
1.000000000000000000e+00
-6.713491530453212786e-01
-4.706004878149829818e-01
-6.865390744049784111e-01
-1.184677169813018738e-01
3.193385869681555356e-01
6.761472361809390819e-01
-1.000000000000000000e+00
-4.345419506514917041e-01
6.423515195555173918e-03
1.000000000000000000e+00
-1.000000000000000000e+00
-1.795413213555383525e-01
-9.095219672412477863e-01
-4.617544205165615701e-01
-9.221442558295482872e-01
1.000000000000000000e+00
-1.000000000000000000e+00
2.026246152939225054e-01
-1.750486934810551176e-01
-5.048093474028289007e-01
1.000000000000000000e+00
-1.000000000000000000e+00
-2.208961099528212735e-01
9.143854375551797586e-01
1.000000000000000000e+00
-1.569077419740068091e-01
6.063285340360935471e-01
-1.000000000000000000e+00
-8.195203526078715939e-01
7.995803362063866881e-01
2.338549941274148392e-01
-1.937122388323493372e-01
-8.593749217502797411e-01
-1.000000000000000000e+00
-1.000000000000000000e+00
5.055084678294490264e-01
5.764039960583666744e-01
9.292496367242868427e-01
-1.000000000000000000e+00
-6.437931185263243705e-01
8.007600052865038176e-01
2.154843631529239079e-01
1.000000000000000000e+00
-1.000000000000000000e+00
-3.865804806421531126e-01
-1.000000000000000000e+00
5.291431464780314009e-01
-1.000000000000000000e+00
-1.547844295877403853e-01
1.000000000000000000e+00
-1.000000000000000000e+00
2.559827066774550408e-02
-1.000000000000000000e+00
-1.000000000000000000e+00
-1.000000000000000000e+00
1.000000000000000000e+00
1.000000000000000000e+00
6.629360777243060721e-01
3.135183949241253654e-01
-1.018640383699818130e-01
1.000000000000000000e+00
1.888826568281001261e-01
2.442369356429314187e-01
5.150285933293906604e-01
-6.264694752726737148e-01
-7.284718591991281578e-01
-2.096488674123070384e-01
-6.922013423309831825e-01
1.000000000000000000e+00
8.930572958702776010e-01
-1.052129211841205669e-01
-1.000000000000000000e+00
1.000000000000000000e+00
-8.452428237553492041e-01
-1.000000000000000000e+00
-9.962235020367915528e-01
1.000000000000000000e+00
-6.061145060811077290e-01
-1.000000000000000000e+00
-6.038051428094473039e-01
8.079369006744507864e-01
4.486337639147284229e-01
-2.732497784174048316e-01
-7.152437942718603558e-01
-5.481406436881905986e-01
9.245730806322812745e-01
1.000000000000000000e+00
-5.222920005489932738e-01
-9.589156154343675409e-01
-8.896191958610444317e-02
8.421229960564449724e-03
-1.976295277783949866e-01
-6.733404422941657863e-02
-9.572644385889621521e-01
5.659226920453352960e-02
1.000000000000000000e+00
-8.447032607798609094e-01
1.000000000000000000e+00
-2.463950449728124492e-01
-5.337462225400910754e-01
-9.113667813897936565e-01
-1.550484610203013980e-01
1.000000000000000000e+00
-7.983545473512712043e-01
-1.592815216086027608e-01
-6.643352295327256130e-01
-6.638672543239125812e-01
-1.000000000000000000e+00
-2.794431251986132514e-01
1.000000000000000000e+00
-1.000000000000000000e+00
9.820492483935949757e-01
-8.800983287149224399e-01
1.000000000000000000e+00
5.380384944971081662e-01
-1.000000000000000000e+00
-3.723740262174957127e-01
8.582140236241959652e-01
-4.028492221442592225e-01
1.000000000000000000e+00
-1.000000000000000000e+00
8.160487469995567067e-02
5.759350271312242420e-01
-1.390796293983316279e-01
-1.000000000000000000e+00
3.059601709362645972e-01
1.000000000000000000e+00
-1.000000000000000000e+00
-6.940740306527798387e-02
4.951236590510708080e-01
1.000000000000000000e+00
1.227467332949419010e-01
1.000000000000000000e+00
2.460624284502257453e-01
3.395866293813679104e-02
9.174376712476269846e-01
-1.000000000000000000e+00
1.000000000000000000e+00
-1.000000000000000000e+00
3.479927782781579992e-01
-4.531261351932360237e-01
-4.174958579301396577e-02
-1.000000000000000000e+00
-1.000000000000000000e+00
1.000000000000000000e+00
3.168596019144312437e-01
-8.433956702594044286e-01
2.135946265216439599e-01
-1.000000000000000000e+00
8.518310237416955033e-01
-7.596290229756703649e-01
1.000000000000000000e+00
1.000000000000000000e+00
1.137685133486605604e-01
1.000000000000000000e+00
9.288242518694368455e-01
-3.336450762008087434e-01
-1.523718349446034903e-01
1.757439394442437131e-01
1.000000000000000000e+00
-3.745751496059877006e-01
-7.034837778287295063e-01
-1.000000000000000000e+00
-1.000000000000000000e+00
-1.000000000000000000e+00
7.585430962359080986e-01
1.000000000000000000e+00
1.000000000000000000e+00
-1.000000000000000000e+00
2.743209190757783800e-01
-4.397126873015573256e-01
6.981921957964123404e-01
-8.973917848355179583e-01
-7.996334793153252463e-01
-7.220154216587070239e-01
-1.000000000000000000e+00
-7.006891274678197501e-01
1.000000000000000000e+00
1.174684566439032629e-02
1.909810070051005670e-01
-1.000000000000000000e+00
6.228202357217120788e-01
-5.445194817861234160e-01
-1.000000000000000000e+00
1.000000000000000000e+00
-1.000000000000000000e+00
-4.741438407766325192e-01
-1.000000000000000000e+00
-4.709918653910683539e-01
-9.055301367918221489e-01
9.614504446779822411e-01
1.000000000000000000e+00
-1.000000000000000000e+00
1.000000000000000000e+00
-1.000000000000000000e+00
-1.000000000000000000e+00
-1.139229186849626263e-01
-9.885781212058721845e-01
-1.000000000000000000e+00
-5.766709600191854967e-02
-1.000000000000000000e+00
1.000000000000000000e+00
-8.756686925683592193e-01
-4.091930005212597310e-01
1.955689297079867828e-01
-1.000000000000000000e+00
-3.149149572394534524e-01
8.560466568891555994e-02
-1.000000000000000000e+00
1.746146801937875637e-02
-1.000000000000000000e+00
1.000000000000000000e+00
1.366850015702123500e-01
-1.000000000000000000e+00
1.000000000000000000e+00
-8.057880853303839297e-01
-3.289660316066536083e-01
1.000000000000000000e+00
-1.000000000000000000e+00
4.821301536789863729e-01
8.087496986720533743e-01
-6.462590124230862543e-01
7.409461517308519873e-01
