-1.000000000000000000e+00
-1.000000000000000000e+00
1.000000000000000000e+00
2.258923598451234027e-01
4.031064050552632949e-01
-1.000000000000000000e+00
1.000000000000000000e+00
-1.000000000000000000e+00
-1.000000000000000000e+00
-1.000000000000000000e+00
-1.000000000000000000e+00
-7.247340331907929922e-01
7.599327239351216789e-01
6.168551474221127817e-01
1.000000000000000000e+00
-1.000000000000000000e+00
8.318345385429897210e-01
-1.000000000000000000e+00
1.000000000000000000e+00
1.000000000000000000e+00
1.000000000000000000e+00
5.695557620118231190e-01
-1.000000000000000000e+00
-1.000000000000000000e+00
1.000000000000000000e+00
-1.000000000000000000e+00
1.805311097256628861e-01
1.000000000000000000e+00
-1.000000000000000000e+00
1.000000000000000000e+00
3.627909418307544986e-01
6.839676428658034713e-01
-4.016117430431733748e-01
1.000000000000000000e+00
1.000000000000000000e+00
-1.000000000000000000e+00
1.000000000000000000e+00
-1.000000000000000000e+00
1.000000000000000000e+00
-9.781213950870488727e-01
1.000000000000000000e+00
-8.882529202161489890e-01
-1.000000000000000000e+00
-4.230928466714037883e-01
-1.000000000000000000e+00
-4.545639904370456508e-01
-1.000000000000000000e+00
1.000000000000000000e+00
-1.000000000000000000e+00
-1.000000000000000000e+00
-1.000000000000000000e+00
-1.000000000000000000e+00
1.000000000000000000e+00
-1.000000000000000000e+00
1.878679479702294319e-01
3.783959932690073025e-01
-1.000000000000000000e+00
1.000000000000000000e+00
1.000000000000000000e+00
-1.000000000000000000e+00
1.000000000000000000e+00
1.000000000000000000e+00
1.000000000000000000e+00
1.000000000000000000e+00
-7.573422294357095019e-01
1.000000000000000000e+00
1.000000000000000000e+00
-6.057370062446746362e-01
-1.000000000000000000e+00
-1.000000000000000000e+00
-2.078354299306728326e-01
9.974979392700207281e-01
1.000000000000000000e+00
1.000000000000000000e+00
-1.000000000000000000e+00
-1.974282824783557544e-02
-1.000000000000000000e+00
2.070996397423670587e-01
1.000000000000000000e+00
1.000000000000000000e+00
1.000000000000000000e+00
-3.550851558366505123e-01
1.000000000000000000e+00
-1.000000000000000000e+00
-1.000000000000000000e+00
4.794164933208541202e-01
4.895431621136093758e-01
-1.000000000000000000e+00
3.260046144457601214e-01
-1.000000000000000000e+00
1.000000000000000000e+00
-5.980169093808673786e-01
1.000000000000000000e+00
7.268959082582794329e-01
-1.000000000000000000e+00
1.000000000000000000e+00
-1.583447355280946933e-01
-1.000000000000000000e+00
-1.000000000000000000e+00
-1.000000000000000000e+00
4.793454064196651654e-01
-1.000000000000000000e+00
6.373558274076173147e-01
-1.000000000000000000e+00
-1.000000000000000000e+00
1.000000000000000000e+00
1.000000000000000000e+00
-4.741797325154110121e-01
-1.000000000000000000e+00
-1.000000000000000000e+00
-1.000000000000000000e+00
1.000000000000000000e+00
5.648873417837096955e-01
1.000000000000000000e+00
1.000000000000000000e+00
1.000000000000000000e+00
-1.000000000000000000e+00
-1.000000000000000000e+00
4.897202883732084677e-01
-4.142539893786048033e-01
-8.031433092955943265e-02
1.000000000000000000e+00
-8.079540548337749151e-01
-1.000000000000000000e+00
8.008058508488419269e-01
1.000000000000000000e+00
5.044179407129520953e-01
1.000000000000000000e+00
-1.000000000000000000e+00
9.783870993086034584e-01
-4.277433255393423561e-01
1.000000000000000000e+00
-7.037959496828989359e-01
3.844552241053684760e-01
1.000000000000000000e+00
-1.000000000000000000e+00
1.000000000000000000e+00
1.000000000000000000e+00
1.000000000000000000e+00
-1.000000000000000000e+00
-1.000000000000000000e+00
-1.000000000000000000e+00
-9.054482675152826232e-01
1.000000000000000000e+00
-1.000000000000000000e+00
1.000000000000000000e+00
1.000000000000000000e+00
-1.000000000000000000e+00
-9.175128808786704449e-01
2.048442418262803322e-01
2.397627697220687804e-01
4.047161873168891866e-02
8.017725633407285502e-01
-1.000000000000000000e+00
-1.000000000000000000e+00
1.000000000000000000e+00
1.000000000000000000e+00
-1.000000000000000000e+00
-1.000000000000000000e+00
-1.000000000000000000e+00
-1.000000000000000000e+00
1.000000000000000000e+00
-7.812510142277593328e-01
1.000000000000000000e+00
-6.701964422940550614e-01
1.104421590636435191e-01
-1.000000000000000000e+00
-1.000000000000000000e+00
-1.000000000000000000e+00
1.000000000000000000e+00
1.000000000000000000e+00
-1.000000000000000000e+00
-1.000000000000000000e+00
5.167885239052654178e-01
-1.000000000000000000e+00
6.196794748162328670e-01
1.000000000000000000e+00
-9.078998878122712668e-01
1.000000000000000000e+00
1.000000000000000000e+00
1.000000000000000000e+00
3.730000511022120158e-01
1.000000000000000000e+00
1.000000000000000000e+00
-1.000000000000000000e+00
-1.000000000000000000e+00
6.520039314664873853e-01
-1.000000000000000000e+00
-2.371777903309368885e-01
-5.154988074665673992e-01
-5.360838458091217174e-01
-1.000000000000000000e+00
1.000000000000000000e+00
-3.038049212235952590e-01
-1.000000000000000000e+00
1.000000000000000000e+00
1.000000000000000000e+00
6.758707395297388620e-01
1.000000000000000000e+00
1.000000000000000000e+00
-1.000000000000000000e+00
-3.707684189832067823e-01
1.000000000000000000e+00
-1.000000000000000000e+00
-5.151520483606510936e-01
1.000000000000000000e+00
-1.000000000000000000e+00
-9.187811933638154738e-01
9.801716100356632211e-01
-1.000000000000000000e+00
7.738164587786715565e-01
-7.633822931230377362e-01
1.000000000000000000e+00
5.611962497992702970e-01
1.000000000000000000e+00
1.000000000000000000e+00
1.000000000000000000e+00
-1.000000000000000000e+00
1.000000000000000000e+00
-1.000000000000000000e+00
-1.000000000000000000e+00
-2.461523001076020289e-01
1.000000000000000000e+00
1.000000000000000000e+00
1.000000000000000000e+00
-1.000000000000000000e+00
-1.000000000000000000e+00
-1.000000000000000000e+00
1.000000000000000000e+00
1.000000000000000000e+00
-1.000000000000000000e+00
-1.000000000000000000e+00
1.000000000000000000e+00
-1.000000000000000000e+00
1.000000000000000000e+00
-1.000000000000000000e+00
-6.438040127440798344e-01
3.785422725782454645e-01
-1.000000000000000000e+00
-1.000000000000000000e+00
-1.000000000000000000e+00
-1.000000000000000000e+00
-1.000000000000000000e+00
3.807819894088650958e-01
2.382129256056065292e-01
-1.000000000000000000e+00
1.000000000000000000e+00
1.000000000000000000e+00
1.000000000000000000e+00
2.737936785611413404e-01
9.315064654102365171e-01
1.000000000000000000e+00
8.559764705683130526e-01
8.455152032907418125e-01
-5.915945930958800281e-01
-1.000000000000000000e+00
1.000000000000000000e+00
-1.000000000000000000e+00
-1.000000000000000000e+00
-1.000000000000000000e+00
1.000000000000000000e+00
1.000000000000000000e+00
4.569639279596954817e-01
-1.000000000000000000e+00
1.000000000000000000e+00
