1.000000000000000000e+00
2.382119835015378273e-01
1.000000000000000000e+00
8.432552683958481898e-01
1.000000000000000000e+00
1.000000000000000000e+00
1.000000000000000000e+00
-1.000000000000000000e+00
-4.783000602018916414e-02
1.000000000000000000e+00
-1.000000000000000000e+00
1.000000000000000000e+00
1.000000000000000000e+00
1.000000000000000000e+00
1.000000000000000000e+00
-1.000000000000000000e+00
7.605438725049027404e-01
-1.000000000000000000e+00
-1.000000000000000000e+00
1.000000000000000000e+00
1.000000000000000000e+00
2.517875886451846901e-01
-2.217066545481374273e-01
-8.763847876253951785e-01
7.758650826670123735e-01
-1.000000000000000000e+00
-1.000000000000000000e+00
-6.397785459105405081e-01
1.000000000000000000e+00
1.000000000000000000e+00
-6.037202702619536288e-01
-1.000000000000000000e+00
1.000000000000000000e+00
6.655012918877261097e-01
-9.300866156227555193e-01
-2.875664902209308371e-01
-1.000000000000000000e+00
-1.000000000000000000e+00
-6.051424056898647708e-01
1.000000000000000000e+00
1.000000000000000000e+00
-1.000000000000000000e+00
-1.000000000000000000e+00
1.000000000000000000e+00
-1.000000000000000000e+00
-1.000000000000000000e+00
1.000000000000000000e+00
-1.000000000000000000e+00
1.000000000000000000e+00
6.384089093390138414e-01
-1.000000000000000000e+00
1.000000000000000000e+00
1.000000000000000000e+00
1.593051805914380559e-01
1.000000000000000000e+00
-1.000000000000000000e+00
-1.000000000000000000e+00
1.000000000000000000e+00
1.000000000000000000e+00
1.000000000000000000e+00
4.271085703978273473e-01
1.000000000000000000e+00
-3.470016514621462322e-01
3.723958163848785641e-01
-1.000000000000000000e+00
6.471405009325572610e-01
1.000000000000000000e+00
1.000000000000000000e+00
5.896178102835047952e-02
1.339210851042655914e-01
2.562573184603138543e-01
-5.654253861459201946e-01
1.000000000000000000e+00
-1.000000000000000000e+00
1.000000000000000000e+00
1.085789252480083844e-01
1.000000000000000000e+00
1.000000000000000000e+00
-3.114001542686680724e-01
1.000000000000000000e+00
1.000000000000000000e+00
-4.152411953481038864e-03
1.000000000000000000e+00
-4.960882437441248571e-01
1.000000000000000000e+00
1.000000000000000000e+00
1.000000000000000000e+00
-7.197605452526523173e-02
1.000000000000000000e+00
-5.371223510035132431e-01
9.984890271247385263e-01
-4.925089333178261919e-02
-1.000000000000000000e+00
1.000000000000000000e+00
-1.000000000000000000e+00
2.500569286880992559e-01
2.613965436648515439e-01
5.490963676220157463e-01
-1.000000000000000000e+00
-1.000000000000000000e+00
1.000000000000000000e+00
-1.000000000000000000e+00
1.000000000000000000e+00
1.000000000000000000e+00
5.431151857994331866e-01
1.000000000000000000e+00
3.090970154104383805e-01
-1.000000000000000000e+00
-1.000000000000000000e+00
7.032352151800611573e-01
3.641587924433578038e-01
1.000000000000000000e+00
1.000000000000000000e+00
-1.000000000000000000e+00
1.000000000000000000e+00
6.205842929186489165e-01
-1.000000000000000000e+00
1.000000000000000000e+00
1.000000000000000000e+00
8.645295943461672739e-01
-1.000000000000000000e+00
9.493366895220231028e-01
-1.574099349265442593e-01
5.573838116994450642e-02
-1.000000000000000000e+00
6.176749845303324271e-01
1.000000000000000000e+00
-1.000000000000000000e+00
1.000000000000000000e+00
9.695118519752687902e-03
9.431491249428982648e-01
-1.000000000000000000e+00
1.000000000000000000e+00
1.000000000000000000e+00
-1.000000000000000000e+00
1.000000000000000000e+00
1.000000000000000000e+00
1.000000000000000000e+00
1.000000000000000000e+00
-1.000000000000000000e+00
-1.000000000000000000e+00
-1.000000000000000000e+00
-1.000000000000000000e+00
1.000000000000000000e+00
-1.000000000000000000e+00
-1.000000000000000000e+00
1.000000000000000000e+00
-1.000000000000000000e+00
-1.000000000000000000e+00
-1.000000000000000000e+00
-4.792065177643438645e-01
1.000000000000000000e+00
1.000000000000000000e+00
1.000000000000000000e+00
-1.000000000000000000e+00
-1.000000000000000000e+00
1.000000000000000000e+00
1.000000000000000000e+00
-6.568466673253681165e-01
1.546712368107239222e-02
1.000000000000000000e+00
1.000000000000000000e+00
1.000000000000000000e+00
-1.000000000000000000e+00
1.000000000000000000e+00
7.291682734348127193e-01
-1.000000000000000000e+00
-1.000000000000000000e+00
1.000000000000000000e+00
-1.000000000000000000e+00
-1.000000000000000000e+00
-1.000000000000000000e+00
1.000000000000000000e+00
1.000000000000000000e+00
-1.000000000000000000e+00
-1.000000000000000000e+00
-1.000000000000000000e+00
1.000000000000000000e+00
1.000000000000000000e+00
1.000000000000000000e+00
5.041657649778540362e-01
-1.000000000000000000e+00
1.000000000000000000e+00
-1.000000000000000000e+00
9.328526889000618993e-01
1.000000000000000000e+00
-1.000000000000000000e+00
1.000000000000000000e+00
-1.000000000000000000e+00
1.302969331391290453e-02
-2.514243273435274872e-01
1.632006577009679216e-01
-5.577641041719577641e-01
-8.582936989052948329e-01
1.000000000000000000e+00
3.051108341321469020e-01
1.000000000000000000e+00
1.000000000000000000e+00
-1.000000000000000000e+00
-1.000000000000000000e+00
1.000000000000000000e+00
-4.367253191116755584e-01
5.723370255123139128e-01
-3.832684414741591161e-01
-1.000000000000000000e+00
-1.000000000000000000e+00
-1.000000000000000000e+00
-1.000000000000000000e+00
-1.000000000000000000e+00
-1.000000000000000000e+00
1.000000000000000000e+00
-1.000000000000000000e+00
-9.235327343256040100e-01
1.000000000000000000e+00
1.000000000000000000e+00
-1.000000000000000000e+00
1.000000000000000000e+00
1.000000000000000000e+00
-1.000000000000000000e+00
-1.000000000000000000e+00
5.395341786511800297e-01
-1.000000000000000000e+00
1.000000000000000000e+00
-7.384844167438929796e-01
-1.000000000000000000e+00
6.861020006320668330e-01
-1.000000000000000000e+00
1.000000000000000000e+00
1.000000000000000000e+00
-1.000000000000000000e+00
1.154301666867768583e-02
-1.515261176128714915e-01
5.279563326398895029e-01
-1.000000000000000000e+00
4.808673779126473868e-02
-5.379068436220988403e-01
-1.000000000000000000e+00
1.000000000000000000e+00
7.248908132353415468e-01
1.403247492782012662e-01
-1.000000000000000000e+00
-1.000000000000000000e+00
1.000000000000000000e+00
-1.183518230535087201e-01
1.000000000000000000e+00
4.546902485061643517e-01
9.342585768846376482e-01
9.749345403268444565e-02
1.000000000000000000e+00
-1.915164379435974062e-02
-1.000000000000000000e+00
-1.000000000000000000e+00
-1.000000000000000000e+00
-1.000000000000000000e+00
1.000000000000000000e+00
-1.000000000000000000e+00
-1.000000000000000000e+00
-1.000000000000000000e+00
1.000000000000000000e+00
-2.240798691933025277e-01
-1.000000000000000000e+00
-1.000000000000000000e+00
4.814844753396198551e-01
5.470755145507328887e-01
4.669865522314335937e-01
