-1.000000000000000000e+00
-1.000000000000000000e+00
-1.000000000000000000e+00
-9.386038950950215121e-01
1.000000000000000000e+00
1.000000000000000000e+00
-4.921890387463674355e-01
1.000000000000000000e+00
1.000000000000000000e+00
-1.000000000000000000e+00
1.000000000000000000e+00
1.000000000000000000e+00
-1.000000000000000000e+00
-1.000000000000000000e+00
-1.000000000000000000e+00
1.000000000000000000e+00
-1.000000000000000000e+00
-1.000000000000000000e+00
-1.917366945785287102e-01
1.000000000000000000e+00
-3.462080248327579213e-01
-1.000000000000000000e+00
4.055218209268746654e-01
-1.000000000000000000e+00
4.699478976626511040e-01
1.000000000000000000e+00
-1.000000000000000000e+00
-1.000000000000000000e+00
6.913053829565416475e-01
1.000000000000000000e+00
1.000000000000000000e+00
1.156564407561726515e-01
5.408375402284821831e-01
1.000000000000000000e+00
-4.589929890881179753e-01
4.988973409098718115e-02
1.000000000000000000e+00
-1.000000000000000000e+00
1.000000000000000000e+00
-1.000000000000000000e+00
-1.000000000000000000e+00
1.000000000000000000e+00
-1.000000000000000000e+00
-4.095202843398970671e-01
-1.000000000000000000e+00
1.000000000000000000e+00
-1.000000000000000000e+00
1.000000000000000000e+00
-1.000000000000000000e+00
-1.569246299897939512e-01
-1.000000000000000000e+00
1.000000000000000000e+00
-1.000000000000000000e+00
-1.000000000000000000e+00
1.000000000000000000e+00
-1.000000000000000000e+00
-7.825322331748367777e-01
-1.000000000000000000e+00
1.000000000000000000e+00
1.000000000000000000e+00
-1.000000000000000000e+00
-1.000000000000000000e+00
-1.000000000000000000e+00
1.000000000000000000e+00
-1.734646943256672458e-01
-5.508266289000943727e-01
5.966411624109890788e-01
1.000000000000000000e+00
1.000000000000000000e+00
-1.000000000000000000e+00
1.000000000000000000e+00
1.000000000000000000e+00
-1.000000000000000000e+00
-1.000000000000000000e+00
-1.000000000000000000e+00
-1.000000000000000000e+00
-1.000000000000000000e+00
4.090821135332054492e-01
1.000000000000000000e+00
1.000000000000000000e+00
1.000000000000000000e+00
-1.000000000000000000e+00
1.000000000000000000e+00
1.000000000000000000e+00
1.000000000000000000e+00
3.831725947791372877e-01
9.434043787126864533e-01
-1.000000000000000000e+00
-2.799969231734034114e-01
3.346966118201598617e-01
-3.547368304359166391e-01
1.000000000000000000e+00
1.000000000000000000e+00
8.746772000081608489e-01
1.000000000000000000e+00
-4.726081802051164682e-01
1.000000000000000000e+00
1.851467094103964039e-01
1.000000000000000000e+00
1.000000000000000000e+00
-1.000000000000000000e+00
-5.980584353542091058e-01
1.000000000000000000e+00
-1.000000000000000000e+00
1.893978956026370897e-01
-1.000000000000000000e+00
-1.000000000000000000e+00
-7.768184072874778634e-01
-1.000000000000000000e+00
-1.000000000000000000e+00
3.889947249595522849e-01
6.941746720482713240e-01
-1.000000000000000000e+00
-1.000000000000000000e+00
1.000000000000000000e+00
-2.183430442073516220e-01
1.000000000000000000e+00
-9.707766891501307116e-01
-7.882103461235840935e-01
-1.000000000000000000e+00
-1.000000000000000000e+00
7.858595801794203695e-01
-1.000000000000000000e+00
-1.000000000000000000e+00
-1.000000000000000000e+00
-1.000000000000000000e+00
1.000000000000000000e+00
-1.000000000000000000e+00
1.000000000000000000e+00
-1.000000000000000000e+00
1.000000000000000000e+00
3.749060664874483972e-01
-1.000000000000000000e+00
-5.135995382916695995e-01
6.961426285112758405e-01
1.000000000000000000e+00
1.000000000000000000e+00
-1.000000000000000000e+00
-6.329734982978965085e-01
1.000000000000000000e+00
1.000000000000000000e+00
1.000000000000000000e+00
-1.000000000000000000e+00
1.000000000000000000e+00
1.000000000000000000e+00
-1.000000000000000000e+00
-6.894259470654378053e-01
-1.000000000000000000e+00
6.453029096794269392e-01
-8.451777580045256588e-01
-1.000000000000000000e+00
-8.908099985936812626e-02
-1.000000000000000000e+00
4.887027100388379730e-01
3.929183923355265007e-01
-3.674463092841681600e-01
-8.804196568179643023e-01
1.000000000000000000e+00
-1.000000000000000000e+00
-1.000000000000000000e+00
-8.493461331871301478e-01
1.000000000000000000e+00
-5.448354739284794190e-01
1.170184260839807200e-01
-1.000000000000000000e+00
-1.578424729963807116e-01
5.149008305314161094e-01
-1.000000000000000000e+00
1.000000000000000000e+00
-1.000000000000000000e+00
1.000000000000000000e+00
-1.000000000000000000e+00
-1.000000000000000000e+00
1.000000000000000000e+00
-1.000000000000000000e+00
-1.000000000000000000e+00
-1.000000000000000000e+00
1.000000000000000000e+00
6.005169349878165530e-01
1.000000000000000000e+00
-9.015236458123951913e-01
-1.000000000000000000e+00
-1.064171423912788073e-01
-1.000000000000000000e+00
-1.000000000000000000e+00
-1.000000000000000000e+00
-1.000000000000000000e+00
-1.000000000000000000e+00
-1.000000000000000000e+00
-1.000000000000000000e+00
5.942690331203515086e-01
-1.000000000000000000e+00
-1.000000000000000000e+00
1.000000000000000000e+00
1.341875275036663595e-02
1.000000000000000000e+00
1.000000000000000000e+00
7.746472828708278469e-01
1.000000000000000000e+00
1.000000000000000000e+00
1.000000000000000000e+00
-1.000000000000000000e+00
1.000000000000000000e+00
-1.000000000000000000e+00
-1.000000000000000000e+00
4.570025103486291540e-01
-1.000000000000000000e+00
1.000000000000000000e+00
-1.000000000000000000e+00
-1.000000000000000000e+00
-1.000000000000000000e+00
-1.000000000000000000e+00
1.000000000000000000e+00
1.000000000000000000e+00
-1.000000000000000000e+00
8.281590324026584238e-01
1.000000000000000000e+00
4.011964702731470878e-01
1.000000000000000000e+00
1.000000000000000000e+00
1.000000000000000000e+00
-1.000000000000000000e+00
1.594574613059601687e-02
-6.898966125966659035e-01
-5.648280786817352350e-01
-1.000000000000000000e+00
1.000000000000000000e+00
5.887600077480364957e-01
-1.000000000000000000e+00
-1.000000000000000000e+00
1.000000000000000000e+00
6.751628338324008327e-01
-1.000000000000000000e+00
-8.771350997082771883e-02
1.000000000000000000e+00
-1.000000000000000000e+00
1.000000000000000000e+00
4.733017941467136946e-01
8.922456349266397746e-01
-1.000000000000000000e+00
-1.000000000000000000e+00
1.000000000000000000e+00
2.926208122787208321e-01
6.581898089513482653e-01
-1.000000000000000000e+00
-1.000000000000000000e+00
1.000000000000000000e+00
1.000000000000000000e+00
1.000000000000000000e+00
-7.421414289811483211e-01
-9.178401454167468554e-01
-1.000000000000000000e+00
-1.000000000000000000e+00
-1.000000000000000000e+00
1.000000000000000000e+00
-8.565355804077798840e-01
-1.000000000000000000e+00
-1.000000000000000000e+00
6.492720222935796648e-02
-1.000000000000000000e+00
1.000000000000000000e+00
-7.638592326725262005e-01
-1.000000000000000000e+00
-8.149372703346062785e-01
1.000000000000000000e+00
