-8.805986693163625478e-02
-1.000000000000000000e+00
-1.000000000000000000e+00
1.000000000000000000e+00
6.041129371385205449e-01
1.000000000000000000e+00
8.066380883294023141e-01
-1.861260587319689408e-01
1.000000000000000000e+00
1.000000000000000000e+00
8.587160374365656601e-01
1.000000000000000000e+00
-1.000000000000000000e+00
-1.000000000000000000e+00
1.000000000000000000e+00
1.000000000000000000e+00
-1.000000000000000000e+00
1.000000000000000000e+00
1.000000000000000000e+00
1.000000000000000000e+00
1.000000000000000000e+00
-1.000000000000000000e+00
1.000000000000000000e+00
1.000000000000000000e+00
-1.000000000000000000e+00
-6.167609312471418193e-01
6.773150870113013866e-01
3.343650833535003475e-01
-1.000000000000000000e+00
-1.000000000000000000e+00
4.461685318964780933e-02
1.000000000000000000e+00
5.688673086424380632e-01
3.864030977954446833e-01
1.000000000000000000e+00
8.931420683206898747e-01
-7.464200545518135943e-01
2.719100539240483227e-01
-2.005539363079019699e-01
1.000000000000000000e+00
1.000000000000000000e+00
-1.000000000000000000e+00
1.000000000000000000e+00
-1.000000000000000000e+00
-5.594146103287805927e-01
-1.000000000000000000e+00
2.005406457711761403e-01
-1.000000000000000000e+00
1.000000000000000000e+00
-9.474393532470214430e-01
-7.786403797763189472e-01
1.000000000000000000e+00
-1.000000000000000000e+00
-1.000000000000000000e+00
6.760059300101016744e-01
-1.000000000000000000e+00
-1.000000000000000000e+00
1.000000000000000000e+00
1.000000000000000000e+00
-1.000000000000000000e+00
1.000000000000000000e+00
1.000000000000000000e+00
-1.000000000000000000e+00
-6.882406801565119636e-01
9.874959565422303243e-01
-1.000000000000000000e+00
1.000000000000000000e+00
-6.881044186163636223e-01
-1.000000000000000000e+00
-3.278399987677922400e-01
-1.000000000000000000e+00
-8.988610372746446142e-01
-8.322928727124071502e-01
-1.000000000000000000e+00
6.787549930504497286e-01
1.000000000000000000e+00
-1.000000000000000000e+00
-2.013863598769485286e-01
1.000000000000000000e+00
1.000000000000000000e+00
-1.000000000000000000e+00
-1.000000000000000000e+00
-1.000000000000000000e+00
1.000000000000000000e+00
1.000000000000000000e+00
-1.000000000000000000e+00
1.405356172336719167e-01
-1.000000000000000000e+00
3.137733478990107905e-01
-9.616547645991073701e-01
-1.000000000000000000e+00
1.000000000000000000e+00
-1.000000000000000000e+00
-1.000000000000000000e+00
1.000000000000000000e+00
-1.000000000000000000e+00
2.243243835317620949e-01
-1.000000000000000000e+00
1.000000000000000000e+00
-1.000000000000000000e+00
-1.305125077492467200e-01
1.941824688496755491e-01
-4.043148778052794157e-01
-7.281487009865783566e-01
-6.140006212201493119e-01
-8.191413594143603927e-01
-1.000000000000000000e+00
-8.093186186586864839e-01
-1.000000000000000000e+00
5.914152225926394557e-02
-1.000000000000000000e+00
1.000000000000000000e+00
-7.946948285199013640e-01
-1.000000000000000000e+00
-1.000000000000000000e+00
-1.000000000000000000e+00
-2.539221687794560589e-01
-1.000000000000000000e+00
1.000000000000000000e+00
-1.483297739404605409e-01
-1.000000000000000000e+00
-9.410556891252652711e-01
-1.000000000000000000e+00
-1.000000000000000000e+00
-1.000000000000000000e+00
-4.402340311105558124e-01
1.773929309011851307e-01
-5.787780487507978577e-01
1.000000000000000000e+00
1.000000000000000000e+00
1.000000000000000000e+00
1.000000000000000000e+00
4.720962447999060840e-01
-1.000000000000000000e+00
-1.000000000000000000e+00
1.000000000000000000e+00
-8.358618779436831625e-01
-3.579686154090759853e-01
-1.000000000000000000e+00
-1.000000000000000000e+00
4.839539612614409680e-01
-1.000000000000000000e+00
-5.728138529010073920e-01
1.000000000000000000e+00
1.000000000000000000e+00
2.171613822603771782e-01
6.637728248546841403e-01
1.000000000000000000e+00
1.000000000000000000e+00
1.000000000000000000e+00
-4.259835521200761033e-01
1.000000000000000000e+00
-1.000000000000000000e+00
-1.000000000000000000e+00
1.000000000000000000e+00
-9.765667048146764451e-01
-1.000000000000000000e+00
1.000000000000000000e+00
-1.000000000000000000e+00
1.000000000000000000e+00
1.000000000000000000e+00
-1.000000000000000000e+00
-1.000000000000000000e+00
1.000000000000000000e+00
1.000000000000000000e+00
-5.141347313641597694e-02
-1.000000000000000000e+00
-1.000000000000000000e+00
1.000000000000000000e+00
1.000000000000000000e+00
8.749474555078529114e-02
5.825785319001621776e-01
-7.065262695317203745e-01
3.412894764427161221e-01
-7.990488309763035257e-01
-1.000000000000000000e+00
-4.590886799341484803e-01
-1.000000000000000000e+00
-1.000000000000000000e+00
-3.447902028505062111e-01
-1.000000000000000000e+00
-5.072845766550335700e-01
-9.374450433325051679e-02
1.000000000000000000e+00
-1.000000000000000000e+00
-8.469929374537095157e-01
1.000000000000000000e+00
1.000000000000000000e+00
-1.000000000000000000e+00
1.000000000000000000e+00
1.000000000000000000e+00
-1.000000000000000000e+00
1.000000000000000000e+00
-5.206900506541233264e-01
-1.000000000000000000e+00
-1.000000000000000000e+00
1.000000000000000000e+00
1.024294981396215443e-01
1.000000000000000000e+00
1.000000000000000000e+00
2.676842916311539256e-02
-1.000000000000000000e+00
-1.000000000000000000e+00
1.000000000000000000e+00
4.332030574328562533e-01
1.000000000000000000e+00
-1.000000000000000000e+00
1.000000000000000000e+00
1.000000000000000000e+00
1.000000000000000000e+00
-1.000000000000000000e+00
-1.000000000000000000e+00
-1.939234640526592279e-02
1.000000000000000000e+00
-2.233167006047370173e-01
1.000000000000000000e+00
-1.000000000000000000e+00
1.125703222466832298e-01
-1.000000000000000000e+00
-1.000000000000000000e+00
1.000000000000000000e+00
1.000000000000000000e+00
1.025174419334751175e-01
-1.000000000000000000e+00
-1.000000000000000000e+00
-1.000000000000000000e+00
-1.000000000000000000e+00
1.000000000000000000e+00
1.000000000000000000e+00
-1.000000000000000000e+00
-2.238956567466565684e-01
-2.430242565686304701e-01
-3.114702196127316358e-01
-1.000000000000000000e+00
-1.000000000000000000e+00
-1.932073567680516746e-01
5.093004621894537953e-01
1.000000000000000000e+00
-1.000000000000000000e+00
-9.342573828074078879e-01
-1.000000000000000000e+00
1.000000000000000000e+00
-7.867751986393869412e-01
1.000000000000000000e+00
-5.687169194712107245e-01
-1.000000000000000000e+00
1.000000000000000000e+00
-9.726021014292567379e-01
-1.000000000000000000e+00
-1.000000000000000000e+00
-4.260159066639974679e-01
2.657317423317920868e-01
-1.000000000000000000e+00
1.000000000000000000e+00
-1.000000000000000000e+00
-1.000000000000000000e+00
-7.447966857078288649e-01
-1.000000000000000000e+00
1.000000000000000000e+00
1.000000000000000000e+00
-1.000000000000000000e+00
1.000000000000000000e+00
1.000000000000000000e+00
1.000000000000000000e+00
6.269862533833168161e-01
