1.000000000000000000e+00
1.820641987849211385e-01
-1.000000000000000000e+00
1.000000000000000000e+00
9.861873405001131410e-02
1.000000000000000000e+00
1.000000000000000000e+00
1.000000000000000000e+00
-1.000000000000000000e+00
-1.000000000000000000e+00
5.912295433550613932e-01
1.000000000000000000e+00
1.000000000000000000e+00
1.000000000000000000e+00
3.851120639761522746e-01
1.000000000000000000e+00
-5.729128571892068145e-01
1.698864320366619829e-01
-1.000000000000000000e+00
1.000000000000000000e+00
-1.670987239510172695e-01
-3.542822536232573816e-01
1.018527218435082426e-01
-3.065699171221831776e-01
-1.000000000000000000e+00
1.939819869790715967e-01
-1.000000000000000000e+00
3.355742632851521634e-01
1.572555142298597830e-01
1.000000000000000000e+00
-1.000000000000000000e+00
-1.000000000000000000e+00
-4.061579659611870285e-01
1.000000000000000000e+00
-3.686838229702351644e-01
1.000000000000000000e+00
-7.728185790782278186e-01
-1.732584196362093598e-01
-4.228961575181491295e-01
7.928531051738372248e-01
-1.000000000000000000e+00
1.000000000000000000e+00
1.000000000000000000e+00
2.085419224842172126e-01
1.000000000000000000e+00
-3.876100085689190289e-01
-5.630847738106636857e-02
3.776034865362782877e-01
-7.075908291862043065e-01
8.803068138402703191e-03
-1.000000000000000000e+00
-1.308093468015409377e-01
-1.000000000000000000e+00
1.000000000000000000e+00
1.000000000000000000e+00
-1.000000000000000000e+00
1.000000000000000000e+00
-1.000000000000000000e+00
5.158311780539374114e-01
-1.098367442958453344e-02
-1.000000000000000000e+00
1.000000000000000000e+00
1.000000000000000000e+00
-4.036074679373091723e-01
9.352840661057735261e-01
-5.675930655968671745e-01
-3.782538678727854764e-01
1.000000000000000000e+00
1.000000000000000000e+00
7.454764247127202426e-01
-6.873188008601831545e-01
1.000000000000000000e+00
-1.000000000000000000e+00
-1.000000000000000000e+00
-2.582148741051794039e-01
-7.800841740635576782e-01
-7.158109970631101326e-01
9.811608559845291788e-02
4.405617997223140736e-01
-7.533281350906538831e-01
-7.352643985195869147e-01
1.000000000000000000e+00
8.014000604302338182e-01
-1.000000000000000000e+00
-1.985048393658386257e-01
1.998525266698223390e-01
-1.000000000000000000e+00
2.366966663697593898e-01
9.228351859058583351e-01
-2.276859342464246927e-01
1.000000000000000000e+00
-1.000000000000000000e+00
-1.728415637812602546e-02
-1.000000000000000000e+00
1.000000000000000000e+00
-1.000000000000000000e+00
-1.000000000000000000e+00
1.000000000000000000e+00
3.346834145856982801e-01
6.088078897437363413e-01
1.000000000000000000e+00
1.000000000000000000e+00
2.920827976844940777e-01
-1.000000000000000000e+00
-1.000000000000000000e+00
1.000000000000000000e+00
1.000000000000000000e+00
8.095164967315535698e-01
1.000000000000000000e+00
-1.000000000000000000e+00
1.000000000000000000e+00
1.000000000000000000e+00
1.000000000000000000e+00
-1.000000000000000000e+00
1.000000000000000000e+00
-1.000000000000000000e+00
-1.000000000000000000e+00
1.000000000000000000e+00
2.862735479984146458e-01
-1.000000000000000000e+00
-1.000000000000000000e+00
-5.061581067905104314e-01
1.000000000000000000e+00
-1.000000000000000000e+00
1.000000000000000000e+00
1.000000000000000000e+00
-5.177245288696725734e-01
-1.000000000000000000e+00
1.000000000000000000e+00
7.314828833708268974e-01
1.000000000000000000e+00
1.000000000000000000e+00
-1.000000000000000000e+00
-1.000000000000000000e+00
-1.000000000000000000e+00
-8.937848194154629500e-01
-4.915979732917923339e-01
1.000000000000000000e+00
1.000000000000000000e+00
-2.421934106502113826e-01
-3.354338988169984215e-01
1.000000000000000000e+00
1.000000000000000000e+00
-1.000000000000000000e+00
-1.000000000000000000e+00
-1.000000000000000000e+00
-8.977756812046242541e-01
5.164937781484111312e-01
-1.000000000000000000e+00
1.000000000000000000e+00
1.000000000000000000e+00
-1.000000000000000000e+00
-1.000000000000000000e+00
-1.000000000000000000e+00
-1.000000000000000000e+00
-1.000000000000000000e+00
-1.000000000000000000e+00
-1.000000000000000000e+00
-1.000000000000000000e+00
-1.000000000000000000e+00
-1.000000000000000000e+00
1.000000000000000000e+00
-1.000000000000000000e+00
-1.000000000000000000e+00
-4.328347379150845331e-01
7.769288368723609173e-02
-4.244400636689282802e-01
-8.895319811489702522e-01
3.451176519022767231e-01
-4.488630265560753507e-01
8.027875652407068241e-02
3.504145215793919022e-02
-1.000000000000000000e+00
-1.000000000000000000e+00
1.000000000000000000e+00
-1.000000000000000000e+00
1.329234268314576917e-01
-1.000000000000000000e+00
-1.000000000000000000e+00
1.000000000000000000e+00
-1.000000000000000000e+00
1.000000000000000000e+00
1.000000000000000000e+00
-1.580516291111878358e-01
-7.912102279737797117e-01
1.000000000000000000e+00
3.880298743450993904e-01
-1.000000000000000000e+00
6.490518374968063942e-01
1.000000000000000000e+00
3.644639641274313169e-01
1.000000000000000000e+00
-1.000000000000000000e+00
1.000000000000000000e+00
-1.000000000000000000e+00
-1.000000000000000000e+00
-1.000000000000000000e+00
5.975775795543680768e-01
4.012486610045618018e-01
1.000000000000000000e+00
5.237779272521891905e-01
-1.000000000000000000e+00
-1.000000000000000000e+00
-1.000000000000000000e+00
1.000000000000000000e+00
1.000000000000000000e+00
-1.000000000000000000e+00
3.047566866850855982e-01
1.000000000000000000e+00
-1.000000000000000000e+00
-7.930468077994585752e-01
-7.221353857978132229e-01
6.999275417379535735e-01
-3.121863933319608542e-01
1.000000000000000000e+00
1.000000000000000000e+00
-8.870417366609060217e-01
-1.000000000000000000e+00
1.000000000000000000e+00
1.000000000000000000e+00
1.000000000000000000e+00
1.255878468474010967e-01
-1.000000000000000000e+00
-7.793353646897295262e-01
8.202230311700822174e-01
-1.000000000000000000e+00
1.000000000000000000e+00
-5.029115323041495333e-01
6.588450493661955898e-01
1.000000000000000000e+00
-7.029152358636576725e-01
1.000000000000000000e+00
-6.648421348841337952e-02
-2.501352438323408700e-01
1.000000000000000000e+00
1.000000000000000000e+00
-4.980172582068584930e-01
1.303932782547456704e-01
-9.175067246784252006e-02
1.000000000000000000e+00
-1.000000000000000000e+00
-1.000000000000000000e+00
5.265736489763710448e-01
1.000000000000000000e+00
-1.000000000000000000e+00
-1.000000000000000000e+00
1.000000000000000000e+00
3.643313977452987684e-01
-1.000000000000000000e+00
5.416166182202025725e-01
-1.000000000000000000e+00
1.000000000000000000e+00
1.000000000000000000e+00
3.461848088576164884e-01
7.382350590512307686e-01
-1.000000000000000000e+00
-1.000000000000000000e+00
-1.000000000000000000e+00
-2.994710341280453214e-01
1.000000000000000000e+00
5.583714977708462701e-01
7.238463259783270987e-01
7.997582607559581280e-01
8.432481614591161856e-01
-1.000000000000000000e+00
