1.478211380869676184e-01
-5.697822419984244213e-02
-7.346663588207413831e-01
-4.184858543364373684e-01
-1.296942229505344546e-01
5.001482321315680046e-01
9.239370098459527281e-01
-7.276362500926276677e-01
4.665078533606961120e-01
1.081009335293598994e-01
-9.414291328918018564e-01
-4.859704636434107883e-01
2.557968298873825042e-01
-3.812308747771708806e-01
-9.304561368814443512e-01
4.788496513642441776e-01
1.498178145862818500e-01
1.310391640582342365e-01
-7.755286823317195655e-01
-2.028606187236219327e-01
2.465180562495188354e-01
8.082964806495640531e-01
-9.605879685598885942e-01
-7.915959426854071168e-01
7.722121965368244911e-01
1.817795931359598161e-01
8.833623624587993994e-01
5.351836995566621180e-01
-9.507583214416943651e-01
-2.151146707643731837e-01
-7.959510043973738735e-01
7.445002157991154057e-02
4.886815491555285274e-01
4.820114604645606704e-01
9.800506850806400827e-02
-7.267233119589096013e-01
7.844030879536398881e-01
-1.007205099116530445e-01
-2.356836734141993794e-01
9.467332042635114853e-01
-5.022168352524993828e-01
1.210897459192337156e-01
2.549655102684458274e-01
-9.282455364922874708e-01
4.791897846585393417e-01
-1.577927757676866882e-01
1.820422317302212711e-01
2.797846442398954636e-01
6.827415325855041850e-01
-7.899530800107048556e-01
-7.827611033659964690e-02
5.630596319936109762e-01
8.116910402675217018e-01
-6.051831371893845457e-02
-4.946735874324947879e-02
-7.186747999738933856e-01
5.867424051011276287e-01
-7.253009649056199049e-01
-6.124589628534660157e-02
-9.648299129745203651e-01
7.226170947631174180e-01
2.398296636756198641e-01
7.274204487308932876e-02
-4.706616214401744269e-01
1.846872226596043554e-01
-3.770710230993119527e-01
-3.871917185401578809e-01
9.896462942884620695e-02
-4.747350896509314744e-01
-5.937356432226705838e-01
9.571607459126625361e-01
-2.487108835075095836e-01
2.001537338266738963e-01
-5.862763673934434649e-01
1.751633354182384750e-01
-4.489233862829602462e-01
4.547693111534658605e-01
-2.760309250575572193e-01
-9.903296165691879427e-01
4.800726162685691190e-01
-6.660642011132509310e-01
-6.369053149870689268e-01
7.353835772595462839e-01
2.363091705222173378e-01
9.051765486389968807e-01
9.528970809137513598e-01
-5.625044425867506970e-01
8.993230885388387996e-01
-6.851794178801990931e-01
-4.698288837527275774e-02
-7.816634859597060281e-01
3.491608174259168695e-01
-6.747210763037796433e-01
9.133765516688985286e-04
1.903793818703358731e-01
-3.730753085975047068e-01
9.710664230677319431e-01
-3.388697550220602928e-01
-6.039444543117744590e-01
-3.625466564061208263e-01
-3.739869792460310816e-01
-9.939569336679676681e-02
-4.067327754864704659e-01
7.033670604650616998e-01
1.051774037574382259e-01
-2.996534201168825629e-01
1.675869799443048258e-01
9.424128819238482002e-01
4.664701058137088463e-01
6.854100511022134246e-01
8.426406651469733333e-01
6.916065969201248276e-01
-1.943290177491383552e-01
-1.455873521009798388e-02
8.659483843458888330e-01
8.364618273815305205e-01
-4.294477057914003471e-01
-1.587473258268399245e-01
-4.388245874528358126e-01
5.453089053626534177e-01
5.408350935060475262e-01
4.492932533516056370e-01
3.862133741202653514e-01
7.459176435382548487e-01
-4.707399029600112250e-01
-6.916403853143755498e-01
-3.412618897254646733e-01
-4.187028401109995634e-01
-7.864946192353865495e-01
-9.161204479372433429e-01
-7.641327585030481817e-01
-7.670584941971338999e-01
-7.257120474037392910e-02
-2.933267557097647416e-01
5.014011538257927558e-01
2.244725799312230485e-01
1.414410177583576012e-01
-3.311930767978754631e-03
2.707376446526899016e-02
-4.030596683738583152e-01
-9.314428323942718357e-01
7.075694282695934589e-01
3.800708811064172910e-01
-9.007956221214246106e-01
7.357198860333933332e-01
-1.899792248537970352e-01
-7.052597693430993075e-01
-8.391344142441583553e-01
-7.741526188280956067e-01
8.740219734462002510e-01
-8.189413534326908106e-01
-3.878322034590118150e-01
5.655193867827663645e-01
2.756574828593338911e-01
-7.207949203788239778e-01
1.571977517945435388e-01
-5.307046433823825460e-01
-7.970588453077762647e-01
2.877885133952216012e-01
-6.198317756278892698e-01
-9.542229553925007934e-01
3.497017615198390050e-01
-2.055853588015703615e-01
8.368086570953876535e-01
9.144250050799640483e-01
5.394892144548348867e-01
2.295858082829427271e-01
2.869888328510814546e-01
6.452637912786514107e-01
7.811744559322431058e-01
7.651566775981342161e-01
7.444253881093556569e-01
6.709962424397397651e-01
9.646375789734644712e-01
9.496148789383342947e-01
7.053669575021261906e-01
5.271849817310587660e-01
3.778913937581935834e-01
-7.821076108161917340e-02
-3.329718789904023701e-02
-8.923457156679370783e-01
-3.759933226120033556e-01
7.853347698634083329e-01
-2.305702879407756090e-01
-7.500773557269713177e-01
-7.133198279055579238e-01
-9.264151387314336628e-01
9.090462397789846882e-01
-3.495435107728028790e-02
5.335071497728758327e-01
-9.429762469775206934e-01
6.749582486484628774e-01
-5.798375598933034336e-01
-7.013468459258724863e-01
4.570552256375892686e-01
-5.706091539535971258e-01
8.731653636954661568e-01
2.330015013845243566e-01
-2.654330550761785368e-02
8.517046776489187732e-01
-3.159225179298656982e-01
2.036571650577827519e-01
5.917340447312000595e-01
3.166960042571287381e-02
2.764034724226656081e-01
-3.927271048155582811e-01
-6.436700426519292861e-02
6.370740148097659983e-01
2.422102135033257220e-01
8.743249386409914781e-01
-5.609004405928981196e-01
-6.198106824881710608e-01
4.346195930060554602e-01
-3.170176792050920511e-01
-3.464078804309580484e-01
-9.338555386241258471e-01
7.872188452953721161e-01
2.054441324518365697e-01
-6.029645237525727008e-01
-6.272652531658700070e-01
9.025100154964338373e-02
8.509621975711179065e-01
-2.068496705007940584e-01
6.459342891454404878e-01
7.456625452881349148e-01
-3.275016025248211893e-01
3.815458195962628807e-03
5.971981710873561777e-01
6.753091492388259010e-01
7.186280462305347783e-01
-1.290661951626108639e-01
-5.580574726288272114e-01
7.298519724516450147e-01
-7.232907746514627423e-01
-3.000727835540095700e-01
3.825781656783020512e-01
-1.615972243491947680e-01
-2.657396726904110995e-01
1.974078848407065934e-01
-7.552964318933339527e-01
-2.971710362073578526e-01
-7.644591931649753480e-01
7.385437102587129043e-01
-6.734584346740255523e-01
9.905511904866060036e-02
-5.116022534184019310e-01
3.124711225484668731e-01
-8.940385965996304751e-01
-4.323762719515682473e-01
1.401842103094335101e-01
-5.251090276254761768e-01
8.125491716961636968e-01
4.883767597162060881e-01
1.677695105337988490e-01
-2.911002817735923731e-01
8.320694036290969819e-01
-9.179472663292000956e-01
6.499442985354850766e-01
7.969514213981829798e-01
-5.084578551923721879e-01
-1.935110140491214104e-02
-7.007001054806727414e-01
-7.532299572877081406e-01
5.666659940948075569e-01
2.841365962200201878e-01
