1.000000000000000000e+00
-1.000000000000000000e+00
-1.000000000000000000e+00
1.000000000000000000e+00
-1.000000000000000000e+00
9.108148297759575129e-01
1.000000000000000000e+00
-1.000000000000000000e+00
1.282688579431103815e-01
-1.000000000000000000e+00
1.000000000000000000e+00
1.000000000000000000e+00
-1.000000000000000000e+00
1.000000000000000000e+00
1.000000000000000000e+00
1.000000000000000000e+00
1.000000000000000000e+00
1.000000000000000000e+00
1.000000000000000000e+00
-1.000000000000000000e+00
-1.000000000000000000e+00
1.000000000000000000e+00
-1.000000000000000000e+00
6.389023913854358083e-01
1.000000000000000000e+00
1.000000000000000000e+00
-1.000000000000000000e+00
1.000000000000000000e+00
-1.358799215992485543e-01
9.289423805396561651e-01
-1.000000000000000000e+00
1.000000000000000000e+00
2.569604912849297040e-01
-1.000000000000000000e+00
1.163409380154968864e-01
7.942397153748019800e-01
-5.819705351242057123e-01
-6.227845939186115176e-01
-1.000000000000000000e+00
1.000000000000000000e+00
1.000000000000000000e+00
1.000000000000000000e+00
-3.951416921710383390e-01
1.000000000000000000e+00
7.813096136324970686e-01
1.000000000000000000e+00
-1.000000000000000000e+00
1.000000000000000000e+00
-8.931208610186962549e-01
-1.000000000000000000e+00
3.523373670027551974e-02
-1.000000000000000000e+00
1.000000000000000000e+00
1.000000000000000000e+00
-1.975915789076461149e-01
-8.467842801908924688e-01
-9.735493504987633440e-01
-1.000000000000000000e+00
1.000000000000000000e+00
-9.291247083123208572e-01
-6.632302604241773203e-01
1.000000000000000000e+00
-1.000000000000000000e+00
-5.152143411782152960e-01
1.000000000000000000e+00
-5.139140858007964496e-01
3.610823219093272085e-01
-9.379510797767267594e-01
1.000000000000000000e+00
1.000000000000000000e+00
-1.000000000000000000e+00
-1.000000000000000000e+00
-1.000000000000000000e+00
1.000000000000000000e+00
-1.000000000000000000e+00
1.000000000000000000e+00
-1.000000000000000000e+00
1.000000000000000000e+00
2.413671607323246704e-01
1.000000000000000000e+00
-1.212713435934065775e-01
-2.406495188858410739e-01
1.000000000000000000e+00
1.000000000000000000e+00
1.000000000000000000e+00
-9.745656471958440425e-01
-1.000000000000000000e+00
-1.000000000000000000e+00
9.011117717596495158e-01
1.000000000000000000e+00
-7.671497825787366720e-01
1.000000000000000000e+00
1.000000000000000000e+00
-1.000000000000000000e+00
-9.797156824094135352e-01
-6.160617263856261738e-01
8.577587109644912999e-02
5.888806451015776711e-01
-1.000000000000000000e+00
-1.000000000000000000e+00
1.000000000000000000e+00
-4.343201271525168883e-01
-1.000000000000000000e+00
-1.000000000000000000e+00
-2.026457072520169156e-01
-1.000000000000000000e+00
-1.000000000000000000e+00
1.000000000000000000e+00
6.749958813956186132e-01
-1.804542408385086394e-01
1.000000000000000000e+00
-1.592894856170907758e-01
-4.349141335445617651e-01
1.000000000000000000e+00
3.480368474650795685e-01
-1.000000000000000000e+00
-1.000000000000000000e+00
-2.309667551851175560e-01
-8.082765867061331155e-03
9.725512177362241051e-01
1.000000000000000000e+00
-8.995532488569595309e-01
1.000000000000000000e+00
-7.611468900150117900e-01
5.977369749343163230e-01
8.187048578254496611e-02
-1.000000000000000000e+00
7.066537302538846710e-01
-1.000000000000000000e+00
1.000000000000000000e+00
-3.138944883596437307e-01
1.000000000000000000e+00
-6.308144901416556927e-01
1.000000000000000000e+00
1.582020228114355831e-02
9.804813207555738153e-01
-1.243783144881969172e-01
-1.000000000000000000e+00
-1.000000000000000000e+00
-1.000000000000000000e+00
1.000000000000000000e+00
1.000000000000000000e+00
3.777663083979025949e-01
1.000000000000000000e+00
-2.881815978236010878e-01
-1.000000000000000000e+00
-2.584763709031889789e-01
-1.000000000000000000e+00
1.000000000000000000e+00
2.467234596629108712e-01
-1.000000000000000000e+00
1.000000000000000000e+00
-1.000000000000000000e+00
8.710938393635677679e-01
1.000000000000000000e+00
-1.000000000000000000e+00
-1.000000000000000000e+00
-1.000000000000000000e+00
2.185198874862321894e-01
-9.904118006361024573e-01
-1.000000000000000000e+00
1.000000000000000000e+00
1.000000000000000000e+00
-1.000000000000000000e+00
-3.073264490797549264e-01
-1.000000000000000000e+00
-1.846046673673878979e-01
7.874803819120113069e-01
7.661884632123401317e-01
-1.000000000000000000e+00
1.000000000000000000e+00
-1.000000000000000000e+00
8.932767939582331174e-01
1.000000000000000000e+00
9.286024236491160488e-01
-1.000000000000000000e+00
-1.000000000000000000e+00
-4.357256914597182895e-01
-1.000000000000000000e+00
-1.000000000000000000e+00
1.000000000000000000e+00
1.000000000000000000e+00
-6.443372200714669873e-02
1.000000000000000000e+00
1.000000000000000000e+00
1.000000000000000000e+00
-1.000000000000000000e+00
6.540266108460329741e-01
-1.000000000000000000e+00
-1.000000000000000000e+00
1.000000000000000000e+00
9.065548887221465124e-01
1.000000000000000000e+00
-1.290397071887161573e-03
-1.000000000000000000e+00
-1.000000000000000000e+00
1.000000000000000000e+00
-1.000000000000000000e+00
-4.970409845374390567e-01
5.361531768882581428e-01
1.000000000000000000e+00
4.865338498985816162e-01
-9.545297075111901508e-01
1.000000000000000000e+00
1.000000000000000000e+00
-1.000000000000000000e+00
1.000000000000000000e+00
1.000000000000000000e+00
1.000000000000000000e+00
7.243471818573364862e-01
-4.142849446639148558e-01
-4.804560063338710885e-01
1.000000000000000000e+00
4.524975367673855775e-02
1.000000000000000000e+00
-8.323185212439945246e-01
5.454803797819718358e-01
1.000000000000000000e+00
-5.639159832261571026e-01
3.881888892839978622e-01
-8.573316686572294287e-01
1.000000000000000000e+00
4.609096006989455985e-01
7.612712145992348578e-01
6.565951392255893193e-01
4.063703725865972505e-01
-1.000000000000000000e+00
6.740962127083980349e-01
6.094220254716598006e-01
7.176932720900011109e-01
-1.849625780851345547e-01
-3.297297726785389793e-01
-1.000000000000000000e+00
3.368396237108861047e-01
4.555226748863162589e-01
1.000000000000000000e+00
1.000000000000000000e+00
1.000000000000000000e+00
3.412577139437115159e-01
1.000000000000000000e+00
-1.000000000000000000e+00
5.335277563214392282e-01
-1.000000000000000000e+00
1.000000000000000000e+00
-1.743712663848562272e-01
1.000000000000000000e+00
-8.427074271992509580e-01
9.482836718155760458e-01
-9.021345169083960780e-01
1.000000000000000000e+00
-8.807449582780814135e-01
-1.000000000000000000e+00
-1.000000000000000000e+00
1.000000000000000000e+00
-1.000000000000000000e+00
-5.848016199859251696e-01
-1.000000000000000000e+00
7.505238331228012427e-01
1.000000000000000000e+00
-4.836813709219466018e-02
4.857448138867851428e-01
-1.000000000000000000e+00
1.000000000000000000e+00
3.173997865239397975e-01
1.000000000000000000e+00
