-1.000000000000000000e+00
8.774997445180910960e-01
1.000000000000000000e+00
-5.451633283633356974e-01
1.000000000000000000e+00
-6.087106585543764492e-01
-5.007767250363535094e-01
1.000000000000000000e+00
1.000000000000000000e+00
-7.224662776833167266e-01
1.000000000000000000e+00
-2.124143773346584274e-01
7.295579326516314911e-01
-1.000000000000000000e+00
3.503576663604930364e-01
-1.000000000000000000e+00
1.867004306763858645e-01
-1.000000000000000000e+00
-1.000000000000000000e+00
-1.000000000000000000e+00
5.702357213753587173e-01
-1.000000000000000000e+00
-3.511588047022740078e-01
1.000000000000000000e+00
-1.000000000000000000e+00
2.707506809558452576e-01
1.000000000000000000e+00
-1.000000000000000000e+00
1.000000000000000000e+00
1.000000000000000000e+00
1.932779418098063973e-01
-1.000000000000000000e+00
1.000000000000000000e+00
1.000000000000000000e+00
8.643722460549507769e-01
7.674733762566045003e-01
5.196479280885408780e-01
-8.341652474755414381e-01
-7.345857153061243761e-01
-1.000000000000000000e+00
-3.197885723190656004e-01
1.000000000000000000e+00
3.446323757817972844e-01
1.000000000000000000e+00
1.000000000000000000e+00
1.929914889742804229e-01
-5.107884638908241071e-01
-1.000000000000000000e+00
-4.050877485079923401e-01
1.000000000000000000e+00
6.553451661493836511e-02
1.852626779698623993e-01
-8.242091622991649658e-01
1.000000000000000000e+00
1.000000000000000000e+00
1.000000000000000000e+00
-8.129055269573193243e-01
-1.000000000000000000e+00
-8.509667544552460550e-01
6.512658716005206294e-01
1.000000000000000000e+00
4.510944901205777846e-01
1.000000000000000000e+00
-1.000000000000000000e+00
1.000000000000000000e+00
-3.290702839764977350e-01
1.000000000000000000e+00
-1.000000000000000000e+00
2.611588128567514655e-01
1.000000000000000000e+00
1.000000000000000000e+00
-1.000000000000000000e+00
-1.000000000000000000e+00
1.000000000000000000e+00
5.573940157224028802e-01
-1.000000000000000000e+00
-8.692701570416178081e-02
-4.810215619826266886e-01
1.000000000000000000e+00
-9.131097139270883956e-01
-4.793523023134731442e-01
-3.493582147461187226e-01
1.000000000000000000e+00
-1.469209121166697996e-01
1.000000000000000000e+00
-4.846878661363740459e-01
5.778188923577374236e-01
2.383845791876768594e-01
-1.000000000000000000e+00
1.000000000000000000e+00
2.883572650083088273e-02
1.000000000000000000e+00
-1.000000000000000000e+00
-1.000000000000000000e+00
1.000000000000000000e+00
-8.398006973712963674e-01
-1.000000000000000000e+00
-7.412130589825255411e-01
-1.000000000000000000e+00
-7.820099409287828429e-01
7.894423839226957784e-02
1.000000000000000000e+00
3.014045971202540253e-01
-1.000000000000000000e+00
-1.000000000000000000e+00
8.591340388585602117e-01
1.000000000000000000e+00
1.000000000000000000e+00
-2.951686926228420660e-01
1.000000000000000000e+00
9.930933078409904802e-01
8.551048699225541894e-01
1.000000000000000000e+00
2.016735114398879591e-01
-1.000000000000000000e+00
-1.000000000000000000e+00
-1.000000000000000000e+00
-1.000000000000000000e+00
-1.000000000000000000e+00
1.000000000000000000e+00
1.000000000000000000e+00
8.730220863923040531e-01
1.000000000000000000e+00
2.845329093478430327e-01
1.000000000000000000e+00
-9.419555931037465468e-01
-1.000000000000000000e+00
5.365298454443024889e-01
-1.717067410483129053e-01
1.000000000000000000e+00
-7.430580903093677581e-01
1.000000000000000000e+00
-1.000000000000000000e+00
-1.000000000000000000e+00
-6.888820750593074305e-01
-1.000000000000000000e+00
-1.000000000000000000e+00
-1.000000000000000000e+00
1.000000000000000000e+00
-6.995930227855805539e-01
-1.000000000000000000e+00
-3.811445706206962880e-01
-1.000000000000000000e+00
-1.000000000000000000e+00
-1.000000000000000000e+00
1.000000000000000000e+00
-1.000000000000000000e+00
1.000000000000000000e+00
-1.000000000000000000e+00
-1.000000000000000000e+00
-7.572132597777625485e-01
6.759339261515469044e-01
-6.287709623945227921e-01
-3.175631219641142922e-01
1.000000000000000000e+00
1.000000000000000000e+00
6.464602405879017466e-01
-7.909330429847577504e-01
1.000000000000000000e+00
1.636523623497008195e-01
1.000000000000000000e+00
1.000000000000000000e+00
1.000000000000000000e+00
1.000000000000000000e+00
-1.000000000000000000e+00
-8.417322377407366885e-01
1.000000000000000000e+00
-1.312625294511562402e-01
-1.000000000000000000e+00
3.177290101385619181e-01
-1.000000000000000000e+00
9.141541841596299012e-01
-4.023014882598052733e-02
-6.941563217739912250e-01
-1.000000000000000000e+00
-2.697281086021632301e-01
-3.307095929541480350e-01
-2.187816333129319890e-01
-7.082691266968754729e-01
9.036559457688151387e-01
1.000000000000000000e+00
-1.860873685804105282e-01
-5.922514039033219824e-01
-3.396182668286020778e-01
-9.907153464963314171e-02
-1.000000000000000000e+00
1.000000000000000000e+00
-1.000000000000000000e+00
1.000000000000000000e+00
-1.000000000000000000e+00
-1.000000000000000000e+00
-1.000000000000000000e+00
-5.076418564779242582e-01
-1.000000000000000000e+00
1.000000000000000000e+00
-1.000000000000000000e+00
1.000000000000000000e+00
-1.000000000000000000e+00
1.000000000000000000e+00
5.758154243178489895e-02
1.000000000000000000e+00
1.000000000000000000e+00
1.000000000000000000e+00
-8.495769807346129632e-01
1.000000000000000000e+00
8.009680710648292568e-02
-1.000000000000000000e+00
-4.961112498848425645e-01
-1.000000000000000000e+00
-3.502625844428152169e-01
-1.000000000000000000e+00
-1.000000000000000000e+00
1.000000000000000000e+00
3.897350412325915059e-01
-1.000000000000000000e+00
-1.000000000000000000e+00
1.000000000000000000e+00
1.000000000000000000e+00
-1.000000000000000000e+00
-1.912592991885682103e-01
-9.201019423595052649e-01
-6.233024803141088421e-01
-1.000000000000000000e+00
1.000000000000000000e+00
1.000000000000000000e+00
-1.000000000000000000e+00
-1.000000000000000000e+00
-7.739235336830896372e-01
-2.566197964893629502e-02
1.000000000000000000e+00
-8.397645133790511141e-01
-1.000000000000000000e+00
1.000000000000000000e+00
-1.000000000000000000e+00
-1.000000000000000000e+00
-1.000000000000000000e+00
-1.589582815422860285e-01
1.000000000000000000e+00
-3.251695325002756931e-01
-4.176916548784475047e-01
1.000000000000000000e+00
1.000000000000000000e+00
-1.000000000000000000e+00
3.658024988656305432e-02
-1.000000000000000000e+00
-1.000000000000000000e+00
1.000000000000000000e+00
-1.000000000000000000e+00
3.133331445690660244e-01
-1.000000000000000000e+00
-7.909293241284960363e-01
4.808842002834072815e-01
-1.000000000000000000e+00
-3.274301776612824622e-01
2.971708536512313037e-01
-2.835211689343841712e-01
1.000000000000000000e+00
-5.629323560690545625e-01
1.000000000000000000e+00
6.474156770737473643e-01
4.031091154874091864e-01
-1.329174422127867849e-01
-1.000000000000000000e+00
-1.522003708178200909e-01
7.915597217690195642e-02
