-1.000000000000000000e+00
3.179340202130406801e-01
-6.467318311371140771e-01
1.000000000000000000e+00
-1.000000000000000000e+00
6.950307971561475728e-02
-1.000000000000000000e+00
3.265467739167818850e-01
-1.000000000000000000e+00
-1.000000000000000000e+00
1.000000000000000000e+00
-1.000000000000000000e+00
-3.887781018842513259e-01
9.109253785286377525e-01
1.000000000000000000e+00
1.000000000000000000e+00
-1.000000000000000000e+00
1.000000000000000000e+00
2.272150637068203194e-01
-5.304503839090506379e-01
-1.000000000000000000e+00
-1.000000000000000000e+00
-1.000000000000000000e+00
-4.168782820364325126e-01
-1.000000000000000000e+00
-1.000000000000000000e+00
-1.000000000000000000e+00
1.000000000000000000e+00
7.010175454797782368e-01
1.000000000000000000e+00
1.000000000000000000e+00
9.007341376685469303e-01
-1.000000000000000000e+00
1.000000000000000000e+00
7.220153228674361934e-01
2.714970074681455903e-01
-6.636555440018385710e-01
-8.879275954502179324e-01
6.443780693935015069e-01
-7.261691209828292637e-01
1.000000000000000000e+00
-1.000000000000000000e+00
-1.000000000000000000e+00
-1.000000000000000000e+00
1.000000000000000000e+00
-1.000000000000000000e+00
-1.000000000000000000e+00
-1.000000000000000000e+00
1.000000000000000000e+00
1.000000000000000000e+00
6.081773126394547369e-01
-1.000000000000000000e+00
5.695887270710429107e-01
1.000000000000000000e+00
1.000000000000000000e+00
6.896842625091985646e-01
1.000000000000000000e+00
-7.244835695660345465e-01
1.000000000000000000e+00
-6.262044841064089429e-01
9.520478630114213026e-01
3.053221052964592008e-01
3.150496231429160687e-01
1.000000000000000000e+00
1.710175491808841458e-02
1.000000000000000000e+00
1.340332315131684826e-01
6.233711325915701762e-01
1.000000000000000000e+00
7.285162945804097845e-01
1.000000000000000000e+00
-1.000000000000000000e+00
1.667403155631113076e-01
-9.803902658005503312e-02
-2.955884646774177837e-01
2.901885815051966078e-01
1.000000000000000000e+00
7.945815194595111652e-01
-1.000000000000000000e+00
-1.000000000000000000e+00
-4.688689937917940864e-01
-1.000000000000000000e+00
1.000000000000000000e+00
9.890861239018167161e-01
-4.615236368376768317e-02
1.000000000000000000e+00
-2.380426401574100570e-01
-3.863177941704857288e-01
-1.000000000000000000e+00
1.000000000000000000e+00
1.000000000000000000e+00
-7.444998277866765601e-01
-1.000000000000000000e+00
-1.000000000000000000e+00
-1.000000000000000000e+00
1.000000000000000000e+00
1.000000000000000000e+00
-1.000000000000000000e+00
-1.000000000000000000e+00
-1.349086363418607881e-01
-1.000000000000000000e+00
1.000000000000000000e+00
-1.937955429631812998e-01
1.000000000000000000e+00
3.393586855729924245e-01
-6.845591787935578765e-01
1.000000000000000000e+00
-1.609717158176154905e-01
-1.000000000000000000e+00
2.287550480011788512e-01
-1.280298112514774989e-01
-3.049462590432557851e-01
1.000000000000000000e+00
-1.962208414538180179e-02
-1.000000000000000000e+00
-1.000000000000000000e+00
-1.000000000000000000e+00
-1.000000000000000000e+00
9.179059586406956850e-01
-1.000000000000000000e+00
-4.867638968805028110e-01
1.000000000000000000e+00
1.844975035777726147e-01
1.483104140036678731e-01
-1.000000000000000000e+00
-1.000000000000000000e+00
-6.256569344934392873e-02
-1.000000000000000000e+00
1.000000000000000000e+00
-1.000000000000000000e+00
-5.033087600828117791e-01
-1.000000000000000000e+00
-7.736121471226380386e-01
-1.000000000000000000e+00
-1.000000000000000000e+00
-7.852268342190443784e-01
-4.917808544377999524e-02
1.921063786141603558e-01
-1.000000000000000000e+00
1.000000000000000000e+00
1.000000000000000000e+00
1.000000000000000000e+00
1.000000000000000000e+00
8.280902012022759440e-01
-1.441556155642734760e-01
2.552040189995383734e-01
-2.029943615563059023e-01
-1.000000000000000000e+00
-8.200757107878777763e-01
1.000000000000000000e+00
1.000000000000000000e+00
-1.000000000000000000e+00
1.000000000000000000e+00
-1.000000000000000000e+00
-1.761974991375097610e-01
1.000000000000000000e+00
-4.147205920620876674e-01
-1.992076923028216484e-01
8.362649648403621683e-01
1.000000000000000000e+00
-1.000000000000000000e+00
-9.938062839778105673e-02
-1.000000000000000000e+00
1.000000000000000000e+00
-2.751879548062046710e-01
1.000000000000000000e+00
-1.000000000000000000e+00
1.000000000000000000e+00
-1.000000000000000000e+00
1.000000000000000000e+00
-1.366811184222270215e-01
1.994798213257615860e-01
1.000000000000000000e+00
7.017554838938760975e-02
8.710724891681121962e-01
1.625318025936349220e-01
1.000000000000000000e+00
1.000000000000000000e+00
1.000000000000000000e+00
-1.000000000000000000e+00
1.296318692633513514e-02
6.171951117941605336e-01
1.000000000000000000e+00
-1.000000000000000000e+00
-1.000000000000000000e+00
-1.000000000000000000e+00
-1.000000000000000000e+00
-1.000000000000000000e+00
7.901975697109775432e-01
-1.212731798864536414e-01
1.000000000000000000e+00
1.000000000000000000e+00
9.806746757463036257e-02
1.000000000000000000e+00
1.280686319870296686e-01
-1.000000000000000000e+00
2.645696925320693491e-02
-2.095692310377110790e-01
3.593826386386766991e-01
-1.000000000000000000e+00
5.747495085598554043e-01
1.000000000000000000e+00
1.000000000000000000e+00
1.000000000000000000e+00
1.000000000000000000e+00
8.716083048712643944e-01
-1.000000000000000000e+00
9.101178359003356810e-01
1.000000000000000000e+00
5.367633551595265562e-01
-1.000000000000000000e+00
1.000000000000000000e+00
5.758450621146401494e-01
1.000000000000000000e+00
1.000000000000000000e+00
2.144627482900665072e-01
3.751870331935563962e-01
-1.000000000000000000e+00
9.202902409612130352e-01
-1.000000000000000000e+00
1.000000000000000000e+00
-7.786118356004931851e-01
-1.000000000000000000e+00
1.000000000000000000e+00
-8.010336657712060493e-01
-6.916877998851255205e-01
-7.423512012331328069e-01
5.193748347530195986e-01
6.158632575734015457e-01
3.554194154201822942e-01
-1.863351146423242177e-01
1.000000000000000000e+00
3.205990097062184629e-01
-1.233592713518891770e-01
1.000000000000000000e+00
4.163271589191075428e-02
-1.000000000000000000e+00
1.000000000000000000e+00
1.523837255246998090e-01
1.000000000000000000e+00
-1.000000000000000000e+00
-1.000000000000000000e+00
4.338769060741798356e-01
4.058756642747489152e-01
6.999171125437178009e-01
-1.000000000000000000e+00
-7.907561019458276830e-01
3.549227680578710409e-01
1.000000000000000000e+00
1.000000000000000000e+00
1.000000000000000000e+00
6.157617402429300668e-01
1.000000000000000000e+00
1.000000000000000000e+00
1.000000000000000000e+00
-1.987325821164015460e-01
-1.000000000000000000e+00
-6.504678667752120669e-01
-2.278500030689691869e-01
-7.484722921307557231e-01
2.944014590596464309e-01
1.000000000000000000e+00
1.000000000000000000e+00
5.190212451827370677e-01
-1.000000000000000000e+00
