-8.647815426959664098e-01
-2.909636894724205725e-01
-2.268350297746863919e-01
7.405279121081537186e-01
-6.124602110028487534e-02
7.014878956249757103e-01
-3.949879533219438077e-01
1.000000000000000000e+00
-4.609197837710107271e-01
9.546271141403528393e-01
-1.000000000000000000e+00
1.000000000000000000e+00
3.731548472885937717e-01
-1.484391536882103679e-01
-3.062226091648579951e-01
-7.723825244700754933e-02
1.000000000000000000e+00
-1.000000000000000000e+00
-5.482351430168646012e-01
3.549887498303456734e-01
1.000000000000000000e+00
2.519715769486472468e-01
-9.089009347440663023e-01
-1.000000000000000000e+00
1.000000000000000000e+00
-1.000000000000000000e+00
-1.000000000000000000e+00
1.000000000000000000e+00
1.000000000000000000e+00
-4.034904562099483893e-01
-1.000000000000000000e+00
1.000000000000000000e+00
1.000000000000000000e+00
1.000000000000000000e+00
-1.000000000000000000e+00
8.470177311033921796e-01
1.000000000000000000e+00
-1.000000000000000000e+00
6.881677037333624458e-01
-1.000000000000000000e+00
-1.000000000000000000e+00
5.569122578122140954e-01
5.171126110970808432e-02
-8.576165701521831775e-01
-1.237449768663739791e-01
1.000000000000000000e+00
-4.556659350625181792e-01
-1.000000000000000000e+00
1.000000000000000000e+00
3.171300000590711043e-01
-6.524612955723163576e-01
4.435998227410495875e-01
1.000000000000000000e+00
1.000000000000000000e+00
1.000000000000000000e+00
1.000000000000000000e+00
1.000000000000000000e+00
1.533690544027758174e-01
-1.000000000000000000e+00
8.742087126348034865e-01
4.828826433270898555e-01
9.087762839802422388e-01
1.556149371700699113e-01
-2.011416720982494022e-01
-8.349397437825558654e-01
4.589969888751033178e-02
-8.535791449395135899e-01
-1.000000000000000000e+00
1.000000000000000000e+00
1.000000000000000000e+00
1.000000000000000000e+00
1.000000000000000000e+00
8.671062534717124959e-03
3.254231264098776943e-01
-5.972324485913522718e-01
1.000000000000000000e+00
1.000000000000000000e+00
1.000000000000000000e+00
-7.340982828119224646e-01
1.000000000000000000e+00
9.069092898076324127e-01
-9.868459590063455300e-01
-1.000000000000000000e+00
-1.000000000000000000e+00
-1.000000000000000000e+00
1.000000000000000000e+00
8.972013699509105988e-01
7.131911343826110583e-01
-1.000000000000000000e+00
-8.606613780724694032e-03
5.716736205843875318e-01
1.000000000000000000e+00
9.826274709103972604e-01
1.000000000000000000e+00
-1.000000000000000000e+00
-6.979595287837278006e-01
-1.000000000000000000e+00
4.093838625413049326e-01
1.000000000000000000e+00
1.000000000000000000e+00
4.864617405346109980e-01
-1.000000000000000000e+00
4.674300364238126448e-01
-1.000000000000000000e+00
-5.541905280409360479e-01
8.592072392947036619e-01
-4.088319292481690237e-01
1.000000000000000000e+00
1.091784638741832847e-02
2.199966248180585948e-01
-1.000000000000000000e+00
7.596062132928237398e-01
6.441768781925316656e-01
-1.000000000000000000e+00
1.000000000000000000e+00
-1.655910634110195623e-01
-1.000000000000000000e+00
1.000000000000000000e+00
-7.716034378155094409e-01
4.255387109205227558e-01
1.000000000000000000e+00
3.935576768838533468e-01
-3.389663671548062696e-01
1.000000000000000000e+00
-3.089972719068551088e-01
1.000000000000000000e+00
2.895947273044428005e-01
-1.000000000000000000e+00
6.905653389715649126e-02
-1.000000000000000000e+00
1.000000000000000000e+00
1.000000000000000000e+00
1.000000000000000000e+00
8.040139546041976670e-01
1.000000000000000000e+00
6.024539798642336574e-01
5.128244122701430818e-01
-2.085050219016519324e-01
5.582429004663662653e-01
-1.933062549347553394e-01
1.000000000000000000e+00
-1.000000000000000000e+00
-1.000000000000000000e+00
2.345724080475097839e-02
-1.000000000000000000e+00
1.000000000000000000e+00
-6.950997273598178428e-01
1.000000000000000000e+00
3.791668226456739177e-01
-4.144339458458268233e-01
-1.000000000000000000e+00
-5.672477090609229222e-01
-1.000000000000000000e+00
1.000000000000000000e+00
-1.000000000000000000e+00
1.000000000000000000e+00
1.000000000000000000e+00
1.000000000000000000e+00
-1.000000000000000000e+00
1.000000000000000000e+00
1.000000000000000000e+00
-1.000000000000000000e+00
-1.000000000000000000e+00
1.000000000000000000e+00
3.828818181651749142e-01
1.000000000000000000e+00
1.000000000000000000e+00
-1.000000000000000000e+00
6.901075769757682998e-01
5.857803141495327992e-01
1.000000000000000000e+00
-2.859878801140391946e-01
1.000000000000000000e+00
-9.901239408135232845e-01
-7.540323390869991815e-01
6.330617308565986701e-01
-1.000000000000000000e+00
2.270099064031518843e-01
-5.947144904563339551e-02
-7.764199283492727588e-01
1.000000000000000000e+00
-6.889616599177482703e-01
-1.000000000000000000e+00
4.862078208986095884e-01
1.000000000000000000e+00
1.000000000000000000e+00
1.000000000000000000e+00
-1.000000000000000000e+00
7.682793088054341579e-01
-1.000000000000000000e+00
1.000000000000000000e+00
-8.983941586820154424e-02
-1.829829666691249468e-01
1.000000000000000000e+00
1.230045256532199538e-01
-1.000000000000000000e+00
1.000000000000000000e+00
1.000000000000000000e+00
-1.000000000000000000e+00
-1.000000000000000000e+00
-1.000000000000000000e+00
6.399587341776036276e-01
-1.000000000000000000e+00
-6.390432476214976676e-01
-7.236731684376944695e-01
1.756302551810520196e-01
1.000000000000000000e+00
4.990843562125554245e-01
1.000000000000000000e+00
-7.411445976699599925e-01
1.000000000000000000e+00
-1.000000000000000000e+00
-3.550799355827166659e-03
-8.915272812309953387e-01
1.218865565649316363e-01
1.000000000000000000e+00
-1.000000000000000000e+00
1.000000000000000000e+00
-1.000000000000000000e+00
-5.743315094688274947e-01
-9.446484556956806777e-01
-1.708948516947995100e-01
-1.000000000000000000e+00
6.156978582501579922e-01
-1.000000000000000000e+00
3.805397466143369822e-01
-7.473788951133082392e-01
-6.571054101762926480e-01
-1.309647747645460159e-01
-1.914630625925052843e-01
2.037284126234506498e-01
-1.000000000000000000e+00
-7.931514952849573197e-01
1.000000000000000000e+00
5.257353325383297138e-01
1.000000000000000000e+00
1.000000000000000000e+00
-1.000000000000000000e+00
5.315303780780059606e-01
-1.000000000000000000e+00
-1.000000000000000000e+00
-1.000000000000000000e+00
1.000000000000000000e+00
1.000000000000000000e+00
2.746998377178475614e-01
-1.000000000000000000e+00
-3.734760742110767584e-01
-8.089412471335633015e-01
2.805129091698466137e-01
1.000000000000000000e+00
-1.000000000000000000e+00
-6.418126387126776855e-02
1.000000000000000000e+00
1.000000000000000000e+00
1.000000000000000000e+00
-1.000000000000000000e+00
-7.212772651640171340e-01
1.000000000000000000e+00
7.094584273790104367e-01
-1.000000000000000000e+00
2.906648996047857536e-01
7.117066811545467164e-01
-1.000000000000000000e+00
1.000000000000000000e+00
-1.000000000000000000e+00
