7.341355176694728257e-01
-1.998196634581954623e-01
-6.390321675141086288e-02
4.363907202077532688e-01
-1.000000000000000000e+00
5.355496695373398452e-01
5.940632055700207914e-01
1.307040551686859120e-01
5.342820953768268044e-01
-5.794900467567376534e-01
-9.642303266905880577e-01
-5.566446355585865646e-01
3.177082385302089085e-01
1.000000000000000000e+00
-8.258402773070330216e-01
7.094432542019575294e-01
-6.328937709436306402e-01
5.520655057951935341e-01
3.999112119183845238e-01
-7.594721663633851039e-01
-1.000000000000000000e+00
2.815729240449971194e-01
1.000000000000000000e+00
9.696740385242967886e-01
-7.280754449177427867e-01
2.042370175739403049e-01
-5.424877566121777406e-01
-9.008899883963479294e-01
-1.904084400977013036e-01
-2.930031011235898486e-01
4.026229285163374083e-01
1.000000000000000000e+00
-8.831190108503150782e-01
1.000000000000000000e+00
-5.688645446026269203e-01
-1.820474946588968024e-01
1.431043755111965909e-01
-6.280760793647197637e-01
5.958029863956506578e-01
5.897732405730011784e-01
1.000000000000000000e+00
-8.392208680101180818e-01
-8.725378780332193607e-01
-1.000000000000000000e+00
-4.249549560001282256e-01
-3.069459744117967182e-01
-1.113591766967965135e-01
-1.849375332889119372e-01
5.903488906262894798e-01
1.000000000000000000e+00
3.401463201098975375e-02
7.575585920595562239e-01
-1.000000000000000000e+00
6.716104708405714607e-01
8.809331128214461515e-01
-3.783919342617086401e-01
4.223297229921751939e-01
1.673353362861553784e-01
9.983972717657940699e-01
-7.202352549030901496e-01
3.812296256466578548e-01
-1.000000000000000000e+00
1.000000000000000000e+00
-7.459843056496382463e-01
-5.990051079380567245e-01
1.186136839375373508e-01
-4.266918679765947520e-01
-1.000000000000000000e+00
4.444858686848336404e-01
-9.527776540332855149e-02
7.243091951605074019e-01
-2.036826831231142165e-02
-1.483601321578639221e-01
-1.341742862464738728e-01
9.250289983436215113e-01
1.552142407018943793e-01
-5.747082110357776275e-01
-9.143774313055279546e-01
3.641756545641697262e-02
1.088703557704580049e-01
4.766210941284387825e-01
-5.408019026848236432e-01
-3.936512242455721955e-01
3.704510160786032014e-01
7.923067339404072928e-01
5.665787360887819535e-02
4.807841228810357248e-01
4.061819277294425046e-01
1.000000000000000000e+00
-5.191436700067619814e-01
-2.009180750263419579e-01
4.071566891692059986e-01
-1.944511591603612644e-01
6.114115213568573903e-01
-3.814360717003315027e-02
3.439591988885242202e-01
3.899331287163766979e-01
-1.366264913023280680e-01
1.000000000000000000e+00
1.622598649958791328e-01
3.474129996146093635e-01
1.000000000000000000e+00
-9.086738869433865773e-01
4.100224513929313641e-01
-2.712976756147321145e-01
6.143465956071518796e-01
-8.342033754945673563e-01
7.841235629006142460e-01
2.360815709227291892e-01
1.000000000000000000e+00
2.304083085903410044e-01
1.882193927806370404e-01
-1.000000000000000000e+00
1.798436898754145474e-01
3.655925487073952151e-02
-4.633170425616226495e-01
2.513928540853527238e-02
1.000000000000000000e+00
-5.423768955495875677e-01
8.552255231421397319e-01
2.235667652986381704e-01
-4.901333194970132201e-01
-3.629267354133935974e-02
1.000000000000000000e+00
9.244393703357389747e-02
8.778933461814353301e-01
5.600111314067133250e-01
1.000000000000000000e+00
-1.958161037132681859e-01
-4.735121614537842749e-01
1.000000000000000000e+00
-8.760866995673841640e-01
-1.000000000000000000e+00
3.554900589054664217e-01
1.503909751469493239e-01
5.410192920947922701e-01
8.603322533698467556e-01
-9.523497290302056495e-01
1.000000000000000000e+00
1.000000000000000000e+00
7.072398342406731597e-01
5.714080310150868591e-01
7.566375526426138975e-01
-1.402030307634731798e-01
-1.000000000000000000e+00
5.453001915781303666e-01
-4.901518628885632722e-01
7.316107924773413984e-01
-5.074548993397183239e-01
3.756283377504753274e-01
-9.374426074183026536e-01
-4.683459226229891303e-01
-8.577953356791673256e-01
-1.538499165227313892e-01
-1.000000000000000000e+00
1.000000000000000000e+00
5.881540431595011498e-01
9.087112382500468488e-01
8.145669075513113366e-01
-1.000000000000000000e+00
1.000000000000000000e+00
-1.000000000000000000e+00
9.437133427477563119e-01
4.111279322439413964e-01
-7.921326714092780108e-02
-9.251431634489988287e-01
8.215353195677873588e-01
-4.051803278345698089e-01
-2.282904667746143978e-01
-4.558779443742555504e-01
-8.042000886133271464e-01
-7.019433292819619030e-01
-3.327311251714832885e-01
1.000000000000000000e+00
1.000000000000000000e+00
-5.368927561521801284e-01
-1.000000000000000000e+00
2.726195434364520054e-02
1.000000000000000000e+00
4.764076972591158032e-02
1.469406619948144810e-01
1.790729883173493575e-01
-9.649673622200829470e-01
-1.606577169002368702e-02
-5.404597317040029658e-01
-3.747870114450669865e-01
6.403751851220741420e-01
-7.769890691946650385e-01
-5.353475343427878119e-01
3.318749805624766624e-01
6.349692330134958373e-01
-6.404369151378037639e-01
4.613335077075144675e-01
8.551216917972781495e-03
-7.723127775916485138e-01
9.329074302546347397e-01
6.220220927463191440e-01
-7.077269490130853047e-01
1.000000000000000000e+00
7.480674639218150013e-01
7.383980381348400623e-01
-7.835130365563029997e-01
-7.606329482028053590e-01
4.092586806113240883e-02
-3.369135961179367533e-01
-7.757812240962260741e-01
5.606234179462408207e-01
-1.000000000000000000e+00
4.309541852570670795e-01
-8.399077486484540778e-02
-4.571791093098946934e-01
9.118472241352569840e-01
5.075778968726170071e-01
-6.952358170608139432e-01
-1.000000000000000000e+00
-5.537157392418310398e-01
1.000000000000000000e+00
-1.000000000000000000e+00
-2.136671912785736982e-01
-3.304230717891007973e-01
3.461513241228033610e-01
-8.526886123114241212e-01
1.000000000000000000e+00
-6.958008229730298089e-01
-8.195086165708604931e-01
5.117451893637150473e-01
-4.715251326491134432e-01
5.953842861297014011e-01
-1.605050055760504080e-03
-1.000000000000000000e+00
1.000000000000000000e+00
1.000000000000000000e+00
6.723183679140658509e-01
1.195657392583715506e-01
2.107448185711301436e-01
-9.564949873289505522e-01
5.927280383818651632e-01
-2.059619937118022381e-01
-1.000000000000000000e+00
-3.146888749763951387e-02
-5.437569107048314532e-01
-2.387524047519928860e-01
-5.554457521658306973e-01
1.014015741078821975e-02
-9.367409151585330829e-01
2.568242027598721666e-01
1.000000000000000000e+00
9.605177360198353664e-01
8.993169996761489760e-01
4.704744946536137951e-02
5.776135245634888005e-01
-9.512279137800327966e-02
2.390794320276838913e-01
3.340139398115595792e-01
-3.028017362866624040e-01
-6.829378084044388508e-01
-9.795799503287196952e-01
4.935031658277766464e-01
3.613263454130577479e-01
-4.266578575011183982e-01
1.000000000000000000e+00
9.296406456160246634e-01
5.871659055758584600e-01
5.198452342747972299e-01
-1.093085503025543331e-01
