-2.201969466336013426e-01
1.812429331970371038e-01
7.498047238172733664e-01
-8.898413949978756232e-01
9.700373688423624685e-02
9.983351218829543683e-01
-2.024801794825079604e-01
8.326340804087632996e-01
7.876287631450633597e-01
8.422975206295428841e-01
9.869757120637099312e-01
-9.350465629594120198e-01
9.444805203097168533e-01
8.281512015951566497e-01
1.720880138391378544e-02
-6.949279321127641573e-01
5.061810121381149497e-01
-6.224974434660293099e-01
-4.947972669172100435e-01
7.102660603546657736e-01
1.868850510986856950e-01
-2.913492237674373264e-01
-4.018599731702483524e-01
3.316212405295424492e-01
9.618230879837157410e-01
7.524035768852734840e-01
-3.897487310713840802e-01
-5.517208552876848859e-01
-9.826120512454836753e-01
7.349308735543258475e-01
8.382777070717195578e-01
-1.343859962027202926e-01
9.400084205385514924e-01
-1.373987116271497833e-01
-9.225180538701607258e-01
1.774964182020954961e-01
2.410193575744319361e-01
-3.847342597323186730e-01
6.339104320510280388e-01
5.979324604113056552e-01
-3.743050859960561638e-01
-2.794282576625191084e-01
-8.571673708893616794e-01
-4.642604720743388480e-01
9.490257100921200006e-01
8.075565420163419716e-01
-2.460113996291788396e-01
7.493081162325008204e-01
3.808982992772240728e-01
-2.537492143905712982e-01
9.859828264031411660e-01
7.569257466570489257e-01
3.240913023324110132e-01
2.327773483323136716e-01
5.549414213901651127e-01
-5.106065215906692156e-01
6.870085284847908813e-01
-3.049640805260867005e-02
8.902453677719401881e-02
-8.367558714615115356e-01
-7.059212513878942996e-01
7.407403629586808425e-01
-5.787172871679815422e-01
-1.415878391405351877e-01
-1.049075674110855338e-02
-1.010803751191087230e-01
4.510098343304915769e-01
8.303067854884849108e-01
-4.193888817506878919e-01
-3.844007451860209645e-01
7.397663446782520857e-02
6.459935648200496594e-01
-1.042980246782692078e-01
-8.349370328312240019e-01
2.495740309451499606e-01
7.120507937922826436e-02
3.607719299588756368e-01
6.419488749739250544e-01
-8.948696628666075181e-01
7.169952042609482046e-01
7.072643031885192944e-01
8.968087382757006232e-02
-9.992848562320491013e-01
3.849409402817329795e-01
-3.093284833601583905e-01
4.601401903386530545e-01
4.260229252952223433e-01
4.018733723295657700e-01
5.379019549629064922e-01
-3.059449529883084828e-02
-4.495026180961054774e-01
8.281800416517131058e-01
4.957670122827317893e-01
5.486316417109948773e-03
-1.643452591569696253e-01
4.553185848444680772e-01
-9.596996749686210748e-01
8.786063716507481747e-01
9.691098943913019070e-01
-3.267060213079879816e-01
8.494311485383925220e-01
8.871979515987729048e-01
4.143905409688892760e-01
-8.109457234801484837e-01
3.696075300909273942e-01
-7.134110319219453267e-01
-2.534601653432357882e-01
-2.755724005600281856e-01
-1.840004456580406345e-01
3.594864422070798149e-01
-2.454607578935092960e-01
-3.605802082752300741e-01
-8.056118773896383534e-01
-6.659780047306835815e-01
9.805004736721900649e-01
2.629389552171068622e-02
5.658501471513766035e-02
5.320417027860673276e-01
-7.501690939523784074e-01
-5.102189179949758735e-01
-8.835591190572325004e-01
-5.779204588641406737e-01
1.163114262816824507e-01
9.070466152625660250e-01
-9.700659892854286426e-01
-5.429594960956654059e-01
-7.722999285545126824e-01
-5.333712800194760906e-01
-7.153740686445202446e-01
6.414261258744418104e-01
-5.821628559371363476e-01
-2.706650202340799005e-01
6.352832544773443502e-01
4.561470983338284935e-01
5.840161965418759760e-01
8.278794071526955900e-01
-2.692770125168109097e-01
8.636575371553956160e-02
-8.584062396683875829e-01
5.982106859151876677e-01
-6.416059651492382887e-01
-6.216422757103139407e-01
6.349399931803669794e-01
9.872492616868040471e-01
1.949751657445146780e-01
4.295541255821482274e-01
9.532294773295000301e-01
3.131511940320301779e-01
-3.312334144630457722e-02
6.070504950448902814e-01
6.014504963204143628e-01
1.004616632416877042e-01
3.545431723825183123e-01
1.829549876957241583e-01
-4.688022143465220282e-01
-6.396671976959857897e-01
9.306496805177693066e-01
-1.886388196143280460e-01
9.878639058738714063e-01
-3.860484091432263565e-01
6.671013081158647662e-01
2.651211871575676060e-01
4.614637526712472848e-01
-1.460251745275447099e-01
5.583851768833298923e-01
8.088577408714456851e-01
-9.504276654320864548e-01
-7.701817876978087618e-01
-3.018722255941912458e-01
-2.974897695037290735e-01
7.751917561850178995e-01
5.490214849095309546e-01
7.670710662135009628e-01
-3.373206965474384589e-02
5.740753087775134489e-01
-5.035932121178940957e-01
-4.690730228219330833e-01
6.106904698680486465e-01
7.121593888637631764e-01
9.905440607730751079e-01
1.858104856844640107e-01
-4.307061259562554589e-01
4.988031783338637837e-01
-1.268337797967606928e-01
7.083686671315903016e-01
-5.041003917476019058e-01
9.211588208333956196e-01
8.885984934711506078e-01
-4.802057522825209368e-02
2.319441509991115868e-01
9.945762801211355253e-01
-2.413381852817930717e-01
8.764410501793074015e-01
-6.456460698855503999e-02
-9.656202830684650351e-01
6.737008371735468959e-01
-1.534317293824192241e-01
-6.438165552949757231e-01
-4.979228115401588273e-01
-8.599658861945642663e-01
7.459863248767375499e-01
-6.358068102026774859e-01
-6.232112446134090433e-01
4.404000295178145397e-01
-3.919974597175612807e-01
-1.974728866756629841e-01
3.278259126779869970e-01
-2.426344120499459578e-01
7.525028640812818637e-01
-6.476098379503143487e-01
9.501609034411508947e-01
9.614956490069341832e-01
-9.987851746764719874e-01
-5.984695575861227468e-01
-3.839696508991592427e-01
-7.361816019374420872e-01
7.410235150708759377e-01
-2.461822699858602359e-01
6.757024401683089376e-01
3.388827609698175092e-01
1.325313897732995905e-01
-8.032614833569446944e-01
4.460403620569461935e-01
-3.800476279839153371e-01
-6.893229874512931676e-01
5.721127173123587983e-01
8.228072820839174017e-01
-6.402120518080534062e-02
4.432369878528990004e-01
8.159926666584835786e-01
2.795413818372658454e-01
2.228866847745256674e-01
-7.110848707011008241e-01
5.464188069594833053e-02
-1.978867077046926326e-01
-7.755561282809206869e-01
7.495226194535686837e-01
8.360285400811107159e-01
5.736409412644101202e-01
-1.570203894038144643e-01
-8.822615260634021350e-01
1.833964682817752490e-01
-4.181208743926909666e-01
2.332280894606217903e-01
8.216749359905528571e-02
6.077380658968611904e-01
2.211859597816023815e-01
-2.505141508088739588e-01
-7.032872984593652177e-04
8.768362501142041854e-01
-3.037861562757335765e-01
7.016687342317950993e-01
8.562183014350146504e-01
9.039405160442488540e-01
8.663627064970447211e-01
5.190579009070104277e-01
9.803341076409977095e-01
-9.349005256279108167e-02
4.800907528433717708e-01
3.520595149959975245e-01
-4.329798087406044882e-01
-3.447570795427470358e-01
6.897748206940987892e-01
9.705583790790464072e-01
-9.367915772022372689e-01
