-2.192993139544887893e-01
-1.000000000000000000e+00
1.000000000000000000e+00
2.133529928516559870e-01
-1.000000000000000000e+00
5.597504727662567792e-01
-1.000000000000000000e+00
-6.927286239302343773e-01
-1.000000000000000000e+00
-7.152505359453282807e-01
-4.246449701670078625e-01
-2.836475113967242834e-01
-6.268023486531467681e-01
8.276806780293102239e-01
2.426968604490395975e-01
-1.000000000000000000e+00
1.000000000000000000e+00
-6.847263221984787318e-01
-8.520707695356597444e-01
-5.909803346183477579e-01
-7.365444133007091887e-01
1.000000000000000000e+00
4.440798635791409765e-02
-8.531919099362423875e-01
-6.227252120689517056e-01
8.645691250918263737e-02
1.000000000000000000e+00
2.722450586118216331e-02
2.719865612186319614e-01
2.794387017691779551e-01
-4.603698179311717098e-01
-1.000000000000000000e+00
1.000000000000000000e+00
-8.921180605434066990e-01
-1.000000000000000000e+00
7.156912307118383776e-01
-1.453534166968086794e-01
-1.000000000000000000e+00
-4.676202978518256836e-01
6.863295456269052908e-02
9.226083026509424023e-01
3.190333936017757388e-01
-7.384653937806042734e-01
4.977476424584654363e-02
1.000000000000000000e+00
1.000000000000000000e+00
-3.693255622682710682e-01
1.000000000000000000e+00
-1.000000000000000000e+00
1.978604540203552364e-01
1.000000000000000000e+00
-1.000000000000000000e+00
6.874624738932554324e-01
-1.000000000000000000e+00
-5.400665471705614618e-01
2.472439867518239076e-01
-9.651022593454527954e-02
-2.816847148924195299e-01
6.614264154505290483e-01
-3.070371144891275161e-01
-1.000000000000000000e+00
4.094721572322513881e-01
1.000000000000000000e+00
8.192188615513840144e-01
-9.145404212821989232e-01
1.000000000000000000e+00
4.550783973718606212e-01
1.000000000000000000e+00
7.009201564145004504e-01
-4.566420281763379219e-01
1.000000000000000000e+00
-3.126048524492608394e-02
1.000000000000000000e+00
7.434176678641499780e-01
-4.373553799332121073e-01
-4.286898674182958446e-01
3.327510145564849253e-02
9.705013089072724863e-01
-6.414144786028970202e-01
5.216645302134947926e-02
-1.000000000000000000e+00
-2.845559965708974737e-01
-2.937011478853591290e-02
1.000000000000000000e+00
1.000000000000000000e+00
7.275765894559684810e-01
-1.000000000000000000e+00
2.498236010686638586e-01
-9.593209924269097133e-01
6.107034160046604931e-01
1.000000000000000000e+00
8.934330895951836382e-01
-2.337064187070020949e-01
5.325797586006152384e-01
-7.899862325714970268e-01
3.618248425902546028e-01
9.949856997691499672e-01
-9.016393428964121215e-01
8.962553700613051788e-02
1.000000000000000000e+00
1.000000000000000000e+00
-9.733951229297754804e-01
6.358578665774514693e-01
-1.934835849879310565e-01
1.000000000000000000e+00
1.000000000000000000e+00
-3.054752160902027835e-01
-7.699965979080261036e-01
-1.000000000000000000e+00
-1.000000000000000000e+00
-8.010120860635916440e-01
-5.419888214747291544e-01
1.000000000000000000e+00
-6.703438585911647429e-02
3.317864184685954676e-01
3.886962321000975162e-01
-1.000000000000000000e+00
1.000000000000000000e+00
1.000000000000000000e+00
-9.076884413974051213e-02
5.941422411517425228e-01
1.000000000000000000e+00
-2.078153739286775492e-01
-1.000000000000000000e+00
3.534529092316116561e-01
7.093147167730773361e-01
6.571218046821857284e-01
1.364707231413609945e-01
-1.000000000000000000e+00
-3.303953526540897023e-01
-1.000000000000000000e+00
1.000000000000000000e+00
-6.624081626925393262e-01
1.667764119459557159e-01
-2.464693582580937958e-01
-4.961560325079245048e-01
1.000000000000000000e+00
1.000000000000000000e+00
-1.970285959893827155e-01
-3.207081962607080672e-02
5.605945203965176926e-01
1.000000000000000000e+00
-2.124776561684138532e-02
-1.000000000000000000e+00
-1.000000000000000000e+00
5.772749592014748687e-01
5.496536800934159750e-01
-7.016811943773346716e-01
-7.337002128952837543e-01
-9.528902600476107931e-01
-2.449890830231125083e-01
4.308186157689561924e-01
8.591317088497576471e-01
-1.440955552523127126e-01
-4.777742490849401502e-01
1.000000000000000000e+00
-8.882658216678671614e-01
-9.327078435500804066e-01
1.000000000000000000e+00
-1.000000000000000000e+00
7.398017657831807981e-01
1.000000000000000000e+00
2.879184756342431095e-01
-1.000000000000000000e+00
7.225517605366236218e-01
1.350960109542522769e-01
-1.000000000000000000e+00
-1.000000000000000000e+00
-1.000000000000000000e+00
1.435380728941415551e-02
-1.000000000000000000e+00
-1.000000000000000000e+00
-1.604513017325541746e-01
9.502493346687621578e-01
1.438139433280254398e-01
-1.000000000000000000e+00
7.920450211060063861e-01
-3.822434258605491575e-01
4.695113668688604136e-01
-8.270641847972540761e-01
8.271513553963549814e-02
7.797686816797773091e-01
5.542438412866502739e-01
5.775595122614251009e-01
-9.407933940201438361e-01
3.428026255755305951e-01
-7.780781138432846245e-01
2.703184563403300267e-01
-5.677753494640389587e-01
1.370211108544430179e-01
-4.789168688994416279e-02
-9.860911238682947833e-01
8.970142174031157101e-01
4.830623710748487287e-01
-2.037856461826254018e-01
1.800570976209253660e-01
-1.000000000000000000e+00
-1.000000000000000000e+00
1.000000000000000000e+00
1.000000000000000000e+00
-1.631561987737724095e-01
1.000000000000000000e+00
4.368935401695352994e-01
-7.824891068564134855e-01
1.000000000000000000e+00
1.000000000000000000e+00
1.000000000000000000e+00
1.000000000000000000e+00
4.237362542131135612e-01
-1.000000000000000000e+00
-2.179711824001459020e-01
1.000000000000000000e+00
-1.000000000000000000e+00
4.160193326148831083e-01
6.516224027583965572e-01
8.896318120623450953e-01
-1.000000000000000000e+00
6.110393869569188396e-01
2.356595440020155530e-01
-1.000000000000000000e+00
-6.345165183810985710e-02
1.000000000000000000e+00
1.000000000000000000e+00
6.450689497083778035e-01
3.656731604603105090e-01
-1.000000000000000000e+00
-2.457031007936638090e-01
1.000000000000000000e+00
1.000000000000000000e+00
1.000000000000000000e+00
8.805029296567479236e-01
-1.000000000000000000e+00
-6.966155713367936375e-01
4.133567711082470897e-01
-8.769857362163631098e-01
-3.108122027008184407e-01
-5.386990309003872879e-01
-1.000000000000000000e+00
-1.000000000000000000e+00
1.000000000000000000e+00
-7.113883756688976767e-01
-6.266967214445843259e-01
1.000000000000000000e+00
7.663473505700612032e-01
1.155036573257012256e-01
1.000000000000000000e+00
-5.527499781642144505e-01
1.000000000000000000e+00
1.000000000000000000e+00
1.000000000000000000e+00
-8.552400322953829237e-01
-3.999177991216013028e-01
-7.473893904153248169e-01
3.362978980237650850e-01
-2.398321355946453348e-01
-2.646330833930241599e-01
1.000000000000000000e+00
1.000000000000000000e+00
5.845031823400339555e-01
1.000000000000000000e+00
-1.000000000000000000e+00
8.988744818092109234e-02
1.000000000000000000e+00
-1.000000000000000000e+00
4.801305580208909407e-01
