-1.512921563567667937e-01
2.511952573352309037e-01
-1.000000000000000000e+00
1.885047759215225938e-01
4.418953721716332994e-02
-5.803275643263978711e-01
-1.270698940905009289e-01
-2.656444604249278973e-01
3.279088514367850538e-01
-1.000000000000000000e+00
9.292607115378910265e-01
2.178117703562902907e-01
-1.000000000000000000e+00
1.520091031185484276e-01
-1.000000000000000000e+00
6.761170768501640893e-01
-4.701219164807910467e-01
1.000000000000000000e+00
4.555464543976631697e-01
1.618806670818180304e-01
-5.724047369986591249e-01
1.000000000000000000e+00
4.518005690466052604e-01
1.000000000000000000e+00
-5.947883353173943899e-01
8.891054575573689167e-01
-3.395193095214070200e-01
-1.000000000000000000e+00
-1.904365024505403348e-01
4.049938095539467042e-01
1.000000000000000000e+00
1.000000000000000000e+00
-3.226563357040466151e-01
-3.919320627030253856e-01
-3.380154586363801616e-01
1.000000000000000000e+00
-5.667408581285453550e-01
1.000000000000000000e+00
6.866999604176532435e-01
-8.524003896649421375e-01
5.626707768502507978e-01
8.333007710009072699e-01
-1.000000000000000000e+00
-1.000000000000000000e+00
1.760405262195607889e-02
-1.000000000000000000e+00
-1.000000000000000000e+00
1.000000000000000000e+00
1.000000000000000000e+00
5.909572076815866604e-01
-8.358743277057489873e-02
-1.000000000000000000e+00
-3.827904717763497278e-01
-1.000000000000000000e+00
-8.306754041850992198e-01
-7.549083450910109017e-01
6.128318564785417699e-01
9.345377932060699999e-01
4.706990605982566134e-01
-5.072939753773917371e-01
-1.000000000000000000e+00
-1.000000000000000000e+00
8.631336192575496113e-01
-4.152506079447721432e-01
1.000000000000000000e+00
5.247801085006675859e-01
1.000000000000000000e+00
1.608877513332555020e-01
8.962576662247666581e-01
7.372233960698457711e-01
-9.861541438807073234e-01
-6.405303319616983959e-02
9.919131871368082054e-01
-1.000000000000000000e+00
5.221638908008768842e-01
-1.000000000000000000e+00
8.770145881542312782e-01
-5.424475762751123087e-01
-6.628594796155290458e-01
1.000000000000000000e+00
-3.098592561025459435e-01
-2.296112946415553857e-01
-1.000000000000000000e+00
-9.451158257418795783e-01
-2.498507530670517340e-01
1.000000000000000000e+00
3.170074289806283363e-01
-9.283059795367698541e-02
1.712815880070828189e-01
7.563290332553262996e-01
-1.000000000000000000e+00
-1.000000000000000000e+00
-1.000000000000000000e+00
6.955314324156092187e-01
6.437901277412612089e-01
-6.431636040737382931e-01
1.000000000000000000e+00
-5.321239257052159388e-01
2.179586544552559180e-01
-7.864126975872965941e-01
1.000000000000000000e+00
-3.012452872431850004e-01
-5.631042159270206460e-01
-6.655241313451392138e-01
5.257472688335735889e-01
-7.385466127691375782e-02
-1.000000000000000000e+00
-9.132289014630110557e-01
1.000000000000000000e+00
3.550246670401069338e-02
-4.877371070541354769e-01
5.601032741278920701e-01
1.000000000000000000e+00
-1.771854205622644951e-01
7.058082396004894399e-01
1.000000000000000000e+00
-1.000000000000000000e+00
-1.000000000000000000e+00
1.000000000000000000e+00
1.000000000000000000e+00
8.531900347124699024e-02
-1.000000000000000000e+00
-7.353730439414996045e-01
-1.000000000000000000e+00
5.200570653626801487e-02
-3.607925545085637342e-01
5.137729045536190142e-01
6.425857708692266357e-01
-1.000000000000000000e+00
9.519725363697838505e-01
3.258522465338031804e-01
-1.000000000000000000e+00
1.000000000000000000e+00
-7.390539304469090354e-02
-9.203920424992817484e-01
1.365037824833076341e-01
-1.399234382613898653e-01
1.000000000000000000e+00
-2.418218847974157593e-01
-2.082192493667722744e-01
-1.000000000000000000e+00
-3.069830563097097342e-01
-8.425710976229185967e-01
-5.548406945903201493e-01
-8.266520773981984593e-01
2.213762837198266775e-01
1.000000000000000000e+00
3.519271056902442130e-01
1.000000000000000000e+00
-1.481725837763531173e-01
-2.547231125392175333e-01
9.495537387500893045e-01
-5.087795105720951394e-01
8.736662139209228073e-02
-8.170440395189981775e-01
2.915784047302596438e-01
2.004557513418973869e-01
1.000000000000000000e+00
-4.003727675090067439e-01
1.000000000000000000e+00
-4.023914053483967912e-02
1.000000000000000000e+00
1.000000000000000000e+00
3.871676724703574379e-01
-1.000000000000000000e+00
1.910622614722035095e-01
3.216004366776732404e-01
-1.000000000000000000e+00
-4.305942032608967018e-01
-2.575637214238557515e-01
-7.285557098369559448e-01
1.154526839091161161e-01
1.000000000000000000e+00
-6.161328295348595940e-01
7.891671424339599117e-01
-1.000000000000000000e+00
-3.440034130974414239e-01
3.980349809977907771e-01
-5.247475951867026644e-01
2.420486080715270050e-01
2.797874108939117921e-01
-1.000000000000000000e+00
-1.285250523299195646e-01
-1.000000000000000000e+00
-1.000000000000000000e+00
1.000000000000000000e+00
3.011584052908897746e-01
-1.000000000000000000e+00
6.773788499302334509e-01
-4.085190001901644052e-01
-1.000000000000000000e+00
5.321211433456916051e-01
-1.000000000000000000e+00
2.002728323163056046e-01
1.000000000000000000e+00
-2.371155349091189357e-01
-8.848676201034940680e-01
-4.052814998002989277e-01
-1.000000000000000000e+00
-2.710361210242981933e-01
3.344510173746573223e-02
-4.957917230411789666e-01
6.623618730955675993e-01
1.000000000000000000e+00
1.000000000000000000e+00
-2.660939522178162875e-01
5.897391481555498416e-01
9.339514548919727321e-01
-1.000000000000000000e+00
-1.000000000000000000e+00
-3.700412011416058244e-01
1.000000000000000000e+00
1.000000000000000000e+00
-8.522515865978075311e-03
1.000000000000000000e+00
1.761670230801941628e-01
1.000000000000000000e+00
-7.426471245266994536e-01
8.824061075939038101e-01
-5.792002423153688184e-01
5.055577017147250274e-01
-8.831255696060094085e-01
1.000000000000000000e+00
-3.544481429029446851e-01
-5.571717440572551139e-01
9.131532668032976696e-01
6.061925011415347786e-01
-8.084525625288374595e-01
6.108936078903945965e-01
1.000000000000000000e+00
5.549706730058910908e-01
7.321646498453782126e-01
5.986691743489918061e-01
1.000000000000000000e+00
-6.091386335912509775e-01
6.987517710895150280e-01
-1.000000000000000000e+00
-9.492787698955933440e-01
2.065313254433055468e-01
1.000000000000000000e+00
8.475735975919767018e-01
-7.109848345076621445e-01
-8.798754988623407325e-01
1.000000000000000000e+00
8.822959016861489090e-01
-5.136335107757772356e-01
4.765999083659290814e-01
1.000000000000000000e+00
7.586597699607194878e-01
3.349665890267907731e-01
6.053760732688691082e-01
1.000000000000000000e+00
1.000000000000000000e+00
9.685762625614700028e-01
-9.277654544882396603e-01
-1.000000000000000000e+00
-7.168912337362058906e-01
-3.364708351030145650e-01
3.982458694485660478e-02
-1.000000000000000000e+00
-3.247822128191064639e-01
7.733678165983917108e-01
1.000000000000000000e+00
-1.365919134205744179e-01
-6.583180343654728706e-01
