-4.428728772275041248e-01
3.245909175781569456e-01
-1.000000000000000000e+00
-1.000000000000000000e+00
-7.835671660583062303e-01
-5.888233303529899487e-01
-1.000000000000000000e+00
-4.159310742845907516e-01
-1.478278572633465737e-01
1.336486611925371271e-01
-2.785319197192246410e-01
9.539354772745424205e-01
2.528781412581647681e-01
1.000000000000000000e+00
1.000000000000000000e+00
1.000000000000000000e+00
-4.949908715809947513e-01
1.000000000000000000e+00
1.000000000000000000e+00
1.000000000000000000e+00
-4.451953367188234978e-01
-7.093670164010530410e-01
1.000000000000000000e+00
1.000000000000000000e+00
-1.497657050931845424e-01
-3.656034342018326111e-01
-1.000000000000000000e+00
-1.000000000000000000e+00
6.733900972442974364e-02
6.899548329979429129e-01
-1.000000000000000000e+00
-8.605120164397633831e-01
-5.054409665021969422e-01
-1.000000000000000000e+00
1.000000000000000000e+00
-1.000000000000000000e+00
1.000000000000000000e+00
-1.000000000000000000e+00
-1.000000000000000000e+00
1.000000000000000000e+00
1.000000000000000000e+00
8.650785142069445932e-01
-8.229389957041248760e-01
7.580187027938434241e-01
-6.912516162223552030e-01
-2.873873308069478938e-01
-2.263869850550449536e-01
7.229058547990214745e-01
8.426785301409310813e-01
-2.301578823561212239e-02
-1.000000000000000000e+00
1.000000000000000000e+00
1.000000000000000000e+00
1.000000000000000000e+00
-1.241659334196792974e-02
-6.036603926391941322e-01
-3.325589080645740547e-01
-2.260176015894228563e-01
2.014405527737418433e-01
-1.000000000000000000e+00
6.654448973757693953e-01
8.255627414867361402e-02
3.299994953006317733e-01
1.000000000000000000e+00
1.000000000000000000e+00
-5.763315120585321694e-01
1.000000000000000000e+00
3.409201948446877739e-01
9.673126609883022642e-01
-9.830215531628604397e-01
-1.000000000000000000e+00
7.676993167875039159e-01
-1.000000000000000000e+00
4.396505493990665592e-01
1.000000000000000000e+00
-8.462871480906004606e-01
7.047108266906093599e-01
1.559669720908987145e-01
-8.629198912084141693e-01
7.167474367408875960e-04
-6.060080946070689478e-02
6.477709140972691682e-01
4.844779787013937522e-01
1.000000000000000000e+00
-6.852322819196466908e-01
7.740087822089478653e-01
7.499041088713658265e-01
-1.000000000000000000e+00
-5.999291771755640434e-01
-5.498612200827585061e-01
-1.000000000000000000e+00
1.000000000000000000e+00
4.674164029410049492e-01
1.000000000000000000e+00
1.000000000000000000e+00
4.724525672241850494e-01
2.958941593672407278e-01
9.443927343579930911e-01
5.121478513415651523e-01
1.000000000000000000e+00
9.067966689451689710e-01
-2.323041108603571825e-01
2.828598565527260522e-01
-5.305480068654682135e-01
5.259424383648070300e-01
3.579881253054602031e-01
-6.181575764823908914e-01
7.410401804944770632e-01
-3.038309234393741232e-01
1.000000000000000000e+00
6.524214962131854589e-01
-6.273136894923263540e-01
4.795998543689511950e-01
1.661927389033238667e-01
-9.023168933240877099e-01
1.000000000000000000e+00
-1.000000000000000000e+00
1.000000000000000000e+00
-9.331339214437448515e-01
-1.000000000000000000e+00
-9.536609587649592656e-01
1.000000000000000000e+00
-1.157523861152995881e-01
-9.804533186778213727e-01
-8.106881396957533736e-01
1.000000000000000000e+00
-1.000000000000000000e+00
-1.585951776794443102e-01
-1.561468812937203410e-01
-9.789609151886733418e-01
1.000000000000000000e+00
5.548565224003527696e-01
1.000000000000000000e+00
1.889267044382940686e-01
-1.138274629543886141e-01
1.000000000000000000e+00
1.000000000000000000e+00
-1.000000000000000000e+00
-1.000000000000000000e+00
-1.000000000000000000e+00
-9.923375584602859290e-01
6.100675872237751318e-02
-3.137584214269720784e-01
1.000000000000000000e+00
-1.000000000000000000e+00
4.171371439224166866e-01
1.000000000000000000e+00
-8.025391294712236334e-01
-6.181364216605278461e-02
-1.000000000000000000e+00
-1.341096481297588960e-01
3.666877788728453713e-01
1.728724832566889136e-01
-1.000000000000000000e+00
2.260540035053332231e-01
-1.000000000000000000e+00
-9.710744009334845162e-01
4.188309035396124425e-01
-3.976933338244192928e-02
4.512491132900453561e-02
-3.026117893607555009e-02
1.000000000000000000e+00
6.794778186353458427e-01
-1.000000000000000000e+00
-1.227849103073559434e-01
-1.000000000000000000e+00
5.950254683977860282e-01
3.843348323634853125e-01
4.551868707888352961e-01
1.000000000000000000e+00
1.000000000000000000e+00
-1.000000000000000000e+00
1.460299263581579243e-01
-9.217270702629627444e-01
-1.000000000000000000e+00
-1.650226230726021814e-01
-9.148944084151016121e-01
-7.375439727895120035e-01
1.000000000000000000e+00
-1.724010435946055075e-01
1.000000000000000000e+00
1.000000000000000000e+00
5.398301064428081553e-01
9.159963379058898569e-01
4.958950315283375820e-01
-1.000000000000000000e+00
2.276578738906748223e-01
1.000000000000000000e+00
-1.000000000000000000e+00
-4.633175360077799732e-01
8.913079985784370107e-01
4.847258846705690960e-01
3.643187157714106172e-01
7.024175534874527171e-01
-1.000000000000000000e+00
-1.271515252425621245e-01
-2.146337675916338839e-01
-1.000000000000000000e+00
8.386780267185971471e-01
-1.000000000000000000e+00
-1.000000000000000000e+00
-1.000000000000000000e+00
9.190883517595043184e-01
-1.000000000000000000e+00
6.384704959795250989e-02
-9.189716590767851301e-01
-9.520006383385831716e-01
-8.574915416646196054e-01
-1.000000000000000000e+00
-2.297306298344342634e-01
5.273702910297910496e-01
-1.000000000000000000e+00
6.917691996674275590e-01
8.307180232156481381e-01
-1.000000000000000000e+00
-1.726955117777905224e-01
-1.000000000000000000e+00
-1.000000000000000000e+00
8.500623094018977532e-01
-6.113212234572383830e-01
-9.700138889778859852e-01
5.542508843103102212e-01
-1.000000000000000000e+00
-1.000000000000000000e+00
7.572322325772107288e-01
-1.000000000000000000e+00
-1.000000000000000000e+00
4.768402698790313865e-02
1.000000000000000000e+00
-9.928244851569306695e-01
-4.803995434262368081e-01
-7.023033581837165862e-01
2.031654920982509105e-01
-1.000000000000000000e+00
-1.000000000000000000e+00
-1.000000000000000000e+00
-1.000000000000000000e+00
1.000000000000000000e+00
9.338845200083921716e-01
-3.320091338091033517e-01
1.000000000000000000e+00
1.000000000000000000e+00
-1.000000000000000000e+00
1.000000000000000000e+00
2.665064643767816044e-01
-4.928142494528956474e-01
-7.314603427121504353e-01
3.253564470420717836e-01
-2.078469821497475056e-01
-5.659688231911552680e-01
1.000000000000000000e+00
-3.099186208802529041e-01
1.000000000000000000e+00
6.989702633238406015e-01
-1.000000000000000000e+00
9.827363402084521304e-02
5.476682937532555417e-01
-2.378135513044922766e-01
3.941230543464140368e-01
5.626849277564094365e-01
-2.726064048805927342e-01
9.006844667191513665e-01
-1.000000000000000000e+00
1.000000000000000000e+00
3.345955081149398769e-01
