1.000000000000000000e+00
1.000000000000000000e+00
-1.000000000000000000e+00
1.000000000000000000e+00
4.836455841097770381e-01
1.000000000000000000e+00
1.000000000000000000e+00
-1.000000000000000000e+00
1.000000000000000000e+00
-1.000000000000000000e+00
-1.957116401848909004e-01
1.000000000000000000e+00
1.000000000000000000e+00
-1.000000000000000000e+00
1.000000000000000000e+00
1.000000000000000000e+00
-1.000000000000000000e+00
-9.437421109503801864e-01
-1.000000000000000000e+00
-7.134217353505254433e-01
3.779184484170423630e-01
-7.364243000682172413e-01
-1.863662619829429268e-01
6.481548630805128441e-02
7.670442893451510091e-01
1.000000000000000000e+00
-1.000000000000000000e+00
2.549403120626206332e-01
1.000000000000000000e+00
7.540522138665031182e-01
-1.000000000000000000e+00
1.000000000000000000e+00
1.000000000000000000e+00
-7.458652699616077908e-02
-3.253800368816066046e-01
-9.021761722494333613e-01
-6.080355634802783182e-01
-8.262278632678810020e-01
1.000000000000000000e+00
-1.000000000000000000e+00
-1.000000000000000000e+00
-1.000000000000000000e+00
1.000000000000000000e+00
1.000000000000000000e+00
1.000000000000000000e+00
-1.000000000000000000e+00
-5.597196296570491336e-01
-1.000000000000000000e+00
-1.000000000000000000e+00
-4.018717800777331650e-01
-2.016659629248403474e-01
-8.152479999021806645e-01
1.000000000000000000e+00
2.206771026112801792e-01
-1.000000000000000000e+00
1.000000000000000000e+00
1.000000000000000000e+00
-1.000000000000000000e+00
-1.000000000000000000e+00
1.000000000000000000e+00
-1.000000000000000000e+00
1.000000000000000000e+00
1.399327217502099874e-02
1.000000000000000000e+00
-1.102106268394003052e-01
-1.000000000000000000e+00
1.000000000000000000e+00
1.000000000000000000e+00
-1.000000000000000000e+00
-1.000000000000000000e+00
1.000000000000000000e+00
-1.000000000000000000e+00
-1.000000000000000000e+00
1.000000000000000000e+00
1.000000000000000000e+00
-8.629883127978925650e-01
-8.816139299106964256e-01
1.000000000000000000e+00
-8.916338493418978217e-01
1.000000000000000000e+00
-7.855939772437802171e-01
1.000000000000000000e+00
4.064180274102835444e-01
2.659020697309343872e-01
-1.000000000000000000e+00
1.641572187814666073e-02
4.281830982975379785e-01
-9.930935589817516673e-01
8.137678527240410631e-01
1.000000000000000000e+00
-9.063672594446039454e-01
2.854742978745571369e-01
1.000000000000000000e+00
1.000000000000000000e+00
-1.000000000000000000e+00
-1.000000000000000000e+00
-1.000000000000000000e+00
4.378373114069401550e-01
1.000000000000000000e+00
6.914656695800813768e-01
5.601759122257917722e-01
-1.000000000000000000e+00
1.000000000000000000e+00
1.000000000000000000e+00
1.000000000000000000e+00
1.000000000000000000e+00
-1.000000000000000000e+00
-1.000000000000000000e+00
1.000000000000000000e+00
-1.000000000000000000e+00
1.696774306723658476e-03
-1.000000000000000000e+00
1.000000000000000000e+00
-1.000000000000000000e+00
-1.000000000000000000e+00
-1.000000000000000000e+00
6.867301606394163871e-01
9.123197845983557208e-01
-1.000000000000000000e+00
-1.000000000000000000e+00
-1.000000000000000000e+00
-3.452175887083069883e-01
1.000000000000000000e+00
-1.000000000000000000e+00
-1.000000000000000000e+00
1.000000000000000000e+00
5.828902466622549738e-01
1.000000000000000000e+00
1.000000000000000000e+00
-1.000000000000000000e+00
-3.518533924087904330e-01
1.000000000000000000e+00
-4.313513978498488832e-01
1.000000000000000000e+00
-5.168686047611384948e-01
1.000000000000000000e+00
-1.000000000000000000e+00
-1.764574713040344411e-01
1.000000000000000000e+00
1.000000000000000000e+00
-1.000000000000000000e+00
1.000000000000000000e+00
-1.000000000000000000e+00
-9.300849781579334508e-02
3.613784814767073694e-02
-1.000000000000000000e+00
8.847747028289014715e-01
1.000000000000000000e+00
-1.000000000000000000e+00
4.108536980208070677e-01
6.192208233823071062e-01
-2.311047622774098365e-02
7.435856752137167680e-01
6.459023618220806062e-01
-1.000000000000000000e+00
1.000000000000000000e+00
-8.790076738863483730e-02
-1.000000000000000000e+00
-1.000000000000000000e+00
-1.748792225577864290e-01
3.394362591013847519e-01
4.307254314444195487e-01
1.000000000000000000e+00
1.000000000000000000e+00
-7.001108336785506481e-01
-1.000000000000000000e+00
-1.000000000000000000e+00
1.000000000000000000e+00
1.000000000000000000e+00
-1.000000000000000000e+00
-1.000000000000000000e+00
-1.000000000000000000e+00
-1.000000000000000000e+00
-1.000000000000000000e+00
1.000000000000000000e+00
-1.000000000000000000e+00
1.000000000000000000e+00
-1.000000000000000000e+00
1.000000000000000000e+00
-1.000000000000000000e+00
-3.890594790777578416e-01
1.000000000000000000e+00
-1.000000000000000000e+00
-1.000000000000000000e+00
-4.679161432716433811e-01
9.233491174983178285e-01
-2.345351503760880751e-01
-9.441748355290469075e-02
-1.000000000000000000e+00
-1.000000000000000000e+00
3.262341811602552655e-01
1.000000000000000000e+00
-1.000000000000000000e+00
-9.410369787941363917e-01
-7.921499121522992404e-01
5.660787943671816702e-01
1.000000000000000000e+00
7.371113266600298752e-01
1.000000000000000000e+00
1.000000000000000000e+00
-1.000000000000000000e+00
3.474033259448484623e-01
-1.454578753131574587e-02
1.000000000000000000e+00
-6.175811568078009017e-01
-1.000000000000000000e+00
-1.000000000000000000e+00
-1.000000000000000000e+00
-1.000000000000000000e+00
-5.299421283862432164e-01
-1.371464649058263818e-01
-2.619745961278933111e-01
1.000000000000000000e+00
-1.000000000000000000e+00
-1.479799856613034370e-01
-1.000000000000000000e+00
-1.000000000000000000e+00
1.000000000000000000e+00
1.000000000000000000e+00
1.000000000000000000e+00
-5.204575054152043023e-01
-9.784264124034018906e-01
-1.000000000000000000e+00
4.247751044076694127e-01
-1.000000000000000000e+00
-1.000000000000000000e+00
1.000000000000000000e+00
1.000000000000000000e+00
-5.876127118141654115e-01
-8.778412375507866905e-01
-1.000000000000000000e+00
-7.105285789897231030e-02
-8.256515543638035526e-01
8.738270260927414324e-01
-9.181094019556355068e-01
1.000000000000000000e+00
-1.000000000000000000e+00
-6.749453619172087748e-01
-4.758153074505850899e-01
1.000000000000000000e+00
1.000000000000000000e+00
1.000000000000000000e+00
1.000000000000000000e+00
7.069046740411399909e-01
-9.007842596350978948e-01
1.000000000000000000e+00
-6.402406361293673243e-01
-1.000000000000000000e+00
1.000000000000000000e+00
1.000000000000000000e+00
-1.000000000000000000e+00
-1.000000000000000000e+00
-1.000000000000000000e+00
1.000000000000000000e+00
-3.781278313125848167e-01
-1.000000000000000000e+00
-1.000000000000000000e+00
1.354395795062606767e-01
-1.966536191524023980e-01
-1.000000000000000000e+00
1.000000000000000000e+00
-7.908037600446327087e-02
1.000000000000000000e+00
1.000000000000000000e+00
-1.000000000000000000e+00
