8.048036252340529106e-01
-1.000000000000000000e+00
-3.356951687466054879e-01
1.000000000000000000e+00
5.014260994336310340e-01
-1.000000000000000000e+00
1.000000000000000000e+00
1.000000000000000000e+00
-1.000000000000000000e+00
1.000000000000000000e+00
1.000000000000000000e+00
1.000000000000000000e+00
-1.000000000000000000e+00
-1.438030832114954860e-01
1.000000000000000000e+00
1.000000000000000000e+00
-4.150200335178744204e-02
5.803607150042697227e-02
1.000000000000000000e+00
1.000000000000000000e+00
-1.000000000000000000e+00
-1.000000000000000000e+00
-1.000000000000000000e+00
9.879052539374761910e-01
-3.228912774370215621e-02
1.000000000000000000e+00
-1.000000000000000000e+00
1.000000000000000000e+00
-1.000000000000000000e+00
-1.000000000000000000e+00
1.000000000000000000e+00
1.000000000000000000e+00
-1.147679999813990270e-01
-1.000000000000000000e+00
-2.453190554430987880e-01
-1.000000000000000000e+00
-1.000000000000000000e+00
1.000000000000000000e+00
1.000000000000000000e+00
1.000000000000000000e+00
4.871760913242171309e-01
-1.000000000000000000e+00
1.000000000000000000e+00
-3.336964832948801085e-01
9.112991189221304467e-01
6.983763600987602516e-01
1.000000000000000000e+00
-6.644133198918724670e-01
3.603408323151502390e-01
-1.000000000000000000e+00
1.000000000000000000e+00
-1.000000000000000000e+00
1.000000000000000000e+00
1.000000000000000000e+00
-1.009517323392936095e-01
-1.000000000000000000e+00
-1.000000000000000000e+00
-1.000000000000000000e+00
1.000000000000000000e+00
-1.000000000000000000e+00
-1.000000000000000000e+00
1.000000000000000000e+00
8.037221064595614362e-01
-1.000000000000000000e+00
4.067993768605766558e-01
1.000000000000000000e+00
-6.150226983535533876e-01
6.455719680148495065e-01
1.000000000000000000e+00
-1.000000000000000000e+00
1.000000000000000000e+00
8.873718565147475923e-01
5.256271447973162037e-01
1.000000000000000000e+00
-4.213160871666838392e-01
4.623201260094804699e-01
1.000000000000000000e+00
-4.264383161698245273e-01
7.696043611334147938e-01
-6.376104631410252355e-02
-1.000000000000000000e+00
1.000000000000000000e+00
-3.371685539142769139e-01
1.000000000000000000e+00
1.000000000000000000e+00
1.000000000000000000e+00
-1.000000000000000000e+00
1.000000000000000000e+00
-5.058088196406030912e-01
1.000000000000000000e+00
1.000000000000000000e+00
1.000000000000000000e+00
2.042597508938204243e-03
-1.000000000000000000e+00
-1.000000000000000000e+00
7.637862960030417092e-01
-1.000000000000000000e+00
1.000000000000000000e+00
-1.000000000000000000e+00
-5.583540257274162144e-01
2.965950245694566889e-01
8.405870993476471931e-02
-1.000000000000000000e+00
-1.000000000000000000e+00
1.247226195971562479e-02
1.773132240426146256e-01
2.500209418726484500e-01
1.000000000000000000e+00
-1.000000000000000000e+00
-1.000000000000000000e+00
1.000000000000000000e+00
-1.000000000000000000e+00
1.000000000000000000e+00
-1.000000000000000000e+00
-1.000000000000000000e+00
-1.385472129449809575e-01
5.828994923870817191e-01
-6.145321223204471828e-01
-1.000000000000000000e+00
1.000000000000000000e+00
1.000000000000000000e+00
-1.000000000000000000e+00
-1.992856786601406860e-01
-1.340335374627509291e-01
-1.000000000000000000e+00
-1.000000000000000000e+00
1.000000000000000000e+00
-2.244050648592851860e-01
-1.000000000000000000e+00
1.000000000000000000e+00
3.703150061569225882e-01
-1.000000000000000000e+00
1.483154620352498121e-01
-1.000000000000000000e+00
-1.000000000000000000e+00
-1.000000000000000000e+00
8.417067166659562005e-01
9.168378086249170944e-02
1.679032974883321039e-01
1.505840272775454958e-01
8.365730095483410178e-01
2.817170488215497981e-01
-1.000000000000000000e+00
-1.000000000000000000e+00
9.133294288084443657e-01
-1.000000000000000000e+00
9.221644742761725411e-01
1.000000000000000000e+00
-1.000000000000000000e+00
-5.328044066825767811e-01
-3.454550523169953591e-01
-1.000000000000000000e+00
3.048881193288388580e-01
-1.000000000000000000e+00
1.000000000000000000e+00
-1.000000000000000000e+00
-1.000000000000000000e+00
3.056272462844833449e-02
-7.042827858354143711e-01
1.000000000000000000e+00
2.084981758842098243e-01
2.781057459613348048e-01
-9.892135651983207101e-01
6.812638583747420151e-01
-1.000000000000000000e+00
-1.000000000000000000e+00
-4.968791310967792807e-01
-1.000000000000000000e+00
1.000000000000000000e+00
2.160141441361381198e-01
4.643695582241440523e-01
-1.000000000000000000e+00
-3.009559135325009516e-01
1.000000000000000000e+00
-1.000000000000000000e+00
9.766580338578607634e-01
-1.000000000000000000e+00
1.000000000000000000e+00
-5.076823160994946571e-01
-7.976036495273894911e-01
-1.000000000000000000e+00
1.000000000000000000e+00
-9.467035693386477435e-01
-1.000000000000000000e+00
1.304697318938576878e-01
6.607429647577194309e-01
1.000000000000000000e+00
1.000000000000000000e+00
-1.000000000000000000e+00
1.000000000000000000e+00
-1.373771272377291019e-01
-1.000000000000000000e+00
-1.000000000000000000e+00
1.000000000000000000e+00
-1.000000000000000000e+00
-1.000000000000000000e+00
7.769984268408050010e-01
6.797750927311801972e-01
1.000000000000000000e+00
-1.000000000000000000e+00
1.000000000000000000e+00
6.998106463021731560e-01
4.856162146303710792e-02
-9.325916354409390374e-01
7.494706264885941938e-01
-1.000000000000000000e+00
6.250302512163605773e-01
-1.000000000000000000e+00
3.152560737948140179e-02
-1.000000000000000000e+00
-5.712867185700920558e-02
-1.000000000000000000e+00
2.548627630577738890e-01
1.000000000000000000e+00
9.397668252804025624e-01
-5.755312609883016517e-01
-4.138520308308317741e-01
1.000000000000000000e+00
1.000000000000000000e+00
-5.964149586427566208e-01
-1.000000000000000000e+00
-3.236549472268790972e-01
-1.000000000000000000e+00
-2.956720807679313334e-01
-9.264328451450745128e-01
-1.000000000000000000e+00
1.000000000000000000e+00
-5.910653143464426051e-01
-1.000000000000000000e+00
1.000000000000000000e+00
5.219712553551389966e-01
-1.000000000000000000e+00
-8.057544361478983230e-01
2.074025288405884071e-02
-1.000000000000000000e+00
8.859285928302715885e-01
8.508819255865259779e-01
1.000000000000000000e+00
1.000000000000000000e+00
2.839946765028467102e-01
-1.000000000000000000e+00
-1.000000000000000000e+00
2.442926095721609236e-01
5.943376360749557108e-01
1.000000000000000000e+00
5.907721520720783381e-01
1.000000000000000000e+00
-4.981987761722015406e-01
1.000000000000000000e+00
-9.922778126386078146e-01
-1.000000000000000000e+00
-1.000000000000000000e+00
-3.446383462748117688e-01
6.650871306267985839e-02
-1.000000000000000000e+00
7.356540585017621314e-01
-9.655481585603757910e-01
2.565297698940545157e-01
1.000000000000000000e+00
-1.000000000000000000e+00
-1.000000000000000000e+00
-4.411120416607161587e-01
-1.000000000000000000e+00
1.000000000000000000e+00
-1.000000000000000000e+00
