8.942750511061552388e-01
-4.221903213529323295e-01
2.088818043655895629e-01
-9.983023394685787144e-01
9.527749601591017914e-01
-9.268657045928858917e-02
-1.498439608132582368e-01
-6.749482140297322630e-01
8.055479523748982906e-01
-5.578403481706990519e-01
7.350810310817235127e-02
3.662388330676482617e-01
2.781385046745576961e-01
-1.541303804149564138e-01
4.468869427299508867e-01
-1.000000000000000000e+00
4.490090440405756222e-01
-2.111631518140113517e-01
9.271637816182185521e-01
1.000000000000000000e+00
1.995966895682270703e-01
5.163582462993785427e-01
-5.321253050650913696e-01
5.242499281602530647e-01
-1.344576657432638989e-01
8.614207353228098274e-01
6.981328758412888025e-01
8.629914450677080850e-01
-6.966217211651741792e-01
-8.859248373675585042e-02
-8.051347455223051286e-02
-6.474555085425353074e-01
8.870994567898999872e-01
4.110023122101567061e-01
-5.806409591938427317e-02
6.701416521746197397e-01
-9.389339809348484778e-01
-2.044881178280495426e-01
8.883658484025340751e-01
-8.042685149579065218e-01
-3.395009735877894119e-01
-7.435205650293115198e-01
-7.451284574792360615e-01
9.888725069441244298e-01
5.836439015482288717e-01
-1.812336370567145805e-01
-7.028461367897371748e-01
-9.913531636912322753e-01
1.098358148406695101e-01
-3.429434670083970627e-01
1.381145945478301496e-01
2.439968028391450439e-01
9.098199126777970491e-01
-5.058655555294422346e-01
-1.046155804795722566e-01
-1.734631532413728472e-01
7.019088385461071944e-01
-2.865400621221996236e-01
-1.781535996220480200e-01
-1.897114736447098604e-01
3.873627443850666818e-01
-7.560653502690992678e-01
1.321118429473251421e-01
6.446035193079169279e-01
8.342268511260815256e-01
3.406036664659162216e-01
9.569167590150828850e-02
5.943236693671869464e-01
3.848140511091917570e-01
-8.220696507655709251e-01
-7.419208320245411770e-01
-8.419316536567524878e-01
-1.298226185393214216e-02
1.000000000000000000e+00
-1.000000000000000000e+00
-3.028625223560690305e-01
-9.048398491230988938e-01
-2.470640131081207613e-01
-5.149735110648465675e-01
-9.336072814726603664e-01
-1.000000000000000000e+00
1.830816528714425129e-01
4.108529011460673175e-01
-6.355560992285591571e-01
-1.000000000000000000e+00
7.692613489424396378e-02
-4.499134121749652770e-01
6.045137144388281758e-01
1.642156573002653275e-01
5.470141225918399019e-01
9.397693502170640922e-01
7.680101441339088897e-01
8.328014580077067741e-01
5.443889364861309588e-01
5.155193418739445477e-02
-2.654103527591342715e-01
-9.956748739344756238e-02
-1.631384088298313273e-01
-4.785118333857757422e-01
9.429222132376969823e-01
-2.306915602282270106e-01
1.000000000000000000e+00
4.514496746406782002e-02
-1.000000000000000000e+00
-7.692494549987771713e-03
7.558308815193128805e-01
-4.979672204364877786e-01
-9.450533330474701899e-01
6.135648973059559808e-01
1.356972361583750342e-01
4.602482170816390994e-01
9.662907819635409012e-01
5.334979832048825088e-02
-5.959013670783535055e-01
-2.278719021937720690e-01
7.422202642053277177e-01
-4.844873209876343623e-02
-1.000000000000000000e+00
7.132220817422580961e-01
1.000000000000000000e+00
-1.000000000000000000e+00
1.423411737513968767e-01
-1.000000000000000000e+00
-2.761383198824961527e-01
9.264560715310147243e-01
-3.192743746874173727e-01
-3.513384601266826834e-01
4.516983605144901937e-01
8.083668390278135885e-01
-5.805372087832936234e-01
4.389577991487296771e-01
1.373782203174178651e-01
6.438333374997056158e-01
7.682111448037389767e-01
-1.033072846400648892e-01
-1.000000000000000000e+00
8.045619431533497234e-01
-9.674956056219905509e-01
-8.134768659680238212e-01
-3.277917570514807810e-01
1.000000000000000000e+00
-4.912782384186751283e-01
-1.543013551126475313e-01
-4.683351901449789301e-02
1.891812354870754387e-01
9.525814653041475566e-03
6.678589376826007395e-01
-8.487981838840428228e-01
1.435762675117324694e-01
1.000000000000000000e+00
2.913779545266228510e-01
-6.087896304795927804e-01
1.778901349256671871e-01
-5.888244419413966035e-01
-1.000000000000000000e+00
8.511363133059686170e-01
4.443859397304714687e-01
-5.773516364527300215e-01
7.515548354007279830e-01
9.995402747103659946e-01
-3.891096834114147196e-01
9.726346155534426607e-01
5.768592140742825336e-01
1.000000000000000000e+00
-4.045885844759466998e-01
-3.102438993829259584e-01
-3.258454625378603975e-02
-6.375377200605261141e-01
-8.181560670752519027e-01
-7.394171749854194786e-02
8.821403276441230901e-02
-8.473530882469395564e-01
-6.502946301338643487e-01
-9.233434003884084529e-01
6.935508188827377296e-01
7.642588957072111722e-01
7.485379981118733816e-02
-1.506764688431778687e-01
-1.436834289450996116e-01
5.951679470469772859e-01
3.831312446250085824e-01
6.988160817429023286e-01
1.501350284744173980e-01
5.349224717991798439e-01
-7.702985072411319134e-01
8.089503832625242197e-01
1.176334847085382940e-01
-4.477398428834902244e-01
2.087486046036683973e-01
9.449628061912636046e-01
-3.517101140321736708e-01
1.191043347042457512e-01
3.704897062830214138e-01
9.724593620382087078e-01
5.213514158062038106e-03
-6.917747586093465628e-01
-1.000000000000000000e+00
-3.238955551535027677e-01
6.026098279637626121e-01
-1.000000000000000000e+00
-4.055762614421360990e-01
4.963321743887810777e-01
6.896267794303567733e-01
2.648225363501628404e-01
8.425146874769349203e-01
1.000000000000000000e+00
3.894640575340040378e-01
-8.718083594060970221e-01
-3.792150648441274807e-01
-6.777337726226936310e-01
-6.506167401477005452e-01
-1.828450552611342594e-01
-1.000000000000000000e+00
-3.465646731898173183e-01
-7.427113199145445321e-01
-4.693856874640716104e-01
-7.823630071892502258e-01
3.229010735156956358e-01
-8.153794677144501346e-01
6.118787035822390585e-01
-5.310516179033220041e-01
2.268641884372343265e-01
4.831800219289398290e-01
2.139478617432315488e-01
6.298160439718245573e-01
-1.000000000000000000e+00
-2.571693617462722514e-01
-7.405051423578453695e-01
9.910955335027089586e-01
3.716396534084802639e-01
1.000000000000000000e+00
1.016399624177117822e-01
-9.142961159319535902e-01
1.000000000000000000e+00
-3.349481587054429221e-01
-7.081436086244503603e-01
1.040258278524093249e-01
9.660287227085027073e-01
9.703175733408921921e-01
-9.289705297694390573e-01
-1.366988339680357267e-01
-9.177599047193318871e-01
1.000000000000000000e+00
-2.864070073556435059e-01
4.024731559555405624e-02
-2.058396967106290720e-01
-2.326626466775141289e-01
-1.756811654850684579e-01
-3.712147640572742158e-01
-1.000000000000000000e+00
-7.663435173116008858e-01
8.919042711728770723e-01
-5.512359315083763533e-01
-5.528195348939799469e-01
1.340560270852213520e-01
-2.097037651241737688e-01
-9.911324745458320873e-01
4.054238252284443345e-01
-1.685077165454883508e-01
8.084189811837902973e-01
8.334346915106929377e-01
-1.000000000000000000e+00
1.709614151015919070e-01
4.300189926648272376e-01
-8.831531802197845060e-02
