-3.894074286745707880e-02
7.891933147376795077e-03
1.000000000000000000e+00
1.768312940568763647e-01
-1.000000000000000000e+00
1.000000000000000000e+00
1.000000000000000000e+00
-1.000000000000000000e+00
-4.556258805842566817e-01
-1.000000000000000000e+00
1.000000000000000000e+00
1.000000000000000000e+00
-1.000000000000000000e+00
5.664533821932882240e-01
-6.268393312066814493e-01
-1.000000000000000000e+00
1.000000000000000000e+00
-1.000000000000000000e+00
-3.573191834162238734e-01
1.000000000000000000e+00
-1.738543102403762586e-02
-1.400023272214910852e-01
-2.061935381536107448e-01
1.000000000000000000e+00
-1.000000000000000000e+00
-7.336148185473811978e-01
-1.000000000000000000e+00
-1.000000000000000000e+00
-1.000000000000000000e+00
-3.749471836945770242e-01
1.000000000000000000e+00
-1.000000000000000000e+00
-1.000000000000000000e+00
1.000000000000000000e+00
1.000000000000000000e+00
-4.537546030430639199e-02
3.691585221983473275e-02
-1.000000000000000000e+00
1.000000000000000000e+00
-1.000000000000000000e+00
1.000000000000000000e+00
1.000000000000000000e+00
1.000000000000000000e+00
8.067132324569377122e-01
1.000000000000000000e+00
-1.000000000000000000e+00
-1.153104359427890024e-01
8.522843690562060814e-01
-1.000000000000000000e+00
1.000000000000000000e+00
-1.000000000000000000e+00
-1.000000000000000000e+00
-1.000000000000000000e+00
1.000000000000000000e+00
1.728785182965597578e-01
-1.000000000000000000e+00
1.000000000000000000e+00
1.000000000000000000e+00
1.000000000000000000e+00
-1.000000000000000000e+00
1.000000000000000000e+00
9.130683695389235632e-01
-2.980187702239645020e-02
-7.609458278651417551e-01
1.000000000000000000e+00
-1.000000000000000000e+00
-1.000000000000000000e+00
1.000000000000000000e+00
-1.000000000000000000e+00
1.000000000000000000e+00
1.000000000000000000e+00
-1.000000000000000000e+00
1.000000000000000000e+00
1.459946087768187462e-01
1.000000000000000000e+00
1.000000000000000000e+00
-1.000000000000000000e+00
2.315254401227624381e-01
-1.000000000000000000e+00
3.166036102128050311e-01
9.431228134942686303e-01
6.721705317079433861e-01
1.000000000000000000e+00
-7.783162515734796116e-01
1.000000000000000000e+00
-1.000000000000000000e+00
1.000000000000000000e+00
1.000000000000000000e+00
1.000000000000000000e+00
1.000000000000000000e+00
-1.000000000000000000e+00
1.000000000000000000e+00
1.000000000000000000e+00
1.000000000000000000e+00
2.420725531634442262e-01
-1.000000000000000000e+00
-1.000000000000000000e+00
-1.000000000000000000e+00
-9.188526380156956108e-01
-1.000000000000000000e+00
-9.199992110594911177e-01
8.335007431109291431e-01
1.000000000000000000e+00
-2.987493807850349348e-01
-1.000000000000000000e+00
-1.000000000000000000e+00
1.000000000000000000e+00
-6.591815647757948149e-01
1.000000000000000000e+00
1.000000000000000000e+00
1.000000000000000000e+00
-1.000000000000000000e+00
-8.680630875038296557e-01
-1.000000000000000000e+00
1.000000000000000000e+00
-6.174319006400907917e-01
9.253144551428252873e-01
4.718771901084384268e-03
-1.000000000000000000e+00
1.000000000000000000e+00
5.197614738333761197e-02
-1.000000000000000000e+00
1.000000000000000000e+00
-1.000000000000000000e+00
8.939804136955160629e-01
-1.000000000000000000e+00
-1.000000000000000000e+00
-4.722645206174964638e-01
-2.323898121063815436e-01
6.005361232300641117e-01
3.896065503525611429e-02
-1.000000000000000000e+00
1.000000000000000000e+00
8.148702440104168554e-01
1.000000000000000000e+00
-6.488136310577241606e-02
-1.000000000000000000e+00
-1.000000000000000000e+00
-1.000000000000000000e+00
9.139947436846409534e-01
-1.000000000000000000e+00
-1.000000000000000000e+00
3.357018007241110436e-01
1.000000000000000000e+00
8.757580138946610138e-01
-1.000000000000000000e+00
1.000000000000000000e+00
1.000000000000000000e+00
1.000000000000000000e+00
-2.337086305883750992e-01
1.000000000000000000e+00
-2.353935365141317515e-01
9.715705208023210915e-01
1.000000000000000000e+00
-1.000000000000000000e+00
-1.000000000000000000e+00
1.000000000000000000e+00
-1.000000000000000000e+00
1.000000000000000000e+00
6.522498901052600218e-01
1.000000000000000000e+00
-1.000000000000000000e+00
-2.133184163287925594e-01
9.290173246787256645e-01
5.821674039197360928e-01
1.000000000000000000e+00
-1.000000000000000000e+00
-1.000000000000000000e+00
-1.000000000000000000e+00
5.239472357275782866e-01
-9.180629914818566606e-01
-1.000000000000000000e+00
-1.000000000000000000e+00
1.000000000000000000e+00
1.000000000000000000e+00
-1.000000000000000000e+00
3.158831044819224720e-01
3.205605201241654711e-01
1.000000000000000000e+00
1.000000000000000000e+00
-1.000000000000000000e+00
1.000000000000000000e+00
-1.000000000000000000e+00
-1.000000000000000000e+00
7.404683434543062326e-01
-1.000000000000000000e+00
1.000000000000000000e+00
1.000000000000000000e+00
2.126657990003224530e-01
1.000000000000000000e+00
1.720535525429878199e-01
1.000000000000000000e+00
1.000000000000000000e+00
3.030900437061420094e-01
-1.000000000000000000e+00
-1.000000000000000000e+00
-1.000000000000000000e+00
1.950389538699583702e-01
-1.000000000000000000e+00
1.000000000000000000e+00
-6.364564841255059280e-01
-1.000000000000000000e+00
1.000000000000000000e+00
5.751623225214748114e-01
1.555549646907929962e-01
1.000000000000000000e+00
-4.515497567032510373e-01
-1.000000000000000000e+00
-1.000000000000000000e+00
-1.000000000000000000e+00
-1.000000000000000000e+00
-1.000000000000000000e+00
1.000000000000000000e+00
1.000000000000000000e+00
1.000000000000000000e+00
-1.000000000000000000e+00
-5.519268920585318483e-01
-1.000000000000000000e+00
7.727959934653280127e-01
1.000000000000000000e+00
1.000000000000000000e+00
2.326368242413076048e-01
8.166076822108856437e-01
-1.000000000000000000e+00
-1.000000000000000000e+00
-1.000000000000000000e+00
-1.000000000000000000e+00
6.787408044714573485e-01
-7.349252900853582293e-01
-1.000000000000000000e+00
-1.000000000000000000e+00
-1.000000000000000000e+00
-1.000000000000000000e+00
1.000000000000000000e+00
1.000000000000000000e+00
1.000000000000000000e+00
-3.106335572394317013e-01
7.986165012157052656e-01
1.000000000000000000e+00
1.599283541823394161e-01
4.475509636946877201e-01
-1.000000000000000000e+00
-1.000000000000000000e+00
-1.000000000000000000e+00
-1.000000000000000000e+00
1.000000000000000000e+00
1.000000000000000000e+00
2.945301223176881589e-01
9.279889785214958664e-01
2.199730487774814724e-01
-1.000000000000000000e+00
-1.000000000000000000e+00
1.000000000000000000e+00
-1.000000000000000000e+00
-1.000000000000000000e+00
-1.000000000000000000e+00
-1.000000000000000000e+00
1.000000000000000000e+00
8.823869004871122135e-01
1.000000000000000000e+00
1.000000000000000000e+00
4.450440795351631174e-01
-1.000000000000000000e+00
-1.000000000000000000e+00
1.000000000000000000e+00
