6.770931032802949279e-01
1.000000000000000000e+00
-1.000000000000000000e+00
-6.887725037881026191e-01
1.000000000000000000e+00
-1.000000000000000000e+00
-1.000000000000000000e+00
1.000000000000000000e+00
-5.462803244469849329e-01
2.200112376668310610e-01
-1.000000000000000000e+00
-4.447044502545028366e-01
-1.000000000000000000e+00
-4.982496981263403457e-01
1.000000000000000000e+00
1.000000000000000000e+00
4.480115893170673047e-01
-7.949647267467222500e-01
-1.000000000000000000e+00
8.848560119957105119e-01
8.203007012087901728e-01
-1.000000000000000000e+00
2.431863766376820557e-01
-1.000000000000000000e+00
8.519604393136006593e-01
-2.728581905244474859e-01
-1.000000000000000000e+00
1.000000000000000000e+00
2.796830264061723748e-01
1.000000000000000000e+00
-6.707732998275491854e-01
-2.432432075388256676e-01
1.000000000000000000e+00
-1.718993055031903250e-01
7.119848627064606639e-01
1.000000000000000000e+00
-1.000000000000000000e+00
1.000000000000000000e+00
-7.222848604922235127e-01
-1.000000000000000000e+00
1.000000000000000000e+00
-1.000000000000000000e+00
2.759541384766495131e-01
1.000000000000000000e+00
5.836545555764538484e-02
-1.000000000000000000e+00
1.000000000000000000e+00
-1.000000000000000000e+00
-3.478650414915444022e-01
5.952054214560078549e-01
-1.000000000000000000e+00
-1.000000000000000000e+00
-1.000000000000000000e+00
-1.664644673081245863e-01
1.783698473549266139e-01
1.000000000000000000e+00
-3.097789351970565708e-01
-1.000000000000000000e+00
-8.780741020657548690e-01
1.000000000000000000e+00
1.000000000000000000e+00
-7.949928545568611948e-01
-3.127826032982234938e-01
-1.000000000000000000e+00
-6.582068299921317589e-02
6.125167945472609343e-02
-1.000000000000000000e+00
-9.172972022328604869e-01
-1.000000000000000000e+00
1.000000000000000000e+00
1.000000000000000000e+00
-1.000000000000000000e+00
-6.372888155970147794e-01
1.000000000000000000e+00
1.000000000000000000e+00
1.000000000000000000e+00
-1.000000000000000000e+00
1.000000000000000000e+00
-2.261028278679191317e-01
1.277968899893330845e-01
-2.643249727324150644e-01
-1.000000000000000000e+00
-1.000000000000000000e+00
4.046162854666623954e-01
-1.000000000000000000e+00
2.644522420027106691e-02
5.702942958397619888e-01
-1.000000000000000000e+00
-8.295078282111980617e-01
-9.210721516077687854e-01
-6.155163920407651368e-01
-4.460012574664218299e-02
-6.713319125997618819e-01
-5.940495059676760281e-01
4.702709284458148620e-01
-4.411867724245015498e-01
-3.946290741365299226e-02
1.000000000000000000e+00
1.000000000000000000e+00
3.530056187337541895e-01
-3.664131953288087273e-01
-8.432236391253116192e-01
7.487379908645032112e-01
-1.000000000000000000e+00
-1.000000000000000000e+00
1.000000000000000000e+00
1.000000000000000000e+00
-1.950160545338738005e-01
-4.904908962498001346e-01
1.000000000000000000e+00
-8.320094984532310223e-01
-1.000000000000000000e+00
8.594631966692478642e-02
1.000000000000000000e+00
1.000000000000000000e+00
1.000000000000000000e+00
-1.000000000000000000e+00
1.000000000000000000e+00
-1.000000000000000000e+00
3.821146637194192119e-02
1.000000000000000000e+00
1.000000000000000000e+00
7.613816307427454522e-01
-1.000000000000000000e+00
1.000000000000000000e+00
4.317414118592788341e-01
1.000000000000000000e+00
-2.708174367554052608e-01
-1.000000000000000000e+00
-4.742244475209769772e-01
6.362028055077325606e-01
6.143297254865074386e-01
-1.268917202082913143e-01
-1.000000000000000000e+00
-1.000000000000000000e+00
-1.000000000000000000e+00
-2.824793245947095910e-01
-1.000000000000000000e+00
-2.228429418588345756e-01
-1.000000000000000000e+00
-7.213860706523161914e-01
6.877952157811140221e-01
1.000000000000000000e+00
1.000000000000000000e+00
6.244786667282693493e-01
6.115986484114972477e-01
7.997535544036077360e-01
1.060955137254041419e-01
1.000000000000000000e+00
-1.000000000000000000e+00
-1.000000000000000000e+00
1.000000000000000000e+00
1.000000000000000000e+00
-1.000000000000000000e+00
-9.493599648912711686e-01
1.000000000000000000e+00
5.791072311933164185e-01
-2.668769668966710640e-01
-1.000000000000000000e+00
-6.942794510865304414e-01
1.000000000000000000e+00
-1.000000000000000000e+00
1.000000000000000000e+00
-1.000000000000000000e+00
-1.000000000000000000e+00
-1.000000000000000000e+00
-1.000000000000000000e+00
1.000000000000000000e+00
-1.000000000000000000e+00
-7.872453358031898940e-01
1.000000000000000000e+00
-1.000000000000000000e+00
7.339751842747870292e-01
-1.000000000000000000e+00
1.932024621797063246e-01
1.000000000000000000e+00
1.000000000000000000e+00
1.021104198893714454e-01
-1.000000000000000000e+00
-9.152722650656955894e-01
5.040869585790263008e-01
1.000000000000000000e+00
2.171897320996828418e-01
1.000000000000000000e+00
-1.000000000000000000e+00
-1.000000000000000000e+00
7.963164157010221844e-01
-1.000000000000000000e+00
-6.898948301828062846e-01
-1.000000000000000000e+00
1.000000000000000000e+00
-9.536713190397205775e-01
-7.187422562134515580e-02
1.000000000000000000e+00
-1.000000000000000000e+00
1.000000000000000000e+00
7.570085344916114289e-01
-2.592942266287399100e-01
-1.000000000000000000e+00
-1.314268319986229283e-01
4.166010601153148918e-01
5.550309372092103732e-01
-1.000000000000000000e+00
5.614587127641917919e-02
1.000000000000000000e+00
1.000000000000000000e+00
1.000000000000000000e+00
-1.000000000000000000e+00
-3.081378513194876767e-02
-1.000000000000000000e+00
-1.000000000000000000e+00
1.000000000000000000e+00
-4.737401255608237882e-01
1.000000000000000000e+00
-7.871291731919061174e-02
-6.138985543991382077e-02
-2.672295298761351301e-01
1.000000000000000000e+00
-2.573765863559713818e-01
-1.000000000000000000e+00
-1.000000000000000000e+00
-1.000000000000000000e+00
1.000000000000000000e+00
2.855884812339635204e-01
1.000000000000000000e+00
-7.662651572138422518e-01
7.776015375226300597e-01
3.449301066530620630e-01
-1.480330726135070663e-01
-2.758624636224916715e-01
4.310022343894657770e-01
-5.868029525707486593e-01
4.154725850990688141e-01
-2.124493812054477626e-01
-3.226784220290003224e-01
-1.000000000000000000e+00
-1.000000000000000000e+00
-1.361782972935388081e-01
-9.329020494367831207e-01
1.000000000000000000e+00
-1.000000000000000000e+00
-3.060312103792493521e-01
1.000000000000000000e+00
1.000000000000000000e+00
5.510990522115788437e-03
-1.000000000000000000e+00
-1.000000000000000000e+00
8.381778953650452779e-01
1.953304837250798842e-01
-7.546587766964686361e-01
1.000000000000000000e+00
1.000000000000000000e+00
3.090785828235118604e-01
1.000000000000000000e+00
-7.803987772489759944e-01
6.010504062261379232e-02
1.000000000000000000e+00
5.303546641131146044e-01
-1.000000000000000000e+00
1.000000000000000000e+00
-1.552094198316233964e-01
2.487019640461385350e-01
-1.000000000000000000e+00
-1.000000000000000000e+00
1.000000000000000000e+00
