-9.079518921263525222e-01
1.062280241572188810e-01
-1.786490518802530403e-01
-5.607553925453114818e-01
7.791469753557789257e-01
1.173350489344995307e-01
-1.184782743422028162e-01
1.598415488767823689e-02
-8.703143505027681748e-01
-7.270184502073342436e-01
-7.168524181617221824e-01
5.980755313526677774e-01
8.406988557169261522e-01
7.232029202848386795e-01
9.663858470456272443e-01
-9.360017836960106141e-01
-8.196289057447176951e-01
-2.777180415767577237e-02
8.951684802558055321e-01
-1.730741685187924261e-01
5.923586695370677280e-01
2.805342893315767583e-01
-1.532361585827213268e-01
7.903250212358423621e-01
6.232934749162182264e-01
-5.381344944797989971e-01
7.674680763830241670e-01
-2.081399075764367446e-02
6.425226808779493926e-01
-4.422246508621801020e-01
4.499388310534098157e-01
3.220077682339654856e-01
-7.957701237126857396e-01
-7.144761166350095394e-01
2.130912319713436087e-01
-2.369976093146304308e-01
1.959254283811717734e-01
-3.159468322043910149e-01
5.285062833175300234e-01
6.595736526447308901e-01
-2.724779733635021017e-01
4.727688516582537748e-01
-3.934690333610979529e-02
-3.150064063363493538e-01
4.415550462273045706e-01
-5.467950167764557001e-01
-2.204651279850315948e-01
-3.873930824967874997e-02
-7.657434089368511110e-01
5.477829240799501065e-01
4.800022975452513663e-01
-7.124573903871207481e-01
-1.625224388701420608e-01
8.660052373529441017e-01
-7.537458471719200581e-01
-1.157584754205471800e-01
5.465515448397022524e-01
-6.245359209625724883e-01
8.555079803486236312e-01
7.159220664250214305e-01
5.874605412484288358e-01
8.463547875231254292e-01
-2.773153115865449880e-01
-1.149041441457552271e-01
4.011794954063343521e-01
-7.200513510882637913e-01
-8.738921748829422409e-01
-1.914525238761408676e-01
5.536742015144144879e-01
4.447293259718609892e-01
5.492363212493449609e-01
-8.405718308848728615e-01
1.048863353713258562e-01
4.484188814380436483e-01
9.442343039247242942e-01
-2.608924088345085934e-01
2.162294730426566058e-01
-8.695429034827264481e-01
-6.884038433689898540e-01
-1.701859933087435106e-01
-8.384102248310871808e-01
-6.287368514993540991e-02
6.450879830665856574e-01
1.608867832997082914e-01
7.282485192193675072e-01
-3.104712667418239036e-01
-1.629979053495456132e-01
-6.215489220752230537e-01
3.196161774433714520e-02
-5.865892764357745204e-01
5.267266897357902877e-03
3.712914712000932038e-01
-9.805633689760826499e-01
7.258651876131674285e-01
1.142414632166659505e-01
9.575795878150552554e-01
-7.966197843738818118e-01
-1.478007916720533999e-01
-1.831146456144483459e-02
1.694311950721270055e-01
9.148877980415124345e-01
-2.804692274112288164e-01
-3.608986854449176551e-01
-7.533932580652202837e-01
-9.350179139856302779e-01
-4.185717843987286635e-01
-3.278224366256463629e-01
6.259111877840242144e-01
4.122274380893800050e-01
8.766446024084626476e-01
6.912527408191140310e-01
6.532024318043374578e-01
-1.301088913882550990e-01
8.803616714382280772e-01
-7.364744684385111650e-01
-9.708321953123788539e-02
5.336788874826210449e-01
-5.057853505581939579e-01
-6.265436827353301208e-01
-7.198052869318574132e-01
-8.054053109381820175e-01
-1.649708817253279225e-01
2.843929685594941414e-01
8.950625289545643959e-01
5.277944833648517964e-02
-5.532771410432195669e-01
-9.561487314762355805e-01
-3.048642124757323657e-01
-5.709836839661470709e-01
2.278022104998036479e-01
-1.013405538025502484e-01
3.685157425439951062e-01
2.338286479503610682e-01
-1.223836399566042843e-01
4.179012154740147089e-01
-3.379930602078797808e-01
-4.773607616878117188e-01
9.141540083717121234e-01
-7.017297433223874670e-01
-7.591946218735983187e-01
2.888830040632166529e-01
5.425180838447729581e-01
7.146444283524400198e-02
-5.839626669033963768e-01
6.922574992366756774e-01
6.233917352580229387e-01
4.756512656862632582e-01
6.640934837212595365e-01
3.170460398596430807e-02
-7.672440285227020151e-01
2.647612879343581582e-01
8.477699448961930617e-01
3.366896117569999625e-01
4.108920875877812851e-01
4.661545940156666123e-01
-7.510625266318564641e-01
-8.798720252157168353e-01
-7.279609497172170318e-01
-7.290297138012842293e-01
2.587670071009380290e-01
-9.036280256891493501e-02
-5.225196101360187750e-01
-1.913435606920883547e-01
2.524790551707241093e-01
8.350278954850944846e-01
-6.218164652197182285e-01
-8.999162096696062818e-01
2.151373149743045499e-01
-7.482842339951165656e-01
4.121715165481070198e-01
6.067395307241358893e-01
3.705138716579825520e-01
7.022438136370952044e-01
-9.326947844454747116e-01
-3.179689995508994116e-03
7.211621071034168828e-01
-5.865782951421241176e-01
-2.895486982742396798e-01
-6.637686348570404071e-02
-8.680414320380298587e-01
5.930693387792738136e-01
8.091900498680746345e-01
-6.877895651472332172e-01
2.434947129112940978e-02
7.552780244339636351e-01
5.698495515909085540e-01
-5.484373131738617957e-02
-8.027342949859483934e-01
7.555345819930667783e-01
4.725275029657707293e-01
8.157508702478553086e-01
-1.595829743550747359e-02
-5.512985560021010922e-01
1.556274324470234838e-01
1.402294811490623072e-01
-1.494244487368896479e-01
-8.700503696005990051e-01
-4.244695030603031771e-01
-3.671482866016551050e-01
9.180757263348815478e-02
-4.046492257228615497e-01
-6.744248741980436446e-01
9.710304067112871529e-01
5.979937744065046967e-01
4.182780496773503831e-01
8.449047200164230276e-01
6.205669334348233868e-01
-8.634691221726631394e-01
-8.357519538849447205e-01
-8.099976590230810736e-01
2.227867904099229968e-01
7.296709411697566150e-01
-8.750816485472596717e-01
9.096930680128709756e-01
5.777124160405309183e-01
-6.528630355974964772e-01
2.205626353763721070e-01
-2.603495306675109866e-01
-7.408779271733656469e-01
8.966870388891003962e-01
5.542450604603930131e-01
9.854177901961387320e-01
3.871909586663575542e-01
5.996987768909989303e-01
7.207260380487150453e-01
9.951235991107405532e-01
3.693119745027302336e-01
6.497238117278703040e-01
-8.751455020522458383e-01
9.832858628897469533e-01
-8.513337880210682940e-01
9.376077636691340089e-01
-2.885861129195259611e-01
-2.707876730541414201e-01
7.950992606907065774e-01
-8.357944884051975443e-01
-9.108167454953377540e-01
-5.213963295981249857e-02
1.969090538979696436e-01
-4.687523661025860822e-01
2.897487460739263110e-01
4.318679702008680898e-01
2.477767408776017088e-01
4.195996451287447027e-01
-2.776603422874193150e-01
-2.768370931431576309e-01
3.912483600817746598e-01
-8.637846125311881007e-01
4.246207979214291495e-01
-4.659980422110023834e-01
1.407382592857071568e-01
9.746559280547522075e-01
9.024570816229142700e-01
-8.683524487256859548e-01
2.069874776401112726e-01
5.968589396308516815e-01
-3.296405775569237750e-01
1.321776757220864962e-01
8.086521637381507421e-01
-6.160616675026904243e-01
-2.132560980260349570e-01
2.837434259986288954e-01
8.007041106701207056e-01
-7.857298349478525346e-02
2.208091872422559554e-01
