-5.544673384378844272e-01
8.661864113778574570e-01
4.457696838729361399e-01
6.030087193729201100e-01
9.392294106174430279e-01
-4.466373405217116677e-02
9.374509820399885562e-01
-7.031395622878591212e-01
6.325954943772948980e-01
-9.259435435774703294e-01
5.278700743810822438e-01
-8.336814874003015685e-01
3.138829923838024616e-01
-5.388617991249533556e-01
-9.425162887310536419e-01
-2.536124620238555671e-02
-1.140770746868045027e-01
-1.006191828841709324e-01
2.454422503903650465e-01
4.334936194357634776e-01
1.597868665800503685e-01
-4.127637175795775271e-01
9.678047013443529245e-01
3.206729001471517737e-01
-6.517118122655030099e-01
-1.402238164868367942e-01
-6.258011750139329532e-01
-5.273591183972392571e-01
7.775499276107877833e-02
5.887663791151087622e-01
-4.763728434179226312e-02
2.753551977932069406e-01
-2.560981054605380169e-01
3.848896601044651256e-01
-6.817160187202566668e-01
4.878555001546489578e-01
2.800605264279414364e-01
3.223927836397901814e-01
7.487416343231778626e-01
-7.082739853135844310e-01
5.436948367886274003e-01
2.164779438506310161e-01
-4.799710722771846072e-01
-5.238974884030649370e-01
4.500962787691564770e-02
-1.858474307135766779e-01
7.904027943482787588e-01
-5.157520311380927591e-01
-5.594329233499384380e-02
-5.040464912306845680e-01
4.639310076434433050e-01
-6.655855535416603797e-01
3.436839896465895272e-01
-7.010104404005172984e-01
-2.786939179679404077e-02
-8.896786333772521704e-01
-8.460757496222519602e-01
9.895959008920101052e-01
-1.944938848486759131e-01
2.892147143455168212e-01
-5.891754911688225071e-01
9.360059519646271031e-01
-8.624394740127523384e-01
1.168477292163874193e-01
-2.942694604095319466e-01
-3.726630866885287663e-01
-4.967120888917564425e-01
-1.908906015303766246e-01
-8.204215753349910489e-01
6.343909647247272243e-01
-4.656461129846838354e-01
8.470612669414558926e-01
-7.408259781910313535e-01
5.076877967634940703e-02
-1.569533875359958586e-01
8.669891619554208617e-01
2.111689872442936711e-01
5.269596411974795114e-01
-9.540405940074687674e-01
9.510946013992407355e-01
3.262011700857869734e-01
-7.681952167016337096e-01
-3.754959502635535351e-01
2.578477104456742275e-01
8.790836110369080192e-01
8.417244692124585814e-01
1.794232441150975799e-01
-4.059981830929433322e-01
7.314229689086095831e-01
-2.278297578385539701e-01
-8.770307947656137415e-01
-9.014409493347108615e-01
6.531563097361541281e-01
-8.244016125927400296e-03
5.399725400062691527e-01
-4.026872451710783452e-02
-9.901392239956436914e-01
4.341977890082768798e-01
3.568645750681214146e-01
1.428741993849982350e-01
6.420802790375055302e-01
-5.125873337396245066e-01
-9.448591057379784885e-01
-8.435017256414161224e-01
8.487544782922040731e-01
-2.326960520787872966e-01
-6.988138707034821095e-01
8.259001295053642888e-01
5.303778848506879307e-01
-9.792760017015609275e-01
-3.249982646796458763e-01
-2.282964801040454628e-01
5.238695734486200628e-01
5.676479890574475107e-01
1.940489644957754667e-01
4.048370387439221840e-01
-5.477848123173119088e-01
-3.198818759891253194e-03
-2.335681674099601146e-01
2.671226286271488615e-01
6.159895008348554857e-01
8.988051255290923081e-01
-7.409530028286952508e-01
3.451202113595441823e-01
-7.675746513800423276e-01
-6.411233370106037555e-01
-3.018123042847427051e-01
9.051884275634110022e-01
2.120980233072631282e-01
3.476406741964417346e-01
1.903271933362391533e-01
-6.695363288180731232e-01
-8.400935774399997946e-02
-2.418707031528204432e-01
4.163243582641174001e-02
7.204737140313954846e-02
7.775789641883681380e-01
5.571766319561544112e-01
9.617075608685379251e-01
1.995566689197971755e-01
4.619280153652267629e-01
-7.313808561986328005e-01
4.155089160730414122e-01
-2.660238303811226501e-01
-9.400077454344215599e-01
9.226111420965299459e-02
-3.360166052136819292e-01
-5.201225700330613932e-01
-4.042417139140253024e-01
9.033778336967654976e-01
-9.249677590454956633e-01
-5.253485082918298854e-01
3.951022223699665048e-01
-4.813152748484252896e-01
5.492439380704492446e-01
-5.475958386346564399e-01
-6.499897864923929180e-01
-5.882211280538807152e-01
-4.174913807582281144e-01
8.343860276152061939e-01
-4.786495855442953751e-01
3.329274053612043538e-01
-6.579539881969787007e-01
9.395372006423883260e-01
-6.177052344000921735e-01
3.192024872634053878e-01
-7.398205586214861018e-01
3.620851676926888363e-01
8.451542199706563174e-01
-8.962513068162600849e-01
-2.184542792585173476e-01
-3.660889563056102247e-02
-2.362329437905228424e-01
5.132981815014534543e-01
5.667929926992103518e-01
-7.592965475784305696e-01
-3.531838942209832855e-01
1.410917475265545118e-01
-9.298748720300435977e-01
5.749484330200704818e-02
-1.913214687148407922e-01
2.226987397277149228e-01
-5.418733969224398539e-01
-8.103517283970813612e-01
-5.617550634852683800e-01
3.951677623314060472e-01
-9.669194329458548065e-01
2.808332117686360707e-01
6.265783504450106456e-02
4.038582509903536621e-01
7.727233803481188268e-01
3.716293106762313947e-01
6.895241887496983413e-01
-2.956742756867885014e-01
5.503164898254919724e-01
6.366836788449368179e-01
-7.956560225640816331e-01
6.234914315127351170e-01
1.238421101406523839e-01
-2.094548815177084133e-01
-4.443942473389528303e-01
3.461474931469958882e-01
1.647519987558685450e-01
-5.026015193292943106e-01
8.852942532076772952e-01
-7.436727942597221030e-01
7.544285045654786082e-01
6.967797260608739052e-01
-5.285373314997261485e-01
7.885640290146349596e-01
-6.837209561321713203e-01
-4.379714621421495480e-01
7.929770775613127487e-01
-4.144882421194440170e-02
4.087320468879138691e-01
-6.129362060367309351e-01
-6.108268539547694331e-01
-5.833355281135697012e-01
3.151467666800291667e-01
6.885806769359426038e-01
3.233737913519514340e-01
4.749143780193620934e-02
-8.861058139873929651e-01
7.237390278492501494e-01
-4.892691333018650557e-01
-5.211252954813803129e-01
5.844455220674622531e-01
7.922011016987573484e-01
7.288901775299836405e-01
-9.684082364757566896e-01
2.414569507704524831e-01
-1.168476048816469159e-01
-1.071118173231020432e-01
-6.513572114844972116e-01
2.273734683245856036e-01
-3.850231312229119851e-01
-3.861895164735595909e-01
9.799109541992685468e-01
-7.804571315374073670e-01
7.490135768645429515e-01
7.652571983875284811e-01
-1.275699133485346248e-01
7.500969740476612913e-01
4.955324140371268893e-01
-3.368367619090735232e-01
-1.380650623029859858e-01
-8.926199920592579051e-01
-7.901474751796671026e-01
4.961448141909807763e-01
3.567254151481775715e-01
-5.778038803830185532e-01
2.391865685897756055e-01
3.399684738233910153e-01
5.829479889304167717e-01
8.688547327673128429e-01
-1.339362408864306353e-01
1.551698908074385930e-01
9.086292896394376761e-02
-5.504371952614839358e-01
8.045203347660094817e-01
5.092068208893945069e-01
6.020836805579636852e-01
2.458773263543467813e-01
4.071621977081336663e-01
-7.629591451894568443e-02
