-5.249615841143573380e-01
7.940709780642321025e-01
-6.669998443325100279e-01
-7.898678906127849508e-01
8.859971379058333429e-01
5.886264736674586828e-01
2.006035265256984612e-01
-7.694433467552896921e-02
9.995179950949679704e-01
-5.818200797583816808e-01
-5.960984537232141278e-01
1.136135887366078734e-01
-1.690836550970500340e-01
2.614155507086768360e-01
3.101012280346113759e-01
6.495027480984230106e-01
6.368673394660449016e-01
-8.316327979687512251e-01
8.200209087693455245e-01
-6.067515290621550150e-03
3.671363178365483204e-01
7.603814728724633820e-01
-9.343820994738254448e-01
7.709250567741512405e-01
7.237618150344737877e-01
9.241751955485784098e-01
-5.347062376291846775e-01
4.240823072361794566e-01
-1.804844292440768161e-01
5.833598076426369516e-01
-5.341956883218925700e-01
-3.415391082016343560e-01
7.216319342243373569e-01
4.367851909650588560e-01
-9.356593325818285400e-01
5.434943659313848929e-01
4.589213078879517127e-01
-8.638296921949435436e-01
6.878416521480106294e-01
-9.676827989994483126e-01
9.869567481865348935e-01
8.665483956262161058e-01
3.405548630438550717e-01
9.637738537891764601e-01
-9.443125773588199046e-01
9.196901985738510366e-01
-5.525300592912549824e-01
-7.093965418310475002e-01
9.742766061324186211e-01
-3.764539119798415712e-02
-1.016833318408008058e-01
-3.366644750302678624e-01
7.400688266207040567e-01
1.493464905846408897e-01
4.959624379783109660e-01
-9.766814555780445328e-01
-5.707453869021532622e-01
6.461919138148624064e-01
6.472282520062588862e-01
-6.771701051888614487e-01
-9.549187578725102377e-01
-9.132392644484437216e-01
-8.175927458150198390e-01
-8.945879868404218449e-01
3.911258300331217352e-01
5.726868275946734865e-01
6.812339795177480006e-02
2.735789247203179730e-01
-7.680827587053591365e-01
5.023851194699875400e-01
7.754251195995758295e-01
-3.306507050695859373e-01
-4.161282838895177250e-01
-9.777695353672495315e-01
2.343318819217083959e-01
-5.712726503057763416e-01
-3.183979240295811142e-01
7.099812921325074910e-01
-1.269453108097777783e-01
-9.393614776226051344e-01
-4.695367993223198422e-01
-2.254051718778864455e-01
-1.065810729814029578e-01
-5.551256644140036833e-01
6.649178084074180983e-01
-9.763821991983838711e-01
3.118530122443630148e-01
-6.118715408446098181e-01
-3.160495873488959884e-01
9.769168425736671768e-01
-5.090477568660449759e-01
-2.525209029889730061e-02
-3.706385807692000878e-01
-2.437781383538428770e-02
-3.394208427863418809e-01
-9.249561007413729108e-01
-2.539700380619798192e-01
-6.494672386123510055e-01
-2.212657924321548286e-01
8.903420035677309663e-01
-7.620979781190111435e-01
3.068454633201660453e-01
-8.700624682812310162e-01
7.215622851267156079e-02
6.174804137123059977e-01
7.984634954275444674e-01
6.262889288446751301e-01
5.533430014115454654e-01
9.316325775223397443e-01
-2.787995498091830893e-01
5.969951736377960838e-01
6.812798147990641873e-01
9.159008794298997280e-01
-3.719278916159129977e-02
-2.388170345527416139e-01
8.755302380142269136e-01
-6.587297914805345656e-02
-6.407787440970824644e-01
8.158976495955949648e-01
7.668527735246841726e-01
4.898868448478348459e-01
4.143743247808584496e-01
5.962067871683942588e-01
2.007820019872341710e-02
4.669386800795960468e-02
8.676110864236166176e-01
-2.841175341332236037e-01
1.564247034678403203e-01
-2.737915717547614314e-01
5.193326331072094515e-01
9.639064103192482857e-01
-8.066912430718251592e-01
-6.036969385525416953e-01
6.157542387169605558e-01
2.956366315937297706e-01
2.197715586696944445e-01
6.641381504319936457e-01
1.845846806676372243e-01
-5.089913592001524822e-01
-1.266000922127366035e-01
-7.445674957038783681e-01
-7.584198739302046022e-01
-8.768940107778244730e-02
4.862620198541289795e-01
-1.798284211572027669e-01
4.534272421771592398e-01
4.239430983111271978e-01
-6.295376235661080955e-01
1.920080238913848270e-01
7.431838539639450403e-01
-6.990066687817162450e-01
6.150440009478961301e-01
-6.352109137815360462e-01
8.072279564419073683e-01
-5.068140741607141120e-01
-2.725646857222954189e-01
4.930072088477686076e-01
9.493338175276637703e-01
-3.415345756720200576e-01
-6.676174956345046763e-01
6.744265641648063969e-01
-3.945970189220819879e-01
2.207244210212824242e-01
-1.671024205530668993e-02
7.053099930595081446e-01
-3.125011782380771042e-01
-2.907793526665150008e-01
8.774484023119764053e-01
-3.679245204077374876e-01
-3.022837547907901712e-01
7.209957629672545387e-01
4.485495523611455759e-01
-3.677957133923457356e-01
-7.467239494998478833e-02
8.311682307276559989e-01
-7.483367877016500191e-01
-3.972609085720928412e-01
5.268850646081284506e-01
-2.762936014809060925e-01
7.980720989448488734e-01
-3.263226345638094994e-01
7.740241969843264513e-01
-2.201762768421537952e-01
-2.316782710244558174e-01
-7.559559568222564696e-01
7.429379992196274429e-01
2.525155384176098750e-01
3.118347849648970271e-01
-6.574027145047072196e-01
8.135746375089865090e-01
-8.094100353753239663e-01
-6.874590030820852959e-01
-3.391849862524638493e-01
4.179620249951825350e-01
1.688447476679462156e-01
1.949569056188391603e-01
9.685808131393023324e-01
-1.919801225494170982e-01
4.599496496843058502e-02
2.639220395669585884e-01
-8.926097823072227655e-01
-9.786632014479641484e-01
1.925710410197245537e-01
-7.658965452195083401e-01
-2.650260333151761571e-01
4.614012272547125537e-01
-3.839233565292354822e-01
-3.539914320322172792e-01
9.606198998707273784e-01
4.899854712108244748e-01
-4.390571388088007065e-01
7.941640528393441034e-01
-3.181707906929822638e-01
-8.708217896826231375e-02
-5.415557773951578113e-01
-3.022754251874513187e-01
4.452700210684310544e-01
-9.622564375336652986e-01
5.014803933727138840e-01
1.593975658905484316e-01
-1.992222474093132689e-01
-4.174254929807341696e-02
-5.628540210736343585e-01
2.386572759229665941e-01
-2.816202984944957688e-01
3.965016503929683633e-01
-1.447563596003729192e-01
-6.028071854560150822e-01
-3.861781031639039963e-01
-9.470069683795327986e-01
9.091355742831899178e-01
4.832950689889383700e-01
8.012989852333924912e-01
-6.002413204554601922e-01
-2.582121859870747382e-01
-3.370865091395482960e-01
3.850863251213796357e-01
4.580366367300057195e-01
-3.713979493780681373e-01
7.675833328088323970e-01
3.107701653035883638e-01
-1.243200186158066600e-02
5.614897403690912725e-01
7.314952965398329177e-01
6.496504732797534487e-01
-5.631669288664762352e-01
8.549651216736964265e-02
8.277970590659509131e-01
-4.435338919143352321e-01
5.295302210683485722e-01
-1.491491686675343598e-01
2.645025993969674083e-01
7.415464753698977063e-01
-8.001155958570886906e-01
7.965581931943870320e-01
9.649338386900339071e-01
8.037076787691761481e-01
-9.655068273493383479e-01
2.569535984095536740e-01
-1.346765440162522864e-01
-5.342229452225772945e-01
7.541364592005381784e-01
-7.452317875511293988e-01
7.938430093419786004e-01
-2.092379254082932238e-01
