-5.155975949113589252e-01
-2.107027410847519544e-01
5.015781994806225441e-01
8.273476102510901597e-02
1.683574570948906945e-01
7.100192548809458604e-01
-8.128202079667130597e-01
-7.120839438077706252e-01
9.089588106259838263e-02
-1.546537233230962372e-01
2.719842000846435237e-01
7.790069467462643615e-01
7.235081617233556361e-01
7.598424330779258717e-01
3.694340948436660721e-01
9.412120194683748498e-01
-1.537682613549895549e-01
8.131241082848075230e-01
6.952060104532866713e-01
-6.888966995533052362e-01
-2.871228405738630585e-01
-4.125790021438004995e-01
6.709681900782686892e-01
9.715500519146931246e-01
2.957282317270941707e-01
-4.730904298893945370e-01
8.672030646701820444e-01
-7.831406686751873902e-01
-1.481657652051127094e-02
-8.454680069365438921e-01
-5.285216705389819136e-01
7.424145517599995969e-01
-5.258022206686945310e-01
-9.625631491024639885e-01
-4.005506458278977888e-01
1.943726215737320295e-01
-3.999476414369873556e-01
-9.412602477063412021e-01
-5.659643803835268105e-01
4.996279188050940512e-01
-6.684232502691931366e-01
-5.787933346054390249e-01
4.819182963744315096e-01
-1.105549457554746429e-01
-9.981759175068449785e-02
-1.705655348928523107e-01
-8.311922129320692409e-01
-3.223750849735917967e-03
-7.959041878526327274e-01
-6.607559128780848834e-01
3.592442375369331309e-01
-2.584700626601870166e-01
1.002822148143431846e-01
-4.686608075740201773e-01
8.144037410714437542e-01
-6.424556682266582275e-01
-9.948418283842936916e-01
4.926201253007844727e-02
5.578723393592699420e-01
-3.001165203235325318e-01
6.719965482081620145e-01
-4.066518902357094678e-01
8.675256446413308620e-01
4.222586630315123823e-01
-5.008644003362212604e-01
-3.020610145004549718e-01
-2.818838442887341422e-01
6.467269544883951227e-01
-1.700902845627472182e-02
2.847795561463815073e-01
-6.607631058106400168e-02
2.646844249211193212e-01
3.091615892492909357e-01
2.514113664916852731e-01
3.214540717882055088e-01
-7.742541635116919618e-01
9.507619051138500588e-01
9.490540974783441275e-01
-2.040636545569838312e-01
-3.952372752302502068e-01
-6.389211820440099387e-01
-7.153121629024217221e-02
5.087277322986134553e-01
-2.130201556367459226e-01
-1.711980717106988958e-01
4.911458652501921041e-01
8.605036321795074272e-01
-8.207834281094661399e-01
6.678624873366616477e-01
-5.460446406950416609e-01
-7.205163739554723001e-01
-7.278612435871540942e-01
-5.316229307996300779e-01
4.483591403292797040e-02
7.676529843652148966e-01
4.132406068226579521e-02
6.465677714107864738e-01
-7.945140785774249537e-01
-3.096151939508611228e-01
-4.926080105746926119e-01
-7.756848571367822576e-01
-3.376122383151620721e-01
-8.970000243233047232e-01
5.932139245222280977e-01
-3.205524157559798137e-01
2.888564729226876793e-01
6.362334937773912458e-01
1.409616317955686426e-02
4.741117549657127839e-01
5.513437543382493367e-01
1.070432054076391193e-01
-6.708689277705914833e-01
-5.436530084692612341e-01
9.675678605338158267e-01
-1.459790745833273728e-01
6.258127324973763450e-01
-5.029499007659605780e-01
1.121190982481579113e-01
7.676825123517010407e-01
8.110158949136792028e-01
-1.692905869725960244e-01
-8.158417985925314753e-01
-2.085688246981134419e-01
7.569203680527765155e-01
4.035092874845080946e-01
4.567323046329223590e-01
1.131202624592473338e-01
8.740797006942961911e-01
4.814205640657225338e-01
-2.748224154562450838e-01
-1.358444910355154356e-01
3.189246676621184662e-01
7.179710764667095457e-01
7.989847123863260681e-01
7.365250911418281810e-01
1.101436167261358179e-01
6.314001289491915081e-01
-8.495521489999424691e-01
4.139465937284723118e-01
-7.728822039668310495e-01
3.721693289231737811e-01
-6.545926487548237027e-01
-2.975375944832323594e-01
5.083778767703859280e-01
4.134170815743221095e-01
-4.886956454203594813e-01
1.074146425094384405e-01
-3.478327345186673636e-01
3.038607536338067128e-01
-5.489155008401991331e-01
5.211035272850745859e-01
9.548783945545036289e-02
-4.150486576547107731e-02
-4.512600757379248151e-03
6.817748098154430281e-01
1.419260248619416132e-01
-9.374259178211445942e-01
5.730576250880603517e-02
-4.635521889768412507e-01
7.446854514020284643e-01
-3.874618929063373685e-01
3.247689928135226722e-01
9.267116344052614973e-01
-3.403287168953281761e-01
-3.323198096749546693e-02
-7.698306304116959708e-01
1.027078287568246040e-01
6.485201763145695963e-01
5.248579937632542602e-01
7.949743672604143718e-01
3.508435950952049076e-01
6.010902863765801296e-01
-6.275032715967956420e-01
2.843823624214867340e-01
-3.033978497239147032e-01
2.751298029938973322e-01
-8.427090171901325810e-01
4.514683847138090123e-02
-8.379998795031347036e-01
2.393310800608134947e-01
-5.863254763619423215e-01
-1.544962543157042401e-01
7.169162132854307590e-01
6.240458739893468554e-01
-7.752197328046102065e-01
-4.276856587927035935e-01
7.829662241679078427e-01
3.675682359432195234e-01
5.304200909613148163e-01
-6.367847182481449764e-01
6.530278457226854627e-01
7.419984668204813172e-01
-9.210748274729694263e-01
-7.672220200131376622e-01
9.856446550988553490e-01
-7.232369330324879275e-01
-9.917737301361100322e-01
7.433691009098404301e-01
-8.440570495636015025e-01
-1.433190828149479845e-01
5.525566422494228025e-01
-7.095894095626351650e-01
1.638479627223965451e-01
-8.072546516454415233e-02
6.428341603574418972e-01
9.482782725764880016e-01
5.733530013135144099e-01
-2.342128824941787091e-01
-7.908034259434872926e-01
-3.095151083337464026e-01
-6.517984386888904247e-01
9.222018428315181815e-02
9.667047889455144816e-01
7.836785590450556782e-02
-1.059957657552070831e-01
5.010714817659083220e-01
-1.609984186681006069e-01
-2.876640894793522918e-01
8.777737893748893683e-01
-8.072992603020021640e-01
7.811683745073874086e-01
-5.014577253740071239e-01
9.874004389920925107e-01
-2.144041897522173112e-01
-3.806239589807889345e-01
-6.161940016031850487e-01
4.778516923115203596e-01
3.640380815882222620e-01
8.843047313287473177e-01
-7.990039193862181754e-01
2.080719034693123692e-01
-6.285138931995468692e-01
-3.006861602964487901e-01
7.614383733815843769e-02
-1.795727518460552563e-01
-3.805811406947909870e-01
-4.663751991372617756e-01
9.950911077182473807e-01
-2.278675363639641738e-01
5.401190921429337433e-01
-8.050796642439783657e-01
2.768256978826371117e-01
5.247579607795009871e-01
-7.482349881048557805e-01
-7.513119907794907348e-03
8.525291069392226806e-01
-1.109519593862517972e-01
-7.582246398831582468e-01
-2.331681566301104791e-01
-7.838297894657122455e-01
-4.342003813813970492e-01
2.143536709861288969e-01
1.531572030205128332e-01
8.152468846678209147e-01
-3.448499660766879416e-02
4.431717630830058763e-01
4.028574735603078771e-01
-7.146139236935893368e-01
-8.253488177238446077e-01
3.043759896598237091e-01
-3.866517916832132862e-01
3.539687172883143607e-01
5.787526228891346491e-01
-6.925872757137316871e-01
-5.352373183480889640e-01
