5.505171375938244793e-02
1.000000000000000000e+00
1.000000000000000000e+00
-1.000000000000000000e+00
1.000000000000000000e+00
1.000000000000000000e+00
9.704077466794084339e-01
1.000000000000000000e+00
-4.175503115257101494e-01
7.503227367534170966e-01
1.000000000000000000e+00
-1.125871075664086618e-03
-3.895646484789444530e-02
-1.000000000000000000e+00
1.000000000000000000e+00
1.000000000000000000e+00
-5.407071886311674014e-01
-1.000000000000000000e+00
-1.000000000000000000e+00
6.095266955597833380e-01
1.000000000000000000e+00
1.000000000000000000e+00
1.000000000000000000e+00
-8.227934060845574216e-01
-7.841404278023959007e-01
5.782898631024228076e-01
5.953128548687969257e-01
-1.339978510603363482e-01
-8.469851267193295730e-01
-1.000000000000000000e+00
1.000000000000000000e+00
-1.000000000000000000e+00
1.000000000000000000e+00
-7.028234497947845050e-01
6.199485413118297483e-01
-1.564107193609514113e-01
5.297745795124819690e-01
-1.000000000000000000e+00
-1.000000000000000000e+00
-1.000000000000000000e+00
-1.000000000000000000e+00
1.000000000000000000e+00
-3.778910496069051717e-01
1.000000000000000000e+00
6.799949810299069641e-01
-1.000000000000000000e+00
1.000000000000000000e+00
1.000000000000000000e+00
1.169392535839225422e-01
5.925354465144863081e-01
-1.000000000000000000e+00
1.900490287502118458e-02
-1.000000000000000000e+00
1.000000000000000000e+00
-1.000000000000000000e+00
8.217421590693150257e-01
-2.504969438251247738e-01
-1.000000000000000000e+00
1.000000000000000000e+00
-3.907296274886784548e-01
-7.932360586174083128e-01
-5.918186805298375486e-01
1.478076496751723479e-01
2.428454597909013302e-02
-1.000000000000000000e+00
7.256784571971071074e-01
-1.170739226469507260e-01
4.090981706895822079e-01
-1.761429793147225586e-01
4.842950294865946415e-01
1.000000000000000000e+00
-4.681858126655822350e-01
6.787495751508054731e-02
1.000000000000000000e+00
-2.980014057697452090e-01
1.000000000000000000e+00
-1.000000000000000000e+00
-1.000000000000000000e+00
1.000000000000000000e+00
-1.000000000000000000e+00
-5.446556470257389870e-01
-2.863909836463410796e-01
-1.000000000000000000e+00
-8.821265002154874413e-01
2.457616178082194236e-01
-8.148024833121350063e-01
-3.825365535951287255e-01
-3.580773475912290005e-01
-7.370993491564730160e-01
-2.092635316014512803e-02
4.213156386913218254e-01
1.000000000000000000e+00
-6.951430791743617998e-01
-6.039177937498623194e-01
5.175558416485113167e-01
1.000000000000000000e+00
-9.865047422816916045e-01
-1.000000000000000000e+00
1.000000000000000000e+00
-8.753817520588172973e-01
7.142411020517033249e-01
1.000000000000000000e+00
1.000000000000000000e+00
6.394264179472319842e-02
-4.973016306460051883e-01
9.245993850870539710e-01
-1.000000000000000000e+00
-1.000000000000000000e+00
-4.607111597100609912e-01
6.183829207002373707e-01
-1.000000000000000000e+00
1.000000000000000000e+00
1.000000000000000000e+00
-9.609517395445613674e-01
1.000000000000000000e+00
-1.000000000000000000e+00
-1.000000000000000000e+00
3.124388930537207454e-01
3.660353775852567271e-01
-8.227173716507735213e-01
5.746885634561671452e-02
3.718711193806997217e-01
-1.000000000000000000e+00
-4.186770010460305613e-03
1.000000000000000000e+00
-7.557453140887799847e-01
1.000000000000000000e+00
8.586594675693290935e-01
1.000000000000000000e+00
5.948275392116697535e-01
1.000000000000000000e+00
1.000000000000000000e+00
1.000000000000000000e+00
-4.349981892373724346e-01
1.000000000000000000e+00
-7.149492141989368665e-01
-1.000000000000000000e+00
-5.572367489456033773e-01
-1.907641380171098966e-01
-1.000000000000000000e+00
1.083334711089245506e-01
1.000000000000000000e+00
-1.000000000000000000e+00
-6.535990339296511298e-01
1.265361065982029964e-01
-1.000000000000000000e+00
-3.836969754818668754e-01
-8.812057618812955129e-01
-7.252683846091021458e-01
-8.163325646944940006e-01
-1.000000000000000000e+00
1.250740835789299066e-01
1.000000000000000000e+00
-1.125178678912532870e-01
6.867290874006752865e-01
1.000000000000000000e+00
1.000000000000000000e+00
-8.646131162256005531e-01
9.393901585178385805e-01
-3.423826043965524368e-01
-1.000000000000000000e+00
5.257488469601647729e-01
-5.519111880025402428e-01
-1.000000000000000000e+00
-3.223453371273607981e-01
9.777118953031957993e-01
1.000000000000000000e+00
1.000000000000000000e+00
1.025565182382968121e-01
5.687023675940319212e-01
7.061863334246707424e-01
9.670826032825310947e-02
-1.000000000000000000e+00
9.082550611135735696e-01
8.373142283731616065e-01
6.793515023068182057e-02
1.000000000000000000e+00
-9.622525113215507631e-02
1.000000000000000000e+00
5.950154881206899393e-01
-4.212000487227562928e-01
7.713929972699220539e-01
-1.000000000000000000e+00
-1.000000000000000000e+00
-1.000000000000000000e+00
1.000000000000000000e+00
6.318586355996824722e-01
1.000000000000000000e+00
1.947984204585913037e-01
4.025036143701320457e-01
-1.868118073250012445e-01
-9.236580602696772835e-02
5.288998827546345094e-01
-8.632681426840373984e-01
-7.060271630787080532e-01
2.439397593704551587e-02
1.000000000000000000e+00
-1.000000000000000000e+00
4.754522226035562404e-03
-1.000000000000000000e+00
-1.000000000000000000e+00
-4.726525588465720351e-01
1.000000000000000000e+00
6.414833023068871043e-01
-1.000000000000000000e+00
-1.000000000000000000e+00
-3.392000502396886330e-01
2.588155132393196722e-01
-1.000000000000000000e+00
-4.342712042029995834e-01
-2.395841787771801901e-02
1.000000000000000000e+00
-2.817339150881313925e-01
-3.097049758329970537e-01
1.000000000000000000e+00
9.738291734868691485e-01
1.000000000000000000e+00
-4.863167736509126371e-01
-6.621205220151020754e-01
-1.000000000000000000e+00
-9.603030517509845154e-01
2.956706895038881955e-01
1.000000000000000000e+00
4.913823961677561414e-01
-1.000000000000000000e+00
-1.000000000000000000e+00
1.000000000000000000e+00
-7.106347558059132874e-01
-1.000000000000000000e+00
1.000000000000000000e+00
-5.544660817377017326e-01
5.740019995120592133e-01
-1.000000000000000000e+00
1.000000000000000000e+00
1.000000000000000000e+00
7.027533925237420265e-01
1.000000000000000000e+00
2.672219327591862648e-01
1.000000000000000000e+00
-3.233397857554085597e-01
1.000000000000000000e+00
1.584663698421661382e-01
7.930847641242571022e-01
1.000000000000000000e+00
1.718937252037191499e-01
-6.710330006098088607e-01
1.000000000000000000e+00
1.000000000000000000e+00
-1.836377036087721293e-01
-1.000000000000000000e+00
1.000000000000000000e+00
-2.691153537983554944e-01
1.000000000000000000e+00
9.616594663832199741e-01
1.046402408610039858e-01
-3.212068602779064586e-01
1.000000000000000000e+00
-1.000000000000000000e+00
1.000000000000000000e+00
-4.778556823365307515e-01
8.082377419193820245e-03
1.000000000000000000e+00
1.000000000000000000e+00
9.762110921543276643e-01
-1.000000000000000000e+00
