-6.566275479156913342e-01
3.652782607643101365e-02
2.621262256730030327e-01
8.033671654955885089e-01
-1.661519520089558277e-01
-2.740817057558155856e-01
-1.690915368216947545e-01
-5.209777022494104237e-01
-8.405213849660002623e-01
-9.716194258604389233e-01
-1.631349180040173596e-01
4.726044793133488131e-01
-6.082510095492941193e-01
9.842621896203609388e-01
-1.269841807460136973e-01
4.545305282880935938e-01
-3.279084737813580119e-01
-2.835029344898418735e-01
-7.322975286779271897e-01
1.823136286175044418e-01
7.261488559988948932e-01
4.066259242134131480e-01
6.840070439632282007e-01
-1.880789648255316582e-01
6.867545541109065788e-01
-8.741382172124070316e-01
-8.025556341424551210e-01
-1.689390321090229463e-01
-4.252662405831757475e-01
6.534378348985454554e-01
-7.482514641136375211e-01
8.187125795787550953e-01
-5.080142863796530683e-01
-3.238974383309625171e-01
-4.146598431900283543e-02
-7.998996650223049176e-01
6.431944670822202781e-01
7.415086680136988573e-01
4.988575121375748989e-01
-4.257257933700322461e-01
-2.826587479995299468e-01
3.068647133771380542e-01
-5.417426944471610550e-01
-9.656746776961175893e-01
-9.680820007790176263e-01
4.822287791154358239e-01
5.635980646305227548e-01
1.840679491029280079e-01
-3.682478864179246081e-01
8.813785589351041949e-02
-4.651856988967342232e-01
6.090292698822543649e-01
-5.864028397082960975e-01
-7.057352155928930948e-02
8.765761087588352929e-01
1.633485912169279075e-01
3.542560593799548574e-01
5.191740393386590213e-02
9.170793313615086539e-01
4.384070149790577631e-01
1.875604313071215223e-01
-2.904295962682366117e-01
-9.413219467252365025e-01
-9.742397918409331226e-01
-9.216337522704187712e-02
-9.162532146782165210e-01
3.421997130182319324e-01
7.222006516267525100e-01
-2.635123832564021384e-01
-4.182203870756688868e-01
2.190115597447430673e-01
-3.409135667007818782e-01
3.584087561701825297e-01
-4.596306286591036461e-01
1.444092316503127194e-01
-5.630348460069511951e-02
7.784868953085950505e-01
-8.051542703698220116e-01
-7.734474781532334475e-01
-2.200734356280786841e-01
3.547685921584851076e-01
-1.506955366083786441e-01
7.299646616356811890e-01
-7.890869179810908740e-01
-6.653025687853268977e-01
6.480732515576836938e-02
-7.314312629712924618e-01
-6.431752889235016202e-01
7.384446549215510913e-01
8.479271202212403935e-01
-5.809189061867745529e-01
7.866613294426512137e-01
9.884814239539385650e-01
2.946704007640887912e-01
-1.155295779914011778e-01
-8.700457459838017993e-01
7.974598502163880998e-01
2.673683604019714277e-01
-6.509594454435536637e-01
-3.494495317640080589e-01
-2.688974513006079370e-01
-5.500772193335095039e-01
7.755986350374759475e-01
-1.626462553667340494e-01
3.332037210252567494e-01
4.299871863619317836e-01
7.794542236607555630e-01
3.678738260462410814e-01
6.871488896881703390e-01
-8.316031323348469506e-01
-5.720560101311293888e-01
-1.458314412780223890e-01
1.454473842063264133e-01
2.432284039966381428e-02
-8.763480375184617976e-01
-4.717379347649348631e-01
1.832830747578879649e-01
-7.138957254007261000e-01
-7.900971216842056499e-01
-6.379448194473003042e-03
-7.830635348649206406e-01
-3.909011137537077296e-02
7.358204769704523862e-02
-2.366570858334740013e-01
9.080060390603077458e-01
1.716894900468668439e-01
-8.357058298264712359e-01
-2.282002994134348928e-01
5.941258592059852628e-01
-4.332936371743170145e-01
3.085070046069871008e-01
4.249798341684267733e-01
6.161918806671258242e-01
2.626383324039249789e-01
6.040979589730850474e-01
5.160068151417931404e-01
5.139663605323836482e-01
-3.270283603778427750e-01
2.934129326908458957e-01
6.075405343009128156e-01
7.860276939390686834e-02
-3.125762788167143480e-01
-2.246849232517846850e-01
7.678089769704099510e-02
5.502428332093689534e-02
-8.552975479763902378e-02
3.875735164850844239e-01
-5.869963698045133071e-01
6.629919530051560095e-01
-5.898044835342217684e-01
4.791406917756013684e-02
-3.877423864179927460e-01
-7.277494852692165672e-01
-8.639339144312359053e-01
6.862027331179065825e-02
6.896031698783733344e-01
-4.330085577784128503e-01
9.459498422972818510e-01
-3.823468086380339415e-01
-5.936227494069139521e-01
5.040321983497866309e-01
-1.483385936409435946e-01
-7.812843691657929135e-01
8.209031500957915117e-01
9.084393806944499605e-01
4.055176693333240046e-02
-3.271210692755361915e-01
6.943572217253810575e-01
6.295251617007744382e-01
9.890114200672295297e-01
-6.755984931235798907e-01
-1.656992797487417679e-01
-9.698734347653179544e-01
2.987437069820320090e-01
7.763343898513925811e-01
-5.910770951326544953e-01
-6.833351423091142962e-01
-5.724905710039864815e-01
-8.500434787079340637e-01
-9.068880423531304746e-01
-9.512859879036827948e-02
-9.593467374088140431e-01
4.086230811580076061e-01
6.612887749916487312e-01
5.724403379951690241e-01
-8.382943508635147811e-01
8.595785292046558279e-01
7.159838951330330659e-01
1.224882335218815399e-01
4.086277726708220648e-02
-6.543782371797601805e-02
1.382702833502920114e-01
-5.824613526643704908e-01
-1.436655952719967377e-01
-4.293419416625874341e-01
-5.069903283225190016e-01
1.797207220973391362e-01
-4.614185008649294151e-01
3.292930773229454378e-01
6.049505333144873376e-01
2.582748358579434189e-01
-1.260570342235505237e-01
4.117689990786110865e-01
7.411044240130473248e-01
5.912066631585566334e-01
-2.573901424455871112e-01
8.373640399877408935e-01
4.409173331261491136e-01
-6.196430227827132153e-01
9.933151260007329064e-01
2.676230330929822987e-01
-9.557686151516502360e-01
4.802630960025966456e-01
-4.167656014920284591e-02
-6.940557036893160170e-01
2.366121472352900046e-01
-5.161144130830563892e-01
4.324000215753358578e-01
4.418907506252502948e-01
-8.449751625068677718e-01
3.661913605120246107e-01
1.973122534966598174e-02
8.384244264782443334e-01
7.011952370237117815e-01
2.285153426861314951e-01
-9.694525162791767237e-01
-4.145595159967017107e-01
-7.693227780722264875e-01
-5.839847212563753498e-01
-4.862639825302434993e-01
-3.900887231227503360e-01
-9.648056676660914377e-01
-4.554149235801756568e-01
-8.910770084534138658e-01
-3.985946429415874182e-01
-2.549131901660506294e-01
-6.932974917539591608e-02
9.046967959738405618e-02
7.344938861421441700e-01
4.564235522289905589e-03
-2.370418093231496659e-01
-2.244265376885048457e-01
-7.022248786870126658e-01
-4.081331208316940629e-01
2.093312560380748977e-01
-5.196067809045827879e-01
4.747824869585557384e-01
-7.154466478146681574e-02
1.558035831956881001e-01
9.878187959401205642e-01
2.472038193180698951e-01
8.519745352825993656e-01
-4.756227171913149920e-01
-2.652818964997267770e-01
4.280242569600301028e-01
5.722428094858742487e-01
4.807287808346254465e-01
-5.174156059113157458e-01
8.517033714660124932e-01
7.194326477234502804e-03
-9.822853568658997947e-01
-6.868058865774595567e-02
3.483834578725637510e-01
9.671531854115062998e-01
1.003943665080129222e-01
