-2.763784689707324826e-01
-8.725451410547246933e-01
3.488181525791766990e-01
4.373808434886372609e-01
9.557619934472993961e-02
8.335717193539808889e-01
-3.458915559337338852e-01
-8.650037979908684616e-01
-6.712187759232020046e-01
-3.874126830596469340e-01
-7.459870059366255912e-01
-2.145759184101425632e-02
-8.631991426595000405e-01
5.787232151257870605e-02
-3.310176572254053262e-02
8.601138971886910234e-01
4.665086403868672349e-01
-9.275372752131818554e-01
-3.142218534014169506e-01
5.674105647563922883e-01
-2.548587751846975724e-01
8.753970512197239984e-01
-5.045681405771418326e-02
6.017266216263774670e-01
-5.072079396605830848e-01
6.413840604665568268e-01
-2.017047120589323672e-01
4.878905605125472000e-01
-6.208648919314834203e-01
-2.548063483561640030e-01
-7.620282713633033111e-01
1.831690818530464782e-01
-7.959437803651028265e-01
-6.867154247520672605e-01
1.148435505719542782e-01
7.290043698070247657e-02
9.394677138461109411e-01
5.922136262637323068e-01
7.545373254027265553e-02
-9.044173759961804393e-02
1.433975947887411451e-01
8.539872325131021569e-01
6.724059204858696681e-01
3.274444643712164371e-01
-1.140203546033640158e-01
9.246337668116173525e-01
-7.917486638996054094e-01
-4.052977073582311185e-01
-8.058657529070190062e-01
8.191624492764810750e-01
5.375903864415088051e-01
-6.021063949938261217e-01
-2.918508642498325312e-01
-8.334864817890281774e-01
8.952658622306590708e-01
9.281546689061077604e-01
8.901808000775930374e-01
6.689274260032722630e-01
-4.807325337571000112e-01
-5.342854582372196237e-01
-7.473647377525343138e-01
6.848198462265180364e-01
-9.133856512716098663e-01
5.019136009402946907e-01
9.498989680740281827e-01
4.816645780605701699e-01
-5.568573700157608553e-01
-7.925598142237919586e-01
7.821521731710407987e-01
-7.102969937936682854e-01
4.166995106772299895e-01
1.881171734415842955e-01
4.137577554943492331e-01
9.395144303192977109e-01
3.846265200422129826e-01
-2.058787224190978815e-01
8.024346986991912622e-01
5.728126132442479257e-01
5.319455906934746903e-01
-3.835869515990022460e-01
-2.771734673954919792e-01
-9.877656061200612569e-03
7.133576341420759803e-01
-4.077625975702330319e-01
-1.771266023233786235e-01
-2.712182691415454538e-01
4.100103293216983413e-01
4.404640736104175058e-01
9.472120857244319403e-01
-6.990969428532440855e-01
4.261145628263216523e-01
3.842640039682920783e-01
-1.160813825625497397e-01
-7.125924824815310643e-02
-2.881594383761982847e-01
-9.447225480193601754e-01
-8.448160718799122559e-01
-7.884344792234079247e-01
5.326216028797030599e-01
-2.861513692844641632e-02
-4.252365332182272972e-01
-2.405690770877908502e-01
-7.747795894479796441e-01
1.517243427422569901e-01
4.052609203024248874e-01
6.307805770034182746e-01
-2.054244344375526499e-01
-4.030685793991437560e-01
9.188909081377336641e-01
3.377395514573966473e-01
-5.938719540922623441e-01
2.667204987142257622e-01
6.339322875851260974e-03
-1.814330822018328515e-01
-3.491586599302467508e-01
4.820704439107488248e-01
-7.870242111029248644e-01
2.793817525225916754e-02
8.079022898180721057e-02
-6.289624373269233626e-01
-1.651690464854891349e-01
-5.473127146238365714e-01
5.393875498066211804e-01
2.025956292898587474e-01
-1.396960348335953839e-01
5.831707577675260268e-01
1.380578359182906834e-01
-2.062927877487830131e-02
-9.821402425382894652e-01
-1.006252054440437416e-01
3.407052073290695038e-01
9.954740971125619620e-01
-2.259710337412106362e-01
9.397881378667276575e-01
2.036214339390385319e-03
-9.477902658086545529e-01
-7.775651345640000045e-01
-3.175588132290936283e-01
-9.723344933852107186e-01
8.194388198125364120e-01
-3.382529122815203237e-02
-1.786232547280004468e-01
5.196171102136339925e-01
6.207189378364492693e-01
1.633592657570743789e-01
6.035279796055537105e-01
-1.694683876020051105e-01
6.957991597822532626e-02
6.035694341302730859e-01
9.590998944047053332e-01
-2.258247667975401551e-01
8.841731483481218845e-01
-7.723619958271383812e-01
-5.439335283104969054e-01
-7.209319012885639921e-02
-4.528692890184802256e-01
8.079214517392352413e-01
5.533326070609847491e-01
2.647706579965012352e-01
-9.481686389892494127e-01
-9.172654198720286978e-02
-4.901089738532737883e-02
-6.353401785802370583e-02
-1.141513755259748741e-01
3.544974689993907191e-01
-5.409222199964374145e-01
-8.213450523999712427e-01
-8.051131188377678161e-01
4.259982327251179424e-01
-8.208764476322283343e-02
-5.324639483016626595e-01
-9.304785029250832729e-01
-8.605953478294676717e-01
2.716765995436007941e-01
-2.718466515869200073e-01
4.317502520794667120e-01
7.881575921358867642e-01
8.467976080559047602e-01
6.461154964240234388e-01
-6.613251744399819554e-01
9.234292449748298104e-01
-7.472211637320427258e-01
-8.912974698288516073e-01
-4.588674108137691388e-01
7.292323234741728832e-01
1.975175339980832501e-01
-2.514230050599097765e-01
-6.691473315468059457e-01
6.204553614885923718e-01
-1.509119695283884788e-01
9.254570443081731046e-01
3.658895195649876086e-01
7.406466160780069696e-01
-1.351126670525626405e-01
-7.870582143548365828e-02
-6.983298885621977981e-01
1.474472219673466089e-01
2.416196402254973119e-01
-8.660666309999647261e-01
-5.539064546703502678e-01
-1.808170947254001959e-01
9.951452313817332751e-02
8.275348525992793913e-01
-5.527158949733339544e-01
5.826415569202580969e-01
9.018345023745417688e-01
9.567121064006161024e-01
1.418555327428063784e-01
-7.192116479418995123e-01
-9.717660932617666614e-01
-5.289759783738405829e-01
5.426502517231703848e-01
9.322138700729476479e-01
-2.532916529438478115e-01
8.627848824452877263e-01
2.739036193274522191e-01
-4.365760890150323092e-01
-2.913339806347234884e-01
-1.301961122996992959e-01
-2.752749675754622150e-01
9.741935705535307299e-01
-5.327768107307420120e-01
1.366857484781134335e-01
1.394144972616317979e-01
-7.012454056033012861e-01
5.159087772798753857e-01
-9.782263365808063771e-01
-5.382359151011963938e-01
8.716300557048597408e-01
-6.810382296794876833e-01
-3.939494345635956574e-01
-7.507994814750191814e-01
7.553750169534783065e-01
-1.140256334469715860e-01
1.742337471954300554e-01
-9.643337561750444653e-01
4.983219350454715091e-02
-6.966508551151748829e-01
1.124393618942238771e-01
-4.987017939649056597e-01
7.763069464500265138e-01
4.673111687545015158e-01
3.019013183638641351e-02
-8.233980460616523445e-01
4.812791194005683337e-01
-8.296780216052495049e-01
5.668419277135849921e-01
2.234239552975409993e-01
7.127638918076177887e-01
-7.351134075018823655e-01
-9.100149365345877595e-01
7.470986527621887863e-01
7.419888455893517420e-01
2.610172308378890804e-01
-9.604554456943965590e-01
2.984362944139191676e-01
-5.295233790803519636e-01
-2.963162462803476949e-01
9.003710438792329462e-01
9.258126761198237631e-01
-4.323378197664060618e-01
-1.730835437888358364e-01
7.898180453456458139e-01
-8.377179828660727967e-01
-6.324058112955084354e-01
