-8.310566413516418116e-01
-5.642976007595832399e-01
5.298398564636066510e-01
2.370778313813082239e-01
-1.678694784496881365e-01
1.492965195311120041e-01
-5.366498208956516081e-01
2.008872528840077720e-02
-5.904924308014869450e-01
-6.206965692180201888e-01
-9.841285123128651335e-03
7.882939668342907602e-01
5.342932859396876122e-01
5.377798058093352651e-02
-9.516984743615248821e-01
5.994731864916829078e-01
-5.133497382956186961e-01
1.607942078433866051e-01
3.836838745902859671e-02
4.358347129523016950e-01
-7.911256342029211464e-01
5.341404703328043180e-01
-8.206972724674477249e-01
-3.630330460019264294e-01
3.722721502120380777e-01
7.453408077821404021e-01
6.862663433718598771e-01
7.123103351791271187e-01
-6.338632577748322117e-01
-9.564308935182834759e-01
-1.636139507082761124e-01
-6.919048426052649692e-01
-9.114695856643537653e-01
-5.303961580445339941e-01
6.612664856326593288e-01
-3.223314966896022593e-01
-6.462287486704987316e-01
5.306110390640013108e-01
-5.349670851370429414e-01
-6.530951110219838096e-01
-6.064105639133046122e-01
3.203999785671816092e-01
-8.677570744546743153e-01
1.594997001915514634e-01
-2.077782709648090531e-02
4.239589535145462662e-01
-4.362787750589114388e-01
-6.212566555504173138e-02
9.697334724129431649e-01
4.134482125521679041e-01
4.399583287629815764e-02
4.371464973393672793e-01
-3.811759759150217253e-01
-6.589062289547160667e-01
4.945793429776235151e-01
2.696252515002715011e-01
-5.839520849291113258e-02
-6.631787990640598540e-01
7.605233416014756109e-02
6.583917952861497724e-01
8.129910784421137127e-01
-7.437891023328553342e-01
-4.466462207395494044e-01
8.505189511408615122e-01
-3.451494466059079613e-02
-7.875926841313560800e-01
-7.028305917419230830e-01
-7.471642879620299382e-02
2.986575852075152859e-01
1.751889617924424769e-01
9.390499114536838832e-01
4.710401616380177625e-01
5.671533112584470349e-01
2.857651036407005130e-01
-6.560134207740295764e-01
1.833320175705455135e-01
-4.028722568012614857e-01
-2.495676785194600455e-01
-4.658898685237122805e-01
-9.333120858213084237e-01
-5.434540629806108303e-01
1.610462406367993982e-01
-5.036541034112718140e-01
-2.201567788593374875e-01
4.491459086504749898e-01
3.016319180370083952e-01
7.669016385674254366e-02
6.373306295188956305e-01
-6.742882080971908110e-01
-9.953821625052561295e-02
7.108238627318157477e-01
9.966339432951840660e-01
-5.906504615834096139e-01
-4.765103189599111388e-01
7.215788793509030352e-01
3.736867030205219820e-01
6.659577910930600808e-01
-8.284828131298691556e-01
-5.329872694952650924e-01
-2.777512473546865923e-01
-8.222102190904114760e-01
-8.779550943840219723e-01
-8.112753270864687671e-01
1.198066280922855942e-01
1.084552013779951363e-01
5.936525095570228672e-01
-5.302106965342048284e-01
9.565589332845185755e-01
-3.098353078585687204e-01
9.525957104655278229e-01
-1.466607015004472991e-02
1.653990273648788811e-01
-2.528683220399596809e-01
1.658860314870000963e-01
-6.103093039362734729e-01
-4.345899497444063453e-01
-4.042673173380608720e-01
1.983380603795348307e-02
6.878454160096547643e-01
-2.268689840181099537e-01
-8.992135066108117858e-01
5.128418330594002317e-01
1.485532503576330043e-01
7.320770993182723618e-01
3.181706935712291795e-02
-9.420774900325201706e-02
-7.199547061138023007e-01
-9.260994531152366704e-01
5.118390262907659416e-01
4.727251505805620813e-01
2.908746503245163151e-01
6.853763161381842828e-01
7.919107072635687139e-01
-1.201480453071213095e-01
-5.905135178802369822e-01
3.718956370889840990e-01
7.716040697360591061e-01
7.537483120602126441e-01
-5.032785319781838407e-01
2.440088356241716383e-01
2.051562355802742932e-01
-2.935731489970703212e-01
-9.714126538197327410e-01
-8.110372961783824941e-01
9.335821159072881237e-01
-4.810325368095231813e-01
-1.079445076601286413e-01
-3.379310906203629727e-01
-2.890228290030405489e-01
1.090887445385368970e-02
-7.696844648115976906e-01
-3.427792409377254934e-01
7.687295189162726139e-01
9.569272740338328198e-01
3.570441635496617305e-01
3.298424274112243815e-02
8.237366428303702914e-01
6.430029883145145231e-01
-1.636077607709012227e-01
-9.278485252803247985e-01
2.724068173442588670e-01
-9.736233011072297217e-01
-2.522686583338420441e-01
2.668799319703814010e-01
3.817072925266962180e-01
-4.017356921039734186e-01
3.856077363672629765e-01
-3.717236573287734380e-01
-6.539613361521583457e-01
-7.066273290563696019e-01
-7.110764463613312714e-01
5.532870042664039811e-01
7.676529136215310967e-01
-6.280925964775903036e-01
-4.353236514264036128e-01
1.372667255890169802e-01
-6.754555340530947749e-01
-9.630916654669139376e-01
-9.761425242564416571e-01
-8.806584988435317563e-02
-3.539002953789205375e-01
9.605838616841662070e-01
-6.511103016245782804e-01
-1.465584693623533941e-01
-4.686465341940948548e-02
-6.393329138917271948e-01
5.749025858848177961e-03
3.027572766529984527e-01
-3.178760578467834108e-01
2.798165237652527892e-01
-4.234038424249162436e-01
3.149211253792083554e-02
-1.938187579858721143e-01
-4.566677784741757229e-02
8.356769740291114523e-02
9.290781288516340997e-01
-8.678582830381826874e-01
2.668615295351972616e-01
6.127479690955104363e-01
7.189667103372345824e-01
1.311969261911625217e-01
-1.258936728237329827e-01
5.595105994950184680e-01
4.958748530671641674e-02
-1.490508724053161149e-01
-4.267540560347289347e-01
1.230047011295551940e-01
-1.026246306468043823e-01
3.920786225540224823e-01
-4.310159048512802737e-01
1.725566074201287936e-01
6.164482846600094490e-02
2.157340866053967243e-01
6.636413194099977098e-01
-4.927799244140018686e-02
5.347540213046046986e-01
-1.840445264500909506e-01
-7.685794521192061968e-01
5.953007257783025086e-01
9.938291690191218830e-01
-6.840311070085500766e-01
4.760042134512758594e-01
3.282559732795471419e-01
-6.314580872910751097e-01
3.250471867250139812e-01
3.548072115652669556e-01
-6.670318357065401216e-01
-5.048110136612431464e-01
-4.015004831398434337e-01
1.297036553766286460e-01
-4.528322424661996859e-01
-7.629201797679185937e-01
-9.775713108534482831e-01
8.531988641022147934e-01
-1.745316124270299696e-01
-2.569120838278615704e-01
-6.164292303619205438e-01
2.672622313632242452e-01
-4.739566271305672984e-03
4.990827344929267273e-01
1.728209355517744683e-01
7.614627001483691426e-01
-8.764907111518267513e-01
2.994239604619044481e-01
2.379382577521131914e-01
-3.093555972065531456e-01
-5.613304485461254600e-01
7.733255614013556656e-01
3.299855733744700981e-01
-7.679666289540496571e-01
5.500173741863734200e-02
2.214255651616128251e-01
-8.755099052002968119e-01
8.816393023193105360e-01
-2.067721703878597772e-01
9.973204529846406707e-01
6.576152870972888920e-01
6.804775106430340781e-01
-7.588711893525128538e-01
-3.893140860634658473e-01
7.472604616352453988e-01
7.041717171963481903e-01
2.769321996563576249e-01
-4.536228502062016332e-01
-1.737651461707898637e-01
