-1.990674239715215510e-01
-9.199526735591478932e-02
-7.538098856331032493e-02
-6.067273283622460767e-01
1.000000000000000000e+00
9.356982147685146689e-01
9.019990479109252224e-01
7.937198032190395658e-02
5.147273728483694466e-01
-3.563828038517125041e-01
9.867380546358457405e-01
-1.000000000000000000e+00
-5.527274146408567290e-02
-5.777403132202940661e-01
3.289284311456638354e-01
-9.749475556842390755e-01
5.420123263485383536e-01
-6.604298517905085042e-01
3.761447806587556730e-01
1.326709381882498207e-01
-4.549939772356537127e-01
-9.903807062125451477e-01
1.067784372848623597e-02
8.487661596840618827e-01
-7.934821564330896138e-02
9.514624662208615025e-01
-4.611892306171012645e-01
-1.000000000000000000e+00
6.271896493039179621e-01
1.094992594126324992e-01
8.705708765545350225e-02
3.590840163523862927e-01
6.254278811203174415e-01
1.911999023132631148e-01
4.150657997360385765e-01
2.725381604875758423e-01
-5.711284651599108919e-01
2.896566023920854605e-02
6.525914389184546138e-01
7.356287184877232654e-01
-8.945725264161297208e-01
6.600856896685518560e-01
-7.869819891721161476e-01
-5.816435326388504912e-01
-1.071307379993184927e-01
7.847734121214646752e-01
1.000000000000000000e+00
-1.074800256994676850e-01
-4.231990603555781938e-01
-8.003086269829615684e-01
-5.483287700799193143e-01
3.627364614491428441e-01
-2.230817576906531929e-01
-2.195406977423481898e-01
-6.091086857987020320e-01
-8.290734720260761748e-02
7.319354479760731280e-03
-8.255467533519866841e-02
1.000000000000000000e+00
-1.921669825804810383e-01
-2.322636216500888473e-01
-7.812042437468711409e-01
8.591701035408894072e-01
-6.325091099262774019e-01
-6.224926518249476182e-01
9.712254291590527444e-02
1.000000000000000000e+00
-3.693134437185718877e-01
1.053281473302807303e-01
5.744578869450343017e-01
-2.553796256614095928e-01
1.000000000000000000e+00
4.028161539017547366e-01
-8.279582854095610678e-01
-9.479560039272882932e-01
8.132988813222263857e-01
4.693470212433401567e-01
-1.000000000000000000e+00
-5.491639611035823432e-01
-1.308378996438236408e-01
4.723720774701125613e-01
-7.439177867877209138e-01
1.000000000000000000e+00
-8.043112261846883104e-01
1.000000000000000000e+00
-4.002615907361237735e-01
-7.271108196762574583e-01
3.533043984510526592e-01
1.549772751358680090e-01
1.000000000000000000e+00
9.858714989800132500e-01
-1.000000000000000000e+00
-1.469992063950495975e-01
5.202888374356902101e-01
-6.025157652798001084e-01
-3.963314307289451666e-01
3.549045335464056095e-01
-1.000000000000000000e+00
-2.148891204488340145e-01
-5.379107857258347281e-02
-6.800494392787810316e-01
-1.000000000000000000e+00
5.231504227108230154e-02
-9.465990931878884851e-01
2.101578974881699313e-01
-7.162515003551526149e-01
4.632455168618109242e-01
-2.872212988178335369e-01
1.000000000000000000e+00
5.626449413863199300e-01
-1.000000000000000000e+00
-1.000000000000000000e+00
7.244357476654633698e-01
-2.806542509308480593e-01
6.146545200701760692e-01
-9.063404103305390258e-01
-2.087856736249102951e-01
-5.506393595476173353e-01
5.820324592161034705e-01
-6.507676045943535659e-01
4.254295487341004378e-01
-1.102249499983356529e-01
6.041588301661415805e-01
-6.664867629395940796e-01
-1.248718100510539664e-01
4.981591527606896719e-01
7.458037098844797486e-01
-6.900086959234859041e-01
-1.000000000000000000e+00
-6.927882394347324446e-01
-2.002467948694941768e-01
6.739872075696424769e-01
9.077066567385048135e-01
3.760045174992454609e-01
2.105097171867593708e-01
-4.606106884887288810e-01
3.628922182539067176e-01
7.317485105205803197e-01
-1.042584372445825025e-01
-1.017945872765950721e-01
-5.804556902776636385e-02
-9.559931944738794263e-01
5.708667465832217847e-01
3.349388092024028207e-01
1.000000000000000000e+00
-7.169791377014744782e-01
-7.679900669781232203e-01
1.193116970097971574e-01
-8.493564628106524683e-01
-8.761032706316402852e-01
7.465448966459862223e-01
1.000000000000000000e+00
-9.784039483235440482e-01
-8.523439961996195358e-01
1.710320907467177687e-01
-9.212255576249490652e-01
7.135880772411038464e-01
-4.732380320414090180e-01
1.018110995363685767e-01
-9.811764831328861902e-01
4.471946387518062060e-01
1.000000000000000000e+00
-1.371865662662803409e-01
-7.916545577722899907e-01
4.064670341694776035e-01
6.560691679406047694e-01
-4.863613180898738175e-01
3.060832757000619964e-01
-9.956516573686493565e-01
9.831828031273246449e-01
-4.661180101124091646e-01
5.946758808778864758e-01
9.581225731305884619e-01
2.746952882072444257e-01
-8.414709414537677734e-01
-3.496995410753207523e-01
-9.585956290241752775e-01
-9.965088497333152162e-02
-2.641298630957462645e-01
-2.458347414988200086e-01
-4.539067040951209053e-01
6.838968852421729583e-01
-8.748197165788185181e-01
4.376809487260873155e-01
8.727357664843917728e-01
7.953567648448554017e-01
-2.551516073297097620e-01
1.204041457842088825e-01
-1.000000000000000000e+00
1.000000000000000000e+00
-2.437462453342229551e-01
-1.000000000000000000e+00
-8.258691785568017529e-02
-3.167216912825530084e-01
4.622406236925356016e-01
-5.782624226689285774e-01
1.000000000000000000e+00
7.226916990633123206e-01
-8.251761674019226778e-01
9.237680320017362945e-01
-7.242285895583736588e-01
-7.971680332759181198e-01
-5.837371516887097656e-01
-1.972649570323117274e-01
9.913701934821594897e-01
3.011366988294648106e-01
-3.016086371958950352e-01
-8.424073954688431343e-01
1.000000000000000000e+00
-1.743114667479017665e-02
-1.000000000000000000e+00
4.922142749536522199e-01
1.066627063398903896e-01
9.878994327447068180e-01
3.904103793031045155e-01
-2.570942037738122021e-02
-2.005191662055403334e-01
-5.543036052572531958e-01
-8.680880762206273360e-01
2.747141959732926075e-01
-6.003972205837881937e-02
-1.614319091966924802e-01
6.684615714094799266e-02
-7.531243670596543538e-02
-8.551918130403592944e-01
-4.657139935807563802e-02
-1.255192327366931870e-01
-6.164436496715979263e-01
8.921950556404807386e-01
-1.711307095906777764e-01
1.000000000000000000e+00
-9.121350944757193879e-01
-9.526896614984208256e-01
4.667317424570520679e-01
6.423653856387800953e-01
1.000000000000000000e+00
4.443642033273846881e-01
-3.585280510084014605e-01
-1.517200102993387922e-01
8.015740254007182042e-01
-3.026786700238022210e-01
-7.445435235926978201e-02
5.572974642812191792e-01
6.652065058630358685e-01
-3.283348393356217976e-01
4.850324272931940683e-01
3.950989442069756663e-01
7.412743757317168392e-01
-4.029727484673340521e-01
-6.057576077823640937e-01
-1.000000000000000000e+00
5.770220387643376636e-02
-3.638142251740592581e-01
6.984182329295776093e-01
6.489675958591194505e-01
4.305341119137775507e-01
3.417978900041329093e-01
-1.878025299484622490e-01
1.000000000000000000e+00
8.899491423495073938e-01
-5.553740480705611215e-01
6.029217454204605087e-01
6.274355946578449306e-01
3.100517609313824252e-02
9.412690538021273312e-02
