1.747152527156621282e-01
1.000000000000000000e+00
-1.000000000000000000e+00
1.000000000000000000e+00
-6.257927818865700598e-01
2.141661519233828415e-02
1.000000000000000000e+00
-8.900162022876361156e-01
1.000000000000000000e+00
1.238805553918271851e-01
1.000000000000000000e+00
-8.153384268729415574e-01
7.765570623762094726e-01
7.248657316579665277e-01
7.301773355659724185e-01
-6.996037229854543682e-01
-1.000000000000000000e+00
2.562482251252222731e-01
-5.815244081446673263e-01
2.442314530286247010e-01
5.915160931807779132e-01
-7.027033957418467036e-01
-1.000000000000000000e+00
-1.000000000000000000e+00
-7.330562650844165695e-01
-8.926638072480004293e-01
-7.595283657287610346e-02
-1.000000000000000000e+00
3.590533463939062919e-01
4.759276015717451846e-01
7.763560511100253692e-01
5.570207011671157726e-01
1.000000000000000000e+00
6.536156177839640424e-01
-3.150548054880275561e-01
5.059715861796783010e-01
-4.971545213169810129e-01
5.663924864903226997e-01
2.026682615816752797e-01
-1.590287706693278569e-01
-2.261286980072143571e-01
3.429146364495969657e-01
-5.604247517838882864e-01
-1.158234184959838764e-01
4.665946150960759709e-01
-8.290137716156176229e-01
-2.861706667391417103e-01
7.794085017985845631e-01
-7.594607666234454157e-02
2.142022032791137676e-01
3.716220053758538810e-01
-1.000000000000000000e+00
-3.829008373300963886e-01
6.424228136833038949e-01
6.123025142139288945e-01
6.216544818018892027e-01
-7.848866007355421726e-01
3.985628623156534101e-01
-7.468016215542720992e-01
3.838036729797176250e-01
-6.888866658571952684e-01
-4.963041557424869854e-01
7.947708079842552564e-02
5.274686121549716500e-01
4.235256246905094724e-01
-5.407946810691921513e-01
4.999519324226637806e-01
-1.000000000000000000e+00
1.284610515182453838e-01
5.681443350311059515e-01
-7.973740644764557572e-01
9.787621293905242048e-01
-2.124310628492445119e-01
-4.984479599853397502e-01
9.685875688093137370e-01
9.263977547605513063e-01
-4.750403623177517076e-01
8.560336181492442797e-01
8.175838193311601998e-01
8.537768048630256512e-01
1.298673763284607929e-01
5.627574272483047979e-01
7.415729512772164522e-01
1.914258031346428024e-01
3.620930379187000669e-01
-4.969086017274164657e-01
-8.409981436731781557e-01
7.499400984735524744e-01
-6.778427844601528918e-01
8.294936093242961661e-01
9.668541038362978846e-01
-8.581199815163017552e-01
-5.676400447381015901e-01
-4.563739702395708808e-01
9.119281239379408710e-01
-6.698642555430851520e-01
-5.640682708274864510e-01
-5.989026159775163727e-01
-9.241197683100921267e-01
8.576421029306222632e-01
-1.398061132244547977e-01
-3.920029097588262346e-03
-5.515123131793053801e-02
-3.412559436842932392e-01
2.620331853093045282e-01
-9.999798060808984257e-01
-3.584532070940427140e-01
2.711201571221133477e-01
9.813084944936854015e-01
5.937708995944355195e-01
-9.386670002330792517e-01
-4.884329995520000356e-01
-5.554291391988477322e-01
4.356374112665988285e-01
-3.032115075376242697e-01
1.923078371018536181e-01
-1.081882045254600744e-01
-4.828409143295442352e-01
-4.247407661209903207e-01
9.158106634839731086e-01
5.874752710269297573e-01
1.000000000000000000e+00
-3.697797981347745733e-01
6.583033322853197866e-01
5.227177868349812684e-01
-6.823828366470727769e-01
-2.418942652957754014e-01
-8.104643171746341856e-01
1.000000000000000000e+00
7.685720365519739250e-01
2.722371022878044000e-01
-3.811402572153714807e-01
9.228982592561552067e-02
3.564294201265105766e-01
-1.000000000000000000e+00
-6.864521869326087877e-01
2.007989666449634392e-01
-2.703221490353929224e-01
1.612646908763946119e-01
-1.899578995383184310e-01
8.404892087057032057e-01
2.441861078839349108e-01
3.768937506709242324e-01
-3.962963345452510389e-01
-2.697646868880860804e-01
-4.284391018235345072e-02
6.016621245845386046e-01
-1.804014481126363645e-01
-2.714886008324131073e-01
6.492801801379688431e-01
1.030785997588308245e-01
3.216039187753305661e-02
-5.581288633445145031e-01
4.654720696289718074e-01
-9.935322631862193443e-01
9.537192855507126144e-01
-1.094739603456278410e-01
-2.145370901452419155e-01
-8.365920751018633972e-01
5.148179567375225085e-01
-3.803450703055366589e-02
-1.488635114688097172e-01
9.703622937259703818e-02
1.000000000000000000e+00
8.798042337111844358e-01
-8.929050064846908441e-01
1.906662297163714825e-01
2.086684891251886498e-01
-6.822720394338532834e-01
-6.168985372803927891e-01
2.956394375253028617e-01
7.189919886949927008e-01
7.265286407163509264e-01
8.419247003602743362e-01
2.529685338346294304e-02
1.000000000000000000e+00
-1.000000000000000000e+00
5.763412044340876506e-02
-8.752360060878499048e-01
-9.789321467656424414e-01
-7.921888245238513093e-01
-9.455712539377558734e-01
3.396195556542820349e-01
-4.939550441287254845e-01
1.000000000000000000e+00
-2.805437299360479808e-01
6.581113450173647905e-03
6.865089094353167276e-01
-4.904355681007614987e-01
8.309365991101851368e-01
4.984654358728668466e-01
-7.483481775822415916e-01
7.237933236588247610e-01
9.316274804878543758e-01
4.931579064009303792e-01
-3.856785550498087467e-01
1.000000000000000000e+00
-5.988265801703649416e-01
-9.957647988947320172e-01
8.738419373639350063e-02
3.701130885809933435e-01
-1.892468434979048819e-01
-5.001739446076622908e-01
2.107171009592287980e-01
-1.000000000000000000e+00
-9.582673246344375340e-01
4.244136618116298720e-01
1.765579269592527645e-01
-5.292360218005174310e-01
-3.774883450904493731e-01
1.564523289240598025e-01
6.117234445989090386e-01
9.722436638705509448e-01
-2.153928478678146519e-02
8.143026701714473070e-01
4.352340459340769963e-02
3.909476511931182507e-01
-6.764174588745592853e-01
-8.749349115851081660e-01
5.594499362934477471e-01
7.748492887321829503e-01
-4.884201400823986461e-01
-9.613509280848644423e-01
-2.808926931643622726e-01
4.546693474387182299e-01
3.341301201463289239e-01
2.446557347123050619e-01
1.000000000000000000e+00
-2.546547422014944217e-02
-1.360560370770622640e-01
4.917836341873043082e-01
2.583705557502291583e-01
-9.926719326893578277e-01
9.847044132641953329e-01
-3.343270265196605084e-01
-5.832426269313395473e-01
-1.941611620637839764e-02
3.904948995295192127e-01
4.997763613519061732e-01
7.132876278959168204e-01
-2.841576165745076654e-01
4.395701570905841127e-01
8.120500452733263597e-01
-9.284060007458800889e-01
6.115199081130211489e-01
-6.242299097083494619e-01
6.302837848642741658e-01
-5.241940735482852887e-01
6.041388375614906714e-01
3.574778298630205686e-01
-9.052289011159757592e-01
5.245809907957423857e-01
3.954554178767790695e-01
-5.977977713056432663e-01
2.003496654419985035e-01
7.683646084891896377e-01
1.683525517764337120e-01
7.886953593944296959e-01
-5.165225293113264726e-01
-7.020168633372805278e-01
-9.332206048432098999e-01
5.906678481659670688e-01
1.000000000000000000e+00
1.000000000000000000e+00
-8.360545357074069539e-01
