1.000000000000000000e+00
1.000000000000000000e+00
2.157848101082430192e-01
3.466608129863890664e-02
1.000000000000000000e+00
-1.000000000000000000e+00
-9.135701746881654817e-01
8.412311708533812826e-01
7.223043282871384196e-01
-1.000000000000000000e+00
5.019744716468212964e-01
-1.000000000000000000e+00
-1.000000000000000000e+00
-6.546279437930864198e-01
-1.000000000000000000e+00
1.000000000000000000e+00
8.832759597815387220e-01
-8.135920791447498468e-01
1.575077516055262139e-01
1.000000000000000000e+00
-6.599885182975651077e-01
-1.000000000000000000e+00
1.000000000000000000e+00
1.000000000000000000e+00
-5.673028742540908720e-01
-6.598315687644429328e-01
-6.182078081821462678e-01
1.000000000000000000e+00
1.000000000000000000e+00
4.885228095327709408e-01
-7.067677377082317580e-01
-1.000000000000000000e+00
1.000000000000000000e+00
-1.000000000000000000e+00
-8.207980364446058053e-01
-1.701380085709081613e-01
-1.340293867313338549e-01
1.000000000000000000e+00
-1.000000000000000000e+00
4.859667146487574030e-01
8.585392775028369838e-01
-1.000000000000000000e+00
7.888185959234728095e-02
-5.380382709495755700e-01
3.366735346415085095e-01
1.737615138247905477e-02
-7.011423146133550777e-01
1.000000000000000000e+00
-6.725721534084360131e-01
1.757256652418731080e-01
1.000000000000000000e+00
3.777281004219008587e-01
3.240185366114465837e-01
-1.000000000000000000e+00
1.000000000000000000e+00
7.103296218432852971e-02
1.000000000000000000e+00
1.000000000000000000e+00
-4.405114604161572966e-01
-7.522047926613592006e-01
-1.000000000000000000e+00
1.000000000000000000e+00
5.909915674746873959e-01
1.000000000000000000e+00
-1.000000000000000000e+00
1.000000000000000000e+00
-1.422710609349914224e-01
1.000000000000000000e+00
6.243797452023657213e-01
1.270471482022195175e-03
6.132175624425892924e-01
1.000000000000000000e+00
1.000000000000000000e+00
-6.727853883352478137e-01
-1.000000000000000000e+00
-2.596421277145988249e-03
-8.073970837626682773e-01
8.872808974841439600e-02
-1.000000000000000000e+00
6.622068204170934724e-02
1.000000000000000000e+00
4.584532949281818759e-01
-1.000000000000000000e+00
-4.685827064642966722e-01
5.344315727622055423e-01
2.720036316499792051e-01
9.408419698984449298e-02
1.000000000000000000e+00
-1.000000000000000000e+00
-3.967499001613120635e-01
-2.719433717579984311e-01
1.000000000000000000e+00
-5.558475276702353751e-01
5.104813176327617219e-01
-1.000000000000000000e+00
1.499414887157546339e-01
-7.679884239332925855e-01
-3.361199687659637281e-01
-2.666815253903910277e-01
2.759995268403016011e-01
9.846152306860382897e-01
-1.000000000000000000e+00
-1.000000000000000000e+00
-7.495424412196662889e-01
4.668596259402235660e-01
-3.063837115598256333e-01
7.828220057001191723e-01
1.000000000000000000e+00
5.326231890170600725e-01
-1.000000000000000000e+00
5.099760740899410560e-01
-5.842914357515094359e-02
1.000000000000000000e+00
-7.455855609183689170e-01
-1.000000000000000000e+00
1.000000000000000000e+00
1.000000000000000000e+00
1.000000000000000000e+00
-3.126859382847009261e-01
8.028867002601441927e-01
9.292848357575358431e-01
-1.637878916921197969e-01
3.505540912089009087e-01
7.390647468811082366e-01
-5.855947357908046769e-01
5.850363167095123940e-01
-1.250384420114586392e-01
1.000000000000000000e+00
-1.000000000000000000e+00
4.842170321996457916e-01
-9.481983232117541238e-02
1.000000000000000000e+00
3.632523791135984226e-01
-1.000000000000000000e+00
1.000000000000000000e+00
7.120568025610418683e-01
1.000000000000000000e+00
-2.933830239503247839e-01
1.000000000000000000e+00
-1.551359166655303934e-01
6.345373854780315126e-01
1.000000000000000000e+00
-3.133936984916196877e-02
1.000000000000000000e+00
5.543490205221950351e-01
-7.770117851797111452e-01
1.000000000000000000e+00
-4.058410639699733258e-01
1.000000000000000000e+00
-1.000000000000000000e+00
1.000000000000000000e+00
1.000000000000000000e+00
-7.034776578526231727e-01
1.000000000000000000e+00
7.515889023917163847e-01
-1.000000000000000000e+00
-9.202399348230563270e-01
1.747149814222329622e-01
-1.000000000000000000e+00
9.708975496216573076e-01
-2.950231816959547615e-01
-1.000000000000000000e+00
-1.000000000000000000e+00
1.000000000000000000e+00
-1.000000000000000000e+00
-6.875616934975700145e-01
1.534338751931402234e-01
1.000000000000000000e+00
-1.000000000000000000e+00
-1.000000000000000000e+00
-1.727695049928246185e-02
-2.578709179497928883e-02
7.564796336486013795e-01
4.307224547220103728e-01
1.425017368221184189e-01
-9.544826175211641450e-01
1.000000000000000000e+00
8.065942990338431651e-01
-4.626591698534938679e-01
4.685271836768973852e-01
-7.463420324199523392e-01
1.000000000000000000e+00
6.547309230485798270e-01
-1.000000000000000000e+00
1.692920122051770893e-01
1.000000000000000000e+00
3.883125514256658972e-01
-7.778061067621193647e-01
-1.401671982740874678e-01
1.000000000000000000e+00
4.221325761294476564e-01
1.000000000000000000e+00
1.189541410758546136e-01
1.000000000000000000e+00
6.047137001353464214e-01
1.000000000000000000e+00
-1.000000000000000000e+00
-1.257631913378540467e-01
8.266992119650033999e-01
-1.871802984873283116e-02
-1.000000000000000000e+00
-1.000000000000000000e+00
-5.524375476057934442e-01
-1.000000000000000000e+00
1.000000000000000000e+00
5.856484933758376865e-02
-6.992113778695141502e-01
-8.859918032870734983e-01
-9.232615546096819559e-01
1.000000000000000000e+00
-9.169830358453381347e-01
-1.181994555820903847e-01
-1.000000000000000000e+00
7.133561393654089811e-01
-1.000000000000000000e+00
1.000000000000000000e+00
8.083019286490742417e-01
1.000000000000000000e+00
-4.712110119208267611e-01
1.000000000000000000e+00
-1.000000000000000000e+00
-3.940329928330201792e-01
-8.977037172544897192e-01
1.000000000000000000e+00
-1.000000000000000000e+00
2.270311580185540024e-01
-1.000000000000000000e+00
1.139424009070557631e-01
-9.806778921124216231e-01
-3.661989005835841193e-01
-1.000000000000000000e+00
-1.000000000000000000e+00
-1.000000000000000000e+00
-1.000000000000000000e+00
-2.567818728298232323e-01
-7.347262159104137602e-01
-2.148028963522053969e-01
-4.674574086835616704e-01
5.061205892278786145e-01
-1.000000000000000000e+00
3.091070560086127683e-01
-1.104649894781379871e-01
1.000000000000000000e+00
8.411418582987385539e-01
-9.060749627444451004e-01
-3.072965831309730778e-01
-1.000000000000000000e+00
-1.000000000000000000e+00
8.190852532989967294e-01
1.000000000000000000e+00
7.995099090859141278e-01
-6.356502406868081989e-01
1.000000000000000000e+00
1.000000000000000000e+00
1.000000000000000000e+00
4.523676715779171298e-01
9.099639246555273342e-01
1.000000000000000000e+00
1.000000000000000000e+00
-1.000000000000000000e+00
5.045193256831500550e-01
7.558525298969990258e-01
1.000000000000000000e+00
-7.070591719358989558e-01
-1.000000000000000000e+00
