1.000000000000000000e+00
-1.000000000000000000e+00
3.295343585935399666e-01
-6.093439961934793425e-01
5.167169458254327052e-01
1.000000000000000000e+00
1.000000000000000000e+00
-1.000000000000000000e+00
-1.000000000000000000e+00
-4.077419059872355867e-02
-4.123862230231674642e-01
-1.000000000000000000e+00
7.799163381320288746e-01
1.000000000000000000e+00
-1.000000000000000000e+00
-1.000000000000000000e+00
-1.000000000000000000e+00
5.013485586752460810e-01
-1.000000000000000000e+00
5.914172881914977475e-01
1.815517867414717657e-02
-3.785985386861396851e-01
1.000000000000000000e+00
-1.000000000000000000e+00
-1.000000000000000000e+00
-8.922810745833169577e-01
4.948749970540019527e-01
1.000000000000000000e+00
-1.000000000000000000e+00
-1.000000000000000000e+00
1.000000000000000000e+00
-1.000000000000000000e+00
-5.866447977595663499e-01
-2.481476085754565908e-01
-4.846250183350232499e-01
-5.859407331231344385e-01
8.727324346288833912e-02
-1.000000000000000000e+00
-3.616092837940078075e-01
-1.532656326641808064e-01
-1.723911768692216739e-01
1.000000000000000000e+00
-5.817518595415656080e-01
-1.000000000000000000e+00
1.901582671666279811e-02
1.000000000000000000e+00
1.000000000000000000e+00
-1.000000000000000000e+00
-7.242195544799301388e-01
1.000000000000000000e+00
1.000000000000000000e+00
-1.000000000000000000e+00
4.055165155888770245e-01
1.000000000000000000e+00
-1.000000000000000000e+00
1.000000000000000000e+00
-1.000000000000000000e+00
-1.000000000000000000e+00
1.000000000000000000e+00
-1.000000000000000000e+00
-1.000000000000000000e+00
2.158153947553773655e-01
-1.000000000000000000e+00
1.000000000000000000e+00
-4.456723318560222857e-01
1.503475786109103041e-01
1.000000000000000000e+00
-1.000000000000000000e+00
-1.000000000000000000e+00
-1.000000000000000000e+00
1.000000000000000000e+00
5.081024617894760453e-01
-1.000000000000000000e+00
1.000000000000000000e+00
-8.061421558893752670e-02
1.000000000000000000e+00
6.853113209890715485e-01
9.046008498108658591e-01
-1.000000000000000000e+00
-1.000000000000000000e+00
6.660597077038296066e-01
-3.444581818289846331e-01
1.000000000000000000e+00
5.561354276223967608e-02
9.152674265603886194e-01
-2.538655492963871607e-01
-1.000000000000000000e+00
-6.429532874759189554e-01
-1.000000000000000000e+00
1.000000000000000000e+00
-1.000000000000000000e+00
1.000000000000000000e+00
1.000000000000000000e+00
-1.000000000000000000e+00
-4.106206577676768110e-01
1.000000000000000000e+00
-2.253437721102360958e-02
-1.000000000000000000e+00
-6.598408085936964262e-01
-8.900283378027489256e-01
1.000000000000000000e+00
-3.509289683063659959e-01
-1.000000000000000000e+00
1.000000000000000000e+00
1.174536147447208245e-02
-1.000000000000000000e+00
-1.000000000000000000e+00
1.000000000000000000e+00
-1.000000000000000000e+00
-1.000000000000000000e+00
-1.040327504372699219e-01
-5.393981199167459106e-01
-1.000000000000000000e+00
1.000000000000000000e+00
1.000000000000000000e+00
-1.000000000000000000e+00
1.000000000000000000e+00
1.000000000000000000e+00
-7.265867162514514366e-01
3.388373948801185476e-01
1.000000000000000000e+00
1.000000000000000000e+00
-1.000000000000000000e+00
4.030550525680058893e-01
1.000000000000000000e+00
-1.000000000000000000e+00
8.653758455614013467e-01
-2.229959251886672877e-01
-1.000000000000000000e+00
3.117720298890973574e-01
-1.000000000000000000e+00
-1.000000000000000000e+00
1.000000000000000000e+00
1.000000000000000000e+00
1.000000000000000000e+00
1.000000000000000000e+00
8.405934182652071707e-01
1.000000000000000000e+00
-2.157629714726667647e-01
1.000000000000000000e+00
1.000000000000000000e+00
-1.128878485868655690e-01
-1.000000000000000000e+00
-5.842536101425739314e-01
1.000000000000000000e+00
1.000000000000000000e+00
1.000000000000000000e+00
-3.485326625452579430e-01
9.194135544562307416e-01
1.000000000000000000e+00
-7.688280959676803139e-01
-1.000000000000000000e+00
6.140606134057654542e-01
-7.272992739445535149e-01
-1.000000000000000000e+00
1.170627873440892308e-02
1.000000000000000000e+00
-1.000000000000000000e+00
-1.000000000000000000e+00
9.708982564339875276e-01
-1.000000000000000000e+00
1.000000000000000000e+00
1.000000000000000000e+00
6.833597038269205726e-01
-2.387457001642989685e-02
-1.737598563819577890e-01
1.000000000000000000e+00
-1.000000000000000000e+00
5.582140098892960367e-01
-6.419405571465599536e-01
1.000000000000000000e+00
9.312512586313764773e-01
-1.000000000000000000e+00
-1.000000000000000000e+00
-1.000000000000000000e+00
8.258380387471553341e-01
1.000000000000000000e+00
1.000000000000000000e+00
6.135998640260071912e-01
-1.000000000000000000e+00
5.647882962854883226e-02
1.000000000000000000e+00
-1.000000000000000000e+00
-8.516516490912822146e-01
1.000000000000000000e+00
1.000000000000000000e+00
-8.837169916420049010e-01
-7.474011464279565198e-01
-1.000000000000000000e+00
-1.000000000000000000e+00
-1.000000000000000000e+00
1.000000000000000000e+00
-1.000000000000000000e+00
1.000000000000000000e+00
-1.000000000000000000e+00
-2.817674374323424491e-01
-1.000000000000000000e+00
1.000000000000000000e+00
-1.000000000000000000e+00
1.000000000000000000e+00
-1.000000000000000000e+00
7.549983603519181408e-01
1.000000000000000000e+00
-7.127931710063623028e-01
1.000000000000000000e+00
-1.000000000000000000e+00
-1.000000000000000000e+00
-1.000000000000000000e+00
-1.000000000000000000e+00
1.000000000000000000e+00
-1.000000000000000000e+00
-1.000000000000000000e+00
-9.562976276915013951e-02
1.000000000000000000e+00
7.384444302935255777e-01
-1.000000000000000000e+00
-1.000000000000000000e+00
9.888091807290653179e-01
-1.000000000000000000e+00
7.797699464325872354e-01
-1.000000000000000000e+00
1.000000000000000000e+00
-1.000000000000000000e+00
-1.000000000000000000e+00
1.000000000000000000e+00
9.517132424647263278e-01
1.000000000000000000e+00
-6.303539950818868309e-01
1.000000000000000000e+00
1.000000000000000000e+00
-5.358084609744120375e-01
-7.198216951551225096e-01
-1.361821467288801824e-01
-1.174940482916589923e-01
1.000000000000000000e+00
-1.000000000000000000e+00
4.279326393026943176e-01
1.000000000000000000e+00
-1.000000000000000000e+00
1.000000000000000000e+00
6.714156104079533893e-01
-1.000000000000000000e+00
-1.000000000000000000e+00
1.000000000000000000e+00
2.637912457331916816e-01
-1.000000000000000000e+00
1.000000000000000000e+00
1.000000000000000000e+00
1.000000000000000000e+00
1.000000000000000000e+00
-1.000000000000000000e+00
-9.124499444343414645e-01
1.000000000000000000e+00
-1.347792009346977515e-01
-9.000812479083879492e-01
-3.162395704708805821e-01
1.000000000000000000e+00
-4.470869436063271696e-01
-4.550140794498471197e-01
1.000000000000000000e+00
-1.000000000000000000e+00
6.037461166518583999e-01
-1.000000000000000000e+00
8.738742557162471059e-01
4.773789361771874074e-01
