3.701089237039998370e-01
-4.727165027981250489e-02
1.728579263046783998e+00
-1.385812094567766106e+00
8.737289756074813063e-01
2.260716974985907068e+00
6.469935746824285738e-01
8.452782042651283412e-01
6.029697942969318714e-01
-1.085737868062075062e+00
3.040347596272915176e+00
-2.531930314575960850e+00
7.344902604667817858e-01
4.519790870878159783e-02
-1.235796054303511582e+00
1.244529074614044051e+00
1.678448352619058004e-01
-9.307398293161726066e-01
-9.071025893795187089e-02
3.835320336873202507e-01
1.588489875044825528e+00
-2.376394665280878726e-02
-1.784845497575365147e+00
-2.318981166498453206e+00
-1.620297163571261745e+00
1.860062766127208445e+00
3.065377350966971282e+00
4.199931465969306998e+00
1.000000000000000000e+00
-1.000000000000000000e+00
-1.610414656985524218e+00
-1.000000000000000000e+00
-9.465840887893928191e-03
-9.421563319861758767e-01
3.894219862295707824e+00
1.000000000000000000e+00
3.722457903932024914e-01
4.642223206663047552e-01
2.525875398895684132e+00
2.760116742623275332e-02
2.203868008048925908e-01
1.242471839289317703e+00
-2.068632545141119161e-01
8.625122675384909732e-01
1.849023237402652953e+00
2.319760766217462411e-01
-8.725402154290801127e-01
-4.314026638117043344e-01
1.353134478098137361e+00
-1.028097480658585861e+00
-8.780088923616603536e-01
5.482628145138113140e-04
5.815140451947176103e-02
2.646349031222516857e-03
-2.082544490925657854e+00
1.790773795679650782e+00
2.406354709366821942e-01
-5.233028582395810036e-01
1.341148184449367120e+00
-5.671012044338327174e-01
-2.940690743090820458e+00
2.463338080943350050e+00
-1.588800487019658370e+00
8.823048594088533925e-02
-1.000000000000000000e+00
-1.965822974945091062e+00
6.184891994171126672e-01
-1.000000000000000000e+00
2.710064973534806576e+00
2.316419170784971282e+00
3.807808943511934441e-01
-1.000000000000000000e+00
5.360193792930307843e-01
-6.491257048528751294e-01
-4.036085873464567708e-01
-1.843233726836762676e-01
-4.657853232922074538e-01
-9.746273421852332808e-01
-6.930894725594876071e-01
-1.914457672693674173e+00
2.523406816547576481e-01
5.308699334893169919e-01
1.824438841067178352e+00
-2.606029997892218120e+00
-1.756075523888330991e+00
-1.070268622096840705e+00
5.445105247115518132e-01
-1.608730033979483443e+00
1.896265674200073192e+00
1.356703142229254144e+00
2.325223777890184085e-01
8.110647386958322880e-01
5.371706080661682314e-01
9.408473124623748518e-01
-1.771094391968760506e+00
3.091554005090988988e-01
-1.177274210712010216e+00
4.256445705062129048e-01
1.699150561186105524e+00
-1.881934029134565978e-01
6.647029007542000212e-01
-1.000000000000000000e+00
1.203849413253231138e+00
1.918517542568595857e+00
-2.654787389223006167e-01
-2.485406984581201240e+00
1.000000000000000000e+00
9.169196527822607301e-01
-1.732270619146681900e+00
-3.351366839455701907e+00
-4.916654511100295721e-01
-2.469619503280948702e-01
1.110014169692951747e+00
-9.344293655871485083e-01
-3.020896956120460164e-01
-2.005312252233904413e+00
3.763594103347710496e-01
7.578540627841001687e-02
1.000000000000000000e+00
-1.000000000000000000e+00
1.923856224968124362e+00
3.839473475811372438e-03
1.994878270288825250e+00
-8.423825205026717056e-01
8.398388445782596357e-01
-6.436513145612077214e-01
1.840827402526465040e+00
3.049741443717276734e+00
-2.824730164453490566e-01
-1.842327305918516123e+00
-1.705599194104556737e+00
2.564654281065155583e+00
2.245056098244483378e-01
1.094844282687882364e+00
-3.690336652829275366e+00
-4.999041338579127691e-01
8.166801862041315196e-01
-9.609865788325464564e-01
1.875855402118745463e+00
1.302780872455107541e+00
-9.872439753731651058e-01
4.615927059552058509e-01
1.380835656441791404e+00
-1.175911991302824866e+00
-3.278950145209765576e+00
5.321469871134228979e-01
1.000000000000000000e+00
-1.994668938586685591e-01
-9.969204937198300476e-01
-7.032052742409738988e-01
-8.525248276787419366e-01
1.297373831824148116e+00
-9.999115689390241091e-01
6.283766434759323616e-01
1.368473221753080615e+00
-2.439550163603836364e-01
-3.412279506170262655e-01
-6.362853126818175387e-01
-9.473707000802877864e-02
1.362866038060259521e+00
1.379796541223492712e+00
1.075179509708692471e-01
-1.000000000000000000e+00
-1.489379703920519660e+00
1.189607834130307795e+00
-1.088805325133868074e-02
-1.760043882483627975e+00
-4.231524705619321480e+00
-6.235297233139076578e-01
-2.732769998047202886e+00
1.272972418317615872e+00
-1.000000000000000000e+00
-2.116141439038986327e+00
4.716058644197048899e+00
6.330209869726799443e-01
-7.263552046478169988e-01
7.999782385078979541e-01
2.053302844621616607e+00
6.512126942389309114e-01
-1.072052324976839888e+00
2.356743876897127166e-02
-1.899057611982967186e+00
1.053129539822221239e-01
2.642129453027303398e+00
4.813053705998748821e-02
-1.350965362776792134e+00
2.976255801488890684e-01
-6.941183744156631530e-01
1.000000000000000000e+00
5.186372463029826907e-01
3.490318588573625425e-01
-2.080606872035758670e+00
-4.167285695275451118e-01
-3.270799084868541429e-01
-1.000000000000000000e+00
1.001588995939383331e+00
5.627887137101119652e-01
-1.751550761282563595e+00
-1.237159525765397339e+00
3.969275417426776920e-01
-1.076736144884213431e+00
1.011592948130714209e+00
1.322325671764710275e+00
-7.207924559327203440e-01
6.847674274994757226e-01
-3.212354507824956018e-01
-1.845210463661719480e-01
4.796839173255142419e-01
-5.277424983979839279e-01
-9.090352838841231353e-01
3.252876818074966758e-01
7.284424444786934405e-01
9.935188197881532624e-01
-3.389436221668926663e-01
1.103991654753039509e+00
-1.123633404028047345e+00
1.067300509076817505e+00
9.279406725799068667e-01
1.239488408347425796e+00
1.027564155134453427e+00
3.248370100734041532e-01
1.741339894390740550e+00
-1.419510800884564716e+00
-1.684551583088754967e+00
-1.000000000000000000e+00
2.907094155015160553e+00
3.981435910438309023e-01
-1.218571307925954583e+00
-3.087294399418922364e+00
-1.228201877414611953e-01
6.974131370738281266e-01
5.258159064456335852e-02
1.000000000000000000e+00
1.336173455827786016e+00
-2.706937285221740375e+00
-2.307802774256485501e-01
7.607462624422705044e-01
-9.778177187508252377e-01
-2.530680368826299098e-01
1.809727445186948280e+00
1.690479359011307636e+00
2.343548258817636842e+00
5.282936095844679159e-01
1.542082250068647298e+00
-2.118214436900915931e-01
-9.198075068178046543e-01
4.010531193897601820e-01
-1.597116314459562147e+00
5.903948492873576370e-01
7.575714383797189644e-01
-1.000000000000000000e+00
2.125866687085839146e+00
1.964592705352545376e+00
4.376808551576825690e-01
1.926741943756132613e+00
-1.538084825488193363e+00
8.722280048222400550e-01
-6.876751805699934383e-01
5.607712190340258251e-01
1.708658111658347911e+00
-1.969072769773572151e-02
1.165807435374532908e+00
1.434058692466468443e+00
-6.924739350504793833e-01
7.405028121540332409e-01
