-1.000000000000000000e+00
-4.934002173121831980e-01
-8.298121647756003805e-01
1.000000000000000000e+00
1.000000000000000000e+00
-4.078180327914003866e-01
-1.000000000000000000e+00
1.000000000000000000e+00
8.594192466184524815e-01
2.255964907306802214e-01
-1.613430888028390964e-01
4.668300814826800149e-01
-1.000000000000000000e+00
-6.909009100131479064e-01
-2.396507001217951238e-01
-3.240743689822020990e-01
6.794427434990284453e-01
-5.483583651665557834e-01
-3.568391888621507135e-01
-6.168652067932651750e-01
4.174332979770536411e-01
1.000000000000000000e+00
6.497272982086577109e-01
-7.637322631992191635e-01
-1.000000000000000000e+00
1.000000000000000000e+00
-6.136249755229080671e-01
1.000000000000000000e+00
-6.343830080337427013e-01
3.386338023670254493e-02
4.795504176430323007e-01
9.171187628397721170e-01
1.000000000000000000e+00
-8.084180375605208857e-01
1.036397950859582195e-01
1.000000000000000000e+00
-1.000000000000000000e+00
-7.535710784505575965e-01
-5.721832469210914596e-01
-1.606889551999547416e-01
3.113260180283575207e-01
1.000000000000000000e+00
1.000000000000000000e+00
1.124215360379565709e-01
-8.360707641541877955e-01
-1.000000000000000000e+00
9.420804215850101526e-01
9.571410196520033775e-01
-1.000000000000000000e+00
3.772621048591589532e-01
-1.000000000000000000e+00
-1.527726941388801163e-01
8.923952514370845357e-01
-1.000000000000000000e+00
-1.937316579712282660e-01
2.550499733465342311e-01
-1.724614927643367546e-01
1.000000000000000000e+00
7.886986337574231065e-03
1.000000000000000000e+00
-1.000000000000000000e+00
-1.000000000000000000e+00
1.000000000000000000e+00
2.915828793348237413e-01
-1.000000000000000000e+00
4.832411305680718305e-01
-5.100139793980377201e-01
-8.249615763915512101e-01
5.134982537350576415e-01
4.914106487473697271e-01
1.000000000000000000e+00
-1.000000000000000000e+00
-1.000000000000000000e+00
8.115047002763591255e-01
1.000000000000000000e+00
3.453934381715998425e-01
-8.676811648898963281e-02
8.645897899245829077e-01
-1.000000000000000000e+00
-8.194400239383469176e-01
-7.428680746896243470e-02
4.592696517701824188e-01
-1.000000000000000000e+00
1.000000000000000000e+00
-4.287555377141617496e-01
1.000000000000000000e+00
-3.153152977601380025e-01
8.864933501101747160e-01
-1.000000000000000000e+00
1.179147077850649650e-01
8.389897510926199731e-01
1.000000000000000000e+00
-1.000000000000000000e+00
-1.000000000000000000e+00
-2.040450963731627043e-01
7.672317253196396791e-01
5.823568242379617566e-03
-2.024854330859122697e-01
-6.446273420320997039e-02
5.111580680925258413e-01
1.000000000000000000e+00
4.891672811452767999e-01
-7.550648378868791699e-01
1.000000000000000000e+00
8.814837084996731686e-01
1.000000000000000000e+00
7.764657432730053266e-01
3.351303443363028434e-01
7.134395544386235022e-01
1.000000000000000000e+00
1.000000000000000000e+00
-1.305132050744969574e-01
-1.000000000000000000e+00
1.000000000000000000e+00
-1.000000000000000000e+00
1.000000000000000000e+00
-6.865677898233855103e-01
-8.627721327703636867e-01
9.363257451034486811e-01
-1.228320292144524650e-02
1.000000000000000000e+00
-1.000000000000000000e+00
2.412868552914043674e-01
1.000000000000000000e+00
1.000000000000000000e+00
1.000000000000000000e+00
6.513790775406882450e-01
-1.000000000000000000e+00
1.000000000000000000e+00
4.144583253941254153e-01
-1.000000000000000000e+00
-7.628421225632765479e-01
-6.147609689563549029e-02
-5.157900114038826977e-02
-8.803387855573363563e-02
-9.848224250405984703e-01
-1.000000000000000000e+00
1.000000000000000000e+00
5.348017127351134548e-02
1.000000000000000000e+00
2.870445440738647602e-01
1.000000000000000000e+00
6.007708812217673611e-01
3.518742198822259470e-01
-1.000000000000000000e+00
1.000000000000000000e+00
-1.000000000000000000e+00
1.000000000000000000e+00
-1.630385266664495791e-01
1.532489171692464902e-01
-1.000000000000000000e+00
-3.539146651279870825e-01
1.960586299350343120e-01
-2.254347145009940601e-01
-5.873043916826454769e-01
-5.448126839988662873e-01
1.000000000000000000e+00
-1.308711134278659483e-01
3.542928479736338621e-01
-2.117495357155350089e-01
6.806840281439094920e-01
1.000000000000000000e+00
-1.000000000000000000e+00
-8.886085732340511800e-01
-3.937494164881636394e-01
6.503410024165576786e-01
2.123816566606595568e-01
4.676665969732602957e-01
-1.000000000000000000e+00
-7.095599982967140118e-01
4.924918524650906404e-02
-9.275893822227379015e-01
1.000000000000000000e+00
-1.000000000000000000e+00
-3.106175138335515173e-01
-1.000000000000000000e+00
1.000000000000000000e+00
5.546985397178026966e-01
8.403842517175744709e-01
-6.040486527298496444e-01
8.513250327666039841e-01
-1.000000000000000000e+00
-6.617903856003570784e-02
-1.000000000000000000e+00
8.852446282587898008e-01
1.000000000000000000e+00
6.317218868006153620e-01
-1.000000000000000000e+00
9.147354569512982092e-01
1.000000000000000000e+00
-8.473718907341725171e-01
-1.000000000000000000e+00
-4.170610005210192428e-01
1.000000000000000000e+00
1.000000000000000000e+00
-5.495451856034094806e-01
-7.745490024760717240e-01
-5.131874665031943561e-01
4.477261720798708655e-01
-6.177832615012424089e-01
-1.000000000000000000e+00
-1.000000000000000000e+00
2.713714371846439599e-01
1.000000000000000000e+00
1.000000000000000000e+00
-9.913900489655614878e-01
-1.000000000000000000e+00
1.000000000000000000e+00
-1.000000000000000000e+00
-8.183234909681319502e-01
-4.420374440253409531e-01
-1.000000000000000000e+00
5.196810118062160644e-01
1.000000000000000000e+00
1.000000000000000000e+00
-1.000000000000000000e+00
-5.459861808404903316e-01
-1.000000000000000000e+00
1.000000000000000000e+00
-2.918313570737148810e-01
8.949155740764769273e-01
-6.272280707433176838e-02
1.000000000000000000e+00
1.000000000000000000e+00
-4.834284382349381959e-01
6.079232034814208152e-02
8.535999289401010603e-01
1.000000000000000000e+00
1.000000000000000000e+00
-1.000000000000000000e+00
-1.000000000000000000e+00
-1.000000000000000000e+00
-8.800130871625785334e-01
1.000000000000000000e+00
1.000000000000000000e+00
-3.083788183838893637e-01
1.264233614794486038e-01
1.000000000000000000e+00
2.410771735822893058e-01
1.000000000000000000e+00
6.724643842250156434e-01
-8.635004251625724159e-01
1.000000000000000000e+00
-7.442075821533806756e-01
-1.000000000000000000e+00
-6.919792431471061267e-01
8.377528774354701113e-01
3.657967132575385971e-01
-1.000000000000000000e+00
5.615560780178830980e-01
-5.009915267253725046e-01
-8.385389250587229615e-01
-1.000000000000000000e+00
-1.000000000000000000e+00
-4.512950424081136891e-01
-1.000000000000000000e+00
-3.088750582809823286e-01
2.062857993171542947e-01
5.526612172739686635e-01
1.000000000000000000e+00
-1.000000000000000000e+00
4.880637720241964850e-02
-2.122299367757483068e-01
1.000000000000000000e+00
1.000000000000000000e+00
