3.630570604357459263e-01
3.612847390658391333e-01
9.145941826776524675e-01
9.350860774406484222e-01
-6.396783457382801963e-01
-3.968361797934161217e-01
9.466609259973877144e-01
-7.342830673751703507e-01
-2.393963526847397993e-01
9.484916967970935531e-01
-1.538782824318973841e-01
-1.419488379134290490e-01
8.794633026534270925e-03
-7.135802420578196692e-01
4.610030959250890348e-01
-8.267647037932190912e-02
-4.596908379113902043e-01
7.979093170740059193e-01
-6.955715436106171268e-01
-3.336712489372744006e-01
-6.599381363018510527e-01
6.556960405157929994e-01
-6.168472858236762058e-01
-2.865606425987421435e-01
-7.999291025458692417e-01
-1.805902873623699278e-01
2.986902896851559852e-01
-6.237687275138705800e-01
-5.395457719215162040e-01
8.461985353730081538e-01
1.793914865277050907e-01
-4.056706308240689562e-01
4.531353491992733407e-01
1.947876274066471236e-01
-6.652091031799289844e-01
-1.415058145646650445e-01
-6.531019103797963687e-02
-2.054739795132447533e-01
-1.820525575086338055e-01
-6.741001366956749230e-01
2.909803515485349656e-01
4.788387363290671495e-01
-5.948833990227746504e-01
-5.807241499596438317e-03
3.367751653443518123e-01
9.777617531950391072e-01
-5.445907291982539089e-01
-1.340007169643020468e-01
8.956266333482898467e-01
-1.717198509058281974e-01
4.353159414275815653e-01
-1.095610323659794716e-01
4.476296923355793655e-01
-8.031883216468562736e-01
-9.367019026219041145e-01
-9.618594421489052859e-01
-3.661606635099976526e-01
5.507711328986060195e-01
-5.899769488179533727e-01
-4.327597091455126499e-01
4.141429675653267584e-01
1.371058261183488725e-02
-3.690624893257754557e-01
-7.376190903889456862e-02
9.476339260427977251e-01
-2.392711745895834685e-01
4.341100350192106383e-01
6.245823813285578119e-01
-9.807318752397717887e-01
9.299195121211039083e-01
8.410103028522704083e-01
6.370211740217708307e-01
8.991690340473934562e-01
-5.788430137848794566e-01
7.289231210068478628e-01
-8.908827686118168110e-01
-4.517670933490658403e-01
-8.140820076478847422e-01
-5.609144626141460144e-02
-7.569198869607505209e-01
7.687270284354030814e-02
-5.571128068165340785e-01
9.162881744890418734e-01
-6.943925056020674447e-01
-6.535065323752344835e-01
-6.771284455545445446e-01
1.088907354041594999e-01
9.288675323887105595e-01
-6.748407411143277912e-01
4.769550949678369456e-02
4.467879859941874532e-01
5.926292609067931316e-01
3.985717794396119729e-01
7.191564387565532179e-01
4.432499455894463036e-01
-7.708337839676895342e-01
-3.536276509274016711e-02
6.629430066311559067e-01
-2.363010370867903998e-01
9.040067027061045035e-01
-3.821673248944164047e-01
6.742875549840996463e-01
1.981612382049020571e-01
-4.548660318073445286e-01
5.462902632579735851e-02
9.438524137401591574e-01
-9.425663243553625836e-01
7.732505262661431011e-01
1.878350027577206927e-01
5.491142906079105046e-01
1.264749042872121976e-01
7.609440049991460508e-01
-3.485394554856569016e-01
-5.487638294889141122e-02
9.541630474939679640e-01
5.587401447865465443e-01
9.194614158587852693e-01
7.053329104516903314e-01
9.267294897783604490e-01
9.246951105090503997e-01
-1.621524226199306806e-01
-4.646901437177990424e-01
1.859594635907990678e-01
-9.598071996181589682e-01
7.694809513031415360e-01
6.752405208477982868e-01
-5.969496738381028234e-01
1.136308103485610399e-01
9.421928152530680833e-01
4.713688902753492282e-01
8.943568845145912771e-01
-7.127793355495293248e-01
4.247911838594051748e-01
7.660178998735422962e-01
-3.145596387037616903e-01
8.259062326783972452e-02
2.559018885990671510e-01
2.330287058935534006e-01
-6.601131673783886544e-01
6.505229722597183351e-01
-1.302039760209441344e-01
1.032213285419043558e-01
6.667943176124377924e-01
3.154877774662661061e-01
-5.295402669080502278e-01
9.749298296539596898e-01
9.142921702967841124e-01
-4.471887618958403365e-02
3.153387018047055790e-01
8.864502353893140008e-01
-8.868694717629723723e-01
9.718349552507907774e-01
-4.102166118268604222e-01
-6.181059819138829958e-01
-1.431984918307980248e-01
-9.624242625358525594e-02
-3.359581814766972041e-01
4.053479501651735539e-02
4.171834839371202364e-02
8.986884924434801469e-02
4.233729476093319732e-01
8.808235729010631676e-01
-7.133156256850714527e-02
-5.885849578378117286e-01
-7.254590234457451992e-01
-7.817176922098951763e-01
-7.207518759248314755e-01
-1.727650618743854505e-01
6.676419067800187790e-01
6.645236523969619835e-01
-3.785301421102045261e-01
3.023058112871388481e-01
3.492120341723459198e-01
-7.328062933548757929e-01
5.876453174824172176e-01
-9.868808242437090428e-01
-4.198853060966130091e-01
-3.921974988552117125e-01
-9.761327595848410255e-01
5.988722095663514544e-01
8.230616394664580504e-01
-5.331228777676351172e-01
2.781906876324651279e-01
9.446452687599025122e-01
-8.776059891262495416e-01
-9.913481105354267076e-01
-5.028750334616467477e-01
-9.859680139781379360e-02
1.732822229039758799e-01
8.443052491339302357e-01
8.083116995981902697e-01
-6.704824928620152225e-01
1.312760091176732313e-01
8.421667418214817680e-01
5.616179582806501980e-01
7.048660296695066219e-01
8.196228451801990111e-01
7.553607553262582375e-01
-9.353154696155587811e-01
-6.204301327581212000e-01
2.752311370548965463e-02
2.711809503324285053e-01
3.933760792785181426e-01
-2.031408820228204348e-01
-7.210610214911539195e-01
-7.041629863539990986e-01
1.346859480187145852e-01
-7.088092827395342521e-01
-6.553618996170940125e-01
-8.311156990022761093e-01
6.008092517490737361e-01
4.591809680386389481e-01
-9.452646876979056145e-01
-5.385264554701247874e-01
3.172180557886328245e-02
-3.548511723249756500e-01
-5.465426683753156212e-01
-4.539819481100941800e-01
6.945288371036910657e-01
-2.847966981064811165e-01
6.341168581113763025e-01
8.229094459429315833e-01
6.776910566846940931e-01
5.397167266226299276e-03
7.115267245741090374e-01
-8.079900897941190152e-01
7.533744062906215788e-01
4.121135038586909438e-01
7.577898837543104449e-01
7.659281107604609673e-02
2.304441506815948504e-01
-2.609979821872465688e-01
-4.964935278926687623e-01
5.130424305219336567e-01
4.969803426965515580e-01
5.521972783627462356e-01
-1.786303380118712258e-01
-6.883935360079129762e-01
3.383754457101171287e-01
5.356916021066249201e-02
-3.895379274470593955e-01
6.373598472910351198e-01
7.357391252427545325e-01
-6.774252643829214993e-01
-2.398260835004324409e-01
-9.453427048619711393e-01
2.710866553280224522e-01
5.010010044377219973e-01
6.972403307874825984e-01
6.547052844610834477e-02
1.849239214393851860e-01
-5.294112620839199757e-01
-5.728803249163760825e-01
-7.703861424838094329e-01
-5.670834283718748647e-01
-8.150269411533774822e-01
-8.750860659810555386e-01
3.466502122541839093e-01
3.082592416369822619e-01
6.115545295181417096e-01
1.092787595370809939e-01
3.700992268623339854e-01
-6.331225157345550247e-01
2.762686326793579727e-01
-5.879593652594630182e-01
