-4.101652861386062554e-01
-8.603122789007218163e-01
-3.111211481281281888e-01
7.625060714773455040e-01
6.332789787163488615e-01
-2.687797635034869792e-01
-9.737610223989083824e-01
6.583496938921427066e-01
5.093284843374279447e-01
-5.202623955463625549e-01
-1.845297096806866044e-01
-7.063484373594044463e-01
-7.947584448915061550e-01
-2.646648563458351422e-01
-2.072859533592803505e-01
6.708441506240541141e-01
9.070579652153134553e-01
-5.546214633965493856e-01
6.493815274224612466e-01
6.769666863900607456e-01
-8.558393356902014304e-01
-3.566872717572595608e-01
4.404119899070944033e-01
-2.766403553060388099e-01
-7.714927248472511767e-01
9.609045816117012251e-02
8.772905134084507672e-01
-5.579179097743587334e-01
2.905842232788602431e-01
3.578863567893362241e-01
-4.998108330099972907e-01
-4.381897897745348214e-01
2.392831760062634761e-01
2.522838449054931598e-01
-2.904970664088901700e-02
8.017106311566639665e-01
-8.585141265688458478e-01
7.164475036106787709e-01
-7.000968413450665562e-01
-6.463561825485200085e-01
9.030126188048184233e-01
3.754876355057572557e-01
-3.344870227035754429e-01
-1.437885692818809957e-01
7.791760095898765393e-01
9.945580358092396267e-01
6.847068382489465144e-01
4.367570912926044269e-01
-9.669742355905612818e-01
-1.938484066465138156e-01
2.290937554316390123e-01
2.991501141115635587e-01
1.448861498028191086e-01
-9.397728629694634961e-02
2.465354003067621314e-01
-1.197410670018919099e-01
3.680403774909677406e-01
-2.991057975468358610e-01
-1.371460343865433806e-01
-1.302842767989389472e-01
-6.008088974552869832e-01
8.090309693910762157e-01
5.511487494741820203e-01
-8.552094377404426684e-01
5.312172000911201675e-01
-3.047696722007722236e-01
-4.444888631976298132e-01
7.207245694706987393e-03
-1.922253849765165334e-02
-8.400634851609951603e-01
2.320053902622745134e-01
2.663602502053235010e-01
-5.093585795328157140e-01
4.252580938932208898e-01
6.502011901619511036e-01
5.963980431754702938e-01
-8.659756332652746025e-01
4.608246512470157707e-01
-7.853679049930339939e-01
-7.622350805370461391e-01
2.620287359262774007e-01
8.895659332290393184e-01
-6.269112528266398421e-01
-2.236439473524829413e-01
8.960120994182974030e-01
-7.247378611537238502e-01
8.304931477438668441e-01
8.487879910482141188e-01
-1.814461803898415049e-02
9.258677402934005762e-01
-9.394369866981988615e-01
5.973001858249908924e-01
2.240979117895811612e-01
8.094930645428151106e-01
8.150264952296004672e-02
7.128155185510391956e-01
-9.442987198694396955e-01
4.639135861659262616e-01
-1.061942208001447341e-01
-8.582218320731200834e-01
3.342724007944344322e-01
-1.799339182695813832e-02
1.969587935348324770e-01
-7.715640098374882960e-01
1.262303590661550956e-01
3.967878792915966457e-01
-8.946821639155697614e-01
2.064828010658936730e-01
-5.183528799204495385e-02
-2.498010042920295604e-01
3.323909060230987311e-01
-2.841423359097869916e-01
-1.496064805053687330e-01
-5.812176569552953698e-01
3.821101901730239447e-03
8.396345644312903644e-01
-1.151959410648484283e-01
1.586228529031139534e-01
-1.692139894165312075e-01
-3.560729927178372112e-01
-1.366313188626180342e-01
7.545807924190406357e-01
-1.123517999192178429e-01
1.121562149391981400e-01
-7.220921419129280316e-01
-7.957916901078594396e-01
-8.760317054472668286e-01
-9.686945537600708533e-01
-7.781703680644924681e-01
1.219153578414173822e-01
-6.425461332028719053e-01
9.115070292338436353e-01
-8.755888677225773797e-01
3.974703284055254304e-01
4.003277996496346081e-01
6.944777279715097507e-02
-4.544088607623042453e-01
-7.600637153305884741e-01
8.625787629538022028e-01
5.953583418502814695e-01
3.389319563136219404e-01
-4.737339838339309495e-01
7.111883217032188842e-01
-4.090633018568052837e-01
-7.582354602244893993e-01
6.431638624493141165e-03
9.806399722033298794e-01
-5.933506755183850512e-01
-9.546272324686311261e-01
6.650570380135043536e-01
-3.858784613770032124e-01
4.607672833572999949e-01
-3.067314888595809030e-01
5.581506077512068398e-01
-8.117260952852101141e-01
-7.119244757878551155e-02
4.740032010087906755e-01
5.268045784522061847e-01
-8.007196365752429212e-01
-3.182452213579733957e-01
4.824748058023957675e-01
-2.502065501007599835e-01
2.590537036729643194e-01
4.377689089356533447e-01
-4.630631257248414290e-01
1.671436534700687648e-01
1.691488375036864777e-01
3.973907176182029932e-01
-4.331786099429857373e-01
5.207264325474523226e-01
-8.057919809243176967e-01
6.059368566024156966e-01
9.212785905158846766e-01
6.164833198905907974e-01
9.286727583885094894e-01
-3.949916244649418484e-01
4.806660682935204321e-01
-3.990576479913896524e-01
1.532399418546852576e-01
9.992031526227496130e-02
2.062124396039004548e-01
7.708425568835217678e-01
-4.191534090181656680e-01
-8.271192986946840353e-01
-9.247158266385910874e-01
-3.973041194000503928e-02
-7.050720093621309914e-02
-6.679650258082969749e-01
6.480428800016684310e-01
-1.242292916548981552e-03
8.053548214107904002e-01
-9.071076745674977460e-01
8.311638146763016266e-01
-7.794202339082691999e-01
9.619662833283451064e-01
-6.583370621931921018e-01
-1.847871102806308841e-01
-2.881827636953007143e-01
-1.563586020576297475e-01
6.430464997787890269e-01
-9.236301571026013235e-01
5.417614780895245730e-01
-1.950810086380141417e-01
1.919060239050378591e-01
7.161185743562710204e-01
9.583182326938084472e-01
-4.613779205566908015e-01
9.671450696636372246e-01
8.308013228863830868e-02
8.077969484150588908e-01
-6.431158870280628825e-02
7.981838036269683911e-01
4.173768625471423466e-01
3.393501685391693279e-01
3.131461502637193917e-01
-4.414081259173241456e-01
-1.092020284455186285e-02
3.961341559390270106e-01
-4.719033564183527929e-01
6.684284270879807810e-01
-1.863310027215518971e-01
7.762413273450112783e-01
6.773574654490386315e-01
5.369772790654276928e-01
-9.952034326023273536e-02
6.012647712573895298e-01
9.522851318013936250e-02
-6.324412427963825856e-01
-6.454767501808926777e-01
4.952989010249488899e-01
6.554812476294025192e-01
-8.485789959570493313e-01
-7.141687283671842579e-01
8.677909245060939636e-01
-9.476339344156445854e-01
-1.510462447344333992e-01
5.415769139386574782e-01
-6.575172055460856146e-01
-8.419674002024186699e-01
-3.324060414151610576e-01
-7.747646152177800616e-02
-9.700495028311166834e-01
5.647911298757040122e-01
4.633851615276183278e-01
-4.582201565030941115e-01
4.215226031058585399e-01
9.734484027067908940e-01
1.382907854650561319e-02
-8.335602021477439560e-01
-1.678691908412552891e-01
-7.963518885193852093e-01
9.315670348493598762e-01
1.347206638455034078e-01
5.895209530014273724e-01
-8.642028241760788543e-01
5.062930974275803298e-01
2.232115939706513785e-03
-3.110745643720900233e-01
8.682720691410770186e-01
-3.456117940107055198e-01
5.718132283623063028e-01
4.545699175470936382e-01
-1.025570431742861555e-01
3.921579575975386867e-01
-6.501558531315454470e-01
