1.000000000000000000e+00
1.000000000000000000e+00
-1.000000000000000000e+00
-1.000000000000000000e+00
1.000000000000000000e+00
3.733438787307268303e-01
1.000000000000000000e+00
2.218432603975984962e-01
1.000000000000000000e+00
-8.709762658612257846e-01
1.000000000000000000e+00
1.000000000000000000e+00
1.000000000000000000e+00
-1.000000000000000000e+00
-3.524825599367460427e-01
8.143598625208289254e-01
-1.000000000000000000e+00
-1.000000000000000000e+00
-1.000000000000000000e+00
-1.000000000000000000e+00
1.000000000000000000e+00
-1.000000000000000000e+00
-7.565651495857550479e-01
1.000000000000000000e+00
-1.000000000000000000e+00
-9.549128114182040550e-01
9.778181325560836301e-01
-1.000000000000000000e+00
1.000000000000000000e+00
-5.598225179696414422e-01
-1.000000000000000000e+00
1.000000000000000000e+00
-1.000000000000000000e+00
1.000000000000000000e+00
-1.000000000000000000e+00
-1.000000000000000000e+00
-1.000000000000000000e+00
-1.000000000000000000e+00
-1.000000000000000000e+00
-1.000000000000000000e+00
3.486299539084573018e-01
1.000000000000000000e+00
-1.000000000000000000e+00
1.000000000000000000e+00
-1.000000000000000000e+00
-1.000000000000000000e+00
1.000000000000000000e+00
1.000000000000000000e+00
1.000000000000000000e+00
-1.000000000000000000e+00
-1.000000000000000000e+00
-1.000000000000000000e+00
-1.000000000000000000e+00
-1.000000000000000000e+00
1.000000000000000000e+00
-1.000000000000000000e+00
1.000000000000000000e+00
-9.946060380682432145e-01
-1.000000000000000000e+00
1.000000000000000000e+00
-1.000000000000000000e+00
1.000000000000000000e+00
9.114681323996293161e-01
-1.000000000000000000e+00
1.000000000000000000e+00
-1.000000000000000000e+00
6.415980185763050514e-01
3.261625378833918898e-01
1.000000000000000000e+00
-1.000000000000000000e+00
-7.316168424295635964e-01
-1.000000000000000000e+00
1.000000000000000000e+00
1.000000000000000000e+00
1.000000000000000000e+00
1.000000000000000000e+00
1.000000000000000000e+00
1.000000000000000000e+00
1.000000000000000000e+00
1.000000000000000000e+00
-8.416455737812531535e-01
-1.592317694584115539e-01
-1.000000000000000000e+00
-1.000000000000000000e+00
2.764633929949680269e-01
-2.344051501326051001e-01
1.000000000000000000e+00
1.000000000000000000e+00
7.413561074187732247e-01
-1.000000000000000000e+00
1.000000000000000000e+00
-2.536507817057966907e-01
-1.000000000000000000e+00
-1.000000000000000000e+00
1.000000000000000000e+00
1.000000000000000000e+00
7.541149974672405332e-01
3.356734614866553335e-01
1.046122659643912156e-01
1.000000000000000000e+00
-1.000000000000000000e+00
-6.046784836165026711e-01
-1.000000000000000000e+00
1.000000000000000000e+00
-1.000000000000000000e+00
-1.000000000000000000e+00
-1.000000000000000000e+00
-1.000000000000000000e+00
-1.000000000000000000e+00
1.000000000000000000e+00
1.000000000000000000e+00
1.000000000000000000e+00
1.000000000000000000e+00
1.000000000000000000e+00
-5.753101520937360380e-01
5.696534887133861691e-01
1.000000000000000000e+00
-5.723077230561905981e-01
-1.000000000000000000e+00
1.000000000000000000e+00
1.000000000000000000e+00
-1.000000000000000000e+00
1.000000000000000000e+00
1.000000000000000000e+00
-8.155284702852247936e-01
5.757673560708584937e-01
1.000000000000000000e+00
-1.000000000000000000e+00
2.785431385701176987e-01
-9.404879303317782713e-02
1.000000000000000000e+00
1.000000000000000000e+00
-1.000000000000000000e+00
-7.700974662458324183e-01
1.000000000000000000e+00
1.000000000000000000e+00
-1.000000000000000000e+00
-1.000000000000000000e+00
2.962971061244973336e-01
-1.000000000000000000e+00
-4.042215842099375900e-01
1.000000000000000000e+00
-1.000000000000000000e+00
-8.644904906065344896e-01
-1.223490516565813868e-01
1.000000000000000000e+00
2.054679398314667171e-01
1.000000000000000000e+00
1.000000000000000000e+00
-1.000000000000000000e+00
-1.000000000000000000e+00
1.000000000000000000e+00
1.000000000000000000e+00
-1.000000000000000000e+00
1.000000000000000000e+00
-2.957768123113149739e-01
4.941275620983587302e-01
4.259318731579245787e-01
-1.000000000000000000e+00
1.000000000000000000e+00
-1.000000000000000000e+00
4.696431598817927267e-01
1.000000000000000000e+00
1.000000000000000000e+00
-1.000000000000000000e+00
-1.000000000000000000e+00
1.000000000000000000e+00
1.000000000000000000e+00
1.000000000000000000e+00
1.000000000000000000e+00
-1.000000000000000000e+00
1.000000000000000000e+00
1.000000000000000000e+00
-1.000000000000000000e+00
1.000000000000000000e+00
-9.912943373740695785e-02
1.000000000000000000e+00
-1.000000000000000000e+00
-1.000000000000000000e+00
-1.000000000000000000e+00
1.000000000000000000e+00
-1.000000000000000000e+00
1.000000000000000000e+00
-1.000000000000000000e+00
-1.000000000000000000e+00
-6.269314458273187451e-01
1.000000000000000000e+00
-1.000000000000000000e+00
-1.000000000000000000e+00
1.000000000000000000e+00
-8.673668533606317954e-01
-7.132629956382876557e-01
2.068639051048812294e-02
-1.000000000000000000e+00
-9.484349093852317836e-05
-1.370503715439896908e-03
-8.752604982740003203e-01
-1.000000000000000000e+00
-1.000000000000000000e+00
-1.000000000000000000e+00
-1.000000000000000000e+00
1.000000000000000000e+00
-1.000000000000000000e+00
1.000000000000000000e+00
-1.000000000000000000e+00
1.000000000000000000e+00
-8.209031072527234185e-01
-1.000000000000000000e+00
-1.000000000000000000e+00
1.000000000000000000e+00
-1.000000000000000000e+00
-1.000000000000000000e+00
-1.000000000000000000e+00
1.400367136860667383e-01
-1.000000000000000000e+00
4.530830525873715264e-01
1.000000000000000000e+00
1.000000000000000000e+00
-1.000000000000000000e+00
-1.000000000000000000e+00
2.220006096009214946e-01
1.000000000000000000e+00
7.671830358024773755e-01
5.903776982488524450e-01
1.000000000000000000e+00
-8.402538676336765988e-01
-1.000000000000000000e+00
1.000000000000000000e+00
3.553436286303044422e-01
-1.000000000000000000e+00
-1.000000000000000000e+00
1.000000000000000000e+00
2.026898429298669146e-01
-1.459703627219750555e-01
-1.000000000000000000e+00
1.000000000000000000e+00
3.272557940968606749e-01
1.000000000000000000e+00
-5.520014167511619885e-01
-1.000000000000000000e+00
-1.882375339172678297e-01
-1.000000000000000000e+00
-1.000000000000000000e+00
7.940096258840794174e-01
-1.000000000000000000e+00
2.857063534182131548e-01
-6.510885415561260547e-01
-1.210349640560722806e-01
-5.414860223138165396e-02
1.000000000000000000e+00
-1.000000000000000000e+00
1.000000000000000000e+00
1.000000000000000000e+00
4.405266200130935061e-01
1.000000000000000000e+00
-1.000000000000000000e+00
-1.000000000000000000e+00
1.000000000000000000e+00
-1.000000000000000000e+00
-1.000000000000000000e+00
-1.000000000000000000e+00
-5.921444201294024934e-01
-1.000000000000000000e+00
1.000000000000000000e+00
-6.190450532972051612e-01
