1.000000000000000000e+00
-1.000000000000000000e+00
1.000000000000000000e+00
8.024426117182924534e-01
-6.428566000656925628e-01
1.000000000000000000e+00
-9.419418726500630168e-01
1.000000000000000000e+00
5.431766516883962392e-01
2.768341248328511917e-01
-1.979288254848365902e-02
-1.763304344446716687e-01
-3.138741818557340135e-01
-1.000000000000000000e+00
-1.850633763710747282e-01
1.000000000000000000e+00
1.000000000000000000e+00
7.097175136970577114e-01
-3.064133103714317130e-01
2.407338214362504392e-01
-5.740298053871828454e-01
6.668829140946705980e-01
2.129244894505393226e-01
7.819491285631912092e-01
3.534778954806065965e-01
6.659212102920664123e-01
-4.669879801329068769e-02
-1.000000000000000000e+00
1.000000000000000000e+00
-7.648095058943720215e-01
-2.504318800604248274e-01
-3.281882880305497796e-01
7.639875964375925088e-01
-3.364878431661726399e-01
3.322209286118112948e-01
1.000000000000000000e+00
-1.000000000000000000e+00
1.000000000000000000e+00
1.621212269469607392e-01
-2.022391633733664484e-01
-8.113729927615831450e-01
3.267597096757635100e-02
5.195080874159385687e-01
-1.158623832354632732e-02
-1.000000000000000000e+00
7.286531990594822261e-01
-8.356173154630175404e-01
-4.240581026116972962e-01
8.167522234624078337e-01
-5.526450626498553564e-01
8.877670265939483496e-01
-1.756473146716749367e-01
2.812424424731596595e-01
-1.000000000000000000e+00
8.514321961885416012e-01
-1.231068670347785776e-01
-7.499019938495157245e-01
8.821362676165628303e-01
-1.000000000000000000e+00
2.539075057229830401e-01
-4.434362214822007431e-02
-1.000000000000000000e+00
2.022235842448882881e-01
-1.000000000000000000e+00
4.152944031169003569e-01
1.914327246190933307e-01
-4.031839300897954725e-02
-4.188908074481265675e-01
-1.000000000000000000e+00
-1.116320179336514062e-01
-8.236645257734562797e-01
1.000000000000000000e+00
-1.000000000000000000e+00
1.000000000000000000e+00
1.000000000000000000e+00
-1.000000000000000000e+00
-6.924317813330935212e-02
1.000000000000000000e+00
1.427068620486593442e-01
9.712154034937543479e-01
3.815518065431591221e-01
-1.000000000000000000e+00
1.000000000000000000e+00
8.142431732441459680e-01
-8.518713763094084568e-01
-1.745862075975617989e-01
-9.748463601196688533e-01
-1.000000000000000000e+00
1.000000000000000000e+00
-2.942944354001084672e-01
-6.412936802197009012e-01
1.000000000000000000e+00
-1.000000000000000000e+00
1.000000000000000000e+00
-1.000000000000000000e+00
8.032091633167861566e-01
1.000000000000000000e+00
-9.738647227241934434e-01
1.000000000000000000e+00
-1.000000000000000000e+00
-1.000000000000000000e+00
1.000000000000000000e+00
-6.086586548842329858e-01
-4.690074626618302434e-01
1.000000000000000000e+00
-6.951156779500131666e-01
5.907354337501162789e-01
-9.565822075785330725e-01
-1.799637693763409541e-01
5.978947274461894335e-01
-7.146966298994485989e-01
1.564901305911472473e-01
1.000000000000000000e+00
1.000000000000000000e+00
-8.072535990397917693e-01
1.000000000000000000e+00
1.000000000000000000e+00
-2.270209799164288889e-01
1.681853152309811250e-01
7.618426294301732238e-01
-9.430668915456075219e-01
5.151047473897021334e-01
-4.967429849943980624e-01
-2.160385792103425295e-01
-8.333884777502632568e-01
-1.813111922204109216e-01
-1.000000000000000000e+00
5.813341123961168755e-01
-2.249996475982340982e-03
1.000000000000000000e+00
8.553408031968847691e-01
-6.409641045250897839e-01
1.592170641551373667e-01
1.000000000000000000e+00
2.407046928745280034e-01
8.857228587099896799e-02
-7.962071497108342832e-01
5.996377722973385005e-01
-3.481143527820822481e-01
7.011973122995459606e-01
-4.177574760318218949e-01
1.444055947366591486e-01
4.689735116499371692e-01
-1.000000000000000000e+00
1.000000000000000000e+00
-1.000000000000000000e+00
2.776045195055547588e-01
-1.000000000000000000e+00
-8.176244626479345357e-01
-7.601401922410855327e-01
8.003471038069844834e-01
1.057370039740772594e-01
1.000000000000000000e+00
-6.099131438939091598e-01
3.926277880869299963e-03
-7.627804431050706491e-01
7.594245275799469397e-01
-1.000000000000000000e+00
7.367267923491458426e-01
-1.000000000000000000e+00
9.691653702701055195e-01
-5.687657952268749817e-01
-1.096698927103081367e-01
-9.180325998056808601e-01
1.000000000000000000e+00
1.737251019375949668e-01
9.161508359828341996e-01
1.000000000000000000e+00
1.000000000000000000e+00
-7.972603193024978552e-01
-1.178094941095013670e-01
1.000000000000000000e+00
9.199715177654430587e-01
1.000000000000000000e+00
-1.000000000000000000e+00
9.089885467634348792e-01
6.520228801237548666e-01
-1.000000000000000000e+00
2.474524530375870057e-01
-1.000000000000000000e+00
-4.270860598979921985e-01
7.652759182223911605e-02
3.214480165724618033e-01
1.000000000000000000e+00
-5.981603085564117794e-01
-3.239288132993576319e-01
-1.374619402925368883e-01
-1.000000000000000000e+00
-5.480685211683991032e-01
-7.060980453320975236e-02
3.849478847450276131e-01
-3.037238078562773946e-01
2.203070236759319123e-02
-9.655876300605183982e-01
3.496383572272911966e-01
1.000000000000000000e+00
-3.508212196273415850e-01
1.000000000000000000e+00
6.062867004075948030e-01
2.757181752370745365e-01
-3.463378862569646000e-01
9.297381062732602564e-01
-4.786891190409168217e-01
-1.943671602177499125e-01
-5.339010599396369905e-01
5.458009498054552378e-01
6.589821505484594333e-01
-2.821199038520572078e-01
1.822185272374163834e-01
-4.011072553094015558e-01
-1.000000000000000000e+00
-9.761509624540312124e-01
-3.217659920366364723e-01
-1.000000000000000000e+00
-2.769512451993927371e-01
-2.750297022396506197e-01
1.870130951546165043e-01
9.026125716886856942e-01
8.772186506578272258e-02
2.221579253117662578e-01
1.454284457613412851e-01
9.876256803461291867e-01
9.704690724747697672e-01
-3.115029506643209878e-01
-6.550248645444693985e-01
-4.355429907380197196e-01
-1.000000000000000000e+00
8.983650059622043660e-01
1.467505052392674703e-01
1.000000000000000000e+00
-1.000000000000000000e+00
-4.869277612776831132e-01
9.025676484305554803e-01
5.438434550360161657e-01
-1.000000000000000000e+00
7.022426211174368493e-01
-2.937220586792246291e-01
-7.800241622052321855e-01
-9.962618433771321946e-01
-6.431782339553708816e-01
-2.501036791316942898e-01
1.151286664023278283e-01
-5.387470265018785565e-01
1.000000000000000000e+00
5.711908695940346448e-01
-3.493218054435248132e-01
1.000000000000000000e+00
-1.000000000000000000e+00
-7.790656601553471727e-01
-8.351941192604639408e-02
-9.116188973314049981e-01
-7.564016109498166163e-01
1.000000000000000000e+00
6.623516791847463558e-01
9.026669221307894730e-01
-4.467944280556841452e-01
5.224509397013938905e-01
-4.438904146223486835e-01
1.000000000000000000e+00
8.399961344495054938e-02
1.000000000000000000e+00
-8.202194005854002157e-02
-3.584292817945951004e-01
1.222754468125157867e-01
1.000000000000000000e+00
