-6.169953115736573901e-01
1.000000000000000000e+00
-1.944367559458394235e-01
-8.689902805022228227e-01
1.000000000000000000e+00
1.000000000000000000e+00
1.000000000000000000e+00
-1.000000000000000000e+00
1.000000000000000000e+00
-1.000000000000000000e+00
1.000000000000000000e+00
-1.000000000000000000e+00
-9.688511024589552267e-01
1.000000000000000000e+00
-1.000000000000000000e+00
-1.000000000000000000e+00
-2.724552831328512781e-01
-1.000000000000000000e+00
-2.034566337247689649e-01
1.000000000000000000e+00
6.041212183120276968e-01
1.000000000000000000e+00
-2.944818172045123306e-01
-1.000000000000000000e+00
-1.000000000000000000e+00
-1.219369283202897947e-01
3.907831836253393698e-01
-1.000000000000000000e+00
-4.519034795752801537e-01
1.000000000000000000e+00
-2.496791813830482321e-01
-1.000000000000000000e+00
6.058909955782372514e-02
-1.000000000000000000e+00
-1.000000000000000000e+00
-1.000000000000000000e+00
3.446240403484640002e-01
3.705086705564512028e-01
-1.000000000000000000e+00
-1.000000000000000000e+00
-1.000000000000000000e+00
1.000000000000000000e+00
-9.498323240809751766e-01
-4.845130834822172217e-01
-1.000000000000000000e+00
1.000000000000000000e+00
9.503090546873605993e-01
6.723832877535091956e-01
8.762296002573322085e-02
1.000000000000000000e+00
2.300245302215007115e-01
-1.000000000000000000e+00
-1.000000000000000000e+00
-4.655198611365178873e-01
1.000000000000000000e+00
1.000000000000000000e+00
-1.000000000000000000e+00
-4.521366755369391477e-01
-1.000000000000000000e+00
1.000000000000000000e+00
6.913989734230907569e-02
-6.229348584540920220e-01
-8.553111380399277541e-01
1.000000000000000000e+00
1.000000000000000000e+00
-9.953414208353221770e-01
-2.145815167802217482e-02
3.444751066345671520e-01
-1.000000000000000000e+00
1.000000000000000000e+00
-2.915233839698030405e-01
-3.426272513341929171e-01
1.000000000000000000e+00
1.000000000000000000e+00
-1.000000000000000000e+00
1.000000000000000000e+00
1.000000000000000000e+00
7.054267929891125943e-01
1.000000000000000000e+00
1.000000000000000000e+00
-4.388082486145752359e-01
1.000000000000000000e+00
-8.153311587891262091e-01
3.660169285436019049e-01
-2.107562040270812842e-01
-1.000000000000000000e+00
-1.000000000000000000e+00
-1.000000000000000000e+00
1.000000000000000000e+00
-5.498978353768427807e-01
-1.000000000000000000e+00
-1.000000000000000000e+00
6.342025168286402614e-01
1.000000000000000000e+00
-1.000000000000000000e+00
4.389442482497362130e-01
1.000000000000000000e+00
-1.000000000000000000e+00
-1.000000000000000000e+00
-1.000000000000000000e+00
-1.000000000000000000e+00
1.000000000000000000e+00
1.000000000000000000e+00
1.000000000000000000e+00
-2.647442524829230481e-01
5.614382420544254959e-01
9.417532593367581306e-01
1.000000000000000000e+00
9.648129180205357036e-01
-1.000000000000000000e+00
8.906436548475473725e-01
2.726652043811003123e-01
1.000000000000000000e+00
1.000000000000000000e+00
7.430044550466914643e-02
-1.000000000000000000e+00
1.000000000000000000e+00
2.515498585832335321e-01
1.000000000000000000e+00
-1.000000000000000000e+00
-2.485941451764428489e-02
1.000000000000000000e+00
-1.000000000000000000e+00
1.000000000000000000e+00
-9.254954366716918734e-01
-3.337800101013339571e-01
2.486438878107253281e-01
4.550579573559199176e-03
-1.000000000000000000e+00
1.000000000000000000e+00
1.000000000000000000e+00
1.000000000000000000e+00
-1.874749141732825475e-01
-1.000000000000000000e+00
-1.000000000000000000e+00
-1.000000000000000000e+00
-4.781546713424600359e-01
-1.000000000000000000e+00
7.536008630531643160e-01
5.440293646911117387e-01
-1.000000000000000000e+00
-9.390842964553165473e-01
1.000000000000000000e+00
1.000000000000000000e+00
1.000000000000000000e+00
-1.000000000000000000e+00
-1.000000000000000000e+00
-1.000000000000000000e+00
-2.543954579832325980e-01
1.000000000000000000e+00
-1.000000000000000000e+00
-1.000000000000000000e+00
-1.000000000000000000e+00
-1.000000000000000000e+00
-1.000000000000000000e+00
-1.000000000000000000e+00
-4.124717603305458891e-01
1.000000000000000000e+00
-9.099393806478668356e-01
1.000000000000000000e+00
1.000000000000000000e+00
-1.000000000000000000e+00
-1.000000000000000000e+00
1.000000000000000000e+00
1.000000000000000000e+00
5.850045410608815111e-01
-1.000000000000000000e+00
1.000000000000000000e+00
1.000000000000000000e+00
-7.847542574070902610e-01
-1.000000000000000000e+00
5.820227241083775205e-01
1.000000000000000000e+00
-3.862775601028621830e-01
8.153910145663726405e-01
1.000000000000000000e+00
1.000000000000000000e+00
-2.202920285659122346e-01
-1.000000000000000000e+00
3.838112902857385711e-01
-1.000000000000000000e+00
-1.000000000000000000e+00
-3.504262760939551025e-01
1.000000000000000000e+00
-1.367315009804390136e-01
-1.000000000000000000e+00
-2.778967309250516826e-01
-8.979003872010743459e-02
-1.000000000000000000e+00
-9.071646146124892063e-01
1.000000000000000000e+00
-1.000000000000000000e+00
-8.889198594929935693e-01
-1.000000000000000000e+00
1.128347681345701625e-01
3.355477193244715828e-01
-1.000000000000000000e+00
1.000000000000000000e+00
-1.000000000000000000e+00
-1.000000000000000000e+00
1.000000000000000000e+00
-1.000000000000000000e+00
1.000000000000000000e+00
1.000000000000000000e+00
5.610572255172185940e-01
3.857930430147511469e-01
-1.000000000000000000e+00
1.000000000000000000e+00
-1.000000000000000000e+00
3.407329145570309192e-01
-7.254778392968852518e-01
-1.000000000000000000e+00
6.458034783991906114e-02
1.000000000000000000e+00
-6.685873318164331502e-01
-4.308894069419660910e-01
-4.688456754833720819e-01
1.000000000000000000e+00
-2.974370655621951798e-01
-8.652629428997872241e-01
-1.000000000000000000e+00
1.000000000000000000e+00
-1.000000000000000000e+00
1.380082235197077623e-01
1.031703819143743317e-01
-1.000000000000000000e+00
1.000000000000000000e+00
7.030476935282092832e-02
-8.088655638064032871e-01
9.475650505652881694e-01
2.862360103184287130e-01
1.000000000000000000e+00
1.000000000000000000e+00
1.000000000000000000e+00
-1.000000000000000000e+00
-1.000000000000000000e+00
-1.000000000000000000e+00
1.000000000000000000e+00
-1.000000000000000000e+00
-1.000000000000000000e+00
1.000000000000000000e+00
-1.000000000000000000e+00
4.666142882322681928e-01
-1.000000000000000000e+00
6.522445835165935346e-02
-1.000000000000000000e+00
-1.000000000000000000e+00
1.000000000000000000e+00
1.000000000000000000e+00
-1.000000000000000000e+00
-1.000000000000000000e+00
1.000000000000000000e+00
1.000000000000000000e+00
-1.000000000000000000e+00
5.380858123353614575e-01
-1.000000000000000000e+00
1.000000000000000000e+00
-1.617937392531169638e-01
1.000000000000000000e+00
-1.000000000000000000e+00
-1.000000000000000000e+00
-7.032163990997244429e-01
-1.000000000000000000e+00
1.000000000000000000e+00
-1.000000000000000000e+00
