-6.591046173683665632e-01
1.000000000000000000e+00
4.879467626501994282e-01
-1.000000000000000000e+00
-1.000000000000000000e+00
-2.039365649657821633e-01
2.165597883081700759e-01
1.000000000000000000e+00
1.000000000000000000e+00
1.000000000000000000e+00
-8.118051844071171308e-01
1.000000000000000000e+00
-1.000000000000000000e+00
-9.796235623993159169e-01
1.000000000000000000e+00
3.701140724775505708e-01
1.571045124417832506e-01
-5.667082210673906051e-01
-1.000000000000000000e+00
-1.000000000000000000e+00
-1.000000000000000000e+00
1.000000000000000000e+00
-1.000000000000000000e+00
6.480343644949868587e-01
1.000000000000000000e+00
-1.000000000000000000e+00
1.000000000000000000e+00
3.219663513321469051e-01
-1.000000000000000000e+00
-1.000000000000000000e+00
4.417863228753553528e-01
1.000000000000000000e+00
-4.646361889330585804e-01
1.000000000000000000e+00
1.000000000000000000e+00
1.000000000000000000e+00
1.000000000000000000e+00
1.000000000000000000e+00
-7.682278706453248285e-01
1.000000000000000000e+00
-4.156510163138975589e-01
1.000000000000000000e+00
-1.000000000000000000e+00
-1.000000000000000000e+00
1.000000000000000000e+00
-1.000000000000000000e+00
1.844455089689395200e-02
1.000000000000000000e+00
1.000000000000000000e+00
1.000000000000000000e+00
1.000000000000000000e+00
1.000000000000000000e+00
1.000000000000000000e+00
-1.000000000000000000e+00
-3.528870803647606302e-01
-1.000000000000000000e+00
-1.000000000000000000e+00
-1.000000000000000000e+00
1.000000000000000000e+00
1.000000000000000000e+00
1.000000000000000000e+00
-1.003918117230124807e-01
1.000000000000000000e+00
-1.000000000000000000e+00
-2.714249622688837960e-01
1.000000000000000000e+00
-1.000000000000000000e+00
-2.297517660756573932e-01
-1.000000000000000000e+00
-6.906374205834624469e-01
-8.646176503363304233e-01
-1.000000000000000000e+00
-1.000000000000000000e+00
1.000000000000000000e+00
1.000000000000000000e+00
1.000000000000000000e+00
-5.803089302313304554e-01
1.000000000000000000e+00
-1.000000000000000000e+00
-4.228068818486170333e-01
-1.000000000000000000e+00
-1.000000000000000000e+00
-1.000000000000000000e+00
1.000000000000000000e+00
-1.000000000000000000e+00
9.198419662746774028e-01
1.000000000000000000e+00
-6.768677878353215327e-01
-1.000000000000000000e+00
1.000000000000000000e+00
-1.000000000000000000e+00
1.000000000000000000e+00
-5.261209141288563096e-01
-6.005412519821879958e-01
-1.000000000000000000e+00
1.000000000000000000e+00
1.000000000000000000e+00
-1.000000000000000000e+00
-1.000000000000000000e+00
-1.000000000000000000e+00
-1.000000000000000000e+00
4.381889243334545769e-01
-1.000000000000000000e+00
-8.966731241517570394e-01
4.383176587813270020e-01
1.000000000000000000e+00
1.000000000000000000e+00
1.000000000000000000e+00
1.000000000000000000e+00
1.000000000000000000e+00
-2.394597762651343720e-01
1.000000000000000000e+00
-1.000000000000000000e+00
-1.000000000000000000e+00
-9.674381630488970707e-01
-1.000000000000000000e+00
1.000000000000000000e+00
8.992833861917611804e-01
-1.000000000000000000e+00
1.000000000000000000e+00
-1.000000000000000000e+00
-1.000000000000000000e+00
-1.000000000000000000e+00
1.000000000000000000e+00
-1.000000000000000000e+00
-1.000000000000000000e+00
-1.000000000000000000e+00
-1.000000000000000000e+00
-1.000000000000000000e+00
1.000000000000000000e+00
1.000000000000000000e+00
1.000000000000000000e+00
1.000000000000000000e+00
1.000000000000000000e+00
-5.661024182693090712e-01
-3.102869771568572688e-01
1.084194053200182584e-02
1.000000000000000000e+00
9.036485443203637891e-01
1.000000000000000000e+00
1.000000000000000000e+00
-1.000000000000000000e+00
-1.000000000000000000e+00
1.000000000000000000e+00
7.910589719461935676e-01
5.497189201967449534e-01
1.000000000000000000e+00
-1.000000000000000000e+00
-5.489446232383330404e-01
1.000000000000000000e+00
-4.790969711746790871e-01
-1.000000000000000000e+00
1.000000000000000000e+00
1.000000000000000000e+00
7.666277884369110396e-01
-1.000000000000000000e+00
-1.000000000000000000e+00
-8.061478085326156950e-01
-1.339296164070786360e-02
-1.000000000000000000e+00
-9.079745004527705055e-01
-1.000000000000000000e+00
1.000000000000000000e+00
-1.000000000000000000e+00
-2.535768068861961599e-01
-1.000000000000000000e+00
-1.000000000000000000e+00
-1.000000000000000000e+00
-1.000000000000000000e+00
-1.000000000000000000e+00
-5.958691422552488959e-01
-1.000000000000000000e+00
1.000000000000000000e+00
1.000000000000000000e+00
1.000000000000000000e+00
1.000000000000000000e+00
-1.000000000000000000e+00
-1.000000000000000000e+00
-1.000000000000000000e+00
1.000000000000000000e+00
1.000000000000000000e+00
-1.000000000000000000e+00
6.738122251581490918e-01
1.000000000000000000e+00
-3.134338931577258514e-01
1.000000000000000000e+00
1.000000000000000000e+00
-1.000000000000000000e+00
-1.000000000000000000e+00
2.687112632780539467e-01
-1.000000000000000000e+00
1.000000000000000000e+00
1.000000000000000000e+00
1.000000000000000000e+00
-1.000000000000000000e+00
6.002490204335162449e-01
5.006199619191911143e-01
1.000000000000000000e+00
-1.000000000000000000e+00
1.000000000000000000e+00
1.000000000000000000e+00
-1.000000000000000000e+00
1.000000000000000000e+00
-1.000000000000000000e+00
-1.000000000000000000e+00
-1.000000000000000000e+00
-1.000000000000000000e+00
1.000000000000000000e+00
-5.533460624859914967e-01
-1.000000000000000000e+00
-2.593818796812835670e-01
-1.000000000000000000e+00
-1.000000000000000000e+00
1.000000000000000000e+00
-1.000000000000000000e+00
1.000000000000000000e+00
2.725865080784334316e-01
1.000000000000000000e+00
-1.000000000000000000e+00
1.000000000000000000e+00
-6.879411513254363175e-01
4.780723720901730589e-01
1.000000000000000000e+00
1.000000000000000000e+00
-3.133693317368539955e-01
1.000000000000000000e+00
1.000000000000000000e+00
-1.000000000000000000e+00
-6.885926737215777305e-01
-2.296483287516000171e-01
1.000000000000000000e+00
-1.000000000000000000e+00
-3.762401940380873944e-01
6.928490573577725797e-01
-1.000000000000000000e+00
-6.399142799527353098e-01
1.000000000000000000e+00
1.000000000000000000e+00
1.000000000000000000e+00
-1.000000000000000000e+00
-1.000000000000000000e+00
-1.000000000000000000e+00
1.000000000000000000e+00
1.000000000000000000e+00
-3.791285536390329169e-01
1.000000000000000000e+00
-1.000000000000000000e+00
-3.831884361806834338e-01
1.000000000000000000e+00
1.000000000000000000e+00
-1.000000000000000000e+00
-1.000000000000000000e+00
1.000000000000000000e+00
-1.000000000000000000e+00
-1.000000000000000000e+00
1.000000000000000000e+00
1.000000000000000000e+00
1.000000000000000000e+00
1.000000000000000000e+00
-1.000000000000000000e+00
-1.000000000000000000e+00
1.000000000000000000e+00
1.000000000000000000e+00
1.000000000000000000e+00
-3.417935195849003405e-02
