1.314855451990293300e-01
1.504821525763242462e-01
-1.000000000000000000e+00
1.499168870239952489e-01
7.732676926784418647e-01
-6.309503539388610083e-01
-1.000000000000000000e+00
-7.089639420341795617e-01
1.000000000000000000e+00
-7.251471768329518230e-01
-8.833614705339238871e-01
1.000000000000000000e+00
-1.954865253863635188e-01
-1.000000000000000000e+00
9.124319487474663593e-02
6.242072890739225333e-02
-8.140612354771821213e-01
3.372262513131989436e-01
-1.807662845608004609e-01
-1.000000000000000000e+00
-1.000000000000000000e+00
2.826230930320656753e-01
2.784019744595725987e-01
-2.407896100459042399e-01
-7.699160419199015948e-01
1.000000000000000000e+00
-3.434685078576082962e-03
1.000000000000000000e+00
-2.129874443721114785e-01
1.000000000000000000e+00
-1.000000000000000000e+00
1.000000000000000000e+00
-5.446674283733330402e-01
-1.000000000000000000e+00
-6.540086992841331881e-01
1.000000000000000000e+00
-1.000000000000000000e+00
-1.000000000000000000e+00
1.000000000000000000e+00
4.515669410338899459e-01
1.749003127186418705e-01
1.000000000000000000e+00
-4.070165071210716246e-01
-2.876983217319446506e-01
1.000000000000000000e+00
-4.402154646338924393e-01
-1.000000000000000000e+00
6.478166049086313272e-02
1.000000000000000000e+00
1.000000000000000000e+00
-7.235331392272934536e-01
1.000000000000000000e+00
1.000000000000000000e+00
-1.000000000000000000e+00
4.727254508837344105e-01
1.000000000000000000e+00
-1.000000000000000000e+00
-1.000000000000000000e+00
1.000000000000000000e+00
4.577485673963284096e-01
6.171813852598080352e-01
-1.000000000000000000e+00
-1.000000000000000000e+00
6.801734030808282983e-01
-1.000000000000000000e+00
-1.000000000000000000e+00
-1.000000000000000000e+00
1.000000000000000000e+00
-1.000000000000000000e+00
-2.246225048004810709e-01
-4.529491625362727092e-01
9.479830625402544397e-01
1.000000000000000000e+00
-4.956120703543933637e-01
7.122100603214109871e-01
-7.982035248641403680e-01
3.166575158439843829e-02
-2.380104448376486603e-01
-1.000000000000000000e+00
8.107591324941254562e-02
5.542705604465459901e-01
6.488317162845098629e-01
1.000000000000000000e+00
1.000000000000000000e+00
-1.000000000000000000e+00
5.812191599797028596e-01
4.970459754573536282e-01
-7.212172200413757839e-01
1.692919692412442056e-01
1.000000000000000000e+00
-1.000000000000000000e+00
-5.716471251848165291e-01
1.000000000000000000e+00
3.971375694053704275e-01
-3.076913711878763724e-01
2.857875821114258530e-02
-2.642499325540157984e-01
8.819556139573847542e-02
1.993576634756686061e-01
1.000000000000000000e+00
-8.913681100953887437e-01
-8.893803358281870963e-02
-1.556747743227959724e-02
-5.750675160313019063e-01
-8.504933716779683461e-02
3.977523380434295763e-01
1.000000000000000000e+00
-3.791238806408456785e-01
-5.814983261216924992e-01
6.911380661267101377e-01
-1.000000000000000000e+00
5.098621072358756612e-01
-7.835654925551237548e-01
9.506442914263213417e-01
1.000000000000000000e+00
1.000000000000000000e+00
1.000000000000000000e+00
1.000000000000000000e+00
-7.567059806283298329e-01
2.029151972061136178e-01
3.777435872535251371e-01
-5.110545282311829141e-01
-1.000000000000000000e+00
-2.539263533224898062e-01
2.424003824770704085e-02
1.000000000000000000e+00
-3.758322713674053794e-01
1.000000000000000000e+00
5.491547276611019601e-01
8.631477265205867999e-01
3.378800145835616497e-01
-8.730539995624986283e-01
9.958466041440198202e-01
-1.000000000000000000e+00
3.297846463162107944e-01
-1.000000000000000000e+00
-2.029756503957655944e-01
-6.116383957047133446e-01
4.173955848601016982e-01
-3.827511557833346290e-01
-1.000000000000000000e+00
-8.439929161941656099e-01
2.059360872975511958e-01
1.000000000000000000e+00
-4.506574268596685862e-03
1.209971182310838472e-01
1.000000000000000000e+00
-1.000000000000000000e+00
5.939688734706516371e-01
-6.109728469575981258e-02
3.417148171770267862e-02
1.000000000000000000e+00
-1.000000000000000000e+00
-1.000000000000000000e+00
1.000000000000000000e+00
-1.000000000000000000e+00
-7.262293715653975745e-01
-1.700421685158060026e-02
1.000000000000000000e+00
1.000000000000000000e+00
3.607302622459352959e-01
-9.659946762934074060e-01
1.000000000000000000e+00
1.000000000000000000e+00
3.137652179416808851e-01
-1.433479344145611734e-01
1.000000000000000000e+00
-2.486453118662679262e-01
-6.916795350939508591e-01
5.869124627684559892e-01
1.938086462837951274e-01
-3.723633216118365508e-01
-1.710906993047407454e-01
1.000000000000000000e+00
2.128525385513451162e-01
2.055961425655604136e-01
-1.000000000000000000e+00
3.997048380833596593e-01
2.896678404229955373e-01
-7.020803441306513459e-01
1.000000000000000000e+00
-9.087686709599317458e-01
1.000000000000000000e+00
7.393796711698108481e-01
7.623905249175992882e-01
-9.235026946501814216e-01
-1.832004909936754133e-01
2.187042309526477935e-01
-9.077457967484119372e-01
6.039686661144901825e-01
1.000000000000000000e+00
5.516334752197341595e-01
-1.000000000000000000e+00
7.514079676914162675e-01
-5.481180957196920556e-01
1.000000000000000000e+00
-8.018067436941082038e-01
3.504989033463746795e-01
1.000000000000000000e+00
6.170395888665630713e-02
-4.751145750624651276e-01
-4.834266127215020026e-01
-1.000000000000000000e+00
-1.000000000000000000e+00
1.000000000000000000e+00
1.000000000000000000e+00
-1.000000000000000000e+00
1.000000000000000000e+00
-1.000000000000000000e+00
5.926721542443160740e-01
-5.442384809276867852e-01
-1.000000000000000000e+00
9.988746952347009600e-01
1.000000000000000000e+00
5.908756100230585506e-01
-9.660126072132634301e-01
5.789839269029062319e-01
5.078023865745366905e-01
-7.498513857414166317e-01
-1.000000000000000000e+00
9.188606524976004053e-01
8.355650486149797107e-01
1.000000000000000000e+00
-1.330287044225456072e-01
1.174618110557297257e-01
-1.000000000000000000e+00
7.713183858313532593e-02
1.000000000000000000e+00
8.642470677653933953e-01
4.529423264202665500e-01
-1.000000000000000000e+00
-2.128740434582375718e-01
-1.000000000000000000e+00
-9.105215795071014417e-02
-1.000000000000000000e+00
1.000000000000000000e+00
-4.339499171854162007e-01
-3.236833148666683480e-01
7.980484064877373385e-01
-1.000000000000000000e+00
-4.292161440296339836e-01
1.113927051876927310e-01
7.441608433351020180e-01
1.000000000000000000e+00
1.000000000000000000e+00
8.513463634248754630e-01
-1.000000000000000000e+00
4.402670767464095802e-01
-1.000000000000000000e+00
1.000000000000000000e+00
-1.000000000000000000e+00
-7.994176104411752082e-01
6.789619013283010318e-02
-1.000000000000000000e+00
1.000000000000000000e+00
1.000000000000000000e+00
5.258986579442892495e-02
-5.386384193786514230e-01
8.748095852641186720e-01
9.978524903328823692e-01
-1.000000000000000000e+00
9.353131273085808495e-01
-1.000000000000000000e+00
7.710744641855780124e-01
9.972449441254935820e-01
