5.918974251966099276e-01
1.000000000000000000e+00
7.896197192799609965e-01
7.434891756592552081e-01
1.000000000000000000e+00
-8.806631756548172207e-02
-1.000000000000000000e+00
5.926964421090823443e-01
2.619160739621761991e-01
1.000000000000000000e+00
-1.000000000000000000e+00
-1.000000000000000000e+00
-1.000000000000000000e+00
1.000000000000000000e+00
-1.000000000000000000e+00
1.000000000000000000e+00
-3.774527218124260619e-01
1.000000000000000000e+00
-1.717374523038367740e-01
9.973128221740606980e-01
-6.282813150497981169e-01
1.000000000000000000e+00
-1.000000000000000000e+00
4.644248596939145601e-01
-1.000000000000000000e+00
1.000000000000000000e+00
-1.095658449985133509e-01
1.000000000000000000e+00
-7.623788299177268746e-01
-9.341376954219837714e-01
-1.000000000000000000e+00
4.866705139318971973e-03
3.382774107969370170e-01
9.935872235231937299e-01
-1.000000000000000000e+00
-1.000000000000000000e+00
-1.159409503250108386e-02
1.000000000000000000e+00
-7.982797381795843084e-01
-1.000000000000000000e+00
1.236615583549705022e-01
-7.705878477157269701e-01
-1.000000000000000000e+00
8.947506440006013362e-01
1.000000000000000000e+00
9.180757559384776778e-01
-6.139097140114861961e-01
-1.076658652515616321e-02
8.460110026585185850e-01
1.000000000000000000e+00
-1.000000000000000000e+00
-1.000000000000000000e+00
1.813510649386020912e-01
-1.000000000000000000e+00
1.000000000000000000e+00
5.907098705727558130e-01
-1.000000000000000000e+00
1.083258051424651480e-01
1.000000000000000000e+00
4.857616790533798579e-01
1.000000000000000000e+00
-1.000000000000000000e+00
-9.637517762900047469e-01
1.000000000000000000e+00
1.000000000000000000e+00
1.000000000000000000e+00
1.000000000000000000e+00
1.000000000000000000e+00
8.773269689213979428e-01
-1.000000000000000000e+00
-2.670821355895964810e-01
-5.666941438160508770e-01
-1.000000000000000000e+00
8.036242298416146346e-01
-8.162417189253166061e-01
6.085327728175264905e-01
1.000000000000000000e+00
2.769079255222237634e-01
5.573910754810700308e-01
1.000000000000000000e+00
-9.849955986252131312e-01
1.000000000000000000e+00
8.841054664661524010e-01
-1.396941559494990770e-05
-1.000000000000000000e+00
-1.000000000000000000e+00
7.198660265217469156e-01
-1.000000000000000000e+00
-1.000000000000000000e+00
4.919296137646395062e-01
1.762357753206192368e-01
4.795039931386042564e-01
-1.000000000000000000e+00
1.000000000000000000e+00
-4.540866130408868218e-01
-1.000000000000000000e+00
6.847923923863263873e-01
-1.000000000000000000e+00
-5.577750552219220559e-01
-1.000000000000000000e+00
1.000000000000000000e+00
1.000000000000000000e+00
1.000000000000000000e+00
1.000000000000000000e+00
-1.000000000000000000e+00
1.000000000000000000e+00
7.800373880159693074e-02
5.935474344194746621e-01
1.000000000000000000e+00
-7.070697535759025154e-01
1.000000000000000000e+00
-1.000000000000000000e+00
3.786701662035705240e-01
-1.000000000000000000e+00
6.074129586970054007e-01
1.000000000000000000e+00
-1.000000000000000000e+00
-1.000000000000000000e+00
1.000000000000000000e+00
-3.720220910053870234e-01
6.143524827966335700e-01
4.344835957263043502e-01
3.686350710578921441e-02
-3.981851343794831077e-01
-1.000000000000000000e+00
1.314267051353344984e-01
-7.447251152738086910e-01
1.000000000000000000e+00
-4.207240281207521582e-01
9.197180507765351232e-01
1.000000000000000000e+00
1.000000000000000000e+00
-1.000000000000000000e+00
-9.069069235596605161e-02
-3.086056066942202136e-01
-4.692417080826092324e-01
-5.583702866908062390e-01
4.545608137504424939e-01
-7.279446207171070826e-01
1.000000000000000000e+00
-1.000000000000000000e+00
-4.977936749883227208e-03
-8.091800067196260882e-01
1.984228941082544218e-01
8.101988257258339043e-01
8.310770094041155520e-01
-1.000000000000000000e+00
-1.000000000000000000e+00
2.631301751802621325e-02
8.752788876214292468e-01
-1.000000000000000000e+00
3.868547258096127206e-01
7.709041883363032532e-01
-1.000000000000000000e+00
1.000000000000000000e+00
-1.000000000000000000e+00
-2.550896165554064621e-01
-7.349287090589298188e-01
2.316596754453547069e-01
1.000000000000000000e+00
-1.000000000000000000e+00
-1.000000000000000000e+00
4.508120629761164233e-01
-1.000000000000000000e+00
-1.000000000000000000e+00
1.000000000000000000e+00
-1.765499415816285111e-01
4.311595332286215498e-01
-1.000000000000000000e+00
-5.024118444145988516e-01
-1.000000000000000000e+00
-1.000000000000000000e+00
-1.000000000000000000e+00
-3.169137636425467530e-01
-1.000000000000000000e+00
-3.953080096157624013e-01
-1.000000000000000000e+00
-5.298782662844332414e-01
-6.703597560200513783e-02
4.724015833028923916e-01
-1.000000000000000000e+00
1.000000000000000000e+00
1.000000000000000000e+00
-1.000000000000000000e+00
1.000000000000000000e+00
7.732293530661845660e-01
2.349384024365537282e-01
6.674083031922914966e-01
1.000000000000000000e+00
7.302376684660132344e-01
-1.000000000000000000e+00
1.000000000000000000e+00
1.505621696693701939e-01
1.000000000000000000e+00
-5.169525287528831115e-01
-1.000000000000000000e+00
1.000000000000000000e+00
1.000000000000000000e+00
6.424851661445503126e-01
3.490597315871747930e-01
-1.000000000000000000e+00
4.578552408719622213e-01
7.820541977391674004e-01
1.000000000000000000e+00
-6.445688535557257959e-01
-1.000000000000000000e+00
1.000000000000000000e+00
1.000000000000000000e+00
1.000000000000000000e+00
-1.000000000000000000e+00
1.000000000000000000e+00
-1.000000000000000000e+00
1.283667961025292126e-01
4.600948418484496205e-01
1.000000000000000000e+00
1.000000000000000000e+00
1.000000000000000000e+00
-1.000000000000000000e+00
1.000000000000000000e+00
-1.000000000000000000e+00
-5.660884606280338627e-01
7.466563276331994459e-01
4.347388124957628497e-01
1.000000000000000000e+00
-2.264687005743516446e-01
8.977567004690432118e-01
8.331506265138233225e-02
6.596987308504785874e-01
3.538367263374403437e-01
2.120909561967677659e-01
1.000000000000000000e+00
5.614963226436087140e-01
1.000000000000000000e+00
-1.884173074817525606e-01
-1.000000000000000000e+00
1.000000000000000000e+00
1.000000000000000000e+00
1.000000000000000000e+00
1.000000000000000000e+00
2.830903071875523480e-02
-9.061790069541311166e-01
7.841092196727553754e-01
-9.971074088123694779e-01
1.000000000000000000e+00
1.000000000000000000e+00
1.000000000000000000e+00
1.957467116644522331e-01
1.000000000000000000e+00
-1.000000000000000000e+00
1.000000000000000000e+00
-6.244854582146729394e-01
1.000000000000000000e+00
1.000000000000000000e+00
-9.529034040166747266e-01
-1.000000000000000000e+00
-1.000000000000000000e+00
2.574406393006836158e-01
-1.000000000000000000e+00
-3.687748733016620872e-01
4.377432612946887680e-01
-2.913695933669389060e-01
-1.000000000000000000e+00
8.549400547821778273e-01
1.000000000000000000e+00
8.057943021020669283e-02
