9.860982969140881238e-01
6.021503223241020386e-01
-4.220290720168131671e-01
1.154637182379198990e-01
-9.201913391831442190e-01
4.174055129378457796e-01
2.822764221404912011e-01
-6.412236602564669319e-02
-1.269164030724929670e-01
-5.199610198958768414e-01
-4.636522692879239127e-01
9.505570479924982941e-01
3.313070066538226222e-01
-2.182549941028295581e-01
7.414433009009651077e-01
3.390310686949193908e-02
7.863606812607166763e-01
2.237318806715449249e-02
-3.086023457698654493e-01
-7.942275521162822649e-01
-7.512317564357975375e-01
-7.285366711685847818e-02
4.981816325824928171e-02
-3.006536175690643908e-02
-1.303574477709943391e-01
7.965499688094312969e-01
2.418811849969710881e-01
-4.599671483809013584e-01
-6.253520567485173487e-01
-1.514117448943681499e-01
8.598992523366653096e-01
-9.081375705158214462e-01
-2.464036737704062840e-01
-1.293297460700937318e-01
-1.697833695534913812e-01
-4.798106675407611821e-01
3.771518153393973449e-01
-6.686359330791171729e-01
-9.573985061369101324e-01
9.809905482667633514e-01
9.469586114182830805e-01
5.967180524525030894e-01
1.752526387287955956e-01
-7.561117674536577127e-01
6.710667462582287079e-01
1.883218468893679276e-01
-7.179338673059061371e-01
-2.252855110013571860e-01
-9.268466307724518849e-01
-9.486287387302307916e-01
2.373787164935801108e-01
3.022649020160814715e-01
1.217341779120648670e-01
-6.070843791416207225e-01
9.952604168794776385e-02
9.997923888848687657e-01
-4.864713328110970014e-01
-9.861919100031570906e-01
-9.536377204468233781e-01
2.379445430696800479e-01
-9.648386764442813401e-01
-4.079695428970049331e-01
-4.997270422389656908e-01
5.183744735780999591e-01
7.801639937695881155e-01
-2.147365734736508269e-01
-7.780523103025744902e-01
5.190607258507089483e-01
-6.624848922949044816e-01
3.893743085957344086e-01
-4.462018838225083606e-01
3.883711338679123326e-01
-2.659639510930982276e-01
-5.627049266192847288e-01
-3.996537573597753745e-01
-6.038238865955323220e-01
-7.923859452028998440e-01
9.487562461616936282e-01
-9.700172986698909483e-01
1.234666525312277940e-02
-3.621840152652879841e-01
-5.315199710280256173e-01
-4.188577034132778820e-03
-7.540510262202129166e-01
1.596638422145379987e-01
-4.139918134315319076e-01
-6.858513614828378735e-01
5.989562110349235802e-01
-6.500057995176289349e-01
-1.397283879343422797e-01
-5.052991539460993664e-02
7.645694853494768850e-01
9.013648604659043606e-01
-7.536113755572826367e-01
-2.918598446612783448e-01
5.318001838562689265e-01
-6.182904821434511700e-01
-6.240754066445335368e-01
-1.165917720443885308e-01
5.217613645652268151e-01
-5.911886112395758897e-01
-9.754684976144849529e-01
-7.574305510076628778e-02
-9.592065417826534102e-02
-2.176464128301942580e-01
-7.361564743460196070e-01
-7.856080811884285087e-01
6.717743509218210285e-01
3.742766560014401112e-01
4.911037983144039831e-01
-8.596877690796775884e-01
-5.214280951303988942e-01
-1.508827376727890357e-01
-3.652622314599278663e-01
-5.018588344025998182e-02
2.590506770353968591e-01
-8.592729094111131172e-01
4.947684229748454676e-01
-9.457152560441199896e-01
8.079125663097530552e-01
-9.822414977425450999e-01
-4.715837261907314115e-01
-4.221748093391217704e-01
-2.790122568946735715e-01
5.379221169572929728e-01
-9.138915114519241545e-01
-2.444078586629063743e-01
3.411332096488361998e-01
2.265540840344240081e-01
-4.285856256110587292e-01
-6.489582484451970057e-01
4.874852613674789392e-01
-6.284965089376142178e-01
-8.121400200259163427e-01
-2.845802285566512158e-01
-1.378511071280634770e-01
-6.720954176015916381e-01
5.617605323185794752e-01
4.434964425220593309e-01
6.209087637373404966e-01
8.529292871109497298e-01
4.400441179184868545e-01
-9.519193852147131985e-01
-6.073257269512193357e-01
-7.179629874979465143e-01
-2.089819843612359396e-01
9.322959427384216458e-01
9.814489848362726310e-01
-5.321072977430520989e-01
3.093678800831731746e-01
-6.699086525926778446e-01
5.583021186932803914e-01
8.567646288565093915e-01
-7.482543145755446989e-01
6.625754687406990584e-01
3.136512143992982171e-01
-8.409301136790710007e-01
2.964391864376256791e-01
1.477369585638663718e-01
3.480162918584874809e-01
5.192885632601009771e-01
9.169067310667906590e-01
-8.820981665896818757e-01
1.438611177344502057e-01
-6.724978142536133241e-01
6.002276797573977696e-01
4.400384180355605412e-01
1.745027771165985619e-01
-9.693818854326654577e-01
-8.867033434688806892e-01
-5.987358526325738950e-01
-9.040310899118824128e-01
-2.233536201381893793e-01
-2.242478717086833218e-01
-6.177625002390698672e-01
-6.673004020466923869e-01
5.285514648795228698e-01
5.792163266183838477e-01
9.432183429367442251e-01
1.495540578365839313e-01
-1.603636228498124261e-01
5.595717890305893505e-01
6.088541195874372924e-01
-7.626136319237748484e-01
2.912015734793083066e-01
-3.979293381329340740e-01
8.823137273333081509e-02
-5.507139518966150948e-01
-4.810194022123139845e-01
-7.465210028428308497e-01
-3.806205572427256989e-01
-8.013658913665946404e-01
-6.591343411072680958e-02
1.442187605511568993e-01
-4.983460991390684658e-01
-3.231169531954019014e-01
-5.334174733542329516e-01
-8.338912769121826773e-01
-4.692139743826231335e-01
-3.286341003576234154e-01
4.112257205115874559e-01
7.932841413285443011e-01
-7.788907993107170302e-01
9.866149274105824318e-01
-5.427081293661957240e-01
7.070143192993865178e-01
9.602164742977790102e-01
-1.451930897438333812e-01
2.102372095637177196e-01
-4.461527609289479557e-01
-4.336658221612468278e-01
1.992538496231688327e-01
7.935985546295487580e-01
6.954501609089569492e-01
7.153549324546364385e-01
8.731358080372366715e-01
8.405164537106921685e-01
5.391840425625082922e-01
-4.143672304757202163e-01
7.599111800824633889e-01
-8.001590063007104625e-01
-1.934297551986603469e-01
-6.662375562886362346e-01
8.191420199542778224e-01
2.771303011712480391e-01
2.431995110116647041e-02
-8.948101975420299503e-01
8.962073854161627384e-01
-1.138090933094519919e-01
1.586723686111204401e-01
7.844794643865000694e-01
-7.059513353387423251e-01
5.462831329354693732e-01
-6.042929600788076172e-01
6.574726222666584796e-01
9.014030228629232866e-03
1.394222156457842754e-01
-4.223500331695970722e-01
-1.991569554705323597e-01
-6.202101866770965977e-01
-6.998067271385917110e-01
8.883592428758830817e-01
3.790358774579005718e-02
-8.082112488099149061e-01
8.352217446991665462e-01
-7.085339584245355926e-01
-4.650773844795033085e-01
-3.703237000628938347e-01
3.897639171842604000e-01
2.461318752928831621e-02
2.374792636998774853e-01
-5.741238401133808011e-01
-5.690093151533841542e-01
1.800155094082829255e-01
6.003786581531287414e-01
8.218687782706384226e-01
-3.698108447631789364e-01
-1.818010541985692896e-01
-3.898512629306556398e-01
-4.126544678181680581e-01
-3.332214275944394011e-01
-8.151303895697892266e-01
2.332984753701234926e-01
-9.990770175611547455e-01
8.772488043914927758e-01
