5.655565277889622600e-01
-1.000000000000000000e+00
1.000000000000000000e+00
1.000000000000000000e+00
-2.283101201256566293e-01
1.000000000000000000e+00
3.598649399447054198e-01
1.000000000000000000e+00
-1.000000000000000000e+00
1.000000000000000000e+00
-1.000000000000000000e+00
-1.000000000000000000e+00
1.000000000000000000e+00
1.000000000000000000e+00
-5.895240503096406126e-01
-1.000000000000000000e+00
-4.993143454565520667e-01
1.000000000000000000e+00
-1.000000000000000000e+00
-1.000000000000000000e+00
1.000000000000000000e+00
-1.000000000000000000e+00
-1.000000000000000000e+00
1.000000000000000000e+00
-1.000000000000000000e+00
-1.000000000000000000e+00
-1.000000000000000000e+00
1.000000000000000000e+00
2.304156314588559074e-01
1.000000000000000000e+00
-6.865214248980062717e-01
-1.000000000000000000e+00
-6.522688443738766662e-01
-5.648595242792703308e-01
-1.000000000000000000e+00
1.000000000000000000e+00
1.000000000000000000e+00
8.476074267240844007e-01
2.032883882489537331e-01
1.000000000000000000e+00
-8.130778362880384247e-01
-1.000000000000000000e+00
5.421874330432032707e-01
-6.372331749010863300e-01
1.000000000000000000e+00
-1.000000000000000000e+00
-1.000000000000000000e+00
-1.000000000000000000e+00
1.000000000000000000e+00
-3.222437968336100411e-01
-1.000000000000000000e+00
-4.782721077428366829e-01
-4.520044507577394288e-01
-4.077924654863378517e-01
1.000000000000000000e+00
1.000000000000000000e+00
-3.629779669987768242e-01
-2.607035006940821020e-01
1.000000000000000000e+00
-1.716467109631684140e-01
-5.213614662203880368e-01
1.000000000000000000e+00
1.000000000000000000e+00
1.000000000000000000e+00
7.772798033595621492e-01
-1.000000000000000000e+00
9.152289591308837569e-02
-1.000000000000000000e+00
-1.359170967418519282e-01
-1.000000000000000000e+00
-1.563894582859544080e-01
1.000000000000000000e+00
-8.398009932498486929e-01
6.116274172842179890e-01
7.859522521735917699e-02
1.000000000000000000e+00
-9.895306447275398209e-01
1.000000000000000000e+00
6.596530488027079198e-01
-1.000000000000000000e+00
-1.000000000000000000e+00
6.267611625573168976e-02
6.433860422243303789e-01
5.108427293531864199e-01
1.000000000000000000e+00
-9.637610969204302158e-02
-1.000000000000000000e+00
1.000000000000000000e+00
-1.000000000000000000e+00
-8.037016122397860896e-01
-1.000000000000000000e+00
-1.000000000000000000e+00
1.000000000000000000e+00
-1.000000000000000000e+00
1.000000000000000000e+00
1.000000000000000000e+00
3.007242953112210238e-02
-2.666888921837080040e-01
5.174495654179791515e-01
-1.000000000000000000e+00
-8.343738785944412317e-01
1.000000000000000000e+00
-1.000000000000000000e+00
-1.000000000000000000e+00
-2.901740954324735777e-02
1.000000000000000000e+00
1.000000000000000000e+00
6.778520514109459549e-01
1.000000000000000000e+00
8.448549725817804390e-01
1.000000000000000000e+00
-1.000000000000000000e+00
-1.000000000000000000e+00
1.000000000000000000e+00
1.000000000000000000e+00
-8.703124906411784378e-01
-1.000000000000000000e+00
-2.449448692108303627e-01
3.057867788561102751e-01
-1.000000000000000000e+00
-3.892388755324992511e-01
1.000000000000000000e+00
1.000000000000000000e+00
-1.000000000000000000e+00
1.000000000000000000e+00
-5.238549382844532865e-01
-9.501190841278647214e-01
-7.583308651407649759e-02
2.944074499441394765e-01
-1.085154081270149895e-01
-4.628322142393621608e-01
-1.000000000000000000e+00
1.000000000000000000e+00
4.875914219118928639e-01
2.069901450799345177e-01
-1.000000000000000000e+00
1.000000000000000000e+00
4.943857208050442820e-01
-7.757874575606817924e-01
-5.489084680289109119e-01
9.006318755917911423e-01
1.000000000000000000e+00
1.000000000000000000e+00
-1.000000000000000000e+00
1.000000000000000000e+00
1.000000000000000000e+00
-1.000000000000000000e+00
-5.119282862090426267e-01
5.818578833612458867e-01
8.996742004951532312e-01
3.878074704340707668e-01
-1.000000000000000000e+00
1.000000000000000000e+00
-1.000000000000000000e+00
9.160938563322561512e-01
1.000000000000000000e+00
2.654827150418466175e-01
1.000000000000000000e+00
-1.000000000000000000e+00
1.000000000000000000e+00
-9.367505923465369033e-02
-1.000000000000000000e+00
-1.000000000000000000e+00
-1.000000000000000000e+00
5.893125323170187446e-01
-7.572515077258924476e-01
-1.000000000000000000e+00
-5.169657562852947308e-01
-1.000000000000000000e+00
5.453282459050947661e-01
-1.000000000000000000e+00
6.404992913282183675e-01
-6.707837881092825194e-01
1.000000000000000000e+00
-1.516696567803623719e-01
1.000000000000000000e+00
-1.000000000000000000e+00
-1.000000000000000000e+00
-5.881198783409546937e-02
-5.602471540624790469e-01
-1.000000000000000000e+00
1.000000000000000000e+00
1.000000000000000000e+00
1.000000000000000000e+00
-1.000000000000000000e+00
1.000000000000000000e+00
9.085733386733341188e-02
1.000000000000000000e+00
8.018474392996703948e-01
-1.000000000000000000e+00
1.000000000000000000e+00
3.668455616851248324e-01
-9.551915265573335256e-01
1.000000000000000000e+00
-8.063325097428295507e-01
-1.000000000000000000e+00
-7.429809121731508759e-01
-1.000000000000000000e+00
1.929670887497214604e-01
-1.000000000000000000e+00
7.434290255910915857e-01
8.147649771705668398e-01
3.833681074370629549e-01
3.268869560309783928e-01
2.049554877655157537e-01
-1.000000000000000000e+00
8.165392305396299566e-01
-4.747039764414680563e-01
-6.883329566794231802e-01
1.000000000000000000e+00
2.192347815932332855e-01
1.000000000000000000e+00
-9.378371093396928870e-01
-9.087560606121131146e-01
-9.335476511180337278e-01
-1.000000000000000000e+00
1.000000000000000000e+00
-3.015815888770927433e-01
2.818557534018020228e-01
1.000000000000000000e+00
1.000000000000000000e+00
1.000000000000000000e+00
-9.705308290481340361e-01
9.770058051133494459e-01
5.779308946041618045e-01
8.799612069532899983e-02
-9.757455516118522798e-01
1.000000000000000000e+00
2.276487738214094669e-03
-2.579589394135821667e-01
-3.876558790257257359e-01
1.000000000000000000e+00
1.000000000000000000e+00
-6.770388059129521796e-01
-1.000000000000000000e+00
-2.146804620640214989e-01
-2.693935491372784208e-01
1.893591849115852099e-01
1.856197990387107311e-01
-8.586749543090250736e-01
-1.000000000000000000e+00
-1.000000000000000000e+00
1.000000000000000000e+00
1.000000000000000000e+00
1.000000000000000000e+00
-4.522693385655979226e-01
1.000000000000000000e+00
-1.240120186796858093e-01
8.008628610601951081e-01
2.190829121337556362e-03
-1.000000000000000000e+00
1.590330121654170981e-01
1.000000000000000000e+00
-8.120492483945425111e-01
2.263616328605344563e-02
-3.437310121178644984e-01
-1.000000000000000000e+00
1.000000000000000000e+00
1.000000000000000000e+00
1.000000000000000000e+00
1.000000000000000000e+00
-1.000000000000000000e+00
2.259067585643677323e-02
1.000000000000000000e+00
-3.140469108776819951e-01
