1.000000000000000000e+00
-7.851942435408321153e-02
2.920537468144963622e-01
3.670483408190534647e-01
-9.829802197210986137e-01
1.413688361583930186e-01
1.000000000000000000e+00
-1.272105922529436217e-01
-3.878305579606673992e-01
3.804727735731261440e-02
5.455446639469263559e-02
-1.000000000000000000e+00
-8.038431489859305668e-01
-4.426776215973646789e-01
7.448456944014336667e-02
-5.607049499356138167e-01
-5.446390633452170560e-01
-2.594184079925293540e-02
-1.000000000000000000e+00
1.000000000000000000e+00
-1.000000000000000000e+00
4.157236552893177617e-01
8.697824567699490306e-01
-5.720475120220229748e-01
1.000000000000000000e+00
-1.000000000000000000e+00
1.000000000000000000e+00
-2.649739046410617416e-01
-1.000000000000000000e+00
8.386049775611179591e-01
3.156973355395166214e-01
2.811297930446841065e-01
1.000000000000000000e+00
6.457037850881011121e-01
-1.000000000000000000e+00
1.000000000000000000e+00
-8.021620692449455969e-01
-9.409674797202243202e-01
3.670716099108843888e-01
8.736416034825258414e-01
4.969475056945444891e-01
-1.000000000000000000e+00
8.501023841087391730e-01
9.186117043949624250e-01
8.285411021397921516e-01
-1.983093110785210111e-01
4.552936081983705030e-03
-1.000000000000000000e+00
5.234592792778938186e-01
1.909073569059119846e-01
-6.780972853851697790e-01
7.555147119515859266e-02
-1.584671736211762383e-02
7.104699827988520955e-01
-4.152908718675479838e-01
6.852562930715110356e-01
-2.179783981666671977e-02
-1.000000000000000000e+00
-9.515877064545326114e-01
-5.275996711806905104e-01
-6.648064627038254848e-01
8.521074153787735472e-01
-7.916327133644673886e-01
6.309667570673399561e-01
1.000000000000000000e+00
1.000000000000000000e+00
6.186641915246204881e-02
-5.736692422175064532e-02
7.761819786322816661e-01
-4.068662555704892769e-01
4.237324612695572146e-01
1.000000000000000000e+00
7.863387793380656188e-01
6.142726423839781624e-01
-8.214082700244453861e-01
9.169692001873723797e-01
-1.000000000000000000e+00
9.134722768932450609e-01
7.542710147322873038e-01
-8.573591506852862310e-02
-1.000000000000000000e+00
-5.001541014477315361e-01
-5.703894420133082122e-02
-6.442245085468412125e-01
-8.213569952632469029e-01
-9.544271773569334982e-01
2.403024897509180580e-01
3.056805286881707495e-01
1.000000000000000000e+00
-5.694265096910169355e-01
-4.351516145275697856e-01
-6.225465188430717722e-01
1.000000000000000000e+00
-7.856185646207505258e-01
-2.065336043348142692e-01
9.882515870589499984e-01
5.105926470932455885e-01
-1.750451221718631878e-01
6.164001689428262321e-01
5.538257068743261957e-01
-5.540412630476094780e-01
3.611856883274700003e-02
-2.946567324232973739e-01
1.000000000000000000e+00
-4.223218818110875405e-01
7.608365909916701142e-01
4.345997496428122275e-01
6.096801055188483254e-02
-1.000000000000000000e+00
-2.166865646547637136e-01
-1.000000000000000000e+00
3.453515312827810657e-01
5.674826628042117793e-01
5.613399003002779164e-01
5.841647631020129294e-01
-1.000000000000000000e+00
-1.107511908991841709e-01
1.000000000000000000e+00
-4.254095928421701700e-01
-1.000000000000000000e+00
3.480982939768577644e-01
-1.000000000000000000e+00
1.000000000000000000e+00
-2.334162524054037569e-01
9.518883975493823701e-01
9.833727748940233049e-01
3.012289458004711040e-01
7.427526305880489677e-01
7.622751642697438434e-01
9.481713306167318667e-01
-1.140161790491984739e-01
-9.975596785689968549e-01
5.515716787711641977e-01
2.320287150271149734e-01
-7.499419391683934677e-01
-2.277410723367013223e-01
-1.000000000000000000e+00
2.189876127674333373e-01
3.830348815151152220e-01
-9.679279586899935950e-01
-5.033379005010197860e-01
-6.082122895843744548e-01
-7.584633643189528929e-01
-4.293816136414911888e-01
4.039700138937685203e-02
-9.151595808244137320e-01
7.403412513004505868e-01
1.000000000000000000e+00
5.258557198857383153e-01
1.000000000000000000e+00
5.166810537392166891e-01
-3.442180043269220668e-01
-3.917314078891831475e-01
6.675630521085533786e-01
-3.207658556043113673e-01
-8.207025361130493302e-02
1.328969448055475344e-02
3.344874713096144259e-01
-4.282269037111592902e-01
-8.947944831247189867e-01
7.238157542821823665e-01
3.077369253969302054e-01
5.483518743477433510e-01
4.913563027658318649e-02
1.000000000000000000e+00
-7.698654413648016170e-01
1.000000000000000000e+00
9.450492346968994983e-01
-2.617237979701525497e-01
-1.000000000000000000e+00
1.000000000000000000e+00
1.000000000000000000e+00
3.695018586172853503e-01
2.638612715414827559e-01
-5.324387682548197276e-01
-1.426927472538910280e-01
7.526642177858344773e-02
1.000000000000000000e+00
5.390211343246158471e-01
-4.630359418579623743e-01
-6.952945657104669941e-02
1.519634017953404026e-01
1.000000000000000000e+00
1.000000000000000000e+00
7.939244013619739526e-02
3.026049711202098980e-01
3.635466520673240609e-01
-1.000000000000000000e+00
-6.652622797854703673e-01
-7.157354066305683382e-01
5.415575388918061894e-02
1.000000000000000000e+00
-3.914210241265100865e-01
9.000940083014896675e-01
-9.510266366266437732e-01
5.434255258832227931e-01
5.748058958403061691e-01
-9.421939658839300069e-01
2.267411197969532999e-01
-5.685542836930757016e-01
1.069366500928627950e-01
-2.017766286947380028e-01
2.304961252994884857e-01
8.089334397800240772e-02
1.000000000000000000e+00
5.707009962678808446e-01
3.711371102659870580e-01
-1.911930066622093971e-01
4.751121771630084645e-02
2.008892978280203412e-01
7.165151368847633151e-02
-9.065225288504548118e-01
1.691730069220569455e-01
-8.312294872151051450e-01
2.081131783347159869e-01
-3.722132860037443702e-01
1.000000000000000000e+00
1.442315090477399031e-01
-1.000000000000000000e+00
-6.235552361334202320e-01
-1.000000000000000000e+00
-1.000000000000000000e+00
2.108736006409177577e-01
1.000000000000000000e+00
-9.609978302635791003e-02
-2.554426122643291830e-01
9.710248004526498278e-01
-1.000000000000000000e+00
1.000000000000000000e+00
-3.037827574112310636e-01
-3.619360323557696546e-02
-5.523960092726236670e-01
1.000000000000000000e+00
5.418617542934405229e-01
2.518933572708111912e-01
4.457825243451094543e-01
6.638246521733170979e-02
-8.458462540069626723e-01
-4.097187672288566951e-01
1.000000000000000000e+00
-1.000000000000000000e+00
5.737112786068245818e-01
-4.909819710581396213e-01
9.891549855975314554e-01
2.495460878968587259e-01
7.313786128888248861e-01
-1.000000000000000000e+00
6.118382716186254733e-01
7.475984937076325387e-01
-9.296737220421031900e-01
-4.825966941367334506e-01
1.000000000000000000e+00
-6.232500804540528350e-01
1.000000000000000000e+00
3.586938184402870267e-01
-1.000000000000000000e+00
2.020100622348870445e-01
8.385738951120081941e-01
-1.000000000000000000e+00
2.663118402122865991e-01
-9.283968123179109355e-02
-1.000000000000000000e+00
1.668287203147620357e-01
9.514705538645696903e-01
-3.556023059591753022e-01
