-7.020188313754411880e-01
-1.000000000000000000e+00
-1.000000000000000000e+00
-4.722940416685886822e-01
7.591513341258633307e-01
-1.000000000000000000e+00
-6.736244015333343604e-01
-1.000000000000000000e+00
-1.000000000000000000e+00
-1.000000000000000000e+00
-1.000000000000000000e+00
3.829282928425596921e-01
1.000000000000000000e+00
-4.461843635954101384e-01
1.000000000000000000e+00
4.599062403766747131e-01
1.000000000000000000e+00
-6.109873897457860359e-01
-1.993578900076786731e-01
-1.000000000000000000e+00
-5.230603811980838458e-01
1.000000000000000000e+00
-1.000000000000000000e+00
-3.841072937853612368e-01
-9.895180212276333265e-02
1.000000000000000000e+00
7.476949715912508676e-01
4.128188326645606532e-01
6.079990175185789880e-01
1.000000000000000000e+00
-1.000000000000000000e+00
1.000000000000000000e+00
-1.000000000000000000e+00
-1.000000000000000000e+00
-7.280485168788146666e-01
-1.123750369331180110e-01
1.000000000000000000e+00
1.000000000000000000e+00
4.257350127212171376e-02
-1.802238237181558733e-01
1.000000000000000000e+00
-4.428865527746044251e-01
-4.954426229062777187e-01
-7.448322886554277211e-01
1.000000000000000000e+00
4.706732323987597444e-01
1.000000000000000000e+00
1.000000000000000000e+00
-1.000000000000000000e+00
-1.000000000000000000e+00
1.000000000000000000e+00
-1.000000000000000000e+00
-1.000000000000000000e+00
1.110593909759334252e-01
1.000000000000000000e+00
7.515191193341377307e-01
-2.880737227922074428e-01
7.430772263690439416e-01
-1.000000000000000000e+00
-9.438370344127311462e-01
7.760876833334977576e-01
-1.000000000000000000e+00
-1.000000000000000000e+00
-1.000000000000000000e+00
-6.472278796879077367e-01
2.290482067327029858e-01
1.000000000000000000e+00
-6.555191767837187378e-01
-7.986874110618754630e-01
-1.000000000000000000e+00
1.000000000000000000e+00
-1.000000000000000000e+00
1.000000000000000000e+00
-2.717228840237668752e-01
-1.384867353258499856e-01
-1.000000000000000000e+00
-1.000000000000000000e+00
1.000000000000000000e+00
1.000000000000000000e+00
7.227925010993565547e-01
-1.000000000000000000e+00
-2.208134069294319379e-01
5.047110726389962831e-01
-8.580426854291132166e-01
5.270432102656386064e-01
1.000000000000000000e+00
-1.000000000000000000e+00
7.029853359272235647e-01
-1.000000000000000000e+00
1.691643696730784630e-01
-7.655420034889497405e-01
-1.000000000000000000e+00
-1.000000000000000000e+00
-1.000000000000000000e+00
-1.000000000000000000e+00
-1.000000000000000000e+00
8.827139198811606580e-01
1.000000000000000000e+00
1.000000000000000000e+00
-1.000000000000000000e+00
-1.000000000000000000e+00
1.000000000000000000e+00
-6.829119148890365754e-01
8.432632800010697594e-01
1.000000000000000000e+00
-1.000000000000000000e+00
1.000000000000000000e+00
-5.326214632868715437e-01
1.000000000000000000e+00
8.722948081423558264e-01
1.000000000000000000e+00
6.781422633655223575e-02
-4.649668942199491894e-01
1.000000000000000000e+00
-2.027089984558751445e-01
1.000000000000000000e+00
-1.000000000000000000e+00
1.000000000000000000e+00
-1.000000000000000000e+00
1.000000000000000000e+00
1.000000000000000000e+00
7.432626307494408779e-01
-7.557988862130646801e-01
8.978539269549623558e-02
-1.000000000000000000e+00
-9.446833378786234636e-01
-1.000000000000000000e+00
-1.000000000000000000e+00
-3.396506984446304167e-01
5.114888891461311093e-01
-3.046323799244079478e-01
1.000000000000000000e+00
1.000000000000000000e+00
1.000000000000000000e+00
-5.675247254931485852e-01
1.000000000000000000e+00
-1.000000000000000000e+00
1.000000000000000000e+00
5.045035692166264241e-01
1.000000000000000000e+00
1.000000000000000000e+00
-1.000000000000000000e+00
1.000000000000000000e+00
-1.000000000000000000e+00
-7.754642901765904650e-01
1.000000000000000000e+00
1.000000000000000000e+00
-6.646650311982079673e-01
-1.000000000000000000e+00
1.000000000000000000e+00
3.912899424399775006e-01
-3.335371675549142489e-01
-3.395795839410380990e-01
-1.000000000000000000e+00
-4.076182590135003503e-01
-6.931240718914608578e-01
-1.000000000000000000e+00
1.000000000000000000e+00
9.136723325376980842e-01
-1.000000000000000000e+00
-1.000000000000000000e+00
7.518571757642344977e-01
5.520588767006284758e-02
2.458848060653083811e-01
9.329578128445658036e-01
-4.501665499923994673e-01
1.000000000000000000e+00
9.649210786968746012e-01
5.098972119272318082e-01
3.699376323253937837e-01
4.674315162705805493e-01
5.595852297179665369e-02
-1.000000000000000000e+00
1.734561066849371613e-01
-1.000000000000000000e+00
3.134442249910502909e-01
-5.002514974454705943e-01
1.000000000000000000e+00
-1.000000000000000000e+00
1.000000000000000000e+00
1.000000000000000000e+00
1.000000000000000000e+00
5.980293567987459147e-01
1.000000000000000000e+00
7.944915211179923720e-01
-1.000000000000000000e+00
6.371498873662733153e-01
-2.376122629428785160e-01
-1.000000000000000000e+00
-3.827594925389832259e-01
2.118982896464975951e-01
-1.000000000000000000e+00
-4.411218743865230607e-01
1.000000000000000000e+00
4.299315674930100917e-01
-9.336912293332053636e-01
-4.981030366537557708e-01
9.785520198546866499e-01
9.691975171768353325e-01
6.297946875118909382e-01
9.003205672320677144e-02
1.000000000000000000e+00
-3.377358786642340460e-01
-1.000000000000000000e+00
-1.000000000000000000e+00
-1.000000000000000000e+00
1.000000000000000000e+00
-1.000000000000000000e+00
1.000000000000000000e+00
6.634320947940419710e-02
-2.783611407993153986e-01
1.296218986000117687e-02
-1.000000000000000000e+00
1.000000000000000000e+00
-1.000000000000000000e+00
-1.000000000000000000e+00
-5.175737531511376277e-01
2.056410780548008077e-01
1.000000000000000000e+00
-1.000000000000000000e+00
-1.000000000000000000e+00
2.632520720477554699e-01
1.000000000000000000e+00
1.000000000000000000e+00
1.000000000000000000e+00
5.385897573365565627e-01
8.890110360454162031e-02
-1.805206823935855687e-01
4.948965822232334055e-01
2.059675715546760433e-01
2.594465663310709935e-01
-1.000000000000000000e+00
1.000000000000000000e+00
-1.000000000000000000e+00
1.562207232143241198e-01
8.220157851545500938e-01
-1.541656648297501375e-01
1.000000000000000000e+00
9.205348772974908389e-01
-1.000000000000000000e+00
1.000000000000000000e+00
1.000000000000000000e+00
-1.000000000000000000e+00
1.000000000000000000e+00
8.897999096547345443e-01
1.000000000000000000e+00
-1.000000000000000000e+00
1.000000000000000000e+00
6.840758713672395741e-01
1.000000000000000000e+00
-1.000000000000000000e+00
-1.343876540513419537e-02
-9.109388549710328853e-03
5.967418124940805368e-01
1.000000000000000000e+00
-2.030376045291693021e-01
-5.436574858299499935e-01
1.000000000000000000e+00
4.112662978767254174e-01
-1.000000000000000000e+00
-1.000000000000000000e+00
-7.779415110947163203e-01
1.000000000000000000e+00
-8.127959764894721051e-02
-8.834393994921656557e-01
