-4.295078076926357458e-01
-5.237954027007383218e-01
-9.395295000906696004e-01
1.553851437457336448e-01
-5.189789100737787209e-01
-9.192785833206864599e-01
-4.189555376677376319e-01
5.025521945603683704e-02
9.484100123760605960e-01
5.203983631592561387e-01
-3.393450140154825601e-01
8.818751538774582954e-02
2.276947309009540454e-01
3.965360978249936608e-01
-4.154672244721080432e-01
1.008441885287392203e-01
-8.819879215132020445e-01
-9.158433919348230035e-01
-1.586151795938450793e-01
2.791473740014760452e-01
-2.244089064869445593e-01
-9.378872744310440268e-01
-2.731240314059202312e-02
-6.714334589172867851e-01
8.228433610359364714e-01
-2.871950516286192467e-03
3.222032908751770730e-01
-4.190861399298182466e-01
-9.386108907025367820e-01
-9.378490656490283683e-01
5.395940668756733505e-01
-3.055456381519412457e-01
-6.115430038347846597e-02
3.248617360199659299e-01
-3.990651334640782366e-01
-1.350147922688411661e-01
-6.573363530991001014e-01
-7.102185238425577918e-01
-4.684927458767511599e-01
6.474053057706739001e-01
5.022599449723874621e-01
-3.139270712223847237e-01
-9.147495706857187159e-01
1.158274205939053836e-01
7.637393379258727855e-02
-6.773677824512549517e-01
6.991292716942771879e-01
-5.614546278162551030e-01
7.883024647919250061e-01
-8.120773005685233414e-01
-3.716753663351446413e-02
6.621732186473985315e-01
4.991921425910468280e-01
7.198429453609578310e-02
8.156593143353376707e-01
-3.617838977302554326e-01
-4.301269561016578535e-01
-5.079187270370850715e-01
-7.486595883377269445e-01
-9.277669778002717305e-01
9.530700146177328858e-01
-1.198554940240159628e-01
-7.967374794650123881e-01
8.835688481177588205e-01
-1.534809475454228522e-01
4.875156001708877973e-01
3.520120409142211138e-01
6.216207182536142017e-01
-1.620701923927339028e-01
6.491009194760910539e-01
6.788765023944076660e-02
-3.689818764279542140e-01
8.419356440673699815e-01
-4.386015624846086869e-01
4.342651137678721351e-01
-9.085403629694521754e-01
-5.522185730638433654e-01
8.857278637068852767e-01
1.440881371069420158e-01
-4.023091050612306319e-01
-6.256785383857432770e-02
2.607956026613904577e-01
5.800609944925663175e-01
9.856719052168694262e-02
3.913417189596632983e-01
-8.052068955240974102e-01
7.893491403919783433e-01
-2.848597807646600089e-01
5.469259914327961880e-01
-9.575399429488604675e-01
-7.010170505813337893e-01
2.543830232050421358e-01
1.124486786004756933e-01
1.661244311425633668e-01
9.361671679138574564e-01
-7.783708889753722104e-01
-3.149173052112002047e-01
4.141296117314019476e-01
-5.756375419312871333e-01
9.837788755414107467e-01
7.902648401673937339e-01
1.590750751310698874e-02
-9.897963502344884201e-01
6.380572630368750442e-01
5.536056447134716230e-01
4.468477388643083970e-01
8.443043364310618415e-01
-6.885794986532305373e-01
-3.887345305710756538e-01
1.502848352839714074e-02
9.480626681250112764e-01
8.601469439553368623e-01
5.280084718083832840e-03
5.541512284391374443e-01
2.240450457428366793e-01
-9.381101484587865968e-01
3.169967948574294869e-01
-1.121037889089011585e-01
-3.992394860223631436e-01
-2.252552730271260018e-01
6.023920772531148327e-01
3.921255553564035878e-01
-3.833030636452927631e-02
8.111058251203395741e-04
-2.420143193514934232e-01
-5.313072767517281747e-01
1.582845247934003829e-01
-6.707541759658948166e-01
2.455816583099079686e-01
-6.568441066038550602e-01
8.226043097530719717e-01
-4.907553206450983030e-01
-4.616036926311370969e-01
-8.870165206466764651e-01
6.051835557981730673e-01
-5.887454567822518747e-01
-2.882001194120844545e-01
1.645669965561855630e-01
7.285663312308894302e-01
-7.296473779155354666e-01
-1.011153981145971326e-01
1.937722075864578564e-01
1.088586948609715499e-02
-8.537169255166530135e-01
-9.460900420608300276e-01
-9.209855416644170401e-01
3.379751899871163978e-01
7.233832818734171610e-01
-6.889030767553410151e-01
6.921803049622217152e-01
-6.378513197060808881e-01
-4.233548681461483110e-01
-5.987711821864627471e-01
-6.622917041763061174e-01
-6.242060823925326130e-01
-6.943811532254837715e-01
-6.664300382362615682e-01
-3.325922871451043594e-01
8.289826154778792144e-01
-5.556064811724936714e-01
-4.747044776714188785e-01
2.746641827762370536e-01
5.676483472718723000e-01
1.273132307864994761e-01
-2.771474845295345268e-01
-4.819102901972902586e-01
-3.968244840507888505e-01
8.727398160476074196e-03
-2.612202967331453962e-01
-1.054415462136495396e-01
-6.853971678516554977e-01
-8.286532892471163425e-01
-4.575014984284937469e-01
-6.195214116322564912e-01
-2.838939041619490400e-01
-9.118861731277005944e-01
7.597858837411350930e-01
9.869955976692503796e-01
2.346509716418732072e-01
-6.904163521665549474e-01
-3.471646619442518844e-01
7.807056011237145654e-02
9.554235888915003638e-01
-7.126176881496026905e-01
-2.544929956680905825e-01
4.569468191577821248e-01
-9.976327871212431475e-01
2.618663406142682781e-01
-4.042532338323883145e-01
-8.819302146149237132e-01
7.764881292339897989e-01
-6.145194369654782829e-01
3.353459262401747853e-01
-1.748635349864287036e-01
-4.053392049664648056e-01
-8.965152160753164789e-01
1.820923845279607267e-01
-3.488112986441163077e-01
-4.285668432055760313e-01
-2.607056505087854692e-01
-1.312050823920538623e-01
-4.159202392131100545e-01
6.817049638908769804e-01
8.458081281605622781e-01
9.190530885240018044e-01
7.992324078410359967e-01
2.257144974482705457e-02
-4.462026891584165433e-01
9.818285703128120101e-01
7.805236779579871609e-01
4.079830131974930829e-01
-7.814798707930774579e-01
5.283005084362681902e-01
-1.587385466134683121e-01
-8.790696782805367260e-01
-5.785178037236622384e-01
7.972888040194525683e-01
-5.406497703729533644e-01
5.521468357920917835e-01
-8.341705339852683032e-01
-6.114965281094966176e-01
-3.497439997874058903e-01
3.269029887326260209e-01
-4.137475193483570735e-01
7.293069405333958422e-01
-9.558751038719257576e-01
-9.965453740119565307e-01
-8.204155268061175121e-03
1.661932239002847922e-01
-8.768560704147478901e-01
5.781644576086439891e-01
3.613397374877109769e-01
4.476626634128415549e-01
3.854141049127031149e-01
-1.932589350220741409e-01
-7.338098744830807707e-01
-9.433608811442173447e-01
8.861099156794265408e-01
7.346290247201923140e-01
4.215144876319822931e-01
-1.594726797950802855e-01
-2.358684527332208791e-01
8.631296888064299289e-02
6.338491402099171168e-01
9.261190054978907238e-01
5.715472511683203916e-01
2.401343391203003552e-01
5.320431094164743691e-01
3.724152978130532698e-01
-4.164975537074613321e-01
-8.350808974705292709e-01
8.424620951786621070e-01
-3.358482163600697845e-01
8.779951563227565980e-01
-4.846098722988403384e-01
7.169324234581864186e-01
-7.526007225389177435e-01
6.171523510999197271e-01
6.147371192983472898e-01
-3.212131768640011931e-01
6.400859436453543161e-01
2.817529884587675060e-01
9.882346631753200494e-01
4.725926630063665979e-01
-7.546670981129857125e-01
