6.459050083615334170e-01
-6.666936020785461103e-01
-1.639409983774073876e-01
1.000000000000000000e+00
9.046354274332960577e-01
3.949549818152944258e-01
-8.954550410731960675e-01
-6.892293397451307868e-01
-1.000000000000000000e+00
-9.564427303924230017e-01
8.115947270678199876e-01
-6.306586881466414996e-01
1.000000000000000000e+00
7.400309126837635310e-01
1.000000000000000000e+00
-7.731141878150393776e-02
-2.415361927892463803e-02
9.973881050717441354e-01
6.174964725559164425e-01
-2.198797312212765753e-01
2.488115795824443754e-01
-9.562684194301520613e-01
5.680442539963685977e-01
-6.018456824632143487e-01
-3.678819711820267013e-01
9.819353278073184033e-01
-7.085081757943731962e-01
7.934397129735831777e-01
-2.953471435236958431e-01
-9.965584495348631666e-01
2.043427201622752543e-01
1.000000000000000000e+00
-7.731374707868582385e-01
6.677511802192288570e-01
2.606892574308682375e-01
2.137873525839033562e-01
4.240920001669314932e-01
-1.000000000000000000e+00
1.000000000000000000e+00
-6.886747309750542723e-01
-9.666794272943539656e-01
-2.070047868579827366e-02
7.073119519031687563e-01
1.000000000000000000e+00
-7.769501870588961800e-01
3.474672439912136479e-01
1.332846126627513783e-01
-6.791817566106139736e-02
-5.785999296255919244e-01
1.000000000000000000e+00
-5.240206408007304084e-01
-3.213358165170811520e-01
1.000000000000000000e+00
6.051055647529568482e-02
-1.000000000000000000e+00
-1.000000000000000000e+00
4.820065611367354563e-01
-1.000000000000000000e+00
-1.000000000000000000e+00
-2.831429174566668650e-01
-1.000000000000000000e+00
7.716868941181520558e-01
-1.276612239575195540e-01
-1.693423474702359099e-01
-1.000000000000000000e+00
1.000000000000000000e+00
5.731933615499933410e-01
-5.745889255983052113e-01
-6.138797899883252640e-03
-6.584102219917760124e-01
-1.000000000000000000e+00
1.000000000000000000e+00
-7.001851345862228904e-01
-9.425659363076743791e-01
-1.761687222805665698e-01
1.068450726826875030e-01
-1.000000000000000000e+00
7.881658561574712563e-01
-1.689038221498795345e-01
-1.000000000000000000e+00
-1.000000000000000000e+00
1.749678894116546424e-01
-1.000000000000000000e+00
1.000000000000000000e+00
-4.431083377925082445e-03
1.570242747082439827e-01
1.303571196527942844e-01
-5.303558667980925456e-01
3.547425896367411013e-01
7.285092458135212778e-01
1.000000000000000000e+00
-3.390537395064810444e-01
-9.722217992888658455e-02
2.120197040660503074e-01
6.689875772988960190e-01
4.966794246375411115e-01
2.193435486513393706e-01
2.126496080490508089e-01
7.443076610100620716e-01
1.000000000000000000e+00
1.000000000000000000e+00
4.788891682168412434e-01
-1.476456835430906001e-01
-4.980690222797279354e-02
-8.069145037439939827e-02
4.498937112099266056e-01
4.879304792964276327e-01
-1.000000000000000000e+00
-4.395830872933115252e-02
8.921367494798415620e-02
-1.378484783192608365e-01
-1.000000000000000000e+00
2.221680409143895751e-01
-9.165537859354795369e-01
1.000000000000000000e+00
-1.000000000000000000e+00
9.858074536172358737e-01
4.984229478703512406e-01
-6.041301117662560838e-01
-1.000000000000000000e+00
1.000000000000000000e+00
-1.000000000000000000e+00
1.000000000000000000e+00
-1.000000000000000000e+00
-5.934356062445917956e-01
5.073716015443840988e-01
3.441446875563536345e-01
-1.002057493502416241e-01
-5.681252157907671352e-01
8.457779565222467433e-02
-1.482414550238124740e-01
-8.816461531075581171e-02
-1.000000000000000000e+00
1.000000000000000000e+00
-3.861625392213423602e-01
-5.729265545513493318e-01
6.829992498873831419e-01
-8.648500469333531004e-01
1.000000000000000000e+00
1.000000000000000000e+00
-6.359525882138707953e-01
-6.247386595755390903e-01
-1.000000000000000000e+00
9.781974313866069748e-01
-1.000000000000000000e+00
1.000000000000000000e+00
-8.484272302802883248e-01
-8.721249635587325910e-01
-3.901222155802103742e-01
1.000000000000000000e+00
-1.000000000000000000e+00
3.756430142835995856e-01
-7.775888622850684051e-01
-6.651962735505603241e-01
-2.870265382358252459e-01
-9.098989354986215528e-01
1.000000000000000000e+00
9.396142337346995443e-01
-4.275497509612342650e-01
-7.215283107231649229e-01
7.710167101540773560e-01
-5.247221456978976573e-01
-1.629614467674623812e-01
7.380779469771112655e-01
3.833028224190708766e-01
-4.277754116096124104e-01
1.000000000000000000e+00
-6.652307599418246786e-01
4.173737382619395753e-01
-4.712266132422986420e-01
-2.422033967721044512e-01
1.000000000000000000e+00
2.233207453560763778e-01
4.200114570494657418e-01
3.100084921771772972e-02
-1.000000000000000000e+00
-3.737900746213478342e-01
-6.398627452396710158e-01
-4.165104043438636605e-01
-9.969970868816666609e-01
-2.358351481328079258e-01
-1.000000000000000000e+00
-9.258255541881343920e-01
5.038982116701817837e-02
-1.000000000000000000e+00
1.000000000000000000e+00
-5.209421411764014742e-01
-1.000000000000000000e+00
4.958157856656832951e-01
-2.542704688998538853e-01
1.000000000000000000e+00
5.337403951610919517e-02
4.990754707253931555e-01
-1.000000000000000000e+00
4.322226230782645895e-01
-3.437083382251645558e-01
-1.485469476744902817e-01
8.635713417443502404e-01
1.000000000000000000e+00
6.912472433008262085e-01
8.360120157418986508e-01
-5.720464833298510854e-02
-1.195140872443706259e-01
-1.000000000000000000e+00
1.000000000000000000e+00
4.023941580854685229e-01
7.323823630663808260e-01
7.008341472099750558e-01
-1.000000000000000000e+00
1.000000000000000000e+00
-6.831214069410330714e-01
-8.725345777439341699e-01
1.000000000000000000e+00
-1.000000000000000000e+00
-1.000000000000000000e+00
2.843063828874816679e-01
-1.000000000000000000e+00
-1.000000000000000000e+00
1.000000000000000000e+00
1.368010335070195538e-01
1.000000000000000000e+00
-3.362623238996964581e-02
-1.000000000000000000e+00
-1.000000000000000000e+00
1.000000000000000000e+00
7.460412534957094888e-02
1.000000000000000000e+00
-3.290988647181736226e-02
-2.170580169404114912e-01
-5.489537302083442594e-01
-9.703046161895892974e-01
-1.187098663226451301e-01
4.283084307274381830e-01
1.000000000000000000e+00
-5.424466038339541551e-01
7.389922879296744185e-01
-8.361734726833535136e-01
-3.791121684362774302e-01
-5.178679885868218147e-01
1.000000000000000000e+00
-1.000000000000000000e+00
-7.942517400302864239e-01
1.000000000000000000e+00
-4.436677534513639998e-01
3.594016960107365710e-01
1.000000000000000000e+00
-1.000000000000000000e+00
1.000000000000000000e+00
1.000000000000000000e+00
3.905969707972847260e-01
-9.082222420269903118e-02
1.000000000000000000e+00
-2.293724202699789494e-01
-1.000000000000000000e+00
-1.819294276015701595e-01
9.347399000196815466e-01
2.810279945168077109e-01
7.041894785946164470e-01
4.370948086774398278e-02
5.626760532654895286e-02
-7.071500821344762766e-01
-9.205636900372408116e-01
-9.757802694994469617e-01
1.000000000000000000e+00
9.550736429266842853e-01
