-9.050422383100253931e-02
-4.644494884666419687e-02
-1.000000000000000000e+00
1.000000000000000000e+00
-9.787177913926086159e-01
4.242817046906058875e-01
2.215118520018610759e-02
1.000000000000000000e+00
-7.349075441122637775e-01
-1.000000000000000000e+00
-3.597563572260737974e-01
-6.771009433610137851e-01
-1.660848552916802667e-01
-1.000000000000000000e+00
1.000000000000000000e+00
6.729160928546353837e-01
-6.100000602906250347e-01
-8.201208599990531534e-01
-5.635047311666918635e-01
4.382335552698185532e-01
-6.259555095044833095e-01
1.595198183699442218e-01
-2.071216134569264788e-01
5.091945399176409648e-01
-1.000000000000000000e+00
-2.311367137024239460e-01
-1.000000000000000000e+00
-1.340452139532177234e-01
5.323587849814225281e-01
1.162164084220869142e-01
3.207582651413309893e-01
-1.000000000000000000e+00
2.143647726360503603e-02
8.744008908555508386e-01
-5.358339741511661813e-01
-1.000000000000000000e+00
4.445740070523291898e-01
1.000000000000000000e+00
3.124766509347203236e-01
6.625513602589880868e-01
-1.887861667496906204e-01
4.457088730089343587e-01
-1.000000000000000000e+00
4.644903228516912286e-01
1.000000000000000000e+00
-3.428742618235820494e-01
4.799626939604545450e-01
7.983099416953236549e-01
-4.349830512756398537e-01
1.000000000000000000e+00
-1.000000000000000000e+00
-2.959013438603634860e-01
7.612196443883113561e-01
1.000000000000000000e+00
5.525802539954377535e-01
2.109774875455582288e-01
-1.000000000000000000e+00
1.000000000000000000e+00
-5.216271508725865980e-01
3.941224659724243407e-01
-2.263821288135929866e-01
-4.789512838941744066e-01
-1.000000000000000000e+00
9.084071866769443115e-01
7.519226234124545272e-01
-1.000000000000000000e+00
-7.493214175074605077e-01
-7.064142474649569570e-01
1.000000000000000000e+00
-1.276376948591401717e-01
-2.761576173417557012e-02
1.245852257132777918e-01
-4.113222603498185581e-01
8.941685984791265529e-01
7.473398084026288135e-01
-2.389560736487207904e-01
8.488316590871083367e-01
-5.620365726982591292e-01
-4.415709690222300310e-01
-1.000000000000000000e+00
1.000000000000000000e+00
1.000000000000000000e+00
9.689729419703252411e-01
-1.000000000000000000e+00
-1.000000000000000000e+00
1.000000000000000000e+00
1.000000000000000000e+00
-8.066634232863436615e-01
1.000000000000000000e+00
1.000000000000000000e+00
-2.374677778745920564e-02
7.848908023228883257e-01
-9.089743600412537594e-01
1.000000000000000000e+00
-1.000000000000000000e+00
-3.712377019695244362e-01
-8.239118891418585333e-01
-1.000000000000000000e+00
1.000000000000000000e+00
1.000000000000000000e+00
1.000000000000000000e+00
-2.454643391512264516e-01
3.577377163813979521e-01
1.983476708865204718e-02
6.763279734738181226e-01
5.192749108189240737e-01
3.173198960509066024e-01
-9.350819903205048744e-01
8.119533175314761486e-01
-9.107389923881676896e-01
-2.499949483399870886e-01
-1.642388067627477133e-01
-5.775649105005464801e-02
-1.000000000000000000e+00
1.000000000000000000e+00
-1.000000000000000000e+00
3.514188439930134855e-01
6.838631710720053380e-01
-5.160075392940750849e-02
-1.000000000000000000e+00
1.000000000000000000e+00
1.000000000000000000e+00
4.284874775944063074e-01
-1.982024984723501082e-01
1.000000000000000000e+00
-1.000000000000000000e+00
-1.000000000000000000e+00
1.000000000000000000e+00
1.000000000000000000e+00
-1.000000000000000000e+00
-3.276827272242102129e-01
-5.322469109427740985e-01
7.158869550818828253e-01
8.434182367030140792e-02
-1.000000000000000000e+00
-4.839107838578970977e-02
-7.750516372882428895e-01
3.593069008832694422e-01
1.000000000000000000e+00
1.382411854019259811e-01
1.549805906379480014e-01
1.000000000000000000e+00
-1.657500428112018698e-01
-9.393857703194272712e-01
-7.118224769393857176e-01
1.000000000000000000e+00
1.000000000000000000e+00
1.000000000000000000e+00
4.597002714170406179e-03
-7.163317233726328448e-01
-1.000000000000000000e+00
6.031015757260060894e-02
3.859821956255135023e-01
1.000000000000000000e+00
-9.933838658557228030e-01
8.433114618612140845e-01
-1.493926765222193254e-01
7.638274222837448946e-01
-1.000000000000000000e+00
1.000000000000000000e+00
4.024773811105919474e-01
-3.020365057946283738e-01
-1.987323198936631341e-01
-6.761510957759138130e-01
-8.425702738336640629e-02
-1.000000000000000000e+00
-2.552123602324466445e-01
1.000000000000000000e+00
4.951409986942076902e-01
-3.073286149313304572e-01
-7.656928627742289883e-01
-7.324711271121908673e-01
-1.000000000000000000e+00
-1.000000000000000000e+00
-1.837772841308117910e-01
6.996092543320260315e-01
-4.673367268441689371e-01
-8.040026714503554217e-01
3.289035221427112909e-01
1.000000000000000000e+00
-2.157077112518726025e-01
-1.000000000000000000e+00
9.983908248580559697e-01
1.827436867916490681e-01
-1.000000000000000000e+00
8.192514361876146456e-01
-1.432836528431331580e-01
-9.472321386245767805e-01
-9.084171315065763253e-01
1.000000000000000000e+00
2.660970452906141204e-01
1.851678663790409241e-01
-1.000000000000000000e+00
-1.000000000000000000e+00
7.330465300417504659e-01
-5.751709492476724250e-01
-3.877751443086425720e-01
9.635357754404739739e-01
-7.814655246758848151e-01
-1.000000000000000000e+00
-1.000000000000000000e+00
-1.000000000000000000e+00
-7.591622483766323759e-01
3.838069744753694335e-01
-3.736359595096466757e-01
-6.699675990630687972e-01
3.924905677945209614e-01
-4.905196001433276276e-02
4.204496003598401366e-03
-4.913828291445516971e-02
-4.234221815628171903e-01
-6.731329648167148072e-01
1.000000000000000000e+00
1.000000000000000000e+00
4.234219487637377322e-01
1.000000000000000000e+00
-1.000000000000000000e+00
-5.612058589708226464e-01
3.117948744752760959e-01
5.424676073779570729e-01
-1.000000000000000000e+00
-1.000000000000000000e+00
1.000000000000000000e+00
1.000000000000000000e+00
-1.122194786224854357e-01
1.000000000000000000e+00
1.000000000000000000e+00
-2.630767182786565850e-01
-1.000000000000000000e+00
-1.721083245174672427e-01
-9.876653895662282912e-01
-1.000000000000000000e+00
1.000000000000000000e+00
-2.684022669018407692e-01
-1.000000000000000000e+00
-1.000000000000000000e+00
1.000000000000000000e+00
6.281965024316569224e-01
3.234230387911690707e-01
-5.625663574025010494e-01
-6.351795595394111871e-01
1.657271073794523986e-01
-1.000000000000000000e+00
8.345419449768104458e-02
6.551732840940784897e-01
1.000000000000000000e+00
1.000000000000000000e+00
-1.000000000000000000e+00
-1.000000000000000000e+00
1.347954871248827624e-01
1.000000000000000000e+00
1.000000000000000000e+00
1.000000000000000000e+00
6.352090078176428900e-01
1.000000000000000000e+00
-1.000000000000000000e+00
1.000000000000000000e+00
2.095579394511807581e-01
-4.993174732520042625e-01
-5.473785501240362450e-01
8.871281270848097034e-02
-3.922534305168894342e-01
1.000000000000000000e+00
4.185305401187701113e-01
1.000000000000000000e+00
