2.420857886897946898e-01
-5.843113265175514659e-01
8.383521596288798783e-01
-1.145818423456243629e+00
-3.153768448916774769e+00
5.430634111378598305e-01
2.799922482378161437e+00
3.285791053572449272e+00
-1.306821817754372006e+00
-3.531478561818380268e-01
9.095178258273863836e-01
3.237830726294542494e+00
-2.438453117037908680e-01
-1.925012168761693232e+00
2.150130848462050714e+00
4.375517168015789160e+00
2.151619883088481622e+00
-1.963552909665181812e+00
-1.781733869128854453e+00
2.243584077886717765e+00
7.905339616055715446e+00
5.818348095410910581e+00
3.694433954290648803e+00
1.686591082452549850e+00
4.639628325502170858e-01
-5.700762643464015511e+00
-2.922639489836345028e+00
-1.485876522186386994e+00
6.591823716087344742e+00
-8.231503412024453459e-01
-1.795764360756014533e+00
-4.461419558890747261e+00
5.222236323196393748e+00
-4.857397699889264508e+00
1.802335760865465319e+00
9.414334951753695613e-01
9.433535060190783028e-01
-6.500769096624920529e+00
-1.327177735738489961e+00
-1.712867070958072668e+00
4.353523830013587004e-01
-3.102061935053070929e-01
-3.732829519764837567e-01
8.576498167358745928e-01
1.423454648633980746e+00
4.043490619589107382e+00
1.103442399483959946e+00
3.667138784542887109e-01
-1.709350940842465860e+00
3.758934382495038307e+00
1.241255038842772329e-01
-4.405538959676317257e-01
2.502604940510725129e+00
-4.091184160310140427e+00
-2.979558225423818651e+00
3.124124657102941294e-01
-2.305826065710067319e+00
-1.100635127945932767e+00
4.817855090516899863e-01
3.820783469048466330e+00
4.983687765382365242e-01
2.440574346543105122e-01
-2.436435298091835566e+00
-3.015059892596855917e+00
8.017660093559468848e+00
1.105673783467289839e+00
4.374826216673259882e-01
1.045828722810420608e+00
-2.501713215373873922e+00
-6.518184548580023829e+00
3.804582885201210019e+00
-2.325269040594457159e+00
-7.807276727318439580e-01
4.594211943950564647e-01
1.865869692618399744e+00
1.000000000000000000e+00
-4.699304669666379830e+00
-8.403788349262910629e-01
1.205765670402014100e+00
-8.170226135589830907e-01
-6.375410320713690293e-01
1.924720569533971748e+00
-2.592997788080245503e+00
-4.580843920951997994e-01
-2.104923874109260407e+00
-2.608653771991921833e+00
-3.601117217123805947e+00
-1.241903401517451044e+00
-7.372548944812633565e-01
2.151081351852573986e-01
-1.993589811180442428e+00
-3.629314954791224235e+00
-9.173303837421006302e-01
-3.947416448613723539e+00
4.757184829430285422e-01
4.299697907249184214e-01
-8.555594915710043047e-01
-1.090472083071180931e+00
1.320463199573952640e+00
6.294167887331393318e-01
-1.485115688627370423e+00
-4.379164621403135449e-01
-6.049050293378100962e-01
-4.230017460364235760e+00
-1.498541742530491661e+00
-4.333169058443175903e-01
-1.753133799616903632e+00
1.877939172425506786e-01
1.304601011054826509e+00
5.236505837039350908e+00
-5.581322128344889943e-01
-1.700394465376917630e+00
-5.308536330363849975e-02
4.651235790124252922e+00
6.168766208656213834e+00
-4.165802422068399125e+00
2.397520609836208683e-01
-2.917793918666339081e+00
4.393390416075674820e-01
1.598149040011114241e-01
-1.343911645645126329e+00
-8.498682081486576223e+00
-3.397040083963126289e+00
-3.372118205996966545e+00
2.419094687663177368e+00
-5.731982130724040836e+00
1.549635176785546964e+00
4.633834939991571256e-01
7.788066387553516101e-01
5.244542453786804614e-03
6.613786825398521252e+00
-2.688104404035053241e-01
-1.919524277000508095e+00
-1.436939103465948719e-01
-3.591707618876556207e+00
-8.288641407935533056e-01
2.930849662896990449e+00
-6.912544133370335686e+00
2.080443212703001254e+00
-4.011472756597080469e+00
-7.937020690207745588e-01
2.099499850366699061e+00
-4.461976836946369929e+00
-2.054770694796549613e+00
-1.488309254259758241e+00
2.749922733345171011e+00
1.839090845323101631e+00
-1.652070950503067071e+00
3.366049924557707129e+00
5.515973967178890547e+00
7.146659067973771817e-01
2.467976622075913617e-01
3.059924023821301020e+00
-5.282100644539990952e+00
4.994921890309206525e+00
-3.399106758534160111e+00
-2.492605201133575310e+00
3.412960196454701833e+00
1.578639761526658969e+00
-8.298297889104155445e+00
-4.312353973267363472e+00
8.700358433520241075e-01
-9.259778553749475893e-01
1.520067237393536441e+00
-1.318285178066726848e+00
-5.920785546671963218e+00
2.836018887960941370e+00
-2.464054221873559936e+00
-1.774999978643442056e+00
1.042383851018495955e+00
2.688660369713985698e+00
-2.143337584739092860e-01
-2.447213301521788509e+00
1.148914839803336641e+00
2.790449716595237106e+00
1.661789666752489625e+00
1.000000000000000000e+00
-3.161918647695584283e+00
-1.012696240895152533e+00
5.027025405094056598e-01
-1.266225431433055881e+00
-3.860431000143026203e+00
-5.468134321996284797e+00
-3.151604073530671624e-01
-5.642003768876283076e-02
1.337168015221561757e-01
1.617491525401919539e+00
-2.484086897704373964e+00
2.609319687305146296e+00
-1.988095335750198922e+00
-3.550439104700731541e+00
-4.017496875404154899e+00
1.652695190014945137e+00
-5.713462801328093033e-01
-2.470311133436107642e+00
3.967381635864032585e+00
-8.190712605378313027e-01
-1.103485200794132925e+00
1.230144259846240207e+00
5.160037086293783881e-01
-1.962229205031239321e+00
-1.782787949755849644e-01
1.100100522859601693e+00
6.316686242334893508e-01
-5.581836248079382612e-01
1.073298639304527402e+00
4.296602754396272039e-01
6.597078658870698664e-01
4.668179542014037064e-01
5.877932025455301357e-02
8.057360743661754476e-01
2.819057752334015454e-01
1.485711017484242724e+00
1.000000000000000000e+00
8.340521546470163194e-01
-7.934578272866036341e-01
1.635534679154849957e+00
-1.626294871832306477e+00
1.759666298384179317e-01
2.281646714004818222e+00
-1.584034611232081780e+00
-1.179997665735536438e+00
3.935384687367874612e+00
-1.147806219832021579e-01
-2.176163048132209177e+00
2.202311967975534746e+00
5.125456318960950330e-01
1.495564986324693368e+00
-3.429644543807068846e+00
2.675458650334674893e+00
1.313772739647639298e+00
-2.571733977499231383e+00
1.958769219072732604e+00
-2.791715527279249875e-01
-4.259594994455249140e-01
1.141292553729000403e+00
4.244446763919506260e+00
1.934611237099119974e+00
2.325148665432518857e+00
3.473606915267203998e+00
-3.193371810260310806e+00
-5.012326941149154891e+00
7.716765893660522124e-01
-2.476630495585019798e+00
2.931562453848737260e+00
3.134040496306373047e+00
2.506188746820466662e+00
1.521664060791212858e+00
2.202426160245347209e+00
-1.333424477713719192e+00
2.591700720042490191e-01
4.806666244675064092e-01
4.625060825337777182e+00
-1.115830679270101600e+00
2.076322082819821890e+00
2.671799407178094832e+00
-7.406790127249931466e-01
-1.271161210406329678e+00
1.329715832756274363e+00
-3.139252686332889120e+00
1.854591169698311948e+00
1.395028433482373931e+00
-1.916863967692989501e+00
4.385626860560553730e+00
-2.111573175626877408e+00
