-8.129745503954406427e-01
-1.000000000000000000e+00
-1.000000000000000000e+00
-5.755534411842194720e-01
-4.432893621498184000e-01
2.611625227059763965e-01
-4.505372474064754940e-01
1.000000000000000000e+00
1.000000000000000000e+00
1.000000000000000000e+00
1.000000000000000000e+00
-5.922565005998233767e-01
-2.161333179408383709e-01
1.000000000000000000e+00
3.163017293518231021e-01
2.065542243198389416e-01
1.000000000000000000e+00
1.000000000000000000e+00
1.000000000000000000e+00
-1.000000000000000000e+00
-6.082357054297289345e-01
-1.000000000000000000e+00
-1.190875984434494050e-01
1.000000000000000000e+00
4.937654076949840043e-01
1.000000000000000000e+00
1.000000000000000000e+00
-1.000000000000000000e+00
-6.288306998044289609e-01
1.000000000000000000e+00
-1.000000000000000000e+00
-1.000000000000000000e+00
2.054101945170147547e-01
1.000000000000000000e+00
-4.448396367799593021e-01
-6.266311693233483915e-01
1.000000000000000000e+00
8.489753923306858630e-01
1.000000000000000000e+00
-4.397737840628381800e-01
-1.000000000000000000e+00
-1.000000000000000000e+00
6.189955743026399615e-01
-2.647259036609860283e-01
-9.701900470140818467e-01
1.000000000000000000e+00
1.000000000000000000e+00
-1.000000000000000000e+00
-1.000000000000000000e+00
1.000000000000000000e+00
-1.000000000000000000e+00
3.157565266392921566e-01
9.446997223813076161e-01
9.612975719499292082e-02
1.000000000000000000e+00
-1.000000000000000000e+00
1.000000000000000000e+00
1.000000000000000000e+00
9.995898633725176508e-01
-7.291576313049934477e-01
-8.659491758526730587e-01
3.844805552677453275e-01
-1.000000000000000000e+00
-3.245299899905460528e-01
-1.000000000000000000e+00
1.000000000000000000e+00
-6.121237289155627703e-01
-1.000000000000000000e+00
1.000000000000000000e+00
-1.000000000000000000e+00
-1.000000000000000000e+00
1.000000000000000000e+00
2.876001369283729403e-01
5.137612325685418924e-01
-1.000000000000000000e+00
-4.659368042806486532e-01
-1.000000000000000000e+00
-1.000000000000000000e+00
-1.000000000000000000e+00
-1.000000000000000000e+00
-1.000000000000000000e+00
-1.000000000000000000e+00
-1.000000000000000000e+00
1.000000000000000000e+00
-1.000000000000000000e+00
1.000000000000000000e+00
-1.000000000000000000e+00
-1.398436401700042242e-01
6.918987322080742963e-01
-9.764069262242076608e-01
1.000000000000000000e+00
1.000000000000000000e+00
1.000000000000000000e+00
5.015458569674109413e-01
-5.108553481486534098e-01
-1.000000000000000000e+00
-1.000000000000000000e+00
1.000000000000000000e+00
-1.000000000000000000e+00
1.000000000000000000e+00
-1.000000000000000000e+00
3.731315536815993372e-01
1.000000000000000000e+00
1.000000000000000000e+00
4.516272005818227631e-01
1.000000000000000000e+00
-1.000000000000000000e+00
-1.000000000000000000e+00
-9.227063802787980329e-01
1.000000000000000000e+00
1.000000000000000000e+00
1.000000000000000000e+00
1.556686023600188928e-01
-1.000000000000000000e+00
-1.000000000000000000e+00
-2.398635529514482334e-01
-3.259591809237324389e-01
-8.264609521469661324e-01
-1.000000000000000000e+00
1.000000000000000000e+00
-6.772042060283954834e-01
-1.000000000000000000e+00
-1.000000000000000000e+00
-1.000000000000000000e+00
-7.231719588875079596e-01
1.000000000000000000e+00
-1.000000000000000000e+00
1.000000000000000000e+00
-1.000000000000000000e+00
1.000000000000000000e+00
-1.000000000000000000e+00
1.000000000000000000e+00
1.000000000000000000e+00
-1.000000000000000000e+00
4.904781346319620483e-01
-1.000000000000000000e+00
7.975200602564403995e-01
7.024516551508226403e-01
-1.000000000000000000e+00
-4.757531850896262737e-01
-1.000000000000000000e+00
4.024358749864673235e-02
8.324159649572391295e-01
-1.000000000000000000e+00
-1.000000000000000000e+00
-3.847352425030257095e-01
-1.000000000000000000e+00
-1.000000000000000000e+00
-1.000000000000000000e+00
-1.000000000000000000e+00
1.000000000000000000e+00
1.000000000000000000e+00
-1.000000000000000000e+00
5.577669137525972376e-01
5.476982376000634201e-01
-1.000000000000000000e+00
1.000000000000000000e+00
1.000000000000000000e+00
1.000000000000000000e+00
-3.379965802887164861e-01
1.000000000000000000e+00
-1.000000000000000000e+00
1.000000000000000000e+00
-1.000000000000000000e+00
1.000000000000000000e+00
8.899800585591555180e-01
1.000000000000000000e+00
-1.000000000000000000e+00
1.000000000000000000e+00
-2.985973454428683116e-01
1.000000000000000000e+00
-1.000000000000000000e+00
-1.000000000000000000e+00
-1.000000000000000000e+00
-1.000000000000000000e+00
4.432883676507393123e-01
5.953193907683322905e-01
-1.000000000000000000e+00
1.000000000000000000e+00
-1.000000000000000000e+00
-3.401730590543986521e-01
-1.000000000000000000e+00
1.000000000000000000e+00
-1.000000000000000000e+00
-8.240841390926187948e-01
1.000000000000000000e+00
-1.000000000000000000e+00
-1.000000000000000000e+00
-7.668452254338149476e-01
-1.000000000000000000e+00
-1.000000000000000000e+00
1.000000000000000000e+00
7.323826798402877092e-01
2.928744023848800504e-01
5.979594417285782892e-02
-1.000000000000000000e+00
-1.000000000000000000e+00
-3.559880071406030244e-01
-3.043473896694817160e-01
1.000000000000000000e+00
-1.000000000000000000e+00
-1.000000000000000000e+00
1.000000000000000000e+00
1.000000000000000000e+00
-1.000000000000000000e+00
1.000000000000000000e+00
-1.000000000000000000e+00
1.000000000000000000e+00
-5.237625010802269276e-01
-1.000000000000000000e+00
1.000000000000000000e+00
9.011102699230548740e-01
7.239330074293254258e-01
1.000000000000000000e+00
4.611332900062443674e-01
1.000000000000000000e+00
-1.000000000000000000e+00
1.000000000000000000e+00
1.000000000000000000e+00
1.000000000000000000e+00
1.000000000000000000e+00
-1.000000000000000000e+00
1.000000000000000000e+00
-1.000000000000000000e+00
-6.277974984836047767e-01
-1.000000000000000000e+00
1.000000000000000000e+00
1.000000000000000000e+00
-1.000000000000000000e+00
1.000000000000000000e+00
-1.000000000000000000e+00
1.000000000000000000e+00
6.205671807540329432e-01
1.000000000000000000e+00
1.000000000000000000e+00
-1.000000000000000000e+00
1.000000000000000000e+00
1.000000000000000000e+00
1.000000000000000000e+00
3.180870131642357101e-01
-1.000000000000000000e+00
-1.000000000000000000e+00
5.820622020791135220e-01
1.000000000000000000e+00
-1.000000000000000000e+00
-7.743522358049886867e-01
1.000000000000000000e+00
1.000000000000000000e+00
1.000000000000000000e+00
7.624440752762984275e-01
1.000000000000000000e+00
1.000000000000000000e+00
-1.795539000865105095e-01
-1.000000000000000000e+00
-5.291106232967148770e-01
1.000000000000000000e+00
9.832121369881859918e-01
7.006761529414851086e-01
1.000000000000000000e+00
-4.405632735209484285e-01
4.335932947789160607e-01
1.000000000000000000e+00
1.314653000492376766e-01
1.000000000000000000e+00
-1.000000000000000000e+00
