9.241518887924415893e-01
-9.803291601071262296e-01
-1.000000000000000000e+00
1.000000000000000000e+00
1.000000000000000000e+00
-1.000000000000000000e+00
-1.000000000000000000e+00
-1.000000000000000000e+00
-1.000000000000000000e+00
1.000000000000000000e+00
-6.212556256633454677e-01
-1.000000000000000000e+00
5.487631758887934197e-01
-1.000000000000000000e+00
-6.641892848739354704e-01
1.000000000000000000e+00
-1.000000000000000000e+00
-5.557965835473321903e-01
-7.465321014777154263e-01
1.000000000000000000e+00
7.104115876329495372e-01
-1.000000000000000000e+00
1.000000000000000000e+00
-1.000000000000000000e+00
1.000000000000000000e+00
-1.000000000000000000e+00
2.957542864736777410e-01
-9.843908485946851750e-01
7.925412294674232250e-01
-1.000000000000000000e+00
-8.933752808881447738e-01
-4.137640741090847230e-01
-1.000000000000000000e+00
-1.000000000000000000e+00
-1.000000000000000000e+00
-1.000000000000000000e+00
1.000000000000000000e+00
1.000000000000000000e+00
7.544369742971834825e-01
-1.000000000000000000e+00
-1.000000000000000000e+00
1.000000000000000000e+00
1.000000000000000000e+00
-1.000000000000000000e+00
-1.000000000000000000e+00
-7.139595100656583870e-01
1.000000000000000000e+00
-1.000000000000000000e+00
-3.125250798888765669e-01
-7.902567747721324087e-01
-1.000000000000000000e+00
-5.009125349275289629e-02
-1.000000000000000000e+00
-6.210298562070609707e-01
6.464678278673081646e-01
6.260750668834835775e-01
1.000000000000000000e+00
1.000000000000000000e+00
1.000000000000000000e+00
-5.739643371482766598e-01
1.428155098179180182e-01
-9.436165986598271660e-01
-1.000000000000000000e+00
-1.000000000000000000e+00
1.000000000000000000e+00
-1.000000000000000000e+00
1.000000000000000000e+00
-1.000000000000000000e+00
1.000000000000000000e+00
-1.000000000000000000e+00
9.491014841707459126e-01
-1.000000000000000000e+00
5.137627269694440280e-01
1.000000000000000000e+00
-5.975064183794903672e-01
4.830914482878275740e-01
-1.000000000000000000e+00
-3.691668860660493046e-01
1.000000000000000000e+00
-3.159911030342031912e-01
-1.000000000000000000e+00
-1.000000000000000000e+00
-1.000000000000000000e+00
1.000000000000000000e+00
-6.102706109924560529e-01
1.000000000000000000e+00
-1.000000000000000000e+00
-1.000000000000000000e+00
1.000000000000000000e+00
1.000000000000000000e+00
1.000000000000000000e+00
1.000000000000000000e+00
-7.087122715381677374e-02
3.694030262020542299e-01
-1.000000000000000000e+00
1.000000000000000000e+00
8.727007828156290170e-01
1.000000000000000000e+00
2.096794138287749187e-01
-1.000000000000000000e+00
-1.000000000000000000e+00
-1.000000000000000000e+00
1.000000000000000000e+00
1.610514051268016056e-01
-1.000000000000000000e+00
4.083685312239978549e-01
9.654722790724120651e-01
-1.000000000000000000e+00
4.260599287808909397e-01
-4.886661467840269779e-02
5.754736667657893712e-01
-5.320137845228758433e-01
9.351233129057840987e-01
1.000000000000000000e+00
-3.129707546811734131e-01
1.000000000000000000e+00
-5.712524665027592929e-01
1.697707507633108293e-01
-5.773517568233841324e-01
-1.000000000000000000e+00
-1.000000000000000000e+00
-1.000000000000000000e+00
-1.000000000000000000e+00
5.193462921237974594e-01
1.000000000000000000e+00
-1.510746936344342650e-01
6.495184153017512230e-02
-1.000000000000000000e+00
1.000000000000000000e+00
-1.000000000000000000e+00
-1.000000000000000000e+00
3.553610243756253340e-01
1.000000000000000000e+00
7.112262617868612136e-01
-1.000000000000000000e+00
3.051165209487440855e-01
-1.000000000000000000e+00
1.000000000000000000e+00
1.000000000000000000e+00
4.442635496069383683e-01
-6.614300725660626767e-01
-1.000000000000000000e+00
1.000000000000000000e+00
-7.411068502815461034e-01
8.508938998744710602e-01
-1.081824472745400861e-01
7.165214821972196724e-01
1.000000000000000000e+00
1.000000000000000000e+00
-1.000000000000000000e+00
1.000000000000000000e+00
-7.119741635781602351e-01
-4.427986946183753991e-01
1.000000000000000000e+00
1.000000000000000000e+00
-1.000000000000000000e+00
6.412027538485792766e-01
-1.000000000000000000e+00
-8.199579789627154947e-01
5.892750623843168167e-01
1.000000000000000000e+00
9.810737092038692708e-01
1.000000000000000000e+00
-7.579068303834114451e-01
1.000000000000000000e+00
-6.782259859942871838e-01
1.000000000000000000e+00
-1.000000000000000000e+00
-8.186382618120207066e-01
1.000000000000000000e+00
1.000000000000000000e+00
-1.708871403644973697e-01
-3.429917473432722019e-01
-1.000000000000000000e+00
-1.000000000000000000e+00
-1.000000000000000000e+00
-1.000000000000000000e+00
9.678858152760947409e-01
-1.000000000000000000e+00
-1.000000000000000000e+00
-9.772503534474428211e-01
-4.842791472876288861e-01
-8.495573867595425099e-01
-5.682675326116701786e-01
1.000000000000000000e+00
1.702555353924452008e-01
8.199164084801890962e-02
-3.284517342574304610e-01
8.890720697122190819e-01
4.263775925591880567e-01
-1.000000000000000000e+00
4.348949054601306541e-01
-6.682357025272049889e-01
-1.000000000000000000e+00
-1.000000000000000000e+00
-1.000000000000000000e+00
6.953538036092803409e-01
-1.000000000000000000e+00
8.851984041219294053e-01
-1.000000000000000000e+00
-1.695623790448319568e-02
-1.000000000000000000e+00
1.000000000000000000e+00
-1.712417729585357096e-01
8.248741717320389188e-01
1.000000000000000000e+00
-7.583940813918614854e-01
-1.000000000000000000e+00
1.000000000000000000e+00
-1.000000000000000000e+00
9.238610730545675498e-01
-9.133319181083163762e-01
6.766873448907402278e-01
1.000000000000000000e+00
1.000000000000000000e+00
-1.000000000000000000e+00
1.000000000000000000e+00
-1.000000000000000000e+00
-4.475183380487313123e-02
-9.908507821469469956e-02
1.083445683127755022e-01
-1.000000000000000000e+00
1.000000000000000000e+00
-1.000000000000000000e+00
-6.665936662395471890e-01
4.822468413677755139e-01
8.022652602160047497e-01
1.000000000000000000e+00
3.084978990055399772e-01
1.000000000000000000e+00
1.000000000000000000e+00
1.000000000000000000e+00
-1.000000000000000000e+00
1.000000000000000000e+00
-3.535915966932583476e-01
-1.000000000000000000e+00
4.231203103062602389e-01
-1.000000000000000000e+00
8.084934748306227270e-01
1.000000000000000000e+00
1.415439810137320564e-01
-1.000000000000000000e+00
-5.669771605087092770e-02
-1.936738800879558298e-01
-1.000000000000000000e+00
-5.413647266368138977e-01
9.656138876085096356e-01
-1.000000000000000000e+00
-1.000000000000000000e+00
-1.000000000000000000e+00
8.526488537389840250e-01
-1.000000000000000000e+00
-1.000000000000000000e+00
-7.292908678118866783e-01
1.000000000000000000e+00
-1.000000000000000000e+00
5.224837953000375235e-01
3.886244365303055393e-01
7.655472508986025382e-01
1.000000000000000000e+00
1.000000000000000000e+00
-1.000000000000000000e+00
1.000000000000000000e+00
1.000000000000000000e+00
-1.000000000000000000e+00
